   0.00000000       0.00000000    
   5.00000024E-04   0.00000000    
   1.00000005E-03   0.00000000    
   1.50000001E-03   0.00000000    
   2.00000009E-03  -8.16330314E-03
   2.50000018E-03  -1.63937937E-02
   3.00000003E-03  -3.30608934E-02
   3.50000011E-03  -3.30608934E-02
   4.00000019E-03  -3.30608934E-02
   4.50000027E-03  -4.14997526E-02
   5.00000035E-03  -4.14997526E-02
   5.50000044E-03  -9.36854556E-02
   6.00000005E-03  -9.36854556E-02
   6.50000013E-03 -0.111704007    
   7.00000022E-03 -0.111704007    
   7.50000030E-03 -0.111704007    
   8.00000038E-03 -0.111704007    
   8.50000046E-03 -0.111704007    
   9.00000054E-03 -0.111704007    
   9.50000063E-03 -0.148745239    
   1.00000007E-02 -0.148745239    
   1.05000008E-02 -0.148745239    
   1.10000009E-02 -0.148745239    
   1.15000010E-02 -0.158223987    
   1.20000001E-02 -0.158223987    
   1.25000002E-02 -0.158223987    
   1.30000003E-02 -0.158223987    
   1.35000004E-02 -0.167793423    
   1.40000004E-02 -0.177455395    
   1.45000005E-02 -0.197063848    
   1.50000006E-02 -0.217064500    
   1.55000007E-02 -0.227216855    
   1.60000008E-02 -0.258307487    
   1.64999999E-02 -0.279584885    
   1.70000009E-02 -0.279584885    
   1.75000001E-02 -0.279584885    
   1.80000011E-02 -0.279584885    
   1.85000002E-02 -0.279584885    
   1.90000013E-02 -0.290395766    
   1.95000004E-02 -0.334847569    
   2.00000014E-02 -0.334847569    
   2.05000006E-02 -0.334847569    
   2.10000016E-02 -0.334847569    
   2.15000007E-02 -0.334847569    
   2.20000017E-02 -0.334847569    
   2.25000009E-02 -0.357837081    
   2.30000019E-02 -0.357837081    
   2.35000011E-02 -0.369533122    
   2.40000002E-02 -0.393343717    
   2.45000012E-02 -0.417735159    
   2.50000004E-02 -0.417735159    
   2.55000014E-02 -0.417735159    
   2.60000005E-02 -0.455475539    
   2.65000015E-02 -0.455475539    
   2.70000007E-02 -0.455475539    
   2.75000017E-02 -0.455475539    
   2.80000009E-02 -0.468378931    
   2.85000019E-02 -0.468378931    
   2.90000010E-02 -0.468378931    
   2.95000020E-02 -0.468378931    
   3.00000012E-02 -0.468378931    
   3.05000022E-02 -0.494696200    
   3.10000014E-02 -0.494696200    
   3.15000005E-02 -0.521724939    
   3.20000015E-02 -0.578077853    
   3.25000025E-02 -0.578077853    
   3.29999998E-02 -0.592676640    
   3.35000008E-02 -0.592676640    
   3.40000018E-02 -0.592676640    
   3.45000029E-02 -0.607491732    
   3.50000001E-02 -0.607491732    
   3.55000012E-02 -0.607491732    
   3.60000022E-02 -0.622529566    
   3.65000032E-02 -0.622529566    
   3.70000005E-02 -0.669049680    
   3.75000015E-02 -0.685049951    
   3.80000025E-02 -0.685049951    
   3.85000035E-02 -0.685049951    
   3.90000008E-02 -0.685049951    
   3.95000018E-02 -0.685049951    
   4.00000028E-02 -0.717839777    
   4.05000001E-02 -0.717839777    
   4.10000011E-02 -0.717839777    
   4.15000021E-02 -0.717839777    
   4.20000032E-02 -0.717839777    
   4.25000004E-02 -0.769133091    
   4.30000015E-02 -0.786832631    
   4.35000025E-02 -0.786832631    
   4.40000035E-02 -0.786832631    
   4.45000008E-02 -0.786832631    
   4.50000018E-02 -0.786832631    
   4.55000028E-02 -0.786832631    
   4.60000038E-02 -0.786832631    
   4.65000011E-02 -0.786832631    
   4.70000021E-02 -0.786832631    
   4.75000031E-02 -0.786832631    
   4.80000004E-02 -0.786832631    
   4.85000014E-02 -0.786832631    
   4.90000024E-02 -0.786832631    
   4.95000035E-02 -0.786832631    
   5.00000007E-02 -0.786832631    
   5.05000018E-02 -0.786832631    
   5.10000028E-02 -0.786832631    
   5.15000038E-02 -0.786832631    
   5.20000011E-02 -0.786832631    
   5.25000021E-02 -0.786832631    
   5.30000031E-02 -0.786832631    
   5.35000041E-02 -0.786832631    
   5.40000014E-02 -0.786832631    
   5.45000024E-02 -0.860940576    
   5.50000034E-02 -0.860940576    
   5.55000044E-02 -0.860940576    
   5.60000017E-02 -0.860940576    
   5.65000027E-02 -0.860940576    
   5.70000038E-02 -0.860940576    
   5.75000010E-02 -0.860940576    
   5.80000021E-02 -0.900161386    
   5.85000031E-02 -0.900161386    
   5.90000041E-02 -0.900161386    
   5.95000014E-02 -0.900161386    
   6.00000024E-02 -0.900161386    
   6.05000034E-02 -0.900161386    
   6.10000044E-02 -0.920364022    
   6.15000017E-02 -0.920364022    
   6.20000027E-02 -0.920364022    
   6.25000000E-02 -0.920364022    
   6.30000010E-02 -0.920364022    
   6.35000020E-02 -0.920364022    
   6.40000030E-02 -0.920364022    
   6.45000041E-02 -0.920364022    
   6.50000051E-02 -0.920364022    
   6.55000061E-02 -0.920364022    
   6.59999996E-02 -0.920364022    
   6.65000007E-02 -0.940983415    
   6.70000017E-02 -0.940983415    
   6.75000027E-02 -0.940983415    
   6.80000037E-02 -0.940983415    
   6.85000047E-02 -0.940983415    
   6.90000057E-02 -0.962036729    
   6.95000067E-02 -0.962036729    
   7.00000003E-02  -1.00552177    
   7.05000013E-02  -1.00552177    
   7.10000023E-02  -1.00552177    
   7.15000033E-02  -1.00552177    
   7.20000044E-02  -1.00552177    
   7.25000054E-02  -1.00552177    
   7.30000064E-02  -1.05098426    
   7.34999999E-02  -1.05098426    
   7.40000010E-02  -1.05098426    
   7.45000020E-02  -1.05098426    
   7.50000030E-02  -1.05098426    
   7.55000040E-02  -1.05098426    
   7.60000050E-02  -1.05098426    
   7.65000060E-02  -1.07451475    
   7.70000070E-02  -1.07451475    
   7.75000006E-02  -1.07451475    
   7.80000016E-02  -1.17459822    
   7.85000026E-02  -1.17459822    
   7.90000036E-02  -1.17459822    
   7.95000046E-02  -1.17459822    
   8.00000057E-02  -1.17459822    
   8.05000067E-02  -1.17459822    
   8.10000002E-02  -1.17459822    
   8.15000013E-02  -1.17459822    
   8.20000023E-02  -1.17459822    
   8.25000033E-02  -1.17459822    
   8.30000043E-02  -1.17459822    
   8.35000053E-02  -1.17459822    
   8.40000063E-02  -1.17459822    
   8.45000073E-02  -1.17459822    
   8.50000009E-02  -1.17459822    
   8.55000019E-02  -1.17459822    
   8.60000029E-02  -1.20126641    
   8.65000039E-02  -1.20126641    
   8.70000049E-02  -1.20126641    
   8.75000060E-02  -1.22866547    
   8.80000070E-02  -1.22866547    
   8.85000005E-02  -1.25683630    
   8.90000015E-02  -1.25683630    
   8.95000026E-02  -1.28582382    
   9.00000036E-02  -1.28582382    
   9.05000046E-02  -1.41098690    
   9.10000056E-02  -1.41098690    
   9.15000066E-02  -1.41098690    
   9.20000076E-02  -1.41098690    
   9.25000012E-02  -1.41098690    
   9.30000022E-02  -1.41098690    
   9.35000032E-02  -1.41098690    
   9.40000042E-02  -1.41098690    
   9.45000052E-02  -1.41098690    
   9.50000063E-02  -1.41098690    
   9.55000073E-02  -1.41098690    
   9.60000008E-02  -1.41098690    
   9.65000018E-02  -1.44488859    
   9.70000029E-02  -1.47997987    
   9.75000039E-02  -1.47997987    
   9.80000049E-02  -1.55408776    
   9.85000059E-02  -1.55408776    
   9.90000069E-02  -1.55408776    
   9.95000079E-02  -1.55408776    
  0.100000001      -1.55408776    
  0.100500003      -1.55408776    
  0.101000004      -1.55408776    
  0.101500005      -1.55408776    
  0.102000006      -1.55408776    
  0.102500007      -1.55408776    
  0.103000008      -1.55408776    
  0.103500009      -1.55408776    
  0.104000002      -1.55408776    
  0.104500003      -1.55408776    
  0.105000004      -1.55408776    
  0.105500005      -1.55408776    
  0.106000006      -1.55408776    
  0.106500007      -1.55408776    
  0.107000008      -1.55408776    
  0.107500002      -1.55408776    
  0.108000003      -1.55408776    
  0.108500004      -1.55408776    
  0.109000005      -1.55408776    
  0.109500006      -1.55408776    
  0.110000007      -1.55408776    
  0.110500008      -1.55408776    
  0.111000009      -1.55408776    
  0.111500002      -1.55408776    
  0.112000003      -1.55408776    
  0.112500004      -1.55408776    
  0.113000005      -1.55408776    
  0.113500006      -1.55408776    
  0.114000008      -1.55408776    
  0.114500009      -1.55408776    
  0.115000002      -1.55408776    
  0.115500003      -1.55408776    
  0.116000004      -1.55408776    
  0.116500005      -1.55408776    
  0.117000006      -1.55408776    
  0.117500007      -1.55408776    
  0.118000008      -1.55408776    
  0.118500009      -1.55408776    
  0.119000003      -1.55408776    
  0.119500004      -1.55408776    
  0.120000005      -1.55408776    
  0.120500006      -1.55408776    
  0.121000007      -1.55408776    
  0.121500008      -1.55408776    
  0.122000009      -1.55408776    
  0.122500002      -1.55408776    
  0.123000003      -1.55408776    
  0.123500004      -1.55408776    
  0.124000005      -1.55408776    
  0.124500006      -1.55408776    
  0.125000000      -1.59330857    
  0.125500008      -1.59330857    
  0.126000002      -1.59330857    
  0.126500010      -1.59330857    
  0.127000004      -1.59330857    
  0.127500013      -1.59330857    
  0.128000006      -1.59330857    
  0.128500000      -1.59330857    
  0.129000008      -1.59330857    
  0.129500002      -1.59330857    
  0.130000010      -1.59330857    
  0.130500004      -1.59330857    
  0.131000012      -1.59330857    
  0.131500006      -1.59330857    
  0.131999999      -1.59330857    
  0.132500008      -1.59330857    
  0.133000001      -1.59330857    
  0.133500010      -1.59330857    
  0.134000003      -1.59330857    
  0.134500012      -1.59330857    
  0.135000005      -1.59330857    
  0.135500014      -1.59330857    
  0.136000007      -1.59330857    
  0.136500001      -1.59330857    
  0.137000009      -1.59330857    
  0.137500003      -1.59330857    
  0.138000011      -1.59330857    
  0.138500005      -1.59330857    
  0.139000013      -1.59330857    
  0.139500007      -1.59330857    
  0.140000001      -1.59330857    
  0.140500009      -1.59330857    
  0.141000003      -1.59330857    
  0.141500011      -1.59330857    
  0.142000005      -1.59330857    
  0.142500013      -1.59330857    
  0.143000007      -1.59330857    
  0.143500000      -1.59330857    
  0.144000009      -1.59330857    
  0.144500002      -1.59330857    
  0.145000011      -1.59330857    
  0.145500004      -1.59330857    
  0.146000013      -1.59330857    
  0.146500006      -1.59330857    
  0.147000000      -1.63413060    
  0.147500008      -1.63413060    
  0.148000002      -1.63413060    
  0.148500010      -1.63413060    
  0.149000004      -1.63413060    
  0.149500012      -1.63413060    
  0.150000006      -1.63413060    
  0.150500014      -1.63413060    
  0.151000008      -1.63413060    
  0.151500002      -1.63413060    
  0.152000010      -1.63413060    
  0.152500004      -1.63413060    
  0.153000012      -1.63413060    
  0.153500006      -1.63413060    
  0.154000014      -1.63413060    
  0.154500008      -1.63413060    
  0.155000001      -1.63413060    
  0.155500010      -1.81645215    
  0.156000003      -1.81645215    
  0.156500012      -1.81645215    
  0.157000005      -1.81645215    
  0.157500014      -1.81645215    
  0.158000007      -1.81645215    
  0.158500001      -1.81645215    
  0.159000009      -1.86774540    
  0.159500003      -1.86774540    
  0.160000011      -1.86774540    
  0.160500005      -1.86774540    
  0.161000013      -1.86774540    
  0.161500007      -1.86774540    
  0.162000000      -1.86774540    
  0.162500009      -1.86774540    
  0.163000003      -1.86774540    
  0.163500011      -1.86774540    
  0.164000005      -1.86774540    
  0.164500013      -1.86774540    
  0.165000007      -1.86774540    
  0.165500015      -1.86774540    
  0.166000009      -1.86774540    
  0.166500002      -1.86774540    
  0.167000011      -1.86774540    
  0.167500004      -1.86774540    
  0.168000013      -1.86774540    
  0.168500006      -1.86774540    
  0.169000015      -1.86774540    
  0.169500008      -1.86774540    
  0.170000002      -1.97897100    
  0.170500010      -1.97897100    
  0.171000004      -1.97897100    
  0.171500012      -1.97897100    
  0.172000006      -1.97897100    
  0.172500014      -1.97897100    
  0.173000008      -1.97897100    
  0.173500001      -1.97897100    
  0.174000010      -1.97897100    
  0.174500003      -1.97897100    
  0.175000012      -1.97897100    
  0.175500005      -2.03959560    
  0.176000014      -2.03959560    
  0.176500008      -2.03959560    
  0.177000001      -2.03959560    
  0.177500010      -2.03959560    
  0.178000003      -2.03959560    
  0.178500012      -2.03959560    
  0.179000005      -2.03959560    
  0.179500014      -2.03959560    
  0.180000007      -2.03959560    
  0.180500016      -2.03959560    
  0.181000009      -2.03959560    
  0.181500003      -2.03959560    
  0.182000011      -2.17312694    
  0.182500005      -2.17312694    
  0.183000013      -2.17312694    
  0.183500007      -2.17312694    
  0.184000015      -2.17312694    
  0.184500009      -2.17312694    
  0.185000002      -2.17312694    
  0.185500011      -2.17312694    
  0.186000004      -2.17312694    
  0.186500013      -2.17312694    
  0.187000006      -2.17312694    
  0.187500015      -2.17312694    
  0.188000008      -2.17312694    
  0.188500002      -2.17312694    
  0.189000010      -2.17312694    
  0.189500004      -2.17312694    
  0.190000013      -2.17312694    
  0.190500006      -2.17312694    
  0.191000015      -2.17312694    
  0.191500008      -2.17312694    
  0.192000002      -2.17312694    
  0.192500010      -2.17312694    
  0.193000004      -2.17312694    
  0.193500012      -2.17312694    
  0.194000006      -2.17312694    
  0.194500014      -2.17312694    
  0.195000008      -2.17312694    
  0.195500016      -2.17312694    
  0.196000010      -2.17312694    
  0.196500003      -2.17312694    
  0.197000012      -2.17312694    
  0.197500005      -2.17312694    
  0.198000014      -2.17312694    
  0.198500007      -2.17312694    
  0.199000016      -2.17312694    
  0.199500009      -2.17312694    
  0.200000003      -2.17312694    
  0.200500011      -2.17312694    
  0.201000005      -2.17312694    
  0.201500013      -2.24723506    
  0.202000007      -2.24723506    
  0.202500015      -2.24723506    
  0.203000009      -2.24723506    
  0.203500003      -2.24723506    
  0.204000011      -2.24723506    
  0.204500005      -2.24723506    
  0.205000013      -2.24723506    
  0.205500007      -2.24723506    
  0.206000015      -2.24723506    
  0.206500009      -2.24723506    
  0.207000017      -2.24723506    
  0.207500011      -2.32727766    
  0.208000004      -2.32727766    
  0.208500013      -2.32727766    
  0.209000006      -2.32727766    
  0.209500015      -2.32727766    
  0.210000008      -2.32727766    
  0.210500017      -2.32727766    
  0.211000010      -2.32727766    
  0.211500004      -2.32727766    
  0.212000012      -2.32727766    
  0.212500006      -2.32727766    
  0.213000014      -2.32727766    
  0.213500008      -2.32727766    
  0.214000016      -2.32727766    
  0.214500010      -2.32727766    
  0.215000004      -2.32727766    
  0.215500012      -2.32727766    
  0.216000006      -2.32727766    
  0.216500014      -2.32727766    
  0.217000008      -2.32727766    
  0.217500016      -2.32727766    
  0.218000010      -2.32727766    
  0.218500003      -2.32727766    
  0.219000012      -2.32727766    
  0.219500005      -2.32727766    
  0.220000014      -2.32727766    
  0.220500007      -2.32727766    
  0.221000016      -2.32727766    
  0.221500009      -2.32727766    
  0.222000018      -2.32727766    
  0.222500011      -2.32727766    
  0.223000005      -2.32727766    
  0.223500013      -2.32727766    
  0.224000007      -2.32727766    
  0.224500015      -2.32727766    
  0.225000009      -2.32727766    
  0.225500017      -2.32727766    
  0.226000011      -2.32727766    
  0.226500005      -2.32727766    
  0.227000013      -2.32727766    
  0.227500007      -2.32727766    
  0.228000015      -2.32727766    
  0.228500009      -2.32727766    
  0.229000017      -2.32727766    
  0.229500011      -2.32727766    
  0.230000004      -2.32727766    
  0.230500013      -2.32727766    
  0.231000006      -2.32727766    
  0.231500015      -2.32727766    
  0.232000008      -2.32727766    
  0.232500017      -2.32727766    
  0.233000010      -2.32727766    
  0.233500004      -2.32727766    
  0.234000012      -2.32727766    
  0.234500006      -2.32727766    
  0.235000014      -2.32727766    
  0.235500008      -2.32727766    
  0.236000016      -2.32727766    
  0.236500010      -2.32727766    
  0.237000018      -2.32727766    
  0.237500012      -2.32727766    
  0.238000005      -2.32727766    
  0.238500014      -2.32727766    
  0.239000008      -2.32727766    
  0.239500016      -2.32727766    
  0.240000010      -2.32727766    
  0.240500018      -2.32727766    
  0.241000012      -2.32727766    
  0.241500005      -2.32727766    
  0.242000014      -2.32727766    
  0.242500007      -2.32727766    
  0.243000016      -2.32727766    
  0.243500009      -2.32727766    
  0.244000018      -2.32727766    
  0.244500011      -2.32727766    
  0.245000005      -2.32727766    
  0.245500013      -2.32727766    
  0.246000007      -2.32727766    
  0.246500015      -2.32727766    
  0.247000009      -2.32727766    
  0.247500017      -2.32727766    
  0.248000011      -2.32727766    
  0.248500004      -2.32727766    
  0.249000013      -2.32727766    
  0.249500006      -2.32727766    
  0.250000000      -2.32727766    
  0.250500023      -2.32727766    
  0.251000017      -2.32727766    
  0.251500010      -2.32727766    
  0.252000004      -2.32727766    
  0.252499998      -2.32727766    
  0.253000021      -2.32727766    
  0.253500015      -2.32727766    
  0.254000008      -2.32727766    
  0.254500002      -2.32727766    
  0.255000025      -2.41428900    
  0.255500019      -2.41428900    
  0.256000012      -2.41428900    
  0.256500006      -2.41428900    
  0.256999999      -2.41428900    
  0.257500023      -2.41428900    
  0.258000016      -2.41428900    
  0.258500010      -2.41428900    
  0.259000003      -2.41428900    
  0.259500027      -2.41428900    
  0.260000020      -2.41428900    
  0.260500014      -2.41428900    
  0.261000007      -2.41428900    
  0.261500001      -2.41428900    
  0.262000024      -2.41428900    
  0.262500018      -2.41428900    
  0.263000011      -2.41428900    
  0.263500005      -2.41428900    
  0.263999999      -2.41428900    
  0.264500022      -2.41428900    
  0.265000015      -2.41428900    
  0.265500009      -2.41428900    
  0.266000003      -2.41428900    
  0.266500026      -2.41428900    
  0.267000020      -2.41428900    
  0.267500013      -2.41428900    
  0.268000007      -2.41428900    
  0.268500000      -2.41428900    
  0.269000024      -2.41428900    
  0.269500017      -2.41428900    
  0.270000011      -2.41428900    
  0.270500004      -2.41428900    
  0.271000028      -2.41428900    
  0.271500021      -2.41428900    
  0.272000015      -2.41428900    
  0.272500008      -2.41428900    
  0.273000002      -2.41428900    
  0.273500025      -2.41428900    
  0.274000019      -2.41428900    
  0.274500012      -2.41428900    
  0.275000006      -2.41428900    
  0.275500000      -2.41428900    
  0.276000023      -2.41428900    
  0.276500016      -2.41428900    
  0.277000010      -2.41428900    
  0.277500004      -2.41428900    
  0.278000027      -2.41428900    
  0.278500021      -2.41428900    
  0.279000014      -2.41428900    
  0.279500008      -2.41428900    
  0.280000001      -2.41428900    
  0.280500025      -2.41428900    
  0.281000018      -2.41428900    
  0.281500012      -2.41428900    
  0.282000005      -2.61495972    
  0.282499999      -2.61495972    
  0.283000022      -2.61495972    
  0.283500016      -2.61495972    
  0.284000009      -2.61495972    
  0.284500003      -2.61495972    
  0.285000026      -2.61495972    
  0.285500020      -2.61495972    
  0.286000013      -2.61495972    
  0.286500007      -2.61495972    
  0.287000000      -2.61495972    
  0.287500024      -2.61495972    
  0.288000017      -2.61495972    
  0.288500011      -2.61495972    
  0.289000005      -2.61495972    
  0.289500028      -2.61495972    
  0.290000021      -2.61495972    
  0.290500015      -2.61495972    
  0.291000009      -2.61495972    
  0.291500002      -2.61495972    
  0.292000026      -2.61495972    
  0.292500019      -2.61495972    
  0.293000013      -2.61495972    
  0.293500006      -2.61495972    
  0.294000000      -2.61495972    
  0.294500023      -2.61495972    
  0.295000017      -2.61495972    
  0.295500010      -2.61495972    
  0.296000004      -2.61495972    
  0.296500027      -2.61495972    
  0.297000021      -2.61495972    
  0.297500014      -2.61495972    
  0.298000008      -2.61495972    
  0.298500001      -2.61495972    
  0.299000025      -2.61495972    
  0.299500018      -2.61495972    
  0.300000012      -2.61495972    
  0.300500005      -2.61495972    
  0.301000029      -2.61495972    
  0.301500022      -2.61495972    
  0.302000016      -2.61495972    
  0.302500010      -2.61495972    
  0.303000003      -2.61495972    
  0.303500026      -2.61495972    
  0.304000020      -2.61495972    
  0.304500014      -2.61495972    
  0.305000007      -2.61495972    
  0.305500001      -2.61495972    
  0.306000024      -2.61495972    
  0.306500018      -2.61495972    
  0.307000011      -2.61495972    
  0.307500005      -2.61495972    
  0.308000028      -2.61495972    
  0.308500022      -2.61495972    
  0.309000015      -2.61495972    
  0.309500009      -2.61495972    
  0.310000002      -2.86627412    
  0.310500026      -2.86627412    
  0.311000019      -2.86627412    
  0.311500013      -2.86627412    
  0.312000006      -2.86627412    
  0.312500000      -2.86627412    
  0.313000023      -2.86627412    
  0.313500017      -2.86627412    
  0.314000010      -2.86627412    
  0.314500004      -2.86627412    
  0.315000027      -2.86627412    
  0.315500021      -2.86627412    
  0.316000015      -2.86627412    
  0.316500008      -2.86627412    
  0.317000002      -2.86627412    
  0.317500025      -2.86627412    
  0.318000019      -2.86627412    
  0.318500012      -2.86627412    
  0.319000006      -2.86627412    
  0.319500029      -2.86627412    
  0.320000023      -2.86627412    
  0.320500016      -2.86627412    
  0.321000010      -2.86627412    
  0.321500003      -2.86627412    
  0.322000027      -2.86627412    
  0.322500020      -2.86627412    
  0.323000014      -2.86627412    
  0.323500007      -2.86627412    
  0.324000001      -2.86627412    
  0.324500024      -2.86627412    
  0.325000018      -2.86627412    
  0.325500011      -2.86627412    
  0.326000005      -2.86627412    
  0.326500028      -2.86627412    
  0.327000022      -2.86627412    
  0.327500015      -2.86627412    
  0.328000009      -2.86627412    
  0.328500003      -2.86627412    
  0.329000026      -2.86627412    
  0.329500020      -2.86627412    
  0.330000013      -2.86627412    
  0.330500007      -2.86627412    
  0.331000030      -2.86627412    
  0.331500024      -2.86627412    
  0.332000017      -2.86627412    
  0.332500011      -2.86627412    
  0.333000004      -2.86627412    
  0.333500028      -2.86627412    
  0.334000021      -2.86627412    
  0.334500015      -2.86627412    
  0.335000008      -2.86627412    
  0.335500002      -2.86627412    
  0.336000025      -2.86627412    
  0.336500019      -2.86627412    
  0.337000012      -2.86627412    
  0.337500006      -2.86627412    
  0.338000029      -2.86627412    
  0.338500023      -2.86627412    
  0.339000016      -2.86627412    
  0.339500010      -2.86627412    
  0.340000004      -2.86627412    
  0.340500027      -2.86627412    
  0.341000021      -2.86627412    
  0.341500014      -2.86627412    
  0.342000008      -2.86627412    
  0.342500031      -2.86627412    
  0.343000025      -2.86627412    
  0.343500018      -2.86627412    
  0.344000012      -2.86627412    
  0.344500005      -2.86627412    
  0.345000029      -2.86627412    
  0.345500022      -2.86627412    
  0.346000016      -2.86627412    
  0.346500009      -2.86627412    
  0.347000003      -2.86627412    
  0.347500026      -2.86627412    
  0.348000020      -2.86627412    
  0.348500013      -2.86627412    
  0.349000007      -2.86627412    
  0.349500030      -2.86627412    
  0.350000024      -2.86627412    
  0.350500017      -2.86627412    
  0.351000011      -2.86627412    
  0.351500005      -2.86627412    
  0.352000028      -2.86627412    
  0.352500021      -2.86627412    
  0.353000015      -2.86627412    
  0.353500009      -2.86627412    
  0.354000002      -2.86627412    
  0.354500026      -2.86627412    
  0.355000019      -2.86627412    
  0.355500013      -2.86627412    
  0.356000006      -2.86627412    
  0.356500030      -2.86627412    
  0.357000023      -2.86627412    
  0.357500017      -2.86627412    
  0.358000010      -2.86627412    
  0.358500004      -2.86627412    
  0.359000027      -2.86627412    
  0.359500021      -2.86627412    
  0.360000014      -2.86627412    
  0.360500008      -2.86627412    
  0.361000031      -2.86627412    
  0.361500025      -2.86627412    
  0.362000018      -2.86627412    
  0.362500012      -2.86627412    
  0.363000005      -2.86627412    
  0.363500029      -2.86627412    
  0.364000022      -2.86627412    
  0.364500016      -2.86627412    
  0.365000010      -2.86627412    
  0.365500003      -2.86627412    
  0.366000026      -2.86627412    
  0.366500020      -2.86627412    
  0.367000014      -2.86627412    
  0.367500007      -2.86627412    
  0.368000031      -2.86627412    
  0.368500024      -2.86627412    
  0.369000018      -2.86627412    
  0.369500011      -2.86627412    
  0.370000005      -2.86627412    
  0.370500028      -2.86627412    
  0.371000022      -2.86627412    
  0.371500015      -2.86627412    
  0.372000009      -2.86627412    
  0.372500032      -2.86627412    
  0.373000026      -2.86627412    
  0.373500019      -2.86627412    
  0.374000013      -2.86627412    
  0.374500006      -2.86627412    
  0.375000030      -2.86627412    
  0.375500023      -2.86627412    
  0.376000017      -2.86627412    
  0.376500010      -2.86627412    
  0.377000004      -2.86627412    
  0.377500027      -2.86627412    
  0.378000021      -2.86627412    
  0.378500015      -2.86627412    
  0.379000008      -2.86627412    
  0.379500031      -2.86627412    
  0.380000025      -2.86627412    
  0.380500019      -2.86627412    
  0.381000012      -2.86627412    
  0.381500006      -2.86627412    
  0.382000029      -2.86627412    
  0.382500023      -2.86627412    
  0.383000016      -2.86627412    
  0.383500010      -2.86627412    
  0.384000003      -2.86627412    
  0.384500027      -2.86627412    
  0.385000020      -2.86627412    
  0.385500014      -2.86627412    
  0.386000007      -2.86627412    
  0.386500031      -2.86627412    
  0.387000024      -2.86627412    
  0.387500018      -2.86627412    
  0.388000011      -2.86627412    
  0.388500005      -2.86627412    
  0.389000028      -2.86627412    
  0.389500022      -2.86627412    
  0.390000015      -2.86627412    
  0.390500009      -2.86627412    
  0.391000032      -2.86627412    
  0.391500026      -2.86627412    
  0.392000020      -2.86627412    
  0.392500013      -2.86627412    
  0.393000007      -2.86627412    
  0.393500030      -2.86627412    
  0.394000024      -2.86627412    
  0.394500017      -2.86627412    
  0.395000011      -2.86627412    
  0.395500004      -2.86627412    
  0.396000028      -2.86627412    
  0.396500021      -2.86627412    
  0.397000015      -2.86627412    
  0.397500008      -2.86627412    
  0.398000032      -2.86627412    
  0.398500025      -2.86627412    
  0.399000019      -2.86627412    
  0.399500012      -2.86627412    
  0.400000006      -2.86627412    
  0.400500029      -2.86627412    
  0.401000023      -2.86627412    
  0.401500016      -2.86627412    
  0.402000010      -2.86627412    
  0.402500033      -2.86627412    
  0.403000027      -2.86627412    
  0.403500021      -2.86627412    
  0.404000014      -2.86627412    
  0.404500008      -2.86627412    
  0.405000031      -2.86627412    
  0.405500025      -2.86627412    
  0.406000018      -2.86627412    
  0.406500012      -2.86627412    
  0.407000005      -2.86627412    
  0.407500029      -2.86627412    
  0.408000022      -2.86627412    
  0.408500016      -2.86627412    
  0.409000009      -2.86627412    
  0.409500033      -2.86627412    
  0.410000026      -2.86627412    
  0.410500020      -2.86627412    
  0.411000013      -2.86627412    
  0.411500007      -2.86627412    
  0.412000030      -2.86627412    
  0.412500024      -2.86627412    
  0.413000017      -2.86627412    
  0.413500011      -2.86627412    
  0.414000034      -2.86627412    
  0.414500028      -2.86627412    
  0.415000021      -2.86627412    
  0.415500015      -2.86627412    
  0.416000009      -2.86627412    
  0.416500032      -2.86627412    
  0.417000026      -2.86627412    
  0.417500019      -2.86627412    
  0.418000013      -2.86627412    
  0.418500006      -2.86627412    
  0.419000030      -2.86627412    
  0.419500023      -2.86627412    
  0.420000017      -2.86627412    
  0.420500010      -2.86627412    
  0.421000034      -2.86627412    
  0.421500027      -2.86627412    
  0.422000021      -2.86627412    
  0.422500014      -2.86627412    
  0.423000008      -2.86627412    
  0.423500031      -2.86627412    
  0.424000025      -2.86627412    
  0.424500018      -2.86627412    
  0.425000012      -2.86627412    
  0.425500005      -2.86627412    
  0.426000029      -2.86627412    
  0.426500022      -2.86627412    
  0.427000016      -2.86627412    
  0.427500010      -2.86627412    
  0.428000033      -2.86627412    
  0.428500026      -2.86627412    
  0.429000020      -2.86627412    
  0.429500014      -2.86627412    
  0.430000007      -2.86627412    
  0.430500031      -2.86627412    
  0.431000024      -2.86627412    
  0.431500018      -2.86627412    
  0.432000011      -2.86627412    
  0.432500035      -2.86627412    
  0.433000028      -2.86627412    
  0.433500022      -2.86627412    
  0.434000015      -2.86627412    
  0.434500009      -2.86627412    
  0.435000032      -2.86627412    
  0.435500026      -2.86627412    
  0.436000019      -2.86627412    
  0.436500013      -2.86627412    
  0.437000006      -2.86627412    
  0.437500030      -2.86627412    
  0.438000023      -2.86627412    
  0.438500017      -2.86627412    
  0.439000010      -2.86627412    
  0.439500034      -2.86627412    
  0.440000027      -2.86627412    
  0.440500021      -2.86627412    
  0.441000015      -2.86627412    
  0.441500008      -2.86627412    
  0.442000031      -2.86627412    
  0.442500025      -2.86627412    
  0.443000019      -2.86627412    
  0.443500012      -2.86627412    
  0.444000036      -2.86627412    
  0.444500029      -2.86627412    
  0.445000023      -2.86627412    
  0.445500016      -2.86627412    
  0.446000010      -2.86627412    
  0.446500033      -2.86627412    
  0.447000027      -2.86627412    
  0.447500020      -2.86627412    
  0.448000014      -2.86627412    
  0.448500007      -2.86627412    
  0.449000031      -2.86627412    
  0.449500024      -2.86627412    
  0.450000018      -2.86627412    
  0.450500011      -2.86627412    
  0.451000035      -2.86627412    
  0.451500028      -2.86627412    
  0.452000022      -2.86627412    
  0.452500015      -2.86627412    
  0.453000009      -2.86627412    
  0.453500032      -2.86627412    
  0.454000026      -2.86627412    
  0.454500020      -2.86627412    
  0.455000013      -2.86627412    
  0.455500036      -2.86627412    
  0.456000030      -2.86627412    
  0.456500024      -2.86627412    
  0.457000017      -2.86627412    
  0.457500011      -2.86627412    
  0.458000034      -2.86627412    
  0.458500028      -2.86627412    
  0.459000021      -2.86627412    
  0.459500015      -2.86627412    
  0.460000008      -2.86627412    
  0.460500032      -2.86627412    
  0.461000025      -2.86627412    
  0.461500019      -2.86627412    
  0.462000012      -2.86627412    
  0.462500036      -2.86627412    
  0.463000029      -2.86627412    
  0.463500023      -2.86627412    
  0.464000016      -2.86627412    
  0.464500010      -2.86627412    
  0.465000033      -2.86627412    
  0.465500027      -2.86627412    
  0.466000021      -2.86627412    
  0.466500014      -2.86627412    
  0.467000008      -2.86627412    
  0.467500031      -2.86627412    
  0.468000025      -2.86627412    
  0.468500018      -2.86627412    
  0.469000012      -2.86627412    
  0.469500035      -2.86627412    
  0.470000029      -2.86627412    
  0.470500022      -2.86627412    
  0.471000016      -2.86627412    
  0.471500009      -2.86627412    
  0.472000033      -2.86627412    
  0.472500026      -2.86627412    
  0.473000020      -2.86627412    
  0.473500013      -2.86627412    
  0.474000037      -2.86627412    
  0.474500030      -2.86627412    
  0.475000024      -2.86627412    
  0.475500017      -2.86627412    
  0.476000011      -2.86627412    
  0.476500034      -2.86627412    
  0.477000028      -2.86627412    
  0.477500021      -2.86627412    
  0.478000015      -2.86627412    
  0.478500009      -2.86627412    
  0.479000032      -2.86627412    
  0.479500026      -2.86627412    
  0.480000019      -2.86627412    
  0.480500013      -2.86627412    
  0.481000036      -2.86627412    
  0.481500030      -2.86627412    
  0.482000023      -2.86627412    
  0.482500017      -2.86627412    
  0.483000010      -2.86627412    
  0.483500034      -2.86627412    
  0.484000027      -3.20274639    
  0.484500021      -3.20274639    
  0.485000014      -3.20274639    
  0.485500038      -3.20274639    
  0.486000031      -3.20274639    
  0.486500025      -3.20274639    
  0.487000018      -3.20274639    
  0.487500012      -3.20274639    
  0.488000035      -3.20274639    
  0.488500029      -3.20274639    
  0.489000022      -3.20274639    
  0.489500016      -3.20274639    
  0.490000010      -3.20274639    
  0.490500033      -3.20274639    
  0.491000026      -3.20274639    
  0.491500020      -3.20274639    
  0.492000014      -3.20274639    
  0.492500037      -3.20274639    
  0.493000031      -3.20274639    
  0.493500024      -3.20274639    
  0.494000018      -3.20274639    
  0.494500011      -3.20274639    
  0.495000035      -3.20274639    
  0.495500028      -3.20274639    
  0.496000022      -3.20274639    
  0.496500015      -3.20274639    
  0.497000009      -3.20274639    
  0.497500032      -3.42588997    
  0.498000026      -3.42588997    
  0.498500019      -3.42588997    
  0.499000013      -3.42588997    
  0.499500036      -3.42588997    
