   0.00000000      -3.64191073E-04
   5.00000024E-04  -5.35476813E-03
   1.00000005E-03  -1.03703765E-02
   1.50000001E-03  -1.54112671E-02
   2.00000009E-03  -2.04776973E-02
   2.50000018E-03  -2.55284086E-02
   3.00000003E-03  -3.05213649E-02
   3.50000011E-03  -3.52878571E-02
   4.00000019E-03  -3.99087444E-02
   4.50000027E-03  -4.45510857E-02
   5.00000035E-03  -4.91725653E-02
   5.50000044E-03  -5.38155027E-02
   6.00000005E-03  -5.82657009E-02
   6.50000013E-03  -6.28218576E-02
   7.00000022E-03  -6.73124045E-02
   7.50000030E-03  -7.17796683E-02
   8.00000038E-03  -7.62670338E-02
   8.50000046E-03  -8.07745680E-02
   9.00000054E-03  -8.52584988E-02
   9.50000063E-03  -8.95856172E-02
   1.00000007E-02  -9.37537327E-02
   1.05000008E-02  -9.78500843E-02
   1.10000009E-02 -0.101873733    
   1.15000010E-02 -0.105868638    
   1.20000001E-02 -0.109834395    
   1.25000002E-02 -0.113815941    
   1.30000003E-02 -0.117813408    
   1.35000004E-02 -0.121826909    
   1.40000004E-02 -0.125810698    
   1.45000005E-02 -0.129672244    
   1.50000006E-02 -0.133456260    
   1.55000007E-02 -0.137208298    
   1.60000008E-02 -0.140927792    
   1.64999999E-02 -0.144474238    
   1.70000009E-02 -0.147939473    
   1.75000001E-02 -0.151416734    
   1.80000011E-02 -0.155000657    
   1.85000002E-02 -0.158597469    
   1.90000013E-02 -0.162397593    
   1.95000004E-02 -0.166164443    
   2.00000014E-02 -0.169705778    
   2.05000006E-02 -0.173259705    
   2.10000016E-02 -0.176633194    
   2.15000007E-02 -0.180018112    
   2.20000017E-02 -0.183414519    
   2.25000009E-02 -0.186822504    
   2.30000019E-02 -0.190144315    
   2.35000011E-02 -0.193477124    
   2.40000002E-02 -0.196771875    
   2.45000012E-02 -0.199978650    
   2.50000004E-02 -0.203047052    
   2.55000014E-02 -0.206075162    
   2.60000005E-02 -0.209112480    
   2.65000015E-02 -0.211958990    
   2.70000007E-02 -0.214763463    
   2.75000017E-02 -0.217575893    
   2.80000009E-02 -0.220446631    
   2.85000019E-02 -0.223275051    
   2.90000010E-02 -0.226314381    
   2.95000020E-02 -0.229413897    
   3.00000012E-02 -0.232523113    
   3.05000022E-02 -0.235641956    
   3.10000014E-02 -0.238667786    
   3.15000005E-02 -0.241702884    
   3.20000015E-02 -0.244488850    
   3.25000025E-02 -0.246816367    
   3.29999998E-02 -0.248993695    
   3.35000008E-02 -0.250915676    
   3.40000018E-02 -0.252841443    
   3.45000029E-02 -0.254770845    
   3.50000001E-02 -0.256651729    
   3.55000012E-02 -0.258588582    
   3.60000022E-02 -0.260529131    
   3.65000032E-02 -0.262473524    
   3.70000005E-02 -0.264474332    
   3.75000015E-02 -0.266268015    
   3.80000025E-02 -0.268064857    
   3.85000035E-02 -0.269546986    
   3.90000008E-02 -0.271031410    
   3.95000018E-02 -0.272464871    
   4.00000028E-02 -0.274006784    
   4.05000001E-02 -0.275391221    
   4.10000011E-02 -0.276777655    
   4.15000021E-02 -0.278219342    
   4.20000032E-02 -0.279663146    
   4.25000004E-02 -0.281162679    
   4.30000015E-02 -0.282342434    
   4.35000025E-02 -0.283469826    
   4.40000035E-02 -0.284544796    
   4.45000008E-02 -0.285620838    
   4.50000018E-02 -0.286590308    
   4.55000028E-02 -0.287560731    
   4.60000038E-02 -0.288694024    
   4.65000011E-02 -0.289828628    
   4.70000021E-02 -0.290910453    
   4.75000031E-02 -0.291993380    
   4.80000004E-02 -0.293131709    
   4.85000014E-02 -0.294271439    
   4.90000024E-02 -0.295466781    
   4.95000035E-02 -0.296663523    
   5.00000007E-02 -0.297861725    
   5.05000018E-02 -0.299061269    
   5.10000028E-02 -0.300316989    
   5.15000038E-02 -0.301629007    
   5.20000011E-02 -0.302887976    
   5.25000021E-02 -0.304148406    
   5.30000031E-02 -0.305410534    
   5.35000041E-02 -0.306729257    
   5.40000014E-02 -0.307994574    
   5.45000024E-02 -0.309316695    
   5.50000034E-02 -0.310419738    
   5.55000044E-02 -0.311303139    
   5.60000017E-02 -0.312187254    
   5.65000027E-02 -0.313238174    
   5.70000038E-02 -0.314290136    
   5.75000010E-02 -0.315343291    
   5.80000021E-02 -0.316397548    
   5.85000031E-02 -0.317341775    
   5.90000041E-02 -0.318286836    
   5.95000014E-02 -0.319288522    
   6.00000024E-02 -0.320291221    
   6.05000034E-02 -0.321294904    
   6.10000044E-02 -0.322522998    
   6.15000017E-02 -0.323808551    
   6.20000027E-02 -0.325151682    
   6.25000000E-02 -0.326496691    
   6.30000010E-02 -0.327843457    
   6.35000020E-02 -0.329304546    
   6.40000030E-02 -0.330767751    
   6.45000041E-02 -0.332233131    
   6.50000051E-02 -0.333587706    
   6.55000061E-02 -0.334944069    
   6.59999996E-02 -0.336302340    
   6.65000007E-02 -0.337719083    
   6.70000017E-02 -0.339081138    
   6.75000027E-02 -0.340331286    
   6.80000037E-02 -0.341583014    
   6.85000047E-02 -0.342950225    
   6.90000057E-02 -0.344319433    
   6.95000067E-02 -0.345633328    
   7.00000003E-02 -0.347006142    
   7.05000013E-02 -0.348323554    
   7.10000023E-02 -0.349757463    
   7.15000033E-02 -0.351078540    
   7.20000044E-02 -0.352401346    
   7.25000054E-02 -0.353725910    
   7.30000064E-02 -0.354936779    
   7.34999999E-02 -0.356033564    
   7.40000010E-02 -0.357131630    
   7.45000020E-02 -0.358346641    
   7.50000030E-02 -0.359563231    
   7.55000040E-02 -0.360955298    
   7.60000050E-02 -0.362349391    
   7.65000060E-02 -0.363745332    
   7.70000070E-02 -0.365085006    
   7.75000006E-02 -0.366251349    
   7.80000016E-02 -0.367360711    
   7.85000026E-02 -0.368237406    
   7.90000036E-02 -0.368997812    
   7.95000046E-02 -0.369758755    
   8.00000057E-02 -0.370637476    
   8.05000067E-02 -0.371282429    
   8.10000002E-02 -0.372045130    
   8.15000013E-02 -0.372808427    
   8.20000023E-02 -0.373807430    
   8.25000033E-02 -0.374807477    
   8.30000043E-02 -0.375690699    
   8.35000053E-02 -0.376751602    
   8.40000063E-02 -0.377754569    
   8.45000073E-02 -0.378758550    
   8.50000009E-02 -0.379763544    
   8.55000019E-02 -0.380769521    
   8.60000029E-02 -0.381895125    
   8.65000039E-02 -0.383021891    
   8.70000049E-02 -0.384209424    
   8.75000060E-02 -0.385517329    
   8.80000070E-02 -0.387005627    
   8.85000005E-02 -0.388496220    
   8.90000015E-02 -0.389929175    
   8.95000026E-02 -0.391364276    
   9.00000036E-02 -0.392741412    
   9.05000046E-02 -0.394120544    
   9.10000056E-02 -0.395261258    
   9.15000066E-02 -0.396403193    
   9.20000076E-02 -0.397546530    
   9.25000012E-02 -0.398691177    
   9.30000022E-02 -0.399837136    
   9.35000032E-02 -0.400863528    
   9.40000042E-02 -0.401890993    
   9.45000052E-02 -0.402919501    
   9.50000063E-02 -0.404009700    
   9.55000073E-02 -0.405101061    
   9.60000008E-02 -0.406193644    
   9.65000018E-02 -0.407408983    
   9.70000029E-02 -0.408564985    
   9.75000039E-02 -0.409722209    
   9.80000049E-02 -0.410880893    
   9.85000059E-02 -0.411918700    
   9.90000069E-02 -0.412957579    
   9.95000079E-02 -0.413997531    
  0.100000001     -0.415038675    
  0.100500003     -0.416019469    
  0.101000004     -0.417001188    
  0.101500005     -0.417922527    
  0.102000006     -0.418906152    
  0.102500007     -0.419890821    
  0.103000008     -0.420814723    
  0.103500009     -0.421739578    
  0.104000002     -0.422665179    
  0.104500003     -0.423591763    
  0.105000004     -0.424766630    
  0.105500005     -0.425942779    
  0.106000006     -0.427120417    
  0.106500007     -0.428361446    
  0.107000008     -0.429604113    
  0.107500002     -0.430723816    
  0.108000003     -0.431720108    
  0.108500004     -0.432717383    
  0.109000005     -0.433715761    
  0.109500006     -0.434715033    
  0.110000007     -0.436028123    
  0.110500008     -0.437593699    
  0.111000009     -0.439161599    
  0.111500002     -0.440731972    
  0.112000003     -0.442304909    
  0.112500004     -0.444006383    
  0.113000005     -0.445710719    
  0.113500006     -0.447291493    
  0.114000008     -0.448684603    
  0.114500009     -0.450016201    
  0.115000002     -0.451349556    
  0.115500003     -0.452493876    
  0.116000004     -0.453639507    
  0.116500005     -0.454786450    
  0.117000006     -0.455934703    
  0.117500007     -0.457084298    
  0.118000008     -0.458107203    
  0.118500009     -0.459131181    
  0.119000003     -0.460156262    
  0.119500004     -0.461182356    
  0.120000005     -0.462209463    
  0.120500006     -0.463237762    
  0.121000007     -0.464460075    
  0.121500008     -0.465683967    
  0.122000009     -0.466780245    
  0.122500002     -0.467877746    
  0.123000003     -0.469235241    
  0.123500004     -0.470529735    
  0.124000005     -0.471955597    
  0.124500006     -0.473383546    
  0.125000000     -0.474943638    
  0.125500008     -0.476506084    
  0.126000002     -0.478005797    
  0.126500010     -0.479507744    
  0.127000004     -0.481077373    
  0.127500013     -0.482846200    
  0.128000006     -0.484618157    
  0.128500000     -0.486458987    
  0.129000008     -0.488369256    
  0.129500002     -0.490283102    
  0.130000010     -0.492200702    
  0.130500004     -0.494121909    
  0.131000012     -0.496046782    
  0.131500006     -0.497842312    
  0.131999999     -0.499641061    
  0.132500008     -0.501443028    
  0.133000001     -0.503248334    
  0.133500010     -0.504922688    
  0.134000003     -0.506734252    
  0.134500012     -0.508549094    
  0.135000005     -0.510367215    
  0.135500014     -0.512188673    
  0.136000007     -0.514013350    
  0.136500001     -0.515773773    
  0.137000009     -0.517401397    
  0.137500003     -0.519099653    
  0.138000011     -0.520800948    
  0.138500005     -0.522641540    
  0.139000013     -0.524348736    
  0.139500007     -0.526127338    
  0.140000001     -0.527909160    
  0.140500009     -0.529625356    
  0.141000003     -0.531344652    
  0.141500011     -0.533066809    
  0.142000005     -0.534861028    
  0.142500013     -0.536658406    
  0.143000007     -0.538112581    
  0.143500000     -0.539568901    
  0.144000009     -0.541027248    
  0.144500002     -0.542487741    
  0.145000011     -0.543950379    
  0.145500004     -0.545415163    
  0.146000013     -0.546812236    
  0.146500006     -0.548211217    
  0.147000000     -0.549612224    
  0.147500008     -0.551015079    
  0.148000002     -0.552420020    
  0.148500010     -0.554108441    
  0.149000004     -0.555799842    
  0.149500012     -0.557493985    
  0.150000006     -0.559191108    
  0.150500014     -0.560890973    
  0.151000008     -0.562593877    
  0.151500002     -0.564299583    
  0.152000010     -0.566008329    
  0.152500004     -0.567719877    
  0.153000012     -0.569434404    
  0.153500006     -0.571008682    
  0.154000014     -0.572585404    
  0.154500008     -0.574164629    
  0.155000001     -0.575890303    
  0.155500010     -0.577546716    
  0.156000003     -0.578628600    
  0.156500012     -0.579711556    
  0.157000005     -0.580723405    
  0.157500014     -0.581736326    
  0.158000007     -0.582605243    
  0.158500001     -0.583402574    
  0.159000009     -0.584345579    
  0.159500003     -0.585507393    
  0.160000011     -0.586670697    
  0.160500005     -0.587835193    
  0.161000013     -0.589146972    
  0.161500007     -0.590387464    
  0.162000000     -0.591775715    
  0.162500009     -0.593165815    
  0.163000003     -0.594557941    
  0.163500011     -0.595805109    
  0.164000005     -0.597053885    
  0.164500013     -0.598377824    
  0.165000007     -0.599703491    
  0.165500015     -0.600957096    
  0.166000009     -0.602212310    
  0.166500002     -0.603543103    
  0.167000011     -0.604875624    
  0.167500004     -0.605987489    
  0.168000013     -0.607100487    
  0.168500006     -0.608363450    
  0.169000015     -0.609628081    
  0.169500008     -0.610819638    
  0.170000002     -0.612012684    
  0.170500010     -0.613057792    
  0.171000004     -0.614103973    
  0.171500012     -0.615151286    
  0.172000006     -0.616274536    
  0.172500014     -0.617399096    
  0.173000008     -0.618524909    
  0.173500001     -0.619652033    
  0.174000010     -0.620855629    
  0.174500003     -0.622060776    
  0.175000012     -0.623267293    
  0.175500005     -0.624324262    
  0.176000014     -0.625382304    
  0.176500008     -0.626365781    
  0.177000001     -0.627350211    
  0.177500010     -0.628335595    
  0.178000003     -0.629397929    
  0.178500012     -0.630157351    
  0.179000005     -0.630917430    
  0.179500014     -0.631678045    
  0.180000007     -0.632439315    
  0.180500016     -0.633201003    
  0.181000009     -0.633963406    
  0.181500003     -0.634726405    
  0.182000011     -0.635489881    
  0.182500005     -0.636101186    
  0.183000013     -0.636636317    
  0.183500007     -0.637171686    
  0.184000015     -0.637707472    
  0.184500009     -0.638166904    
  0.185000002     -0.638396680    
  0.185500011     -0.638626516    
  0.186000004     -0.638856351    
  0.186500013     -0.639086366    
  0.187000006     -0.639316320    
  0.187500015     -0.639546335    
  0.188000008     -0.639776528    
  0.188500002     -0.640006661    
  0.189000010     -0.640313625    
  0.189500004     -0.640620649    
  0.190000013     -0.640927792    
  0.190500006     -0.641234994    
  0.191000015     -0.641388714    
  0.191500008     -0.641542435    
  0.192000002     -0.641696095    
  0.192500010     -0.641849875    
  0.193000004     -0.642003596    
  0.193500012     -0.642157376    
  0.194000006     -0.642311156    
  0.194500014     -0.642541945    
  0.195000008     -0.642926574    
  0.195500016     -0.643311381    
  0.196000010     -0.643696427    
  0.196500003     -0.644081533    
  0.197000012     -0.644466877    
  0.197500005     -0.644852281    
  0.198000014     -0.645237923    
  0.198500007     -0.645623505    
  0.199000016     -0.646009445    
  0.199500009     -0.646395445    
  0.200000003     -0.646781623    
  0.200500011     -0.647399843    
  0.201000005     -0.647863746    
  0.201500013     -0.648250520    
  0.202000007     -0.648482621    
  0.202500015     -0.648714721    
  0.203000009     -0.649179280    
  0.203500003     -0.649644017    
  0.204000011     -0.650186419    
  0.204500005     -0.651039362    
  0.205000013     -0.651893198    
  0.205500007     -0.652747631    
  0.206000015     -0.653602839    
  0.206500009     -0.654458761    
  0.207000017     -0.655315459    
  0.207500011     -0.656172812    
  0.208000004     -0.656952918    
  0.208500013     -0.657733679    
  0.209000006     -0.658514977    
  0.209500015     -0.659453332    
  0.210000008     -0.660392582    
  0.210500017     -0.661724687    
  0.211000010     -0.663058579    
  0.211500004     -0.664394379    
  0.212000012     -0.665731847    
  0.212500006     -0.667071104    
  0.213000014     -0.668412149    
  0.213500008     -0.669754982    
  0.214000016     -0.671099663    
  0.214500010     -0.672287703    
  0.215000004     -0.673556387    
  0.215500012     -0.674906135    
  0.216000006     -0.676257730    
  0.216500014     -0.677611291    
  0.217000008     -0.679126084    
  0.217500016     -0.680643260    
  0.218000010     -0.682162762    
  0.218500003     -0.683684409    
  0.219000012     -0.685208559    
  0.219500005     -0.686735034    
  0.220000014     -0.688263655    
  0.220500007     -0.689794779    
  0.221000016     -0.691328287    
  0.221500009     -0.692864001    
  0.222000018     -0.694402158    
  0.222500011     -0.695942640    
  0.223000005     -0.697485626    
  0.223500013     -0.699112296    
  0.224000007     -0.700741589    
  0.224500015     -0.702373564    
  0.225000009     -0.704008222    
  0.225500017     -0.705645561    
  0.226000011     -0.707285583    
  0.226500005     -0.708928287    
  0.227000013     -0.710573733    
  0.227500007     -0.712221861    
  0.228000015     -0.713872671    
  0.228500009     -0.715526223    
  0.229000017     -0.717182517    
  0.229500011     -0.719007671    
  0.230000004     -0.720836103    
  0.230500013     -0.722584605    
  0.231000006     -0.724336147    
  0.231500015     -0.726090789    
  0.232000008     -0.727680922    
  0.232500017     -0.729273558    
  0.233000010     -0.730868876    
  0.233500004     -0.732803285    
  0.234000012     -0.735078990    
  0.234500006     -0.737359941    
  0.235000014     -0.739645958    
  0.235500008     -0.741937339    
  0.236000016     -0.744233966    
  0.236500010     -0.746535778    
  0.237000018     -0.748843014    
  0.237500012     -0.750384152    
  0.238000005     -0.751927614    
  0.238500014     -0.753473520    
  0.239000008     -0.754677474    
  0.239500016     -0.755882919    
  0.240000010     -0.757089794    
  0.240500018     -0.758298159    
  0.241000012     -0.759508014    
  0.241500005     -0.760719240    
  0.242000014     -0.761932015    
  0.242500007     -0.763233006    
  0.243000016     -0.764535725    
  0.243500009     -0.765840113    
  0.244000018     -0.767146230    
  0.244500011     -0.768454075    
  0.245000005     -0.769763589    
  0.245500013     -0.771074831    
  0.246000007     -0.772387743    
  0.246500015     -0.773702443    
  0.247000009     -0.775018930    
  0.247500017     -0.776337087    
  0.248000011     -0.777656972    
  0.248500004     -0.778978586    
  0.249000013     -0.780301988    
  0.249500006     -0.781627178    
  0.250000000     -0.782954097    
  0.250500023     -0.784282744    
  0.251000017     -0.785613179    
  0.251500010     -0.787212014    
  0.252000004     -0.788813472    
  0.252499998     -0.790328264    
  0.253000021     -0.791756094    
  0.253500015     -0.793185890    
  0.254000008     -0.794528246    
  0.254500002     -0.795872450    
  0.255000025     -0.797218382    
  0.255500019     -0.798476219    
  0.256000012     -0.799735665    
  0.256500006     -0.800996721    
  0.256999999     -0.802349567    
  0.257500023     -0.803704262    
  0.258000016     -0.805060804    
  0.258500010     -0.806509852    
  0.259000003     -0.807960987    
  0.259500027     -0.809414148    
  0.260000020     -0.810869515    
  0.260500014     -0.812327027    
  0.261000007     -0.813786626    
  0.261500001     -0.815248311    
  0.262000024     -0.816712141    
  0.262500018     -0.818178177    
  0.263000011     -0.819646299    
  0.263500005     -0.821116626    
  0.263999999     -0.822589159    
  0.264500022     -0.824063838    
  0.265000015     -0.825355887    
  0.265500009     -0.826094985    
  0.266000003     -0.826834679    
  0.266500026     -0.827389717    
  0.267000020     -0.827945113    
  0.267500013     -0.828500867    
  0.268000007     -0.829056859    
  0.268500000     -0.829613209    
  0.269000024     -0.830169797    
  0.269500017     -0.831098258    
  0.270000011     -0.832027495    
  0.270500004     -0.832957685    
  0.271000028     -0.834261298    
  0.271500021     -0.835660040    
  0.272000015     -0.837060630    
  0.272500008     -0.838369608    
  0.273000002     -0.839680374    
  0.273500025     -0.840992868    
  0.274000019     -0.842307031    
  0.274500012     -0.843622923    
  0.275000006     -0.844940603    
  0.275500000     -0.846259952    
  0.276000023     -0.847581148    
  0.276500016     -0.848903954    
  0.277000010     -0.850228608    
  0.277500004     -0.851554990    
  0.278000027     -0.852883101    
  0.278500021     -0.854213059    
  0.279000014     -0.855639935    
  0.279500008     -0.857068837    
  0.280000001     -0.858690798    
  0.280500025     -0.860315323    
  0.281000018     -0.862134099    
  0.281500012     -0.863956153    
  0.282000005     -0.865877748    
  0.282499999     -0.867610395    
  0.283000022     -0.869346023    
  0.283500016     -0.871084630    
  0.284000009     -0.872923136    
  0.284500003     -0.874764979    
  0.285000026     -0.876513064    
  0.285500020     -0.878166914    
  0.286000013     -0.879823387    
  0.286500007     -0.881482661    
  0.287000000     -0.883144677    
  0.287500024     -0.884711444    
  0.288000017     -0.886280715    
  0.288500011     -0.887459219    
  0.289000005     -0.888639212    
  0.289500028     -0.889623523    
  0.290000021     -0.890510261    
  0.290500015     -0.891397834    
  0.291000009     -0.892286181    
  0.291500002     -0.893076420    
  0.292000026     -0.894263029    
  0.292500019     -0.895450950    
  0.293000013     -0.896640420    
  0.293500006     -0.897831202    
  0.294000000     -0.899023533    
  0.294500023     -0.900217235    
  0.295000017     -0.901412249    
  0.295500010     -0.902608871    
  0.296000004     -0.903607011    
  0.296500027     -0.904606223    
  0.297000021     -0.905506313    
  0.297500014     -0.906307161    
  0.298000008     -0.907108605    
  0.298500001     -0.908010960    
  0.299000025     -0.908914208    
  0.299500018     -0.909818232    
  0.300000012     -0.910723090    
  0.300500005     -0.911628723    
  0.301000029     -0.912535250    
  0.301500022     -0.913442492    
  0.302000016     -0.914350629    
  0.302500010     -0.915259600    
  0.303000003     -0.915967107    
  0.303500026     -0.916776299    
  0.304000020     -0.917687476    
  0.304500014     -0.918802261    
  0.305000007     -0.919918299    
  0.305500001     -0.921035528    
  0.306000024     -0.922154069    
  0.306500018     -0.923273802    
  0.307000011     -0.924190938    
  0.307500005     -0.925108910    
  0.308000028     -0.926027656    
  0.308500022     -0.926947296    
  0.309000015     -0.927970052    
  0.309500009     -0.928994000    
  0.310000002     -0.930018842    
  0.310500026     -0.930839598    
  0.311000019     -0.931660891    
  0.311500013     -0.932380199    
  0.312000006     -0.933099926    
  0.312500000     -0.933820128    
  0.313000023     -0.934540987    
  0.313500017     -0.935468435    
  0.314000010     -0.936396837    
  0.314500004     -0.937326074    
  0.315000027     -0.938256145    
  0.315500021     -0.939290583    
  0.316000015     -0.940326154    
  0.316500008     -0.941259027    
  0.317000002     -0.942192733    
  0.317500025     -0.943127334    
  0.318000019     -0.944166899    
  0.318500012     -0.945207477    
  0.319000006     -0.946249127    
  0.319500029     -0.947291851    
  0.320000023     -0.948335767    
  0.320500016     -0.949380636    
  0.321000010     -0.950426698    
  0.321500003     -0.951683402    
  0.322000027     -0.953151524    
  0.322500020     -0.954621732    
  0.323000014     -0.955988944    
  0.323500007     -0.957358003    
  0.324000001     -0.958729029    
  0.324500024     -0.960313201    
  0.325000018     -0.961899877    
  0.325500011     -0.963489115    
  0.326000005     -0.965080857    
  0.326500028     -0.966675162    
  0.327000022     -0.968272090    
  0.327500015     -0.969871461    
  0.328000009     -0.971473455    
  0.328500003     -0.973077953    
  0.329000026     -0.974685073    
  0.329500020     -0.976509631    
  0.330000013     -0.978122234    
  0.330500007     -0.979845226    
  0.331000030     -0.981787205    
  0.331500024     -0.983732939    
  0.332000017     -0.985682487    
  0.332500011     -0.987635851    
  0.333000004     -0.989592910    
  0.333500028     -0.991553962    
  0.334000021     -0.993518829    
  0.334500015     -0.995487571    
  0.335000008     -0.997460186    
  0.335500002     -0.999656558    
  0.336000025      -1.00185764    
  0.336500019      -1.00384283    
  0.337000012      -1.00583208    
  0.337500006      -1.00782526    
  0.338000029      -1.00982237    
  0.338500023      -1.01171219    
  0.339000016      -1.01360559    
  0.339500010      -1.01561427    
  0.340000004      -1.01762700    
  0.340500027      -1.01964390    
  0.341000021      -1.02166474    
  0.341500014      -1.02368975    
  0.342000008      -1.02560592    
  0.342500031      -1.02752590    
  0.343000025      -1.02944946    
  0.343500018      -1.03183079    
  0.344000012      -1.03421795    
  0.344500005      -1.03638256    
  0.345000029      -1.03855193    
  0.345500022      -1.04072595    
  0.346000016      -1.04256034    
  0.346500009      -1.04439807    
  0.347000003      -1.04566360    
  0.347500026      -1.04693067    
  0.348000020      -1.04819930    
  0.348500013      -1.04946959    
  0.349000007      -1.05027878    
  0.349500030      -1.05108869    
  0.350000024      -1.05189919    
  0.350500017      -1.05271041    
  0.351000011      -1.05363822    
  0.351500005      -1.05468309    
  0.352000028      -1.05572915    
  0.352500021      -1.05724192    
  0.353000015      -1.05875695    
  0.353500009      -1.06039107    
  0.354000002      -1.06214499    
  0.354500026      -1.06390190    
  0.355000019      -1.06566191    
  0.355500013      -1.06742513    
  0.356000006      -1.06919134    
  0.356500030      -1.07096076    
  0.357000023      -1.07273328    
  0.357500017      -1.07450891    
  0.358000010      -1.07616901    
  0.358500004      -1.07783198    
  0.359000027      -1.07949769    
  0.359500021      -1.08116615    
  0.360000014      -1.08235955    
  0.360500008      -1.08367407    
  0.361000031      -1.08475089    
  0.361500025      -1.08582878    
  0.362000018      -1.08690774    
  0.362500012      -1.08798802    
  0.363000005      -1.08906937    
  0.363500029      -1.09015203    
  0.364000022      -1.09123576    
  0.364500016      -1.09232068    
  0.365000010      -1.09340680    
  0.365500003      -1.09461498    
  0.366000026      -1.09582460    
  0.366500020      -1.09703565    
  0.367000014      -1.09824824    
  0.367500007      -1.09946227    
  0.368000031      -1.10055614    
  0.368500024      -1.10165119    
  0.369000018      -1.10250378    
  0.369500011      -1.10347903    
  0.370000005      -1.10445523    
  0.370500028      -1.10543251    
  0.371000022      -1.10641050    
  0.371500015      -1.10738969    
  0.372000009      -1.10861480    
  0.372500032      -1.10984147    
  0.373000026      -1.11106968    
  0.373500019      -1.11205339    
  0.374000013      -1.11303806    
  0.374500006      -1.11402357    
  0.375000030      -1.11476338    
  0.375500023      -1.11550367    
  0.376000017      -1.11649179    
  0.376500010      -1.11748075    
  0.377000004      -1.11859453    
  0.377500027      -1.11970961    
  0.378000021      -1.12082589    
  0.378500015      -1.12194347    
  0.379000008      -1.12306213    
  0.379500031      -1.12418222    
  0.380000025      -1.12530351    
  0.380500019      -1.12642598    
  0.381000012      -1.12767482    
  0.381500006      -1.12892509    
  0.382000029      -1.13017702    
  0.382500023      -1.13143039    
  0.383000016      -1.13268542    
  0.383500010      -1.13394201    
  0.384000003      -1.13545203    
  0.384500027      -1.13683820    
  0.385000020      -1.13797379    
  0.385500014      -1.13923705    
  0.386000007      -1.14050186    
  0.386500031      -1.14176846    
  0.387000024      -1.14278269    
  0.387500018      -1.14379811    
  0.388000011      -1.14494169    
  0.388500005      -1.14608634    
  0.389000028      -1.14723253    
  0.389500022      -1.14863515    
  0.390000015      -1.15029526    
  0.390500009      -1.15195823    
  0.391000032      -1.15362406    
  0.391500026      -1.15529251    
  0.392000020      -1.15696383    
  0.392500013      -1.15863776    
  0.393000007      -1.16083121    
  0.393500030      -1.16289997    
  0.394000024      -1.16497302    
  0.394500017      -1.16692054    
  0.395000011      -1.16887176    
  0.395500004      -1.17082679    
  0.396000028      -1.17291641    
  0.396500021      -1.17501020    
  0.397000015      -1.17710865    
  0.397500008      -1.17921150    
  0.398000032      -1.18131876    
  0.398500025      -1.18343031    
  0.399000019      -1.18554640    
  0.399500012      -1.18766713    
  0.400000006      -1.18979216    
  0.400500029      -1.19178867    
  0.401000023      -1.19378901    
  0.401500016      -1.19579339    
  0.402000010      -1.19780183    
  0.402500033      -1.19981432    
  0.403000027      -1.20169628    
  0.403500021      -1.20358181    
  0.404000014      -1.20547080    
  0.404500008      -1.20709300    
  0.405000031      -1.20871758    
  0.405500025      -1.21020925    
  0.406000018      -1.21170306    
  0.406500012      -1.21319914    
  0.407000005      -1.21469748    
  0.407500029      -1.21619809    
  0.408000022      -1.21756423    
  0.408500016      -1.21906912    
  0.409000009      -1.22057629    
  0.409500033      -1.22208571    
  0.410000026      -1.22359753    
  0.410500020      -1.22511148    
  0.411000013      -1.22662783    
  0.411500007      -1.22800815    
  0.412000030      -1.22911394    
  0.412500024      -1.23022091    
  0.413000017      -1.23132908    
  0.413500011      -1.23243845    
  0.414000034      -1.23354912    
  0.414500028      -1.23452199    
  0.415000021      -1.23549569    
  0.415500015      -1.23647046    
  0.416000009      -1.23744619    
  0.416500032      -1.23842275    
  0.417000026      -1.23940039    
  0.417500019      -1.24037886    
  0.418000013      -1.24163842    
  0.418500006      -1.24289954    
  0.419000030      -1.24416232    
  0.419500023      -1.24542654    
  0.420000017      -1.24669254    
  0.420500010      -1.24810088    
  0.421000034      -1.24951136    
  0.421500027      -1.25092375    
  0.422000021      -1.25233829    
  0.422500014      -1.25389647    
  0.423000008      -1.25545704    
  0.423500031      -1.25716233    
  0.424000025      -1.25887048    
  0.424500018      -1.26043892    
  0.425000012      -1.26186681    
  0.425500005      -1.26329684    
  0.426000029      -1.26472890    
  0.426500022      -1.26616311    
  0.427000016      -1.26745558    
  0.427500010      -1.26874959    
  0.428000033      -1.27018952    
  0.428500026      -1.27163148    
  0.429000020      -1.27307558    
  0.429500014      -1.27481103    
  0.430000007      -1.27654970    
  0.430500031      -1.27814615    
  0.431000024      -1.27974510    
  0.431500018      -1.28149223    
  0.432000011      -1.28324258    
  0.432500035      -1.28499591    
  0.433000028      -1.28675246    
  0.433500022      -1.28851199    
  0.434000015      -1.29027462    
  0.434500009      -1.29204035    
  0.435000032      -1.29380918    
  0.435500026      -1.29587686    
  0.436000019      -1.29794872    
  0.436500013      -1.29987645    
  0.437000006      -1.30180812    
  0.437500030      -1.30389225    
  0.438000023      -1.30598092    
  0.438500017      -1.30807388    
  0.439000010      -1.31017125    
  0.439500034      -1.31227314    
  0.440000027      -1.31437922    
  0.440500021      -1.31648993    
  0.441000015      -1.31860518    
  0.441500008      -1.32072473    
  0.442000031      -1.32284880    
  0.442500025      -1.32497740    
  0.443000019      -1.32726324    
  0.443500012      -1.32955408    
  0.444000036      -1.33139062    
  0.444500029      -1.33323061    
  0.445000023      -1.33507383    
  0.445500016      -1.33707464    
  0.446000010      -1.33938825    
  0.446500033      -1.34170723    
  0.447000027      -1.34403145    
  0.447500020      -1.34573948    
  0.448000014      -1.34745026    
  0.448500007      -1.34916413    
  0.449000031      -1.35088086    
  0.449500024      -1.35260057    
  0.450000018      -1.35432315    
  0.450500011      -1.35604882    
  0.451000035      -1.35777736    
  0.451500028      -1.35982418    
  0.452000022      -1.36187518    
  0.452500015      -1.36393023    
  0.453000009      -1.36598969    
  0.453500032      -1.36805332    
  0.454000026      -1.36996210    
  0.454500020      -1.37187433    
  0.455000013      -1.37379038    
  0.455500036      -1.37571013    
  0.456000030      -1.37763345    
  0.456500024      -1.37956071    
  0.457000017      -1.38165247    
  0.457500011      -1.38374877    
  0.458000034      -1.38584948    
  0.458500028      -1.38795459    
  0.459000021      -1.39006400    
  0.459500015      -1.39217806    
  0.460000008      -1.39429653    
  0.460500032      -1.39641953    
  0.461000025      -1.39805555    
  0.461500019      -1.39969444    
  0.462000012      -1.40117168    
  0.462500036      -1.40281558    
  0.463000029      -1.40446222    
  0.463500023      -1.40611160    
  0.464000016      -1.40776360    
  0.464500010      -1.40941846    
  0.465000033      -1.41107595    
  0.465500027      -1.41240406    
  0.466000021      -1.41373384    
  0.466500014      -1.41506529    
  0.467000008      -1.41639864    
  0.467500031      -1.41790080    
  0.468000025      -1.41940522    
  0.468500018      -1.42091191    
  0.469000012      -1.42225301    
  0.469500035      -1.42359602    
  0.470000029      -1.42494071    
  0.470500022      -1.42628729    
  0.471000016      -1.42763567    
  0.471500009      -1.42898595    
  0.472000033      -1.43033803    
  0.472500026      -1.43169177    
  0.473000020      -1.43287802    
  0.473500013      -1.43406558    
  0.474000037      -1.43525445    
  0.474500030      -1.43644488    
  0.475000024      -1.43763661    
  0.475500017      -1.43882990    
  0.476000011      -1.44002450    
  0.476500034      -1.44122052    
  0.477000028      -1.44241810    
  0.477500021      -1.44361699    
  0.478000015      -1.44481742    
  0.478500009      -1.44636285    
  0.479000032      -1.44791067    
  0.479500026      -1.44946098    
  0.480000019      -1.45101357    
  0.480500013      -1.45291460    
  0.481000036      -1.45481920    
  0.481500030      -1.45672739    
  0.482000023      -1.45863926    
  0.482500017      -1.46055484    
  0.483000010      -1.46247399    
  0.483500034      -1.46439695    
  0.484000027      -1.46632361    
  0.484500021      -1.46790266    
  0.485000014      -1.46948421    
  0.485500038      -1.47106838    
  0.486000031      -1.47265494    
  0.486500025      -1.47424400    
  0.487000018      -1.47583568    
  0.487500012      -1.47742987    
  0.488000035      -1.47902668    
  0.488500029      -1.48062587    
  0.489000022      -1.48222780    
  0.489500016      -1.48383224    
  0.490000010      -1.48543918    
  0.490500033      -1.48704886    
  0.491000026      -1.48866093    
  0.491500020      -1.48973727    
  0.492000014      -1.49081469    
  0.492500037      -1.49189317    
  0.493000031      -1.49297285    
  0.493500024      -1.49423397    
  0.494000018      -1.49531627    
  0.494500011      -1.49639964    
  0.495000035      -1.49766517    
  0.495500028      -1.49893224    
  0.496000022      -1.50020099    
  0.496500015      -1.50147128    
  0.497000009      -1.50274312    
  0.497500032      -1.50438082    
  0.498000026      -1.50583887    
  0.498500019      -1.50729907    
  0.499000013      -1.50894415    
  0.499500036      -1.51059210    
