   0.00000000       1.00000000    
   5.00000024E-04   1.00000000    
   1.00000005E-03   1.00000000    
   1.50000001E-03   1.00000000    
   2.00000009E-03  0.991869926    
   2.50000018E-03  0.983739853    
   3.00000003E-03  0.967479646    
   3.50000011E-03  0.967479646    
   4.00000019E-03  0.967479646    
   4.50000027E-03  0.959349573    
   5.00000035E-03  0.959349573    
   5.50000044E-03  0.910569131    
   6.00000005E-03  0.910569131    
   6.50000013E-03  0.894308925    
   7.00000022E-03  0.894308925    
   7.50000030E-03  0.894308925    
   8.00000038E-03  0.894308925    
   8.50000046E-03  0.894308925    
   9.00000054E-03  0.894308925    
   9.50000063E-03  0.861788630    
   1.00000007E-02  0.861788630    
   1.05000008E-02  0.861788630    
   1.10000009E-02  0.861788630    
   1.15000010E-02  0.853658557    
   1.20000001E-02  0.853658557    
   1.25000002E-02  0.853658557    
   1.30000003E-02  0.853658557    
   1.35000004E-02  0.845528483    
   1.40000004E-02  0.837398350    
   1.45000005E-02  0.821138203    
   1.50000006E-02  0.804878056    
   1.55000007E-02  0.796747983    
   1.60000008E-02  0.772357702    
   1.64999999E-02  0.756097555    
   1.70000009E-02  0.756097555    
   1.75000001E-02  0.756097555    
   1.80000011E-02  0.756097555    
   1.85000002E-02  0.756097555    
   1.90000013E-02  0.747967482    
   1.95000004E-02  0.715447128    
   2.00000014E-02  0.715447128    
   2.05000006E-02  0.715447128    
   2.10000016E-02  0.715447128    
   2.15000007E-02  0.715447128    
   2.20000017E-02  0.715447128    
   2.25000009E-02  0.699186981    
   2.30000019E-02  0.699186981    
   2.35000011E-02  0.691056907    
   2.40000002E-02  0.674796760    
   2.45000012E-02  0.658536613    
   2.50000004E-02  0.658536613    
   2.55000014E-02  0.658536613    
   2.60000005E-02  0.634146333    
   2.65000015E-02  0.634146333    
   2.70000007E-02  0.634146333    
   2.75000017E-02  0.634146333    
   2.80000009E-02  0.626016259    
   2.85000019E-02  0.626016259    
   2.90000010E-02  0.626016259    
   2.95000020E-02  0.626016259    
   3.00000012E-02  0.626016259    
   3.05000022E-02  0.609756112    
   3.10000014E-02  0.609756112    
   3.15000005E-02  0.593495905    
   3.20000015E-02  0.560975611    
   3.25000025E-02  0.560975611    
   3.29999998E-02  0.552845538    
   3.35000008E-02  0.552845538    
   3.40000018E-02  0.552845538    
   3.45000029E-02  0.544715464    
   3.50000001E-02  0.544715464    
   3.55000012E-02  0.544715464    
   3.60000022E-02  0.536585391    
   3.65000032E-02  0.536585391    
   3.70000005E-02  0.512195110    
   3.75000015E-02  0.504065037    
   3.80000025E-02  0.504065037    
   3.85000035E-02  0.504065037    
   3.90000008E-02  0.504065037    
   3.95000018E-02  0.504065037    
   4.00000028E-02  0.487804890    
   4.05000001E-02  0.487804890    
   4.10000011E-02  0.487804890    
   4.15000021E-02  0.487804890    
   4.20000032E-02  0.487804890    
   4.25000004E-02  0.463414639    
   4.30000015E-02  0.455284566    
   4.35000025E-02  0.455284566    
   4.40000035E-02  0.455284566    
   4.45000008E-02  0.455284566    
   4.50000018E-02  0.455284566    
   4.55000028E-02  0.455284566    
   4.60000038E-02  0.455284566    
   4.65000011E-02  0.455284566    
   4.70000021E-02  0.455284566    
   4.75000031E-02  0.455284566    
   4.80000004E-02  0.455284566    
   4.85000014E-02  0.455284566    
   4.90000024E-02  0.455284566    
   4.95000035E-02  0.455284566    
   5.00000007E-02  0.455284566    
   5.05000018E-02  0.455284566    
   5.10000028E-02  0.455284566    
   5.15000038E-02  0.455284566    
   5.20000011E-02  0.455284566    
   5.25000021E-02  0.455284566    
   5.30000031E-02  0.455284566    
   5.35000041E-02  0.455284566    
   5.40000014E-02  0.455284566    
   5.45000024E-02  0.422764242    
   5.50000034E-02  0.422764242    
   5.55000044E-02  0.422764242    
   5.60000017E-02  0.422764242    
   5.65000027E-02  0.422764242    
   5.70000038E-02  0.422764242    
   5.75000010E-02  0.422764242    
   5.80000021E-02  0.406504065    
   5.85000031E-02  0.406504065    
   5.90000041E-02  0.406504065    
   5.95000014E-02  0.406504065    
   6.00000024E-02  0.406504065    
   6.05000034E-02  0.406504065    
   6.10000044E-02  0.398373991    
   6.15000017E-02  0.398373991    
   6.20000027E-02  0.398373991    
   6.25000000E-02  0.398373991    
   6.30000010E-02  0.398373991    
   6.35000020E-02  0.398373991    
   6.40000030E-02  0.398373991    
   6.45000041E-02  0.398373991    
   6.50000051E-02  0.398373991    
   6.55000061E-02  0.398373991    
   6.59999996E-02  0.398373991    
   6.65000007E-02  0.390243888    
   6.70000017E-02  0.390243888    
   6.75000027E-02  0.390243888    
   6.80000037E-02  0.390243888    
   6.85000047E-02  0.390243888    
   6.90000057E-02  0.382113814    
   6.95000067E-02  0.382113814    
   7.00000003E-02  0.365853667    
   7.05000013E-02  0.365853667    
   7.10000023E-02  0.365853667    
   7.15000033E-02  0.365853667    
   7.20000044E-02  0.365853667    
   7.25000054E-02  0.365853667    
   7.30000064E-02  0.349593490    
   7.34999999E-02  0.349593490    
   7.40000010E-02  0.349593490    
   7.45000020E-02  0.349593490    
   7.50000030E-02  0.349593490    
   7.55000040E-02  0.349593490    
   7.60000050E-02  0.349593490    
   7.65000060E-02  0.341463417    
   7.70000070E-02  0.341463417    
   7.75000006E-02  0.341463417    
   7.80000016E-02  0.308943093    
   7.85000026E-02  0.308943093    
   7.90000036E-02  0.308943093    
   7.95000046E-02  0.308943093    
   8.00000057E-02  0.308943093    
   8.05000067E-02  0.308943093    
   8.10000002E-02  0.308943093    
   8.15000013E-02  0.308943093    
   8.20000023E-02  0.308943093    
   8.25000033E-02  0.308943093    
   8.30000043E-02  0.308943093    
   8.35000053E-02  0.308943093    
   8.40000063E-02  0.308943093    
   8.45000073E-02  0.308943093    
   8.50000009E-02  0.308943093    
   8.55000019E-02  0.308943093    
   8.60000029E-02  0.300813019    
   8.65000039E-02  0.300813019    
   8.70000049E-02  0.300813019    
   8.75000060E-02  0.292682916    
   8.80000070E-02  0.292682916    
   8.85000005E-02  0.284552842    
   8.90000015E-02  0.284552842    
   8.95000026E-02  0.276422769    
   9.00000036E-02  0.276422769    
   9.05000046E-02  0.243902445    
   9.10000056E-02  0.243902445    
   9.15000066E-02  0.243902445    
   9.20000076E-02  0.243902445    
   9.25000012E-02  0.243902445    
   9.30000022E-02  0.243902445    
   9.35000032E-02  0.243902445    
   9.40000042E-02  0.243902445    
   9.45000052E-02  0.243902445    
   9.50000063E-02  0.243902445    
   9.55000073E-02  0.243902445    
   9.60000008E-02  0.243902445    
   9.65000018E-02  0.235772356    
   9.70000029E-02  0.227642283    
   9.75000039E-02  0.227642283    
   9.80000049E-02  0.211382121    
   9.85000059E-02  0.211382121    
   9.90000069E-02  0.211382121    
   9.95000079E-02  0.211382121    
  0.100000001      0.211382121    
  0.100500003      0.211382121    
  0.101000004      0.211382121    
  0.101500005      0.211382121    
  0.102000006      0.211382121    
  0.102500007      0.211382121    
  0.103000008      0.211382121    
  0.103500009      0.211382121    
  0.104000002      0.211382121    
  0.104500003      0.211382121    
  0.105000004      0.211382121    
  0.105500005      0.211382121    
  0.106000006      0.211382121    
  0.106500007      0.211382121    
  0.107000008      0.211382121    
  0.107500002      0.211382121    
  0.108000003      0.211382121    
  0.108500004      0.211382121    
  0.109000005      0.211382121    
  0.109500006      0.211382121    
  0.110000007      0.211382121    
  0.110500008      0.211382121    
  0.111000009      0.211382121    
  0.111500002      0.211382121    
  0.112000003      0.211382121    
  0.112500004      0.211382121    
  0.113000005      0.211382121    
  0.113500006      0.211382121    
  0.114000008      0.211382121    
  0.114500009      0.211382121    
  0.115000002      0.211382121    
  0.115500003      0.211382121    
  0.116000004      0.211382121    
  0.116500005      0.211382121    
  0.117000006      0.211382121    
  0.117500007      0.211382121    
  0.118000008      0.211382121    
  0.118500009      0.211382121    
  0.119000003      0.211382121    
  0.119500004      0.211382121    
  0.120000005      0.211382121    
  0.120500006      0.211382121    
  0.121000007      0.211382121    
  0.121500008      0.211382121    
  0.122000009      0.211382121    
  0.122500002      0.211382121    
  0.123000003      0.211382121    
  0.123500004      0.211382121    
  0.124000005      0.211382121    
  0.124500006      0.211382121    
  0.125000000      0.203252032    
  0.125500008      0.203252032    
  0.126000002      0.203252032    
  0.126500010      0.203252032    
  0.127000004      0.203252032    
  0.127500013      0.203252032    
  0.128000006      0.203252032    
  0.128500000      0.203252032    
  0.129000008      0.203252032    
  0.129500002      0.203252032    
  0.130000010      0.203252032    
  0.130500004      0.203252032    
  0.131000012      0.203252032    
  0.131500006      0.203252032    
  0.131999999      0.203252032    
  0.132500008      0.203252032    
  0.133000001      0.203252032    
  0.133500010      0.203252032    
  0.134000003      0.203252032    
  0.134500012      0.203252032    
  0.135000005      0.203252032    
  0.135500014      0.203252032    
  0.136000007      0.203252032    
  0.136500001      0.203252032    
  0.137000009      0.203252032    
  0.137500003      0.203252032    
  0.138000011      0.203252032    
  0.138500005      0.203252032    
  0.139000013      0.203252032    
  0.139500007      0.203252032    
  0.140000001      0.203252032    
  0.140500009      0.203252032    
  0.141000003      0.203252032    
  0.141500011      0.203252032    
  0.142000005      0.203252032    
  0.142500013      0.203252032    
  0.143000007      0.203252032    
  0.143500000      0.203252032    
  0.144000009      0.203252032    
  0.144500002      0.203252032    
  0.145000011      0.203252032    
  0.145500004      0.203252032    
  0.146000013      0.203252032    
  0.146500006      0.203252032    
  0.147000000      0.195121944    
  0.147500008      0.195121944    
  0.148000002      0.195121944    
  0.148500010      0.195121944    
  0.149000004      0.195121944    
  0.149500012      0.195121944    
  0.150000006      0.195121944    
  0.150500014      0.195121944    
  0.151000008      0.195121944    
  0.151500002      0.195121944    
  0.152000010      0.195121944    
  0.152500004      0.195121944    
  0.153000012      0.195121944    
  0.153500006      0.195121944    
  0.154000014      0.195121944    
  0.154500008      0.195121944    
  0.155000001      0.195121944    
  0.155500010      0.162601620    
  0.156000003      0.162601620    
  0.156500012      0.162601620    
  0.157000005      0.162601620    
  0.157500014      0.162601620    
  0.158000007      0.162601620    
  0.158500001      0.162601620    
  0.159000009      0.154471546    
  0.159500003      0.154471546    
  0.160000011      0.154471546    
  0.160500005      0.154471546    
  0.161000013      0.154471546    
  0.161500007      0.154471546    
  0.162000000      0.154471546    
  0.162500009      0.154471546    
  0.163000003      0.154471546    
  0.163500011      0.154471546    
  0.164000005      0.154471546    
  0.164500013      0.154471546    
  0.165000007      0.154471546    
  0.165500015      0.154471546    
  0.166000009      0.154471546    
  0.166500002      0.154471546    
  0.167000011      0.154471546    
  0.167500004      0.154471546    
  0.168000013      0.154471546    
  0.168500006      0.154471546    
  0.169000015      0.154471546    
  0.169500008      0.154471546    
  0.170000002      0.138211384    
  0.170500010      0.138211384    
  0.171000004      0.138211384    
  0.171500012      0.138211384    
  0.172000006      0.138211384    
  0.172500014      0.138211384    
  0.173000008      0.138211384    
  0.173500001      0.138211384    
  0.174000010      0.138211384    
  0.174500003      0.138211384    
  0.175000012      0.138211384    
  0.175500005      0.130081296    
  0.176000014      0.130081296    
  0.176500008      0.130081296    
  0.177000001      0.130081296    
  0.177500010      0.130081296    
  0.178000003      0.130081296    
  0.178500012      0.130081296    
  0.179000005      0.130081296    
  0.179500014      0.130081296    
  0.180000007      0.130081296    
  0.180500016      0.130081296    
  0.181000009      0.130081296    
  0.181500003      0.130081296    
  0.182000011      0.113821141    
  0.182500005      0.113821141    
  0.183000013      0.113821141    
  0.183500007      0.113821141    
  0.184000015      0.113821141    
  0.184500009      0.113821141    
  0.185000002      0.113821141    
  0.185500011      0.113821141    
  0.186000004      0.113821141    
  0.186500013      0.113821141    
  0.187000006      0.113821141    
  0.187500015      0.113821141    
  0.188000008      0.113821141    
  0.188500002      0.113821141    
  0.189000010      0.113821141    
  0.189500004      0.113821141    
  0.190000013      0.113821141    
  0.190500006      0.113821141    
  0.191000015      0.113821141    
  0.191500008      0.113821141    
  0.192000002      0.113821141    
  0.192500010      0.113821141    
  0.193000004      0.113821141    
  0.193500012      0.113821141    
  0.194000006      0.113821141    
  0.194500014      0.113821141    
  0.195000008      0.113821141    
  0.195500016      0.113821141    
  0.196000010      0.113821141    
  0.196500003      0.113821141    
  0.197000012      0.113821141    
  0.197500005      0.113821141    
  0.198000014      0.113821141    
  0.198500007      0.113821141    
  0.199000016      0.113821141    
  0.199500009      0.113821141    
  0.200000003      0.113821141    
  0.200500011      0.113821141    
  0.201000005      0.113821141    
  0.201500013      0.105691060    
  0.202000007      0.105691060    
  0.202500015      0.105691060    
  0.203000009      0.105691060    
  0.203500003      0.105691060    
  0.204000011      0.105691060    
  0.204500005      0.105691060    
  0.205000013      0.105691060    
  0.205500007      0.105691060    
  0.206000015      0.105691060    
  0.206500009      0.105691060    
  0.207000017      0.105691060    
  0.207500011       9.75609720E-02
  0.208000004       9.75609720E-02
  0.208500013       9.75609720E-02
  0.209000006       9.75609720E-02
  0.209500015       9.75609720E-02
  0.210000008       9.75609720E-02
  0.210500017       9.75609720E-02
  0.211000010       9.75609720E-02
  0.211500004       9.75609720E-02
  0.212000012       9.75609720E-02
  0.212500006       9.75609720E-02
  0.213000014       9.75609720E-02
  0.213500008       9.75609720E-02
  0.214000016       9.75609720E-02
  0.214500010       9.75609720E-02
  0.215000004       9.75609720E-02
  0.215500012       9.75609720E-02
  0.216000006       9.75609720E-02
  0.216500014       9.75609720E-02
  0.217000008       9.75609720E-02
  0.217500016       9.75609720E-02
  0.218000010       9.75609720E-02
  0.218500003       9.75609720E-02
  0.219000012       9.75609720E-02
  0.219500005       9.75609720E-02
  0.220000014       9.75609720E-02
  0.220500007       9.75609720E-02
  0.221000016       9.75609720E-02
  0.221500009       9.75609720E-02
  0.222000018       9.75609720E-02
  0.222500011       9.75609720E-02
  0.223000005       9.75609720E-02
  0.223500013       9.75609720E-02
  0.224000007       9.75609720E-02
  0.224500015       9.75609720E-02
  0.225000009       9.75609720E-02
  0.225500017       9.75609720E-02
  0.226000011       9.75609720E-02
  0.226500005       9.75609720E-02
  0.227000013       9.75609720E-02
  0.227500007       9.75609720E-02
  0.228000015       9.75609720E-02
  0.228500009       9.75609720E-02
  0.229000017       9.75609720E-02
  0.229500011       9.75609720E-02
  0.230000004       9.75609720E-02
  0.230500013       9.75609720E-02
  0.231000006       9.75609720E-02
  0.231500015       9.75609720E-02
  0.232000008       9.75609720E-02
  0.232500017       9.75609720E-02
  0.233000010       9.75609720E-02
  0.233500004       9.75609720E-02
  0.234000012       9.75609720E-02
  0.234500006       9.75609720E-02
  0.235000014       9.75609720E-02
  0.235500008       9.75609720E-02
  0.236000016       9.75609720E-02
  0.236500010       9.75609720E-02
  0.237000018       9.75609720E-02
  0.237500012       9.75609720E-02
  0.238000005       9.75609720E-02
  0.238500014       9.75609720E-02
  0.239000008       9.75609720E-02
  0.239500016       9.75609720E-02
  0.240000010       9.75609720E-02
  0.240500018       9.75609720E-02
  0.241000012       9.75609720E-02
  0.241500005       9.75609720E-02
  0.242000014       9.75609720E-02
  0.242500007       9.75609720E-02
  0.243000016       9.75609720E-02
  0.243500009       9.75609720E-02
  0.244000018       9.75609720E-02
  0.244500011       9.75609720E-02
  0.245000005       9.75609720E-02
  0.245500013       9.75609720E-02
  0.246000007       9.75609720E-02
  0.246500015       9.75609720E-02
  0.247000009       9.75609720E-02
  0.247500017       9.75609720E-02
  0.248000011       9.75609720E-02
  0.248500004       9.75609720E-02
  0.249000013       9.75609720E-02
  0.249500006       9.75609720E-02
  0.250000000       9.75609720E-02
  0.250500023       9.75609720E-02
  0.251000017       9.75609720E-02
  0.251500010       9.75609720E-02
  0.252000004       9.75609720E-02
  0.252499998       9.75609720E-02
  0.253000021       9.75609720E-02
  0.253500015       9.75609720E-02
  0.254000008       9.75609720E-02
  0.254500002       9.75609720E-02
  0.255000025       8.94308910E-02
  0.255500019       8.94308910E-02
  0.256000012       8.94308910E-02
  0.256500006       8.94308910E-02
  0.256999999       8.94308910E-02
  0.257500023       8.94308910E-02
  0.258000016       8.94308910E-02
  0.258500010       8.94308910E-02
  0.259000003       8.94308910E-02
  0.259500027       8.94308910E-02
  0.260000020       8.94308910E-02
  0.260500014       8.94308910E-02
  0.261000007       8.94308910E-02
  0.261500001       8.94308910E-02
  0.262000024       8.94308910E-02
  0.262500018       8.94308910E-02
  0.263000011       8.94308910E-02
  0.263500005       8.94308910E-02
  0.263999999       8.94308910E-02
  0.264500022       8.94308910E-02
  0.265000015       8.94308910E-02
  0.265500009       8.94308910E-02
  0.266000003       8.94308910E-02
  0.266500026       8.94308910E-02
  0.267000020       8.94308910E-02
  0.267500013       8.94308910E-02
  0.268000007       8.94308910E-02
  0.268500000       8.94308910E-02
  0.269000024       8.94308910E-02
  0.269500017       8.94308910E-02
  0.270000011       8.94308910E-02
  0.270500004       8.94308910E-02
  0.271000028       8.94308910E-02
  0.271500021       8.94308910E-02
  0.272000015       8.94308910E-02
  0.272500008       8.94308910E-02
  0.273000002       8.94308910E-02
  0.273500025       8.94308910E-02
  0.274000019       8.94308910E-02
  0.274500012       8.94308910E-02
  0.275000006       8.94308910E-02
  0.275500000       8.94308910E-02
  0.276000023       8.94308910E-02
  0.276500016       8.94308910E-02
  0.277000010       8.94308910E-02
  0.277500004       8.94308910E-02
  0.278000027       8.94308910E-02
  0.278500021       8.94308910E-02
  0.279000014       8.94308910E-02
  0.279500008       8.94308910E-02
  0.280000001       8.94308910E-02
  0.280500025       8.94308910E-02
  0.281000018       8.94308910E-02
  0.281500012       8.94308910E-02
  0.282000005       7.31707290E-02
  0.282499999       7.31707290E-02
  0.283000022       7.31707290E-02
  0.283500016       7.31707290E-02
  0.284000009       7.31707290E-02
  0.284500003       7.31707290E-02
  0.285000026       7.31707290E-02
  0.285500020       7.31707290E-02
  0.286000013       7.31707290E-02
  0.286500007       7.31707290E-02
  0.287000000       7.31707290E-02
  0.287500024       7.31707290E-02
  0.288000017       7.31707290E-02
  0.288500011       7.31707290E-02
  0.289000005       7.31707290E-02
  0.289500028       7.31707290E-02
  0.290000021       7.31707290E-02
  0.290500015       7.31707290E-02
  0.291000009       7.31707290E-02
  0.291500002       7.31707290E-02
  0.292000026       7.31707290E-02
  0.292500019       7.31707290E-02
  0.293000013       7.31707290E-02
  0.293500006       7.31707290E-02
  0.294000000       7.31707290E-02
  0.294500023       7.31707290E-02
  0.295000017       7.31707290E-02
  0.295500010       7.31707290E-02
  0.296000004       7.31707290E-02
  0.296500027       7.31707290E-02
  0.297000021       7.31707290E-02
  0.297500014       7.31707290E-02
  0.298000008       7.31707290E-02
  0.298500001       7.31707290E-02
  0.299000025       7.31707290E-02
  0.299500018       7.31707290E-02
  0.300000012       7.31707290E-02
  0.300500005       7.31707290E-02
  0.301000029       7.31707290E-02
  0.301500022       7.31707290E-02
  0.302000016       7.31707290E-02
  0.302500010       7.31707290E-02
  0.303000003       7.31707290E-02
  0.303500026       7.31707290E-02
  0.304000020       7.31707290E-02
  0.304500014       7.31707290E-02
  0.305000007       7.31707290E-02
  0.305500001       7.31707290E-02
  0.306000024       7.31707290E-02
  0.306500018       7.31707290E-02
  0.307000011       7.31707290E-02
  0.307500005       7.31707290E-02
  0.308000028       7.31707290E-02
  0.308500022       7.31707290E-02
  0.309000015       7.31707290E-02
  0.309500009       7.31707290E-02
  0.310000002       5.69105707E-02
  0.310500026       5.69105707E-02
  0.311000019       5.69105707E-02
  0.311500013       5.69105707E-02
  0.312000006       5.69105707E-02
  0.312500000       5.69105707E-02
  0.313000023       5.69105707E-02
  0.313500017       5.69105707E-02
  0.314000010       5.69105707E-02
  0.314500004       5.69105707E-02
  0.315000027       5.69105707E-02
  0.315500021       5.69105707E-02
  0.316000015       5.69105707E-02
  0.316500008       5.69105707E-02
  0.317000002       5.69105707E-02
  0.317500025       5.69105707E-02
  0.318000019       5.69105707E-02
  0.318500012       5.69105707E-02
  0.319000006       5.69105707E-02
  0.319500029       5.69105707E-02
  0.320000023       5.69105707E-02
  0.320500016       5.69105707E-02
  0.321000010       5.69105707E-02
  0.321500003       5.69105707E-02
  0.322000027       5.69105707E-02
  0.322500020       5.69105707E-02
  0.323000014       5.69105707E-02
  0.323500007       5.69105707E-02
  0.324000001       5.69105707E-02
  0.324500024       5.69105707E-02
  0.325000018       5.69105707E-02
  0.325500011       5.69105707E-02
  0.326000005       5.69105707E-02
  0.326500028       5.69105707E-02
  0.327000022       5.69105707E-02
  0.327500015       5.69105707E-02
  0.328000009       5.69105707E-02
  0.328500003       5.69105707E-02
  0.329000026       5.69105707E-02
  0.329500020       5.69105707E-02
  0.330000013       5.69105707E-02
  0.330500007       5.69105707E-02
  0.331000030       5.69105707E-02
  0.331500024       5.69105707E-02
  0.332000017       5.69105707E-02
  0.332500011       5.69105707E-02
  0.333000004       5.69105707E-02
  0.333500028       5.69105707E-02
  0.334000021       5.69105707E-02
  0.334500015       5.69105707E-02
  0.335000008       5.69105707E-02
  0.335500002       5.69105707E-02
  0.336000025       5.69105707E-02
  0.336500019       5.69105707E-02
  0.337000012       5.69105707E-02
  0.337500006       5.69105707E-02
  0.338000029       5.69105707E-02
  0.338500023       5.69105707E-02
  0.339000016       5.69105707E-02
  0.339500010       5.69105707E-02
  0.340000004       5.69105707E-02
  0.340500027       5.69105707E-02
  0.341000021       5.69105707E-02
  0.341500014       5.69105707E-02
  0.342000008       5.69105707E-02
  0.342500031       5.69105707E-02
  0.343000025       5.69105707E-02
  0.343500018       5.69105707E-02
  0.344000012       5.69105707E-02
  0.344500005       5.69105707E-02
  0.345000029       5.69105707E-02
  0.345500022       5.69105707E-02
  0.346000016       5.69105707E-02
  0.346500009       5.69105707E-02
  0.347000003       5.69105707E-02
  0.347500026       5.69105707E-02
  0.348000020       5.69105707E-02
  0.348500013       5.69105707E-02
  0.349000007       5.69105707E-02
  0.349500030       5.69105707E-02
  0.350000024       5.69105707E-02
  0.350500017       5.69105707E-02
  0.351000011       5.69105707E-02
  0.351500005       5.69105707E-02
  0.352000028       5.69105707E-02
  0.352500021       5.69105707E-02
  0.353000015       5.69105707E-02
  0.353500009       5.69105707E-02
  0.354000002       5.69105707E-02
  0.354500026       5.69105707E-02
  0.355000019       5.69105707E-02
  0.355500013       5.69105707E-02
  0.356000006       5.69105707E-02
  0.356500030       5.69105707E-02
  0.357000023       5.69105707E-02
  0.357500017       5.69105707E-02
  0.358000010       5.69105707E-02
  0.358500004       5.69105707E-02
  0.359000027       5.69105707E-02
  0.359500021       5.69105707E-02
  0.360000014       5.69105707E-02
  0.360500008       5.69105707E-02
  0.361000031       5.69105707E-02
  0.361500025       5.69105707E-02
  0.362000018       5.69105707E-02
  0.362500012       5.69105707E-02
  0.363000005       5.69105707E-02
  0.363500029       5.69105707E-02
  0.364000022       5.69105707E-02
  0.364500016       5.69105707E-02
  0.365000010       5.69105707E-02
  0.365500003       5.69105707E-02
  0.366000026       5.69105707E-02
  0.366500020       5.69105707E-02
  0.367000014       5.69105707E-02
  0.367500007       5.69105707E-02
  0.368000031       5.69105707E-02
  0.368500024       5.69105707E-02
  0.369000018       5.69105707E-02
  0.369500011       5.69105707E-02
  0.370000005       5.69105707E-02
  0.370500028       5.69105707E-02
  0.371000022       5.69105707E-02
  0.371500015       5.69105707E-02
  0.372000009       5.69105707E-02
  0.372500032       5.69105707E-02
  0.373000026       5.69105707E-02
  0.373500019       5.69105707E-02
  0.374000013       5.69105707E-02
  0.374500006       5.69105707E-02
  0.375000030       5.69105707E-02
  0.375500023       5.69105707E-02
  0.376000017       5.69105707E-02
  0.376500010       5.69105707E-02
  0.377000004       5.69105707E-02
  0.377500027       5.69105707E-02
  0.378000021       5.69105707E-02
  0.378500015       5.69105707E-02
  0.379000008       5.69105707E-02
  0.379500031       5.69105707E-02
  0.380000025       5.69105707E-02
  0.380500019       5.69105707E-02
  0.381000012       5.69105707E-02
  0.381500006       5.69105707E-02
  0.382000029       5.69105707E-02
  0.382500023       5.69105707E-02
  0.383000016       5.69105707E-02
  0.383500010       5.69105707E-02
  0.384000003       5.69105707E-02
  0.384500027       5.69105707E-02
  0.385000020       5.69105707E-02
  0.385500014       5.69105707E-02
  0.386000007       5.69105707E-02
  0.386500031       5.69105707E-02
  0.387000024       5.69105707E-02
  0.387500018       5.69105707E-02
  0.388000011       5.69105707E-02
  0.388500005       5.69105707E-02
  0.389000028       5.69105707E-02
  0.389500022       5.69105707E-02
  0.390000015       5.69105707E-02
  0.390500009       5.69105707E-02
  0.391000032       5.69105707E-02
  0.391500026       5.69105707E-02
  0.392000020       5.69105707E-02
  0.392500013       5.69105707E-02
  0.393000007       5.69105707E-02
  0.393500030       5.69105707E-02
  0.394000024       5.69105707E-02
  0.394500017       5.69105707E-02
  0.395000011       5.69105707E-02
  0.395500004       5.69105707E-02
  0.396000028       5.69105707E-02
  0.396500021       5.69105707E-02
  0.397000015       5.69105707E-02
  0.397500008       5.69105707E-02
  0.398000032       5.69105707E-02
  0.398500025       5.69105707E-02
  0.399000019       5.69105707E-02
  0.399500012       5.69105707E-02
  0.400000006       5.69105707E-02
  0.400500029       5.69105707E-02
  0.401000023       5.69105707E-02
  0.401500016       5.69105707E-02
  0.402000010       5.69105707E-02
  0.402500033       5.69105707E-02
  0.403000027       5.69105707E-02
  0.403500021       5.69105707E-02
  0.404000014       5.69105707E-02
  0.404500008       5.69105707E-02
  0.405000031       5.69105707E-02
  0.405500025       5.69105707E-02
  0.406000018       5.69105707E-02
  0.406500012       5.69105707E-02
  0.407000005       5.69105707E-02
  0.407500029       5.69105707E-02
  0.408000022       5.69105707E-02
  0.408500016       5.69105707E-02
  0.409000009       5.69105707E-02
  0.409500033       5.69105707E-02
  0.410000026       5.69105707E-02
  0.410500020       5.69105707E-02
  0.411000013       5.69105707E-02
  0.411500007       5.69105707E-02
  0.412000030       5.69105707E-02
  0.412500024       5.69105707E-02
  0.413000017       5.69105707E-02
  0.413500011       5.69105707E-02
  0.414000034       5.69105707E-02
  0.414500028       5.69105707E-02
  0.415000021       5.69105707E-02
  0.415500015       5.69105707E-02
  0.416000009       5.69105707E-02
  0.416500032       5.69105707E-02
  0.417000026       5.69105707E-02
  0.417500019       5.69105707E-02
  0.418000013       5.69105707E-02
  0.418500006       5.69105707E-02
  0.419000030       5.69105707E-02
  0.419500023       5.69105707E-02
  0.420000017       5.69105707E-02
  0.420500010       5.69105707E-02
  0.421000034       5.69105707E-02
  0.421500027       5.69105707E-02
  0.422000021       5.69105707E-02
  0.422500014       5.69105707E-02
  0.423000008       5.69105707E-02
  0.423500031       5.69105707E-02
  0.424000025       5.69105707E-02
  0.424500018       5.69105707E-02
  0.425000012       5.69105707E-02
  0.425500005       5.69105707E-02
  0.426000029       5.69105707E-02
  0.426500022       5.69105707E-02
  0.427000016       5.69105707E-02
  0.427500010       5.69105707E-02
  0.428000033       5.69105707E-02
  0.428500026       5.69105707E-02
  0.429000020       5.69105707E-02
  0.429500014       5.69105707E-02
  0.430000007       5.69105707E-02
  0.430500031       5.69105707E-02
  0.431000024       5.69105707E-02
  0.431500018       5.69105707E-02
  0.432000011       5.69105707E-02
  0.432500035       5.69105707E-02
  0.433000028       5.69105707E-02
  0.433500022       5.69105707E-02
  0.434000015       5.69105707E-02
  0.434500009       5.69105707E-02
  0.435000032       5.69105707E-02
  0.435500026       5.69105707E-02
  0.436000019       5.69105707E-02
  0.436500013       5.69105707E-02
  0.437000006       5.69105707E-02
  0.437500030       5.69105707E-02
  0.438000023       5.69105707E-02
  0.438500017       5.69105707E-02
  0.439000010       5.69105707E-02
  0.439500034       5.69105707E-02
  0.440000027       5.69105707E-02
  0.440500021       5.69105707E-02
  0.441000015       5.69105707E-02
  0.441500008       5.69105707E-02
  0.442000031       5.69105707E-02
  0.442500025       5.69105707E-02
  0.443000019       5.69105707E-02
  0.443500012       5.69105707E-02
  0.444000036       5.69105707E-02
  0.444500029       5.69105707E-02
  0.445000023       5.69105707E-02
  0.445500016       5.69105707E-02
  0.446000010       5.69105707E-02
  0.446500033       5.69105707E-02
  0.447000027       5.69105707E-02
  0.447500020       5.69105707E-02
  0.448000014       5.69105707E-02
  0.448500007       5.69105707E-02
  0.449000031       5.69105707E-02
  0.449500024       5.69105707E-02
  0.450000018       5.69105707E-02
  0.450500011       5.69105707E-02
  0.451000035       5.69105707E-02
  0.451500028       5.69105707E-02
  0.452000022       5.69105707E-02
  0.452500015       5.69105707E-02
  0.453000009       5.69105707E-02
  0.453500032       5.69105707E-02
  0.454000026       5.69105707E-02
  0.454500020       5.69105707E-02
  0.455000013       5.69105707E-02
  0.455500036       5.69105707E-02
  0.456000030       5.69105707E-02
  0.456500024       5.69105707E-02
  0.457000017       5.69105707E-02
  0.457500011       5.69105707E-02
  0.458000034       5.69105707E-02
  0.458500028       5.69105707E-02
  0.459000021       5.69105707E-02
  0.459500015       5.69105707E-02
  0.460000008       5.69105707E-02
  0.460500032       5.69105707E-02
  0.461000025       5.69105707E-02
  0.461500019       5.69105707E-02
  0.462000012       5.69105707E-02
  0.462500036       5.69105707E-02
  0.463000029       5.69105707E-02
  0.463500023       5.69105707E-02
  0.464000016       5.69105707E-02
  0.464500010       5.69105707E-02
  0.465000033       5.69105707E-02
  0.465500027       5.69105707E-02
  0.466000021       5.69105707E-02
  0.466500014       5.69105707E-02
  0.467000008       5.69105707E-02
  0.467500031       5.69105707E-02
  0.468000025       5.69105707E-02
  0.468500018       5.69105707E-02
  0.469000012       5.69105707E-02
  0.469500035       5.69105707E-02
  0.470000029       5.69105707E-02
  0.470500022       5.69105707E-02
  0.471000016       5.69105707E-02
  0.471500009       5.69105707E-02
  0.472000033       5.69105707E-02
  0.472500026       5.69105707E-02
  0.473000020       5.69105707E-02
  0.473500013       5.69105707E-02
  0.474000037       5.69105707E-02
  0.474500030       5.69105707E-02
  0.475000024       5.69105707E-02
  0.475500017       5.69105707E-02
  0.476000011       5.69105707E-02
  0.476500034       5.69105707E-02
  0.477000028       5.69105707E-02
  0.477500021       5.69105707E-02
  0.478000015       5.69105707E-02
  0.478500009       5.69105707E-02
  0.479000032       5.69105707E-02
  0.479500026       5.69105707E-02
  0.480000019       5.69105707E-02
  0.480500013       5.69105707E-02
  0.481000036       5.69105707E-02
  0.481500030       5.69105707E-02
  0.482000023       5.69105707E-02
  0.482500017       5.69105707E-02
  0.483000010       5.69105707E-02
  0.483500034       5.69105707E-02
  0.484000027       4.06504050E-02
  0.484500021       4.06504050E-02
  0.485000014       4.06504050E-02
  0.485500038       4.06504050E-02
  0.486000031       4.06504050E-02
  0.486500025       4.06504050E-02
  0.487000018       4.06504050E-02
  0.487500012       4.06504050E-02
  0.488000035       4.06504050E-02
  0.488500029       4.06504050E-02
  0.489000022       4.06504050E-02
  0.489500016       4.06504050E-02
  0.490000010       4.06504050E-02
  0.490500033       4.06504050E-02
  0.491000026       4.06504050E-02
  0.491500020       4.06504050E-02
  0.492000014       4.06504050E-02
  0.492500037       4.06504050E-02
  0.493000031       4.06504050E-02
  0.493500024       4.06504050E-02
  0.494000018       4.06504050E-02
  0.494500011       4.06504050E-02
  0.495000035       4.06504050E-02
  0.495500028       4.06504050E-02
  0.496000022       4.06504050E-02
  0.496500015       4.06504050E-02
  0.497000009       4.06504050E-02
  0.497500032       3.25203240E-02
  0.498000026       3.25203240E-02
  0.498500019       3.25203240E-02
  0.499000013       3.25203240E-02
  0.499500036       3.25203240E-02
