  21  12  13
  21  12  14
  12  21  22
  12  21  23
  24  12  13
  24  12  14
  12  24  25
  12  24  26
  54  12  13
  54  12  14
  12  54  55
  12  54  56
  60  12  13
  60  12  14
  12  60  61
  12  60  62
  63  12  13
  63  12  14
  12  63  64
  12  63  65
  66  12  13
  66  12  14
  12  66  67
  12  66  68
  81  12  13
  81  12  14
  12  81  82
  12  81  83
  93  12  13
  93  12  14
  12  93  94
  12  93  95
  96  12  13
  96  12  14
  12  96  97
  12  96  98
  99  12  13
  99  12  14
  12  99 100
  12  99 101
 108  12  13
 108  12  14
  12 108 109
  12 108 110
 111  12  13
 111  12  14
  12 111 112
  12 111 113
 114  12  13
 114  12  14
  12 114 115
  12 114 116
 117  12  13
 117  12  14
  12 117 118
  12 117 119
 141  12  13
 141  12  14
  12 141 142
  12 141 143
 144  12  13
 144  12  14
  12 144 145
  12 144 146
 156  12  13
 156  12  14
  12 156 157
  12 156 158
 159  12  13
 159  12  14
  12 159 160
  12 159 161
 186  12  13
 186  12  14
  12 186 187
  12 186 188
 189  12  13
 189  12  14
  12 189 190
  12 189 191
 192  12  13
 192  12  14
  12 192 193
  12 192 194
 198  12  13
 198  12  14
  12 198 199
  12 198 200
 201  12  13
 201  12  14
  12 201 202
  12 201 203
 204  12  13
 204  12  14
  12 204 205
  12 204 206
 207  12  13
 207  12  14
  12 207 208
  12 207 209
 210  12  13
 210  12  14
  12 210 211
  12 210 212
 228  12  13
 228  12  14
  12 228 229
  12 228 230
 231  12  13
 231  12  14
  12 231 232
  12 231 233
 234  12  13
 234  12  14
  12 234 235
  12 234 236
 240  12  13
 240  12  14
  12 240 241
  12 240 242
 246  12  13
 246  12  14
  12 246 247
  12 246 248
 249  12  13
 249  12  14
  12 249 250
  12 249 251
 252  12  13
 252  12  14
  12 252 253
  12 252 254
 258  12  13
 258  12  14
  12 258 259
  12 258 260
 261  12  13
 261  12  14
  12 261 262
  12 261 263
 264  12  13
 264  12  14
  12 264 265
  12 264 266
 270  12  13
 270  12  14
  12 270 271
  12 270 272
 291  12  13
 291  12  14
  12 291 292
  12 291 293
 297  12  13
 297  12  14
  12 297 298
  12 297 299
 327  12  13
 327  12  14
  12 327 328
  12 327 329
 348  12  13
 348  12  14
  12 348 349
  12 348 350
  24  21  22
  24  21  23
  21  24  25
  21  24  26
  54  21  22
  54  21  23
  21  54  55
  21  54  56
  60  21  22
  60  21  23
  21  60  61
  21  60  62
  63  21  22
  63  21  23
  21  63  64
  21  63  65
  66  21  22
  66  21  23
  21  66  67
  21  66  68
  81  21  22
  81  21  23
  21  81  82
  21  81  83
  93  21  22
  93  21  23
  21  93  94
  21  93  95
  96  21  22
  96  21  23
  21  96  97
  21  96  98
  99  21  22
  99  21  23
  21  99 100
  21  99 101
 108  21  22
 108  21  23
  21 108 109
  21 108 110
 111  21  22
 111  21  23
  21 111 112
  21 111 113
 114  21  22
 114  21  23
  21 114 115
  21 114 116
 117  21  22
 117  21  23
  21 117 118
  21 117 119
 141  21  22
 141  21  23
  21 141 142
  21 141 143
 144  21  22
 144  21  23
  21 144 145
  21 144 146
 156  21  22
 156  21  23
  21 156 157
  21 156 158
 159  21  22
 159  21  23
  21 159 160
  21 159 161
 186  21  22
 186  21  23
  21 186 187
  21 186 188
 189  21  22
 189  21  23
  21 189 190
  21 189 191
 192  21  22
 192  21  23
  21 192 193
  21 192 194
 198  21  22
 198  21  23
  21 198 199
  21 198 200
 201  21  22
 201  21  23
  21 201 202
  21 201 203
 204  21  22
 204  21  23
  21 204 205
  21 204 206
 207  21  22
 207  21  23
  21 207 208
  21 207 209
 210  21  22
 210  21  23
  21 210 211
  21 210 212
 228  21  22
 228  21  23
  21 228 229
  21 228 230
 231  21  22
 231  21  23
  21 231 232
  21 231 233
 234  21  22
 234  21  23
  21 234 235
  21 234 236
 240  21  22
 240  21  23
  21 240 241
  21 240 242
 246  21  22
 246  21  23
  21 246 247
  21 246 248
 249  21  22
 249  21  23
  21 249 250
  21 249 251
 252  21  22
 252  21  23
  21 252 253
  21 252 254
 258  21  22
 258  21  23
  21 258 259
  21 258 260
 261  21  22
 261  21  23
  21 261 262
  21 261 263
 264  21  22
 264  21  23
  21 264 265
  21 264 266
 270  21  22
 270  21  23
  21 270 271
  21 270 272
 291  21  22
 291  21  23
  21 291 292
  21 291 293
 297  21  22
 297  21  23
  21 297 298
  21 297 299
 327  21  22
 327  21  23
  21 327 328
  21 327 329
 348  21  22
 348  21  23
  21 348 349
  21 348 350
  54  24  25
  54  24  26
  24  54  55
  24  54  56
  60  24  25
  60  24  26
  24  60  61
  24  60  62
  63  24  25
  63  24  26
  24  63  64
  24  63  65
  66  24  25
  66  24  26
  24  66  67
  24  66  68
  81  24  25
  81  24  26
  24  81  82
  24  81  83
  93  24  25
  93  24  26
  24  93  94
  24  93  95
  96  24  25
  96  24  26
  24  96  97
  24  96  98
  99  24  25
  99  24  26
  24  99 100
  24  99 101
 108  24  25
 108  24  26
  24 108 109
  24 108 110
 111  24  25
 111  24  26
  24 111 112
  24 111 113
 114  24  25
 114  24  26
  24 114 115
  24 114 116
 117  24  25
 117  24  26
  24 117 118
  24 117 119
 141  24  25
 141  24  26
  24 141 142
  24 141 143
 144  24  25
 144  24  26
  24 144 145
  24 144 146
 156  24  25
 156  24  26
  24 156 157
  24 156 158
 159  24  25
 159  24  26
  24 159 160
  24 159 161
 186  24  25
 186  24  26
  24 186 187
  24 186 188
 189  24  25
 189  24  26
  24 189 190
  24 189 191
 192  24  25
 192  24  26
  24 192 193
  24 192 194
 198  24  25
 198  24  26
  24 198 199
  24 198 200
 201  24  25
 201  24  26
  24 201 202
  24 201 203
 204  24  25
 204  24  26
  24 204 205
  24 204 206
 207  24  25
 207  24  26
  24 207 208
  24 207 209
 210  24  25
 210  24  26
  24 210 211
  24 210 212
 228  24  25
 228  24  26
  24 228 229
  24 228 230
 231  24  25
 231  24  26
  24 231 232
  24 231 233
 234  24  25
 234  24  26
  24 234 235
  24 234 236
 240  24  25
 240  24  26
  24 240 241
  24 240 242
 246  24  25
 246  24  26
  24 246 247
  24 246 248
 249  24  25
 249  24  26
  24 249 250
  24 249 251
 252  24  25
 252  24  26
  24 252 253
  24 252 254
 258  24  25
 258  24  26
  24 258 259
  24 258 260
 261  24  25
 261  24  26
  24 261 262
  24 261 263
 264  24  25
 264  24  26
  24 264 265
  24 264 266
 270  24  25
 270  24  26
  24 270 271
  24 270 272
 291  24  25
 291  24  26
  24 291 292
  24 291 293
 297  24  25
 297  24  26
  24 297 298
  24 297 299
 327  24  25
 327  24  26
  24 327 328
  24 327 329
 348  24  25
 348  24  26
  24 348 349
  24 348 350
  60  54  55
  60  54  56
  54  60  61
  54  60  62
  63  54  55
  63  54  56
  54  63  64
  54  63  65
  66  54  55
  66  54  56
  54  66  67
  54  66  68
  81  54  55
  81  54  56
  54  81  82
  54  81  83
  93  54  55
  93  54  56
  54  93  94
  54  93  95
  96  54  55
  96  54  56
  54  96  97
  54  96  98
  99  54  55
  99  54  56
  54  99 100
  54  99 101
 108  54  55
 108  54  56
  54 108 109
  54 108 110
 111  54  55
 111  54  56
  54 111 112
  54 111 113
 114  54  55
 114  54  56
  54 114 115
  54 114 116
 117  54  55
 117  54  56
  54 117 118
  54 117 119
 141  54  55
 141  54  56
  54 141 142
  54 141 143
 144  54  55
 144  54  56
  54 144 145
  54 144 146
 156  54  55
 156  54  56
  54 156 157
  54 156 158
 159  54  55
 159  54  56
  54 159 160
  54 159 161
 186  54  55
 186  54  56
  54 186 187
  54 186 188
 189  54  55
 189  54  56
  54 189 190
  54 189 191
 192  54  55
 192  54  56
  54 192 193
  54 192 194
 198  54  55
 198  54  56
  54 198 199
  54 198 200
 201  54  55
 201  54  56
  54 201 202
  54 201 203
 204  54  55
 204  54  56
  54 204 205
  54 204 206
 207  54  55
 207  54  56
  54 207 208
  54 207 209
 210  54  55
 210  54  56
  54 210 211
  54 210 212
 228  54  55
 228  54  56
  54 228 229
  54 228 230
 231  54  55
 231  54  56
  54 231 232
  54 231 233
 234  54  55
 234  54  56
  54 234 235
  54 234 236
 240  54  55
 240  54  56
  54 240 241
  54 240 242
 246  54  55
 246  54  56
  54 246 247
  54 246 248
 249  54  55
 249  54  56
  54 249 250
  54 249 251
 252  54  55
 252  54  56
  54 252 253
  54 252 254
 258  54  55
 258  54  56
  54 258 259
  54 258 260
 261  54  55
 261  54  56
  54 261 262
  54 261 263
 264  54  55
 264  54  56
  54 264 265
  54 264 266
 270  54  55
 270  54  56
  54 270 271
  54 270 272
 291  54  55
 291  54  56
  54 291 292
  54 291 293
 297  54  55
 297  54  56
  54 297 298
  54 297 299
 327  54  55
 327  54  56
  54 327 328
  54 327 329
 348  54  55
 348  54  56
  54 348 349
  54 348 350
  63  60  61
  63  60  62
  60  63  64
  60  63  65
  66  60  61
  66  60  62
  60  66  67
  60  66  68
  81  60  61
  81  60  62
  60  81  82
  60  81  83
  93  60  61
  93  60  62
  60  93  94
  60  93  95
  96  60  61
  96  60  62
  60  96  97
  60  96  98
  99  60  61
  99  60  62
  60  99 100
  60  99 101
 108  60  61
 108  60  62
  60 108 109
  60 108 110
 111  60  61
 111  60  62
  60 111 112
  60 111 113
 114  60  61
 114  60  62
  60 114 115
  60 114 116
 117  60  61
 117  60  62
  60 117 118
  60 117 119
 141  60  61
 141  60  62
  60 141 142
  60 141 143
 144  60  61
 144  60  62
  60 144 145
  60 144 146
 156  60  61
 156  60  62
  60 156 157
  60 156 158
 159  60  61
 159  60  62
  60 159 160
  60 159 161
 186  60  61
 186  60  62
  60 186 187
  60 186 188
 189  60  61
 189  60  62
  60 189 190
  60 189 191
 192  60  61
 192  60  62
  60 192 193
  60 192 194
 198  60  61
 198  60  62
  60 198 199
  60 198 200
 201  60  61
 201  60  62
  60 201 202
  60 201 203
 204  60  61
 204  60  62
  60 204 205
  60 204 206
 207  60  61
 207  60  62
  60 207 208
  60 207 209
 210  60  61
 210  60  62
  60 210 211
  60 210 212
 228  60  61
 228  60  62
  60 228 229
  60 228 230
 231  60  61
 231  60  62
  60 231 232
  60 231 233
 234  60  61
 234  60  62
  60 234 235
  60 234 236
 240  60  61
 240  60  62
  60 240 241
  60 240 242
 246  60  61
 246  60  62
  60 246 247
  60 246 248
 249  60  61
 249  60  62
  60 249 250
  60 249 251
 252  60  61
 252  60  62
  60 252 253
  60 252 254
 258  60  61
 258  60  62
  60 258 259
  60 258 260
 261  60  61
 261  60  62
  60 261 262
  60 261 263
 264  60  61
 264  60  62
  60 264 265
  60 264 266
 270  60  61
 270  60  62
  60 270 271
  60 270 272
 291  60  61
 291  60  62
  60 291 292
  60 291 293
 297  60  61
 297  60  62
  60 297 298
  60 297 299
 327  60  61
 327  60  62
  60 327 328
  60 327 329
 348  60  61
 348  60  62
  60 348 349
  60 348 350
  66  63  64
  66  63  65
  63  66  67
  63  66  68
  81  63  64
  81  63  65
  63  81  82
  63  81  83
  93  63  64
  93  63  65
  63  93  94
  63  93  95
  96  63  64
  96  63  65
  63  96  97
  63  96  98
  99  63  64
  99  63  65
  63  99 100
  63  99 101
 108  63  64
 108  63  65
  63 108 109
  63 108 110
 111  63  64
 111  63  65
  63 111 112
  63 111 113
 114  63  64
 114  63  65
  63 114 115
  63 114 116
 117  63  64
 117  63  65
  63 117 118
  63 117 119
 141  63  64
 141  63  65
  63 141 142
  63 141 143
 144  63  64
 144  63  65
  63 144 145
  63 144 146
 156  63  64
 156  63  65
  63 156 157
  63 156 158
 159  63  64
 159  63  65
  63 159 160
  63 159 161
 186  63  64
 186  63  65
  63 186 187
  63 186 188
 189  63  64
 189  63  65
  63 189 190
  63 189 191
 192  63  64
 192  63  65
  63 192 193
  63 192 194
 198  63  64
 198  63  65
  63 198 199
  63 198 200
 201  63  64
 201  63  65
  63 201 202
  63 201 203
 204  63  64
 204  63  65
  63 204 205
  63 204 206
 207  63  64
 207  63  65
  63 207 208
  63 207 209
 210  63  64
 210  63  65
  63 210 211
  63 210 212
 228  63  64
 228  63  65
  63 228 229
  63 228 230
 231  63  64
 231  63  65
  63 231 232
  63 231 233
 234  63  64
 234  63  65
  63 234 235
  63 234 236
 240  63  64
 240  63  65
  63 240 241
  63 240 242
 246  63  64
 246  63  65
  63 246 247
  63 246 248
 249  63  64
 249  63  65
  63 249 250
  63 249 251
 252  63  64
 252  63  65
  63 252 253
  63 252 254
 258  63  64
 258  63  65
  63 258 259
  63 258 260
 261  63  64
 261  63  65
  63 261 262
  63 261 263
 264  63  64
 264  63  65
  63 264 265
  63 264 266
 270  63  64
 270  63  65
  63 270 271
  63 270 272
 291  63  64
 291  63  65
  63 291 292
  63 291 293
 297  63  64
 297  63  65
  63 297 298
  63 297 299
 327  63  64
 327  63  65
  63 327 328
  63 327 329
 348  63  64
 348  63  65
  63 348 349
  63 348 350
  81  66  67
  81  66  68
  66  81  82
  66  81  83
  93  66  67
  93  66  68
  66  93  94
  66  93  95
  96  66  67
  96  66  68
  66  96  97
  66  96  98
  99  66  67
  99  66  68
  66  99 100
  66  99 101
 108  66  67
 108  66  68
  66 108 109
  66 108 110
 111  66  67
 111  66  68
  66 111 112
  66 111 113
 114  66  67
 114  66  68
  66 114 115
  66 114 116
 117  66  67
 117  66  68
  66 117 118
  66 117 119
 141  66  67
 141  66  68
  66 141 142
  66 141 143
 144  66  67
 144  66  68
  66 144 145
  66 144 146
 156  66  67
 156  66  68
  66 156 157
  66 156 158
 159  66  67
 159  66  68
  66 159 160
  66 159 161
 186  66  67
 186  66  68
  66 186 187
  66 186 188
 189  66  67
 189  66  68
  66 189 190
  66 189 191
 192  66  67
 192  66  68
  66 192 193
  66 192 194
 198  66  67
 198  66  68
  66 198 199
  66 198 200
 201  66  67
 201  66  68
  66 201 202
  66 201 203
 204  66  67
 204  66  68
  66 204 205
  66 204 206
 207  66  67
 207  66  68
  66 207 208
  66 207 209
 210  66  67
 210  66  68
  66 210 211
  66 210 212
 228  66  67
 228  66  68
  66 228 229
  66 228 230
 231  66  67
 231  66  68
  66 231 232
  66 231 233
 234  66  67
 234  66  68
  66 234 235
  66 234 236
 240  66  67
 240  66  68
  66 240 241
  66 240 242
 246  66  67
 246  66  68
  66 246 247
  66 246 248
 249  66  67
 249  66  68
  66 249 250
  66 249 251
 252  66  67
 252  66  68
  66 252 253
  66 252 254
 258  66  67
 258  66  68
  66 258 259
  66 258 260
 261  66  67
 261  66  68
  66 261 262
  66 261 263
 264  66  67
 264  66  68
  66 264 265
  66 264 266
 270  66  67
 270  66  68
  66 270 271
  66 270 272
 291  66  67
 291  66  68
  66 291 292
  66 291 293
 297  66  67
 297  66  68
  66 297 298
  66 297 299
 327  66  67
 327  66  68
  66 327 328
  66 327 329
 348  66  67
 348  66  68
  66 348 349
  66 348 350
  93  81  82
  93  81  83
  81  93  94
  81  93  95
  96  81  82
  96  81  83
  81  96  97
  81  96  98
  99  81  82
  99  81  83
  81  99 100
  81  99 101
 108  81  82
 108  81  83
  81 108 109
  81 108 110
 111  81  82
 111  81  83
  81 111 112
  81 111 113
 114  81  82
 114  81  83
  81 114 115
  81 114 116
 117  81  82
 117  81  83
  81 117 118
  81 117 119
 141  81  82
 141  81  83
  81 141 142
  81 141 143
 144  81  82
 144  81  83
  81 144 145
  81 144 146
 156  81  82
 156  81  83
  81 156 157
  81 156 158
 159  81  82
 159  81  83
  81 159 160
  81 159 161
 186  81  82
 186  81  83
  81 186 187
  81 186 188
 189  81  82
 189  81  83
  81 189 190
  81 189 191
 192  81  82
 192  81  83
  81 192 193
  81 192 194
 198  81  82
 198  81  83
  81 198 199
  81 198 200
 201  81  82
 201  81  83
  81 201 202
  81 201 203
 204  81  82
 204  81  83
  81 204 205
  81 204 206
 207  81  82
 207  81  83
  81 207 208
  81 207 209
 210  81  82
 210  81  83
  81 210 211
  81 210 212
 228  81  82
 228  81  83
  81 228 229
  81 228 230
 231  81  82
 231  81  83
  81 231 232
  81 231 233
 234  81  82
 234  81  83
  81 234 235
  81 234 236
 240  81  82
 240  81  83
  81 240 241
  81 240 242
 246  81  82
 246  81  83
  81 246 247
  81 246 248
 249  81  82
 249  81  83
  81 249 250
  81 249 251
 252  81  82
 252  81  83
  81 252 253
  81 252 254
 258  81  82
 258  81  83
  81 258 259
  81 258 260
 261  81  82
 261  81  83
  81 261 262
  81 261 263
 264  81  82
 264  81  83
  81 264 265
  81 264 266
 270  81  82
 270  81  83
  81 270 271
  81 270 272
 291  81  82
 291  81  83
  81 291 292
  81 291 293
 297  81  82
 297  81  83
  81 297 298
  81 297 299
 327  81  82
 327  81  83
  81 327 328
  81 327 329
 348  81  82
 348  81  83
  81 348 349
  81 348 350
  96  93  94
  96  93  95
  93  96  97
  93  96  98
  99  93  94
  99  93  95
  93  99 100
  93  99 101
 108  93  94
 108  93  95
  93 108 109
  93 108 110
 111  93  94
 111  93  95
  93 111 112
  93 111 113
 114  93  94
 114  93  95
  93 114 115
  93 114 116
 117  93  94
 117  93  95
  93 117 118
  93 117 119
 141  93  94
 141  93  95
  93 141 142
  93 141 143
 144  93  94
 144  93  95
  93 144 145
  93 144 146
 156  93  94
 156  93  95
  93 156 157
  93 156 158
 159  93  94
 159  93  95
  93 159 160
  93 159 161
 186  93  94
 186  93  95
  93 186 187
  93 186 188
 189  93  94
 189  93  95
  93 189 190
  93 189 191
 192  93  94
 192  93  95
  93 192 193
  93 192 194
 198  93  94
 198  93  95
  93 198 199
  93 198 200
 201  93  94
 201  93  95
  93 201 202
  93 201 203
 204  93  94
 204  93  95
  93 204 205
  93 204 206
 207  93  94
 207  93  95
  93 207 208
  93 207 209
 210  93  94
 210  93  95
  93 210 211
  93 210 212
 228  93  94
 228  93  95
  93 228 229
  93 228 230
 231  93  94
 231  93  95
  93 231 232
  93 231 233
 234  93  94
 234  93  95
  93 234 235
  93 234 236
 240  93  94
 240  93  95
  93 240 241
  93 240 242
 246  93  94
 246  93  95
  93 246 247
  93 246 248
 249  93  94
 249  93  95
  93 249 250
  93 249 251
 252  93  94
 252  93  95
  93 252 253
  93 252 254
 258  93  94
 258  93  95
  93 258 259
  93 258 260
 261  93  94
 261  93  95
  93 261 262
  93 261 263
 264  93  94
 264  93  95
  93 264 265
  93 264 266
 270  93  94
 270  93  95
  93 270 271
  93 270 272
 291  93  94
 291  93  95
  93 291 292
  93 291 293
 297  93  94
 297  93  95
  93 297 298
  93 297 299
 327  93  94
 327  93  95
  93 327 328
  93 327 329
 348  93  94
 348  93  95
  93 348 349
  93 348 350
  99  96  97
  99  96  98
  96  99 100
  96  99 101
 108  96  97
 108  96  98
  96 108 109
  96 108 110
 111  96  97
 111  96  98
  96 111 112
  96 111 113
 114  96  97
 114  96  98
  96 114 115
  96 114 116
 117  96  97
 117  96  98
  96 117 118
  96 117 119
 141  96  97
 141  96  98
  96 141 142
  96 141 143
 144  96  97
 144  96  98
  96 144 145
  96 144 146
 156  96  97
 156  96  98
  96 156 157
  96 156 158
 159  96  97
 159  96  98
  96 159 160
  96 159 161
 186  96  97
 186  96  98
  96 186 187
  96 186 188
 189  96  97
 189  96  98
  96 189 190
  96 189 191
 192  96  97
 192  96  98
  96 192 193
  96 192 194
 198  96  97
 198  96  98
  96 198 199
  96 198 200
 201  96  97
 201  96  98
  96 201 202
  96 201 203
 204  96  97
 204  96  98
  96 204 205
  96 204 206
 207  96  97
 207  96  98
  96 207 208
  96 207 209
 210  96  97
 210  96  98
  96 210 211
  96 210 212
 228  96  97
 228  96  98
  96 228 229
  96 228 230
 231  96  97
 231  96  98
  96 231 232
  96 231 233
 234  96  97
 234  96  98
  96 234 235
  96 234 236
 240  96  97
 240  96  98
  96 240 241
  96 240 242
 246  96  97
 246  96  98
  96 246 247
  96 246 248
 249  96  97
 249  96  98
  96 249 250
  96 249 251
 252  96  97
 252  96  98
  96 252 253
  96 252 254
 258  96  97
 258  96  98
  96 258 259
  96 258 260
 261  96  97
 261  96  98
  96 261 262
  96 261 263
 264  96  97
 264  96  98
  96 264 265
  96 264 266
 270  96  97
 270  96  98
  96 270 271
  96 270 272
 291  96  97
 291  96  98
  96 291 292
  96 291 293
 297  96  97
 297  96  98
  96 297 298
  96 297 299
 327  96  97
 327  96  98
  96 327 328
  96 327 329
 348  96  97
 348  96  98
  96 348 349
  96 348 350
 108  99 100
 108  99 101
  99 108 109
  99 108 110
 111  99 100
 111  99 101
  99 111 112
  99 111 113
 114  99 100
 114  99 101
  99 114 115
  99 114 116
 117  99 100
 117  99 101
  99 117 118
  99 117 119
 141  99 100
 141  99 101
  99 141 142
  99 141 143
 144  99 100
 144  99 101
  99 144 145
  99 144 146
 156  99 100
 156  99 101
  99 156 157
  99 156 158
 159  99 100
 159  99 101
  99 159 160
  99 159 161
 186  99 100
 186  99 101
  99 186 187
  99 186 188
 189  99 100
 189  99 101
  99 189 190
  99 189 191
 192  99 100
 192  99 101
  99 192 193
  99 192 194
 198  99 100
 198  99 101
  99 198 199
  99 198 200
 201  99 100
 201  99 101
  99 201 202
  99 201 203
 204  99 100
 204  99 101
  99 204 205
  99 204 206
 207  99 100
 207  99 101
  99 207 208
  99 207 209
 210  99 100
 210  99 101
  99 210 211
  99 210 212
 228  99 100
 228  99 101
  99 228 229
  99 228 230
 231  99 100
 231  99 101
  99 231 232
  99 231 233
 234  99 100
 234  99 101
  99 234 235
  99 234 236
 240  99 100
 240  99 101
  99 240 241
  99 240 242
 246  99 100
 246  99 101
  99 246 247
  99 246 248
 249  99 100
 249  99 101
  99 249 250
  99 249 251
 252  99 100
 252  99 101
  99 252 253
  99 252 254
 258  99 100
 258  99 101
  99 258 259
  99 258 260
 261  99 100
 261  99 101
  99 261 262
  99 261 263
 264  99 100
 264  99 101
  99 264 265
  99 264 266
 270  99 100
 270  99 101
  99 270 271
  99 270 272
 291  99 100
 291  99 101
  99 291 292
  99 291 293
 297  99 100
 297  99 101
  99 297 298
  99 297 299
 327  99 100
 327  99 101
  99 327 328
  99 327 329
 348  99 100
 348  99 101
  99 348 349
  99 348 350
 111 108 109
 111 108 110
 108 111 112
 108 111 113
 114 108 109
 114 108 110
 108 114 115
 108 114 116
 117 108 109
 117 108 110
 108 117 118
 108 117 119
 141 108 109
 141 108 110
 108 141 142
 108 141 143
 144 108 109
 144 108 110
 108 144 145
 108 144 146
 156 108 109
 156 108 110
 108 156 157
 108 156 158
 159 108 109
 159 108 110
 108 159 160
 108 159 161
 186 108 109
 186 108 110
 108 186 187
 108 186 188
 189 108 109
 189 108 110
 108 189 190
 108 189 191
 192 108 109
 192 108 110
 108 192 193
 108 192 194
 198 108 109
 198 108 110
 108 198 199
 108 198 200
 201 108 109
 201 108 110
 108 201 202
 108 201 203
 204 108 109
 204 108 110
 108 204 205
 108 204 206
 207 108 109
 207 108 110
 108 207 208
 108 207 209
 210 108 109
 210 108 110
 108 210 211
 108 210 212
 228 108 109
 228 108 110
 108 228 229
 108 228 230
 231 108 109
 231 108 110
 108 231 232
 108 231 233
 234 108 109
 234 108 110
 108 234 235
 108 234 236
 240 108 109
 240 108 110
 108 240 241
 108 240 242
 246 108 109
 246 108 110
 108 246 247
 108 246 248
 249 108 109
 249 108 110
 108 249 250
 108 249 251
 252 108 109
 252 108 110
 108 252 253
 108 252 254
 258 108 109
 258 108 110
 108 258 259
 108 258 260
 261 108 109
 261 108 110
 108 261 262
 108 261 263
 264 108 109
 264 108 110
 108 264 265
 108 264 266
 270 108 109
 270 108 110
 108 270 271
 108 270 272
 291 108 109
 291 108 110
 108 291 292
 108 291 293
 297 108 109
 297 108 110
 108 297 298
 108 297 299
 327 108 109
 327 108 110
 108 327 328
 108 327 329
 348 108 109
 348 108 110
 108 348 349
 108 348 350
 114 111 112
 114 111 113
 111 114 115
 111 114 116
 117 111 112
 117 111 113
 111 117 118
 111 117 119
 141 111 112
 141 111 113
 111 141 142
 111 141 143
 144 111 112
 144 111 113
 111 144 145
 111 144 146
 156 111 112
 156 111 113
 111 156 157
 111 156 158
 159 111 112
 159 111 113
 111 159 160
 111 159 161
 186 111 112
 186 111 113
 111 186 187
 111 186 188
 189 111 112
 189 111 113
 111 189 190
 111 189 191
 192 111 112
 192 111 113
 111 192 193
 111 192 194
 198 111 112
 198 111 113
 111 198 199
 111 198 200
 201 111 112
 201 111 113
 111 201 202
 111 201 203
 204 111 112
 204 111 113
 111 204 205
 111 204 206
 207 111 112
 207 111 113
 111 207 208
 111 207 209
 210 111 112
 210 111 113
 111 210 211
 111 210 212
 228 111 112
 228 111 113
 111 228 229
 111 228 230
 231 111 112
 231 111 113
 111 231 232
 111 231 233
 234 111 112
 234 111 113
 111 234 235
 111 234 236
 240 111 112
 240 111 113
 111 240 241
 111 240 242
 246 111 112
 246 111 113
 111 246 247
 111 246 248
 249 111 112
 249 111 113
 111 249 250
 111 249 251
 252 111 112
 252 111 113
 111 252 253
 111 252 254
 258 111 112
 258 111 113
 111 258 259
 111 258 260
 261 111 112
 261 111 113
 111 261 262
 111 261 263
 264 111 112
 264 111 113
 111 264 265
 111 264 266
 270 111 112
 270 111 113
 111 270 271
 111 270 272
 291 111 112
 291 111 113
 111 291 292
 111 291 293
 297 111 112
 297 111 113
 111 297 298
 111 297 299
 327 111 112
 327 111 113
 111 327 328
 111 327 329
 348 111 112
 348 111 113
 111 348 349
 111 348 350
 117 114 115
 117 114 116
 114 117 118
 114 117 119
 141 114 115
 141 114 116
 114 141 142
 114 141 143
 144 114 115
 144 114 116
 114 144 145
 114 144 146
 156 114 115
 156 114 116
 114 156 157
 114 156 158
 159 114 115
 159 114 116
 114 159 160
 114 159 161
 186 114 115
 186 114 116
 114 186 187
 114 186 188
 189 114 115
 189 114 116
 114 189 190
 114 189 191
 192 114 115
 192 114 116
 114 192 193
 114 192 194
 198 114 115
 198 114 116
 114 198 199
 114 198 200
 201 114 115
 201 114 116
 114 201 202
 114 201 203
 204 114 115
 204 114 116
 114 204 205
 114 204 206
 207 114 115
 207 114 116
 114 207 208
 114 207 209
 210 114 115
 210 114 116
 114 210 211
 114 210 212
 228 114 115
 228 114 116
 114 228 229
 114 228 230
 231 114 115
 231 114 116
 114 231 232
 114 231 233
 234 114 115
 234 114 116
 114 234 235
 114 234 236
 240 114 115
 240 114 116
 114 240 241
 114 240 242
 246 114 115
 246 114 116
 114 246 247
 114 246 248
 249 114 115
 249 114 116
 114 249 250
 114 249 251
 252 114 115
 252 114 116
 114 252 253
 114 252 254
 258 114 115
 258 114 116
 114 258 259
 114 258 260
 261 114 115
 261 114 116
 114 261 262
 114 261 263
 264 114 115
 264 114 116
 114 264 265
 114 264 266
 270 114 115
 270 114 116
 114 270 271
 114 270 272
 291 114 115
 291 114 116
 114 291 292
 114 291 293
 297 114 115
 297 114 116
 114 297 298
 114 297 299
 327 114 115
 327 114 116
 114 327 328
 114 327 329
 348 114 115
 348 114 116
 114 348 349
 114 348 350
 141 117 118
 141 117 119
 117 141 142
 117 141 143
 144 117 118
 144 117 119
 117 144 145
 117 144 146
 156 117 118
 156 117 119
 117 156 157
 117 156 158
 159 117 118
 159 117 119
 117 159 160
 117 159 161
 186 117 118
 186 117 119
 117 186 187
 117 186 188
 189 117 118
 189 117 119
 117 189 190
 117 189 191
 192 117 118
 192 117 119
 117 192 193
 117 192 194
 198 117 118
 198 117 119
 117 198 199
 117 198 200
 201 117 118
 201 117 119
 117 201 202
 117 201 203
 204 117 118
 204 117 119
 117 204 205
 117 204 206
 207 117 118
 207 117 119
 117 207 208
 117 207 209
 210 117 118
 210 117 119
 117 210 211
 117 210 212
 228 117 118
 228 117 119
 117 228 229
 117 228 230
 231 117 118
 231 117 119
 117 231 232
 117 231 233
 234 117 118
 234 117 119
 117 234 235
 117 234 236
 240 117 118
 240 117 119
 117 240 241
 117 240 242
 246 117 118
 246 117 119
 117 246 247
 117 246 248
 249 117 118
 249 117 119
 117 249 250
 117 249 251
 252 117 118
 252 117 119
 117 252 253
 117 252 254
 258 117 118
 258 117 119
 117 258 259
 117 258 260
 261 117 118
 261 117 119
 117 261 262
 117 261 263
 264 117 118
 264 117 119
 117 264 265
 117 264 266
 270 117 118
 270 117 119
 117 270 271
 117 270 272
 291 117 118
 291 117 119
 117 291 292
 117 291 293
 297 117 118
 297 117 119
 117 297 298
 117 297 299
 327 117 118
 327 117 119
 117 327 328
 117 327 329
 348 117 118
 348 117 119
 117 348 349
 117 348 350
 144 141 142
 144 141 143
 141 144 145
 141 144 146
 156 141 142
 156 141 143
 141 156 157
 141 156 158
 159 141 142
 159 141 143
 141 159 160
 141 159 161
 186 141 142
 186 141 143
 141 186 187
 141 186 188
 189 141 142
 189 141 143
 141 189 190
 141 189 191
 192 141 142
 192 141 143
 141 192 193
 141 192 194
 198 141 142
 198 141 143
 141 198 199
 141 198 200
 201 141 142
 201 141 143
 141 201 202
 141 201 203
 204 141 142
 204 141 143
 141 204 205
 141 204 206
 207 141 142
 207 141 143
 141 207 208
 141 207 209
 210 141 142
 210 141 143
 141 210 211
 141 210 212
 228 141 142
 228 141 143
 141 228 229
 141 228 230
 231 141 142
 231 141 143
 141 231 232
 141 231 233
 234 141 142
 234 141 143
 141 234 235
 141 234 236
 240 141 142
 240 141 143
 141 240 241
 141 240 242
 246 141 142
 246 141 143
 141 246 247
 141 246 248
 249 141 142
 249 141 143
 141 249 250
 141 249 251
 252 141 142
 252 141 143
 141 252 253
 141 252 254
 258 141 142
 258 141 143
 141 258 259
 141 258 260
 261 141 142
 261 141 143
 141 261 262
 141 261 263
 264 141 142
 264 141 143
 141 264 265
 141 264 266
 270 141 142
 270 141 143
 141 270 271
 141 270 272
 291 141 142
 291 141 143
 141 291 292
 141 291 293
 297 141 142
 297 141 143
 141 297 298
 141 297 299
 327 141 142
 327 141 143
 141 327 328
 141 327 329
 348 141 142
 348 141 143
 141 348 349
 141 348 350
 156 144 145
 156 144 146
 144 156 157
 144 156 158
 159 144 145
 159 144 146
 144 159 160
 144 159 161
 186 144 145
 186 144 146
 144 186 187
 144 186 188
 189 144 145
 189 144 146
 144 189 190
 144 189 191
 192 144 145
 192 144 146
 144 192 193
 144 192 194
 198 144 145
 198 144 146
 144 198 199
 144 198 200
 201 144 145
 201 144 146
 144 201 202
 144 201 203
 204 144 145
 204 144 146
 144 204 205
 144 204 206
 207 144 145
 207 144 146
 144 207 208
 144 207 209
 210 144 145
 210 144 146
 144 210 211
 144 210 212
 228 144 145
 228 144 146
 144 228 229
 144 228 230
 231 144 145
 231 144 146
 144 231 232
 144 231 233
 234 144 145
 234 144 146
 144 234 235
 144 234 236
 240 144 145
 240 144 146
 144 240 241
 144 240 242
 246 144 145
 246 144 146
 144 246 247
 144 246 248
 249 144 145
 249 144 146
 144 249 250
 144 249 251
 252 144 145
 252 144 146
 144 252 253
 144 252 254
 258 144 145
 258 144 146
 144 258 259
 144 258 260
 261 144 145
 261 144 146
 144 261 262
 144 261 263
 264 144 145
 264 144 146
 144 264 265
 144 264 266
 270 144 145
 270 144 146
 144 270 271
 144 270 272
 291 144 145
 291 144 146
 144 291 292
 144 291 293
 297 144 145
 297 144 146
 144 297 298
 144 297 299
 327 144 145
 327 144 146
 144 327 328
 144 327 329
 348 144 145
 348 144 146
 144 348 349
 144 348 350
 159 156 157
 159 156 158
 156 159 160
 156 159 161
 186 156 157
 186 156 158
 156 186 187
 156 186 188
 189 156 157
 189 156 158
 156 189 190
 156 189 191
 192 156 157
 192 156 158
 156 192 193
 156 192 194
 198 156 157
 198 156 158
 156 198 199
 156 198 200
 201 156 157
 201 156 158
 156 201 202
 156 201 203
 204 156 157
 204 156 158
 156 204 205
 156 204 206
 207 156 157
 207 156 158
 156 207 208
 156 207 209
 210 156 157
 210 156 158
 156 210 211
 156 210 212
 228 156 157
 228 156 158
 156 228 229
 156 228 230
 231 156 157
 231 156 158
 156 231 232
 156 231 233
 234 156 157
 234 156 158
 156 234 235
 156 234 236
 240 156 157
 240 156 158
 156 240 241
 156 240 242
 246 156 157
 246 156 158
 156 246 247
 156 246 248
 249 156 157
 249 156 158
 156 249 250
 156 249 251
 252 156 157
 252 156 158
 156 252 253
 156 252 254
 258 156 157
 258 156 158
 156 258 259
 156 258 260
 261 156 157
 261 156 158
 156 261 262
 156 261 263
 264 156 157
 264 156 158
 156 264 265
 156 264 266
 270 156 157
 270 156 158
 156 270 271
 156 270 272
 291 156 157
 291 156 158
 156 291 292
 156 291 293
 297 156 157
 297 156 158
 156 297 298
 156 297 299
 327 156 157
 327 156 158
 156 327 328
 156 327 329
 348 156 157
 348 156 158
 156 348 349
 156 348 350
 186 159 160
 186 159 161
 159 186 187
 159 186 188
 189 159 160
 189 159 161
 159 189 190
 159 189 191
 192 159 160
 192 159 161
 159 192 193
 159 192 194
 198 159 160
 198 159 161
 159 198 199
 159 198 200
 201 159 160
 201 159 161
 159 201 202
 159 201 203
 204 159 160
 204 159 161
 159 204 205
 159 204 206
 207 159 160
 207 159 161
 159 207 208
 159 207 209
 210 159 160
 210 159 161
 159 210 211
 159 210 212
 228 159 160
 228 159 161
 159 228 229
 159 228 230
 231 159 160
 231 159 161
 159 231 232
 159 231 233
 234 159 160
 234 159 161
 159 234 235
 159 234 236
 240 159 160
 240 159 161
 159 240 241
 159 240 242
 246 159 160
 246 159 161
 159 246 247
 159 246 248
 249 159 160
 249 159 161
 159 249 250
 159 249 251
 252 159 160
 252 159 161
 159 252 253
 159 252 254
 258 159 160
 258 159 161
 159 258 259
 159 258 260
 261 159 160
 261 159 161
 159 261 262
 159 261 263
 264 159 160
 264 159 161
 159 264 265
 159 264 266
 270 159 160
 270 159 161
 159 270 271
 159 270 272
 291 159 160
 291 159 161
 159 291 292
 159 291 293
 297 159 160
 297 159 161
 159 297 298
 159 297 299
 327 159 160
 327 159 161
 159 327 328
 159 327 329
 348 159 160
 348 159 161
 159 348 349
 159 348 350
 189 186 187
 189 186 188
 186 189 190
 186 189 191
 192 186 187
 192 186 188
 186 192 193
 186 192 194
 198 186 187
 198 186 188
 186 198 199
 186 198 200
 201 186 187
 201 186 188
 186 201 202
 186 201 203
 204 186 187
 204 186 188
 186 204 205
 186 204 206
 207 186 187
 207 186 188
 186 207 208
 186 207 209
 210 186 187
 210 186 188
 186 210 211
 186 210 212
 228 186 187
 228 186 188
 186 228 229
 186 228 230
 231 186 187
 231 186 188
 186 231 232
 186 231 233
 234 186 187
 234 186 188
 186 234 235
 186 234 236
 240 186 187
 240 186 188
 186 240 241
 186 240 242
 246 186 187
 246 186 188
 186 246 247
 186 246 248
 249 186 187
 249 186 188
 186 249 250
 186 249 251
 252 186 187
 252 186 188
 186 252 253
 186 252 254
 258 186 187
 258 186 188
 186 258 259
 186 258 260
 261 186 187
 261 186 188
 186 261 262
 186 261 263
 264 186 187
 264 186 188
 186 264 265
 186 264 266
 270 186 187
 270 186 188
 186 270 271
 186 270 272
 291 186 187
 291 186 188
 186 291 292
 186 291 293
 297 186 187
 297 186 188
 186 297 298
 186 297 299
 327 186 187
 327 186 188
 186 327 328
 186 327 329
 348 186 187
 348 186 188
 186 348 349
 186 348 350
 192 189 190
 192 189 191
 189 192 193
 189 192 194
 198 189 190
 198 189 191
 189 198 199
 189 198 200
 201 189 190
 201 189 191
 189 201 202
 189 201 203
 204 189 190
 204 189 191
 189 204 205
 189 204 206
 207 189 190
 207 189 191
 189 207 208
 189 207 209
 210 189 190
 210 189 191
 189 210 211
 189 210 212
 228 189 190
 228 189 191
 189 228 229
 189 228 230
 231 189 190
 231 189 191
 189 231 232
 189 231 233
 234 189 190
 234 189 191
 189 234 235
 189 234 236
 240 189 190
 240 189 191
 189 240 241
 189 240 242
 246 189 190
 246 189 191
 189 246 247
 189 246 248
 249 189 190
 249 189 191
 189 249 250
 189 249 251
 252 189 190
 252 189 191
 189 252 253
 189 252 254
 258 189 190
 258 189 191
 189 258 259
 189 258 260
 261 189 190
 261 189 191
 189 261 262
 189 261 263
 264 189 190
 264 189 191
 189 264 265
 189 264 266
 270 189 190
 270 189 191
 189 270 271
 189 270 272
 291 189 190
 291 189 191
 189 291 292
 189 291 293
 297 189 190
 297 189 191
 189 297 298
 189 297 299
 327 189 190
 327 189 191
 189 327 328
 189 327 329
 348 189 190
 348 189 191
 189 348 349
 189 348 350
 198 192 193
 198 192 194
 192 198 199
 192 198 200
 201 192 193
 201 192 194
 192 201 202
 192 201 203
 204 192 193
 204 192 194
 192 204 205
 192 204 206
 207 192 193
 207 192 194
 192 207 208
 192 207 209
 210 192 193
 210 192 194
 192 210 211
 192 210 212
 228 192 193
 228 192 194
 192 228 229
 192 228 230
 231 192 193
 231 192 194
 192 231 232
 192 231 233
 234 192 193
 234 192 194
 192 234 235
 192 234 236
 240 192 193
 240 192 194
 192 240 241
 192 240 242
 246 192 193
 246 192 194
 192 246 247
 192 246 248
 249 192 193
 249 192 194
 192 249 250
 192 249 251
 252 192 193
 252 192 194
 192 252 253
 192 252 254
 258 192 193
 258 192 194
 192 258 259
 192 258 260
 261 192 193
 261 192 194
 192 261 262
 192 261 263
 264 192 193
 264 192 194
 192 264 265
 192 264 266
 270 192 193
 270 192 194
 192 270 271
 192 270 272
 291 192 193
 291 192 194
 192 291 292
 192 291 293
 297 192 193
 297 192 194
 192 297 298
 192 297 299
 327 192 193
 327 192 194
 192 327 328
 192 327 329
 348 192 193
 348 192 194
 192 348 349
 192 348 350
 201 198 199
 201 198 200
 198 201 202
 198 201 203
 204 198 199
 204 198 200
 198 204 205
 198 204 206
 207 198 199
 207 198 200
 198 207 208
 198 207 209
 210 198 199
 210 198 200
 198 210 211
 198 210 212
 228 198 199
 228 198 200
 198 228 229
 198 228 230
 231 198 199
 231 198 200
 198 231 232
 198 231 233
 234 198 199
 234 198 200
 198 234 235
 198 234 236
 240 198 199
 240 198 200
 198 240 241
 198 240 242
 246 198 199
 246 198 200
 198 246 247
 198 246 248
 249 198 199
 249 198 200
 198 249 250
 198 249 251
 252 198 199
 252 198 200
 198 252 253
 198 252 254
 258 198 199
 258 198 200
 198 258 259
 198 258 260
 261 198 199
 261 198 200
 198 261 262
 198 261 263
 264 198 199
 264 198 200
 198 264 265
 198 264 266
 270 198 199
 270 198 200
 198 270 271
 198 270 272
 291 198 199
 291 198 200
 198 291 292
 198 291 293
 297 198 199
 297 198 200
 198 297 298
 198 297 299
 327 198 199
 327 198 200
 198 327 328
 198 327 329
 348 198 199
 348 198 200
 198 348 349
 198 348 350
 204 201 202
 204 201 203
 201 204 205
 201 204 206
 207 201 202
 207 201 203
 201 207 208
 201 207 209
 210 201 202
 210 201 203
 201 210 211
 201 210 212
 228 201 202
 228 201 203
 201 228 229
 201 228 230
 231 201 202
 231 201 203
 201 231 232
 201 231 233
 234 201 202
 234 201 203
 201 234 235
 201 234 236
 240 201 202
 240 201 203
 201 240 241
 201 240 242
 246 201 202
 246 201 203
 201 246 247
 201 246 248
 249 201 202
 249 201 203
 201 249 250
 201 249 251
 252 201 202
 252 201 203
 201 252 253
 201 252 254
 258 201 202
 258 201 203
 201 258 259
 201 258 260
 261 201 202
 261 201 203
 201 261 262
 201 261 263
 264 201 202
 264 201 203
 201 264 265
 201 264 266
 270 201 202
 270 201 203
 201 270 271
 201 270 272
 291 201 202
 291 201 203
 201 291 292
 201 291 293
 297 201 202
 297 201 203
 201 297 298
 201 297 299
 327 201 202
 327 201 203
 201 327 328
 201 327 329
 348 201 202
 348 201 203
 201 348 349
 201 348 350
 207 204 205
 207 204 206
 204 207 208
 204 207 209
 210 204 205
 210 204 206
 204 210 211
 204 210 212
 228 204 205
 228 204 206
 204 228 229
 204 228 230
 231 204 205
 231 204 206
 204 231 232
 204 231 233
 234 204 205
 234 204 206
 204 234 235
 204 234 236
 240 204 205
 240 204 206
 204 240 241
 204 240 242
 246 204 205
 246 204 206
 204 246 247
 204 246 248
 249 204 205
 249 204 206
 204 249 250
 204 249 251
 252 204 205
 252 204 206
 204 252 253
 204 252 254
 258 204 205
 258 204 206
 204 258 259
 204 258 260
 261 204 205
 261 204 206
 204 261 262
 204 261 263
 264 204 205
 264 204 206
 204 264 265
 204 264 266
 270 204 205
 270 204 206
 204 270 271
 204 270 272
 291 204 205
 291 204 206
 204 291 292
 204 291 293
 297 204 205
 297 204 206
 204 297 298
 204 297 299
 327 204 205
 327 204 206
 204 327 328
 204 327 329
 348 204 205
 348 204 206
 204 348 349
 204 348 350
 210 207 208
 210 207 209
 207 210 211
 207 210 212
 228 207 208
 228 207 209
 207 228 229
 207 228 230
 231 207 208
 231 207 209
 207 231 232
 207 231 233
 234 207 208
 234 207 209
 207 234 235
 207 234 236
 240 207 208
 240 207 209
 207 240 241
 207 240 242
 246 207 208
 246 207 209
 207 246 247
 207 246 248
 249 207 208
 249 207 209
 207 249 250
 207 249 251
 252 207 208
 252 207 209
 207 252 253
 207 252 254
 258 207 208
 258 207 209
 207 258 259
 207 258 260
 261 207 208
 261 207 209
 207 261 262
 207 261 263
 264 207 208
 264 207 209
 207 264 265
 207 264 266
 270 207 208
 270 207 209
 207 270 271
 207 270 272
 291 207 208
 291 207 209
 207 291 292
 207 291 293
 297 207 208
 297 207 209
 207 297 298
 207 297 299
 327 207 208
 327 207 209
 207 327 328
 207 327 329
 348 207 208
 348 207 209
 207 348 349
 207 348 350
 228 210 211
 228 210 212
 210 228 229
 210 228 230
 231 210 211
 231 210 212
 210 231 232
 210 231 233
 234 210 211
 234 210 212
 210 234 235
 210 234 236
 240 210 211
 240 210 212
 210 240 241
 210 240 242
 246 210 211
 246 210 212
 210 246 247
 210 246 248
 249 210 211
 249 210 212
 210 249 250
 210 249 251
 252 210 211
 252 210 212
 210 252 253
 210 252 254
 258 210 211
 258 210 212
 210 258 259
 210 258 260
 261 210 211
 261 210 212
 210 261 262
 210 261 263
 264 210 211
 264 210 212
 210 264 265
 210 264 266
 270 210 211
 270 210 212
 210 270 271
 210 270 272
 291 210 211
 291 210 212
 210 291 292
 210 291 293
 297 210 211
 297 210 212
 210 297 298
 210 297 299
 327 210 211
 327 210 212
 210 327 328
 210 327 329
 348 210 211
 348 210 212
 210 348 349
 210 348 350
 231 228 229
 231 228 230
 228 231 232
 228 231 233
 234 228 229
 234 228 230
 228 234 235
 228 234 236
 240 228 229
 240 228 230
 228 240 241
 228 240 242
 246 228 229
 246 228 230
 228 246 247
 228 246 248
 249 228 229
 249 228 230
 228 249 250
 228 249 251
 252 228 229
 252 228 230
 228 252 253
 228 252 254
 258 228 229
 258 228 230
 228 258 259
 228 258 260
 261 228 229
 261 228 230
 228 261 262
 228 261 263
 264 228 229
 264 228 230
 228 264 265
 228 264 266
 270 228 229
 270 228 230
 228 270 271
 228 270 272
 291 228 229
 291 228 230
 228 291 292
 228 291 293
 297 228 229
 297 228 230
 228 297 298
 228 297 299
 327 228 229
 327 228 230
 228 327 328
 228 327 329
 348 228 229
 348 228 230
 228 348 349
 228 348 350
 234 231 232
 234 231 233
 231 234 235
 231 234 236
 240 231 232
 240 231 233
 231 240 241
 231 240 242
 246 231 232
 246 231 233
 231 246 247
 231 246 248
 249 231 232
 249 231 233
 231 249 250
 231 249 251
 252 231 232
 252 231 233
 231 252 253
 231 252 254
 258 231 232
 258 231 233
 231 258 259
 231 258 260
 261 231 232
 261 231 233
 231 261 262
 231 261 263
 264 231 232
 264 231 233
 231 264 265
 231 264 266
 270 231 232
 270 231 233
 231 270 271
 231 270 272
 291 231 232
 291 231 233
 231 291 292
 231 291 293
 297 231 232
 297 231 233
 231 297 298
 231 297 299
 327 231 232
 327 231 233
 231 327 328
 231 327 329
 348 231 232
 348 231 233
 231 348 349
 231 348 350
 240 234 235
 240 234 236
 234 240 241
 234 240 242
 246 234 235
 246 234 236
 234 246 247
 234 246 248
 249 234 235
 249 234 236
 234 249 250
 234 249 251
 252 234 235
 252 234 236
 234 252 253
 234 252 254
 258 234 235
 258 234 236
 234 258 259
 234 258 260
 261 234 235
 261 234 236
 234 261 262
 234 261 263
 264 234 235
 264 234 236
 234 264 265
 234 264 266
 270 234 235
 270 234 236
 234 270 271
 234 270 272
 291 234 235
 291 234 236
 234 291 292
 234 291 293
 297 234 235
 297 234 236
 234 297 298
 234 297 299
 327 234 235
 327 234 236
 234 327 328
 234 327 329
 348 234 235
 348 234 236
 234 348 349
 234 348 350
 246 240 241
 246 240 242
 240 246 247
 240 246 248
 249 240 241
 249 240 242
 240 249 250
 240 249 251
 252 240 241
 252 240 242
 240 252 253
 240 252 254
 258 240 241
 258 240 242
 240 258 259
 240 258 260
 261 240 241
 261 240 242
 240 261 262
 240 261 263
 264 240 241
 264 240 242
 240 264 265
 240 264 266
 270 240 241
 270 240 242
 240 270 271
 240 270 272
 291 240 241
 291 240 242
 240 291 292
 240 291 293
 297 240 241
 297 240 242
 240 297 298
 240 297 299
 327 240 241
 327 240 242
 240 327 328
 240 327 329
 348 240 241
 348 240 242
 240 348 349
 240 348 350
 249 246 247
 249 246 248
 246 249 250
 246 249 251
 252 246 247
 252 246 248
 246 252 253
 246 252 254
 258 246 247
 258 246 248
 246 258 259
 246 258 260
 261 246 247
 261 246 248
 246 261 262
 246 261 263
 264 246 247
 264 246 248
 246 264 265
 246 264 266
 270 246 247
 270 246 248
 246 270 271
 246 270 272
 291 246 247
 291 246 248
 246 291 292
 246 291 293
 297 246 247
 297 246 248
 246 297 298
 246 297 299
 327 246 247
 327 246 248
 246 327 328
 246 327 329
 348 246 247
 348 246 248
 246 348 349
 246 348 350
 252 249 250
 252 249 251
 249 252 253
 249 252 254
 258 249 250
 258 249 251
 249 258 259
 249 258 260
 261 249 250
 261 249 251
 249 261 262
 249 261 263
 264 249 250
 264 249 251
 249 264 265
 249 264 266
 270 249 250
 270 249 251
 249 270 271
 249 270 272
 291 249 250
 291 249 251
 249 291 292
 249 291 293
 297 249 250
 297 249 251
 249 297 298
 249 297 299
 327 249 250
 327 249 251
 249 327 328
 249 327 329
 348 249 250
 348 249 251
 249 348 349
 249 348 350
 258 252 253
 258 252 254
 252 258 259
 252 258 260
 261 252 253
 261 252 254
 252 261 262
 252 261 263
 264 252 253
 264 252 254
 252 264 265
 252 264 266
 270 252 253
 270 252 254
 252 270 271
 252 270 272
 291 252 253
 291 252 254
 252 291 292
 252 291 293
 297 252 253
 297 252 254
 252 297 298
 252 297 299
 327 252 253
 327 252 254
 252 327 328
 252 327 329
 348 252 253
 348 252 254
 252 348 349
 252 348 350
 261 258 259
 261 258 260
 258 261 262
 258 261 263
 264 258 259
 264 258 260
 258 264 265
 258 264 266
 270 258 259
 270 258 260
 258 270 271
 258 270 272
 291 258 259
 291 258 260
 258 291 292
 258 291 293
 297 258 259
 297 258 260
 258 297 298
 258 297 299
 327 258 259
 327 258 260
 258 327 328
 258 327 329
 348 258 259
 348 258 260
 258 348 349
 258 348 350
 264 261 262
 264 261 263
 261 264 265
 261 264 266
 270 261 262
 270 261 263
 261 270 271
 261 270 272
 291 261 262
 291 261 263
 261 291 292
 261 291 293
 297 261 262
 297 261 263
 261 297 298
 261 297 299
 327 261 262
 327 261 263
 261 327 328
 261 327 329
 348 261 262
 348 261 263
 261 348 349
 261 348 350
 270 264 265
 270 264 266
 264 270 271
 264 270 272
 291 264 265
 291 264 266
 264 291 292
 264 291 293
 297 264 265
 297 264 266
 264 297 298
 264 297 299
 327 264 265
 327 264 266
 264 327 328
 264 327 329
 348 264 265
 348 264 266
 264 348 349
 264 348 350
 291 270 271
 291 270 272
 270 291 292
 270 291 293
 297 270 271
 297 270 272
 270 297 298
 270 297 299
 327 270 271
 327 270 272
 270 327 328
 270 327 329
 348 270 271
 348 270 272
 270 348 349
 270 348 350
 297 291 292
 297 291 293
 291 297 298
 291 297 299
 327 291 292
 327 291 293
 291 327 328
 291 327 329
 348 291 292
 348 291 293
 291 348 349
 291 348 350
 327 297 298
 327 297 299
 297 327 328
 297 327 329
 348 297 298
 348 297 299
 297 348 349
 297 348 350
 348 327 328
 348 327 329
 327 348 349
 327 348 350
