   0.00000000      0.999635875    
   5.00000024E-04  0.994659543    
   1.00000005E-03  0.989683211    
   1.50000001E-03  0.984706879    
   2.00000009E-03  0.979730546    
   2.50000018E-03  0.974794686    
   3.00000003E-03  0.969939709    
   3.50000011E-03  0.965327501    
   4.00000019E-03  0.960877120    
   4.50000027E-03  0.956426740    
   5.00000035E-03  0.952016830    
   5.50000044E-03  0.947606921    
   6.00000005E-03  0.943399251    
   6.50000013E-03  0.939110756    
   7.00000022E-03  0.934903085    
   7.50000030E-03  0.930735946    
   8.00000038E-03  0.926568747    
   8.50000046E-03  0.922401607    
   9.00000054E-03  0.918274879    
   9.50000063E-03  0.914309978    
   1.00000007E-02  0.910506964    
   1.05000008E-02  0.906784832    
   1.10000009E-02  0.903143585    
   1.15000010E-02  0.899542809    
   1.20000001E-02  0.895982504    
   1.25000002E-02  0.892422199    
   1.30000003E-02  0.888861895    
   1.35000004E-02  0.885301590    
   1.40000004E-02  0.881781757    
   1.45000005E-02  0.878383279    
   1.50000006E-02  0.875065744    
   1.55000007E-02  0.871788621    
   1.60000008E-02  0.868552029    
   1.64999999E-02  0.865477204    
   1.70000009E-02  0.862483323    
   1.75000001E-02  0.859489441    
   1.80000011E-02  0.856414616    
   1.85000002E-02  0.853339791    
   1.90000013E-02  0.850103140    
   1.95000004E-02  0.846906960    
   2.00000014E-02  0.843913078    
   2.05000006E-02  0.840919197    
   2.10000016E-02  0.838087142    
   2.15000007E-02  0.835255086    
   2.20000017E-02  0.832423031    
   2.25000009E-02  0.829590976    
   2.30000019E-02  0.826839805    
   2.35000011E-02  0.824088693    
   2.40000002E-02  0.821377993    
   2.45000012E-02  0.818748236    
   2.50000004E-02  0.816239834    
   2.55000014E-02  0.813771904    
   2.60000005E-02  0.811303973    
   2.65000015E-02  0.808997869    
   2.70000007E-02  0.806732237    
   2.75000017E-02  0.804466546    
   2.80000009E-02  0.802160442    
   2.85000019E-02  0.799894810    
   2.90000010E-02  0.797467351    
   2.95000020E-02  0.794999421    
   3.00000012E-02  0.792531431    
   3.05000022E-02  0.790063500    
   3.10000014E-02  0.787676513    
   3.15000005E-02  0.785289466    
   3.20000015E-02  0.783104718    
   3.25000025E-02  0.781284153    
   3.29999998E-02  0.779584885    
   3.35000008E-02  0.778087974    
   3.40000018E-02  0.776591003    
   3.45000029E-02  0.775094092    
   3.50000001E-02  0.773637593    
   3.55000012E-02  0.772140622    
   3.60000022E-02  0.770643711    
   3.65000032E-02  0.769146740    
   3.70000005E-02  0.767609358    
   3.75000015E-02  0.766233742    
   3.80000025E-02  0.764858186    
   3.85000035E-02  0.763725400    
   3.90000008E-02  0.762592554    
   3.95000018E-02  0.761500180    
   4.00000028E-02  0.760326922    
   4.05000001E-02  0.759275019    
   4.10000011E-02  0.758223057    
   4.15000021E-02  0.757130742    
   4.20000032E-02  0.756038368    
   4.25000004E-02  0.754905522    
   4.30000015E-02  0.754015446    
   4.35000025E-02  0.753165841    
   4.40000035E-02  0.752356648    
   4.45000008E-02  0.751547515    
   4.50000018E-02  0.750819266    
   4.55000028E-02  0.750091016    
   4.60000038E-02  0.749241412    
   4.65000011E-02  0.748391807    
   4.70000021E-02  0.747582614    
   4.75000031E-02  0.746773481    
   4.80000004E-02  0.745923877    
   4.85000014E-02  0.745074213    
   4.90000024E-02  0.744184136    
   4.95000035E-02  0.743294060    
   5.00000007E-02  0.742403984    
   5.05000018E-02  0.741513968    
   5.10000028E-02  0.740583420    
   5.15000038E-02  0.739612401    
   5.20000011E-02  0.738681853    
   5.25000021E-02  0.737751365    
   5.30000031E-02  0.736820817    
   5.35000041E-02  0.735849798    
   5.40000014E-02  0.734919310    
   5.45000024E-02  0.733948290    
   5.50000034E-02  0.733139157    
   5.55000044E-02  0.732491791    
   5.60000017E-02  0.731844485    
   5.65000027E-02  0.731075764    
   5.70000038E-02  0.730307102    
   5.75000010E-02  0.729538381    
   5.80000021E-02  0.728769660    
   5.85000031E-02  0.728081882    
   5.90000041E-02  0.727394104    
   5.95000014E-02  0.726665854    
   6.00000024E-02  0.725937605    
   6.05000034E-02  0.725209355    
   6.10000044E-02  0.724319279    
   6.15000017E-02  0.723388731    
   6.20000027E-02  0.722417772    
   6.25000000E-02  0.721446753    
   6.30000010E-02  0.720475793    
   6.35000020E-02  0.719423890    
   6.40000030E-02  0.718371987    
   6.45000041E-02  0.717320085    
   6.50000051E-02  0.716349065    
   6.55000061E-02  0.715378106    
   6.59999996E-02  0.714407086    
   6.65000007E-02  0.713395655    
   6.70000017E-02  0.712424636    
   6.75000027E-02  0.711534560    
   6.80000037E-02  0.710644484    
   6.85000047E-02  0.709673524    
   6.90000057E-02  0.708702505    
   6.95000067E-02  0.707771957    
   7.00000003E-02  0.706800997    
   7.05000013E-02  0.705870450    
   7.10000023E-02  0.704859018    
   7.15000033E-02  0.703928471    
   7.20000044E-02  0.702997923    
   7.25000054E-02  0.702067375    
   7.30000064E-02  0.701217771    
   7.34999999E-02  0.700449109    
   7.40000010E-02  0.699680388    
   7.45000020E-02  0.698830783    
   7.50000030E-02  0.697981119    
   7.55000040E-02  0.697010159    
   7.60000050E-02  0.696039140    
   7.65000060E-02  0.695068181    
   7.70000070E-02  0.694137633    
   7.75000006E-02  0.693328500    
   7.80000016E-02  0.692559779    
   7.85000026E-02  0.691952884    
   7.90000036E-02  0.691426933    
   7.95000046E-02  0.690900981    
   8.00000057E-02  0.690294147    
   8.05000067E-02  0.689849079    
   8.10000002E-02  0.689323127    
   8.15000013E-02  0.688797176    
   8.20000023E-02  0.688109398    
   8.25000033E-02  0.687421620    
   8.30000043E-02  0.686814725    
   8.35000053E-02  0.686086476    
   8.40000063E-02  0.685398698    
   8.45000073E-02  0.684710920    
   8.50000009E-02  0.684023142    
   8.55000019E-02  0.683335364    
   8.60000029E-02  0.682566643    
   8.65000039E-02  0.681797981    
   8.70000049E-02  0.680988789    
   8.75000060E-02  0.680098712    
   8.80000070E-02  0.679087281    
   8.85000005E-02  0.678075790    
   8.90000015E-02  0.677104831    
   8.95000026E-02  0.676133811    
   9.00000036E-02  0.675203323    
   9.05000046E-02  0.674272776    
   9.10000056E-02  0.673504055    
   9.15000066E-02  0.672735393    
   9.20000076E-02  0.671966672    
   9.25000012E-02  0.671197951    
   9.30000022E-02  0.670429230    
   9.35000032E-02  0.669741452    
   9.40000042E-02  0.669053674    
   9.45000052E-02  0.668365896    
   9.50000063E-02  0.667637646    
   9.55000073E-02  0.666909397    
   9.60000008E-02  0.666181147    
   9.65000018E-02  0.665372014    
   9.70000029E-02  0.664603293    
   9.75000039E-02  0.663834631    
   9.80000049E-02  0.663065910    
   9.85000059E-02  0.662378132    
   9.90000069E-02  0.661690354    
   9.95000079E-02  0.661002576    
  0.100000001      0.660314739    
  0.100500003      0.659667432    
  0.101000004      0.659020126    
  0.101500005      0.658413231    
  0.102000006      0.657765925    
  0.102500007      0.657118559    
  0.103000008      0.656511724    
  0.103500009      0.655904830    
  0.104000002      0.655297995    
  0.104500003      0.654691100    
  0.105000004      0.653922379    
  0.105500005      0.653153718    
  0.106000006      0.652384996    
  0.106500007      0.651575863    
  0.107000008      0.650766671    
  0.107500002      0.650038421    
  0.108000003      0.649391115    
  0.108500004      0.648743808    
  0.109000005      0.648096442    
  0.109500006      0.647449136    
  0.110000007      0.646599531    
  0.110500008      0.645588040    
  0.111000009      0.644576609    
  0.111500002      0.643565178    
  0.112000003      0.642553687    
  0.112500004      0.641461313    
  0.113000005      0.640368998    
  0.113500006      0.639357507    
  0.114000008      0.638467431    
  0.114500009      0.637617826    
  0.115000002      0.636768222    
  0.115500003      0.636039972    
  0.116000004      0.635311723    
  0.116500005      0.634583473    
  0.117000006      0.633855224    
  0.117500007      0.633126974    
  0.118000008      0.632479668    
  0.118500009      0.631832361    
  0.119000003      0.631184995    
  0.119500004      0.630537689    
  0.120000005      0.629890382    
  0.120500006      0.629243016    
  0.121000007      0.628474355    
  0.121500008      0.627705634    
  0.122000009      0.627017856    
  0.122500002      0.626330078    
  0.123000003      0.625480413    
  0.123500004      0.624671280    
  0.124000005      0.623781204    
  0.124500006      0.622891128    
  0.125000000      0.621920109    
  0.125500008      0.620949149    
  0.126000002      0.620018601    
  0.126500010      0.619088054    
  0.127000004      0.618117094    
  0.127500013      0.617024720    
  0.128000006      0.615932345    
  0.128500000      0.614799559    
  0.129000008      0.613626242    
  0.129500002      0.612452984    
  0.130000010      0.611279666    
  0.130500004      0.610106409    
  0.131000012      0.608933151    
  0.131500006      0.607840776    
  0.131999999      0.606748402    
  0.132500008      0.605656028    
  0.133000001      0.604563653    
  0.133500010      0.603552222    
  0.134000003      0.602459848    
  0.134500012      0.601367474    
  0.135000005      0.600275099    
  0.135500014      0.599182725    
  0.136000007      0.598090410    
  0.136500001      0.597038448    
  0.137000009      0.596067488    
  0.137500003      0.595056057    
  0.138000011      0.594044566    
  0.138500005      0.592952192    
  0.139000013      0.591940761    
  0.139500007      0.590888858    
  0.140000001      0.589836955    
  0.140500009      0.588825524    
  0.141000003      0.587814033    
  0.141500011      0.586802602    
  0.142000005      0.585750699    
  0.142500013      0.584698796    
  0.143000007      0.583849192    
  0.143500000      0.582999527    
  0.144000009      0.582149923    
  0.144500002      0.581300318    
  0.145000011      0.580450714    
  0.145500004      0.579601109    
  0.146000013      0.578791916    
  0.146500006      0.577982783    
  0.147000000      0.577173591    
  0.147500008      0.576364458    
  0.148000002      0.575555265    
  0.148500010      0.574584305    
  0.149000004      0.573613286    
  0.149500012      0.572642326    
  0.150000006      0.571671307    
  0.150500014      0.570700347    
  0.151000008      0.569729328    
  0.151500002      0.568758368    
  0.152000010      0.567787349    
  0.152500004      0.566816390    
  0.153000012      0.565845370    
  0.153500006      0.564955294    
  0.154000014      0.564065218    
  0.154500008      0.563175142    
  0.155000001      0.562204123    
  0.155500010      0.561273634    
  0.156000003      0.560666740    
  0.156500012      0.560059905    
  0.157000005      0.559493482    
  0.157500014      0.558927059    
  0.158000007      0.558441579    
  0.158500001      0.557996511    
  0.159000009      0.557470560    
  0.159500003      0.556823254    
  0.160000011      0.556175888    
  0.160500005      0.555528581    
  0.161000013      0.554800332    
  0.161500007      0.554112554    
  0.162000000      0.553343832    
  0.162500009      0.552575171    
  0.163000003      0.551806450    
  0.163500011      0.551118672    
  0.164000005      0.550430894    
  0.164500013      0.549702644    
  0.165000007      0.548974395    
  0.165500015      0.548286617    
  0.166000009      0.547598839    
  0.166500002      0.546870589    
  0.167000011      0.546142340    
  0.167500004      0.545535445    
  0.168000013      0.544928610    
  0.168500006      0.544240832    
  0.169000015      0.543552995    
  0.169500008      0.542905688    
  0.170000002      0.542258382    
  0.170500010      0.541691959    
  0.171000004      0.541125536    
  0.171500012      0.540559113    
  0.172000006      0.539952278    
  0.172500014      0.539345384    
  0.173000008      0.538738549    
  0.173500001      0.538131654    
  0.174000010      0.537484348    
  0.174500003      0.536836982    
  0.175000012      0.536189675    
  0.175500005      0.535623252    
  0.176000014      0.535056829    
  0.176500008      0.534530878    
  0.177000001      0.534004927    
  0.177500010      0.533478975    
  0.178000003      0.532912552    
  0.178500012      0.532508016    
  0.179000005      0.532103419    
  0.179500014      0.531698823    
  0.180000007      0.531294227    
  0.180500016      0.530889690    
  0.181000009      0.530485094    
  0.181500003      0.530080497    
  0.182000011      0.529675961    
  0.182500005      0.529352248    
  0.183000013      0.529069066    
  0.183500007      0.528785884    
  0.184000015      0.528502643    
  0.184500009      0.528259873    
  0.185000002      0.528138518    
  0.185500011      0.528017163    
  0.186000004      0.527895808    
  0.186500013      0.527774394    
  0.187000006      0.527653039    
  0.187500015      0.527531683    
  0.188000008      0.527410269    
  0.188500002      0.527288914    
  0.189000010      0.527127087    
  0.189500004      0.526965261    
  0.190000013      0.526803434    
  0.190500006      0.526641607    
  0.191000015      0.526560664    
  0.191500008      0.526479721    
  0.192000002      0.526398838    
  0.192500010      0.526317894    
  0.193000004      0.526237011    
  0.193500012      0.526156068    
  0.194000006      0.526075184    
  0.194500014      0.525953770    
  0.195000008      0.525751531    
  0.195500016      0.525549233    
  0.196000010      0.525346935    
  0.196500003      0.525144637    
  0.197000012      0.524942338    
  0.197500005      0.524740040    
  0.198000014      0.524537742    
  0.198500007      0.524335504    
  0.199000016      0.524133205    
  0.199500009      0.523930907    
  0.200000003      0.523728609    
  0.200500011      0.523404956    
  0.201000005      0.523162186    
  0.201500013      0.522959888    
  0.202000007      0.522838533    
  0.202500015      0.522717178    
  0.203000009      0.522474408    
  0.203500003      0.522231638    
  0.204000011      0.521948457    
  0.204500005      0.521503448    
  0.205000013      0.521058381    
  0.205500007      0.520613372    
  0.206000015      0.520168304    
  0.206500009      0.519723296    
  0.207000017      0.519278228    
  0.207500011      0.518833220    
  0.208000004      0.518428624    
  0.208500013      0.518024027    
  0.209000006      0.517619431    
  0.209500015      0.517133951    
  0.210000008      0.516648471    
  0.210500017      0.515960693    
  0.211000010      0.515272915    
  0.211500004      0.514585078    
  0.212000012      0.513897300    
  0.212500006      0.513209522    
  0.213000014      0.512521744    
  0.213500008      0.511833966    
  0.214000016      0.511146188    
  0.214500010      0.510539293    
  0.215000004      0.509891987    
  0.215500012      0.509204209    
  0.216000006      0.508516431    
  0.216500014      0.507828593    
  0.217000008      0.507059932    
  0.217500016      0.506291211    
  0.218000010      0.505522490    
  0.218500003      0.504753828    
  0.219000012      0.503985107    
  0.219500005      0.503216386    
  0.220000014      0.502447724    
  0.220500007      0.501679003    
  0.221000016      0.500910282    
  0.221500009      0.500141621    
  0.222000018      0.499372900    
  0.222500011      0.498604208    
  0.223000005      0.497835487    
  0.223500013      0.497026324    
  0.224000007      0.496217191    
  0.224500015      0.495408028    
  0.225000009      0.494598866    
  0.225500017      0.493789703    
  0.226000011      0.492980540    
  0.226500005      0.492171377    
  0.227000013      0.491362214    
  0.227500007      0.490553051    
  0.228000015      0.489743888    
  0.228500009      0.488934755    
  0.229000017      0.488125592    
  0.229500011      0.487235516    
  0.230000004      0.486345440    
  0.230500013      0.485495806    
  0.231000006      0.484646201    
  0.231500015      0.483796567    
  0.232000008      0.483027875    
  0.232500017      0.482259184    
  0.233000010      0.481490463    
  0.233500004      0.480559945    
  0.234000012      0.479467571    
  0.234500006      0.478375196    
  0.235000014      0.477282852    
  0.235500008      0.476190478    
  0.236000016      0.475098103    
  0.236500010      0.474005759    
  0.237000018      0.472913384    
  0.237500012      0.472185135    
  0.238000005      0.471456885    
  0.238500014      0.470728636    
  0.239000008      0.470162243    
  0.239500016      0.469595820    
  0.240000010      0.469029427    
  0.240500018      0.468463004    
  0.241000012      0.467896581    
  0.241500005      0.467330188    
  0.242000014      0.466763765    
  0.242500007      0.466156900    
  0.243000016      0.465550035    
  0.243500009      0.464943171    
  0.244000018      0.464336276    
  0.244500011      0.463729411    
  0.245000005      0.463122547    
  0.245500013      0.462515682    
  0.246000007      0.461908817    
  0.246500015      0.461301953    
  0.247000009      0.460695058    
  0.247500017      0.460088193    
  0.248000011      0.459481329    
  0.248500004      0.458874464    
  0.249000013      0.458267599    
  0.249500006      0.457660705    
  0.250000000      0.457053840    
  0.250500023      0.456446975    
  0.251000017      0.455840111    
  0.251500010      0.455111861    
  0.252000004      0.454383612    
  0.252499998      0.453695834    
  0.253000021      0.453048497    
  0.253500015      0.452401191    
  0.254000008      0.451794326    
  0.254500002      0.451187432    
  0.255000025      0.450580567    
  0.255500019      0.450014174    
  0.256000012      0.449447751    
  0.256500006      0.448881328    
  0.256999999      0.448274463    
  0.257500023      0.447667599    
  0.258000016      0.447060734    
  0.258500010      0.446413398    
  0.259000003      0.445766062    
  0.259500027      0.445118755    
  0.260000020      0.444471419    
  0.260500014      0.443824083    
  0.261000007      0.443176746    
  0.261500001      0.442529440    
  0.262000024      0.441882104    
  0.262500018      0.441234767    
  0.263000011      0.440587461    
  0.263500005      0.439940125    
  0.263999999      0.439292789    
  0.264500022      0.438645452    
  0.265000015      0.438079059    
  0.265500009      0.437755406    
  0.266000003      0.437431723    
  0.266500026      0.437188983    
  0.267000020      0.436946243    
  0.267500013      0.436703473    
  0.268000007      0.436460733    
  0.268500000      0.436217993    
  0.269000024      0.435975254    
  0.269500017      0.435570657    
  0.270000011      0.435166091    
  0.270500004      0.434761494    
  0.271000028      0.434195101    
  0.271500021      0.433588207    
  0.272000015      0.432981342    
  0.272500008      0.432414949    
  0.273000002      0.431848526    
  0.273500025      0.431282103    
  0.274000019      0.430715710    
  0.274500012      0.430149287    
  0.275000006      0.429582864    
  0.275500000      0.429016471    
  0.276000023      0.428450048    
  0.276500016      0.427883655    
  0.277000010      0.427317232    
  0.277500004      0.426750809    
  0.278000027      0.426184416    
  0.278500021      0.425617993    
  0.279000014      0.425011128    
  0.279500008      0.424404263    
  0.280000001      0.423716456    
  0.280500025      0.423028678    
  0.281000018      0.422259986    
  0.281500012      0.421491295    
  0.282000005      0.420682132    
  0.282499999      0.419953883    
  0.283000022      0.419225633    
  0.283500016      0.418497384    
  0.284000009      0.417728692    
  0.284500003      0.416960001    
  0.285000026      0.416231751    
  0.285500020      0.415543944    
  0.286000013      0.414856166    
  0.286500007      0.414168388    
  0.287000000      0.413480610    
  0.287500024      0.412833273    
  0.288000017      0.412185937    
  0.288500011      0.411700457    
  0.289000005      0.411214948    
  0.289500028      0.410810381    
  0.290000021      0.410446256    
  0.290500015      0.410082132    
  0.291000009      0.409718007    
  0.291500002      0.409394354    
  0.292000026      0.408908844    
  0.292500019      0.408423364    
  0.293000013      0.407937855    
  0.293500006      0.407452375    
  0.294000000      0.406966865    
  0.294500023      0.406481355    
  0.295000017      0.405995876    
  0.295500010      0.405510366    
  0.296000004      0.405105799    
  0.296500027      0.404701203    
  0.297000021      0.404337108    
  0.297500014      0.404013425    
  0.298000008      0.403689772    
  0.298500001      0.403325647    
  0.299000025      0.402961522    
  0.299500018      0.402597398    
  0.300000012      0.402233273    
  0.300500005      0.401869148    
  0.301000029      0.401505023    
  0.301500022      0.401140928    
  0.302000016      0.400776803    
  0.302500010      0.400412679    
  0.303000003      0.400129467    
  0.303500026      0.399805814    
  0.304000020      0.399441689    
  0.304500014      0.398996651    
  0.305000007      0.398551613    
  0.305500001      0.398106575    
  0.306000024      0.397661537    
  0.306500018      0.397216499    
  0.307000011      0.396852374    
  0.307500005      0.396488249    
  0.308000028      0.396124125    
  0.308500022      0.395760000    
  0.309000015      0.395355433    
  0.309500009      0.394950837    
  0.310000002      0.394546270    
  0.310500026      0.394222587    
  0.311000019      0.393898934    
  0.311500013      0.393615723    
  0.312000006      0.393332511    
  0.312500000      0.393049330    
  0.313000023      0.392766118    
  0.313500017      0.392401993    
  0.314000010      0.392037868    
  0.314500004      0.391673744    
  0.315000027      0.391309619    
  0.315500021      0.390905052    
  0.316000015      0.390500456    
  0.316500008      0.390136331    
  0.317000002      0.389772236    
  0.317500025      0.389408112    
  0.318000019      0.389003515    
  0.318500012      0.388598949    
  0.319000006      0.388194352    
  0.319500029      0.387789786    
  0.320000023      0.387385190    
  0.320500016      0.386980623    
  0.321000010      0.386576027    
  0.321500003      0.386090547    
  0.322000027      0.385524124    
  0.322500020      0.384957731    
  0.323000014      0.384431779    
  0.323500007      0.383905828    
  0.324000001      0.383379847    
  0.324500024      0.382772982    
  0.325000018      0.382166117    
  0.325500011      0.381559253    
  0.326000005      0.380952388    
  0.326500028      0.380345523    
  0.327000022      0.379738629    
  0.327500015      0.379131764    
  0.328000009      0.378524899    
  0.328500003      0.377918035    
  0.329000026      0.377311170    
  0.329500020      0.376623362    
  0.330000013      0.376016498    
  0.330500007      0.375369191    
  0.331000030      0.374640942    
  0.331500024      0.373912692    
  0.332000017      0.373184443    
  0.332500011      0.372456193    
  0.333000004      0.371727973    
  0.333500028      0.370999724    
  0.334000021      0.370271474    
  0.334500015      0.369543225    
  0.335000008      0.368814975    
  0.335500002      0.368005812    
  0.336000025      0.367196679    
  0.336500019      0.366468430    
  0.337000012      0.365740180    
  0.337500006      0.365011930    
  0.338000029      0.364283681    
  0.338500023      0.363595903    
  0.339000016      0.362908125    
  0.339500010      0.362179875    
  0.340000004      0.361451626    
  0.340500027      0.360723376    
  0.341000021      0.359995157    
  0.341500014      0.359266907    
  0.342000008      0.358579129    
  0.342500031      0.357891321    
  0.343000025      0.357203543    
  0.343500018      0.356353939    
  0.344000012      0.355504304    
  0.344500005      0.354735613    
  0.345000029      0.353966892    
  0.345500022      0.353198200    
  0.346000016      0.352550864    
  0.346500009      0.351903558    
  0.347000003      0.351458520    
  0.347500026      0.351013482    
  0.348000020      0.350568444    
  0.348500013      0.350123405    
  0.349000007      0.349840194    
  0.349500030      0.349556983    
  0.350000024      0.349273771    
  0.350500017      0.348990560    
  0.351000011      0.348666906    
  0.351500005      0.348302782    
  0.352000028      0.347938657    
  0.352500021      0.347412705    
  0.353000015      0.346886754    
  0.353500009      0.346320361    
  0.354000002      0.345713466    
  0.354500026      0.345106602    
  0.355000019      0.344499737    
  0.355500013      0.343892872    
  0.356000006      0.343286008    
  0.356500030      0.342679113    
  0.357000023      0.342072248    
  0.357500017      0.341465384    
  0.358000010      0.340898991    
  0.358500004      0.340332568    
  0.359000027      0.339766145    
  0.359500021      0.339199752    
  0.360000014      0.338795155    
  0.360500008      0.338350117    
  0.361000031      0.337985992    
  0.361500025      0.337621868    
  0.362000018      0.337257773    
  0.362500012      0.336893648    
  0.363000005      0.336529523    
  0.363500029      0.336165398    
  0.364000022      0.335801274    
  0.364500016      0.335437149    
  0.365000010      0.335073024    
  0.365500003      0.334668458    
  0.366000026      0.334263861    
  0.366500020      0.333859295    
  0.367000014      0.333454698    
  0.367500007      0.333050132    
  0.368000031      0.332686007    
  0.368500024      0.332321882    
  0.369000018      0.332038671    
  0.369500011      0.331715018    
  0.370000005      0.331391364    
  0.370500028      0.331067681    
  0.371000022      0.330744028    
  0.371500015      0.330420345    
  0.372000009      0.330015779    
  0.372500032      0.329611212    
  0.373000026      0.329206616    
  0.373500019      0.328882962    
  0.374000013      0.328559279    
  0.374500006      0.328235626    
  0.375000030      0.327992886    
  0.375500023      0.327750146    
  0.376000017      0.327426463    
  0.376500010      0.327102810    
  0.377000004      0.326738685    
  0.377500027      0.326374561    
  0.378000021      0.326010436    
  0.378500015      0.325646311    
  0.379000008      0.325282186    
  0.379500031      0.324918061    
  0.380000025      0.324553937    
  0.380500019      0.324189842    
  0.381000012      0.323785245    
  0.381500006      0.323380679    
  0.382000029      0.322976083    
  0.382500023      0.322571516    
  0.383000016      0.322166920    
  0.383500010      0.321762353    
  0.384000003      0.321276844    
  0.384500027      0.320831805    
  0.385000020      0.320467681    
  0.385500014      0.320063114    
  0.386000007      0.319658548    
  0.386500031      0.319253951    
  0.387000024      0.318930298    
  0.387500018      0.318606615    
  0.388000011      0.318242490    
  0.388500005      0.317878395    
  0.389000028      0.317514271    
  0.389500022      0.317069232    
  0.390000015      0.316543281    
  0.390500009      0.316017330    
  0.391000032      0.315491349    
  0.391500026      0.314965397    
  0.392000020      0.314439446    
  0.392500013      0.313913494    
  0.393000007      0.313225716    
  0.393500030      0.312578380    
  0.394000024      0.311931074    
  0.394500017      0.311324179    
  0.395000011      0.310717314    
  0.395500004      0.310110450    
  0.396000028      0.309463114    
  0.396500021      0.308815807    
  0.397000015      0.308168471    
  0.397500008      0.307521135    
  0.398000032      0.306873798    
  0.398500025      0.306226492    
  0.399000019      0.305579156    
  0.399500012      0.304931819    
  0.400000006      0.304284513    
  0.400500029      0.303677619    
  0.401000023      0.303070754    
  0.401500016      0.302463889    
  0.402000010      0.301857024    
  0.402500033      0.301250160    
  0.403000027      0.300683737    
  0.403500021      0.300117314    
  0.404000014      0.299550921    
  0.404500008      0.299065411    
  0.405000031      0.298579931    
  0.405500025      0.298134893    
  0.406000018      0.297689855    
  0.406500012      0.297244817    
  0.407000005      0.296799779    
  0.407500029      0.296354741    
  0.408000022      0.295950145    
  0.408500016      0.295505106    
  0.409000009      0.295060068    
  0.409500033      0.294615030    
  0.410000026      0.294169992    
  0.410500020      0.293724954    
  0.411000013      0.293279916    
  0.411500007      0.292875350    
  0.412000030      0.292551696    
  0.412500024      0.292228013    
  0.413000017      0.291904360    
  0.413500011      0.291580707    
  0.414000034      0.291257024    
  0.414500028      0.290973812    
  0.415000021      0.290690631    
  0.415500015      0.290407419    
  0.416000009      0.290124208    
  0.416500032      0.289840996    
  0.417000026      0.289557785    
  0.417500019      0.289274603    
  0.418000013      0.288910478    
  0.418500006      0.288546354    
  0.419000030      0.288182229    
  0.419500023      0.287818104    
  0.420000017      0.287453979    
  0.420500010      0.287049413    
  0.421000034      0.286644816    
  0.421500027      0.286240250    
  0.422000021      0.285835654    
  0.422500014      0.285390615    
  0.423000008      0.284945577    
  0.423500031      0.284460098    
  0.424000025      0.283974588    
  0.424500018      0.283529550    
  0.425000012      0.283124983    
  0.425500005      0.282720387    
  0.426000029      0.282315820    
  0.426500022      0.281911224    
  0.427000016      0.281547099    
  0.427500010      0.281183004    
  0.428000033      0.280778408    
  0.428500026      0.280373842    
  0.429000020      0.279969245    
  0.429500014      0.279483765    
  0.430000007      0.278998256    
  0.430500031      0.278553218    
  0.431000024      0.278108180    
  0.431500018      0.277622700    
  0.432000011      0.277137190    
  0.432500035      0.276651710    
  0.433000028      0.276166201    
  0.433500022      0.275680691    
  0.434000015      0.275195211    
  0.434500009      0.274709702    
  0.435000032      0.274224222    
  0.435500026      0.273657799    
  0.436000019      0.273091406    
  0.436500013      0.272565454    
  0.437000006      0.272039473    
  0.437500030      0.271473080    
  0.438000023      0.270906657    
  0.438500017      0.270340264    
  0.439000010      0.269773841    
  0.439500034      0.269207418    
  0.440000027      0.268641025    
  0.440500021      0.268074602    
  0.441000015      0.267508179    
  0.441500008      0.266941786    
  0.442000031      0.266375363    
  0.442500025      0.265808970    
  0.443000019      0.265202075    
  0.443500012      0.264595211    
  0.444000036      0.264109731    
  0.444500029      0.263624221    
  0.445000023      0.263138741    
  0.445500016      0.262612790    
  0.446000010      0.262005895    
  0.446500033      0.261399031    
  0.447000027      0.260792166    
  0.447500020      0.260347128    
  0.448000014      0.259902090    
  0.448500007      0.259457052    
  0.449000031      0.259012014    
  0.449500024      0.258566976    
  0.450000018      0.258121938    
  0.450500011      0.257676899    
  0.451000035      0.257231861    
  0.451500028      0.256705910    
  0.452000022      0.256179959    
  0.452500015      0.255654007    
  0.453000009      0.255128056    
  0.453500032      0.254602104    
  0.454000026      0.254116595    
  0.454500020      0.253631115    
  0.455000013      0.253145605    
  0.455500036      0.252660125    
  0.456000030      0.252174616    
  0.456500024      0.251689106    
  0.457000017      0.251163155    
  0.457500011      0.250637203    
  0.458000034      0.250111252    
  0.458500028      0.249585301    
  0.459000021      0.249059349    
  0.459500015      0.248533398    
  0.460000008      0.248007447    
  0.460500032      0.247481495    
  0.461000025      0.247076914    
  0.461500019      0.246672332    
  0.462000012      0.246308208    
  0.462500036      0.245903626    
  0.463000029      0.245499045    
  0.463500023      0.245094463    
  0.464000016      0.244689897    
  0.464500010      0.244285315    
  0.465000033      0.243880734    
  0.465500027      0.243557066    
  0.466000021      0.243233398    
  0.466500014      0.242909744    
  0.467000008      0.242586076    
  0.467500031      0.242221951    
  0.468000025      0.241857827    
  0.468500018      0.241493702    
  0.469000012      0.241170049    
  0.469500035      0.240846381    
  0.470000029      0.240522712    
  0.470500022      0.240199059    
  0.471000016      0.239875391    
  0.471500009      0.239551723    
  0.472000033      0.239228055    
  0.472500026      0.238904402    
  0.473000020      0.238621190    
  0.473500013      0.238337979    
  0.474000037      0.238054782    
  0.474500030      0.237771571    
  0.475000024      0.237488374    
  0.475500017      0.237205163    
  0.476000011      0.236921951    
  0.476500034      0.236638755    
  0.477000028      0.236355543    
  0.477500021      0.236072332    
  0.478000015      0.235789135    
  0.478500009      0.235425010    
  0.479000032      0.235060886    
  0.479500026      0.234696761    
  0.480000019      0.234332651    
  0.480500013      0.233887613    
  0.481000036      0.233442575    
  0.481500030      0.232997537    
  0.482000023      0.232552499    
  0.482500017      0.232107460    
  0.483000010      0.231662422    
  0.483500034      0.231217384    
  0.484000027      0.230772346    
  0.484500021      0.230408221    
  0.485000014      0.230044097    
  0.485500038      0.229679972    
  0.486000031      0.229315862    
  0.486500025      0.228951737    
  0.487000018      0.228587613    
  0.487500012      0.228223488    
  0.488000035      0.227859363    
  0.488500029      0.227495253    
  0.489000022      0.227131128    
  0.489500016      0.226767004    
  0.490000010      0.226402879    
  0.490500033      0.226038754    
  0.491000026      0.225674644    
  0.491500020      0.225431889    
  0.492000014      0.225189134    
  0.492500037      0.224946395    
  0.493000031      0.224703640    
  0.493500024      0.224420443    
  0.494000018      0.224177688    
  0.494500011      0.223934948    
  0.495000035      0.223651737    
  0.495500028      0.223368526    
  0.496000022      0.223085329    
  0.496500015      0.222802117    
  0.497000009      0.222518921    
  0.497500032      0.222154796    
  0.498000026      0.221831128    
  0.498500019      0.221507460    
  0.499000013      0.221143350    
  0.499500036      0.220779225    
