  33  24  25
  33  24  26
  24  33  34
  24  33  35
  36  24  25
  36  24  26
  24  36  37
  24  36  38
  36  24  25
  36  24  26
  24  36  37
  24  36  38
  42  24  25
  42  24  26
  24  42  43
  24  42  44
  45  24  25
  45  24  26
  24  45  46
  24  45  47
  48  24  25
  48  24  26
  24  48  49
  24  48  50
  60  24  25
  60  24  26
  24  60  61
  24  60  62
  63  24  25
  63  24  26
  24  63  64
  24  63  65
  72  24  25
  72  24  26
  24  72  73
  24  72  74
  75  24  25
  75  24  26
  24  75  76
  24  75  77
  78  24  25
  78  24  26
  24  78  79
  24  78  80
  90  24  25
  90  24  26
  24  90  91
  24  90  92
  93  24  25
  93  24  26
  24  93  94
  24  93  95
  96  24  25
  96  24  26
  24  96  97
  24  96  98
  96  24  25
  96  24  26
  24  96  97
  24  96  98
 102  24  25
 102  24  26
  24 102 103
  24 102 104
 105  24  25
 105  24  26
  24 105 106
  24 105 107
 108  24  25
 108  24  26
  24 108 109
  24 108 110
 114  24  25
 114  24  26
  24 114 115
  24 114 116
 120  24  25
 120  24  26
  24 120 121
  24 120 122
 120  24  25
 120  24  26
  24 120 121
  24 120 122
 123  24  25
 123  24  26
  24 123 124
  24 123 125
 129  24  25
 129  24  26
  24 129 130
  24 129 131
 132  24  25
 132  24  26
  24 132 133
  24 132 134
 138  24  25
 138  24  26
  24 138 139
  24 138 140
 150  24  25
 150  24  26
  24 150 151
  24 150 152
 162  24  25
 162  24  26
  24 162 163
  24 162 164
 162  24  25
 162  24  26
  24 162 163
  24 162 164
 165  24  25
 165  24  26
  24 165 166
  24 165 167
 165  24  25
 165  24  26
  24 165 166
  24 165 167
 180  24  25
 180  24  26
  24 180 181
  24 180 182
 186  24  25
 186  24  26
  24 186 187
  24 186 188
 198  24  25
 198  24  26
  24 198 199
  24 198 200
 204  24  25
 204  24  26
  24 204 205
  24 204 206
 213  24  25
 213  24  26
  24 213 214
  24 213 215
 216  24  25
 216  24  26
  24 216 217
  24 216 218
 219  24  25
 219  24  26
  24 219 220
  24 219 221
 222  24  25
 222  24  26
  24 222 223
  24 222 224
 237  24  25
 237  24  26
  24 237 238
  24 237 239
 249  24  25
 249  24  26
  24 249 250
  24 249 251
 261  24  25
 261  24  26
  24 261 262
  24 261 263
 267  24  25
 267  24  26
  24 267 268
  24 267 269
 276  24  25
 276  24  26
  24 276 277
  24 276 278
 279  24  25
 279  24  26
  24 279 280
  24 279 281
 279  24  25
 279  24  26
  24 279 280
  24 279 281
 282  24  25
 282  24  26
  24 282 283
  24 282 284
 285  24  25
 285  24  26
  24 285 286
  24 285 287
 288  24  25
 288  24  26
  24 288 289
  24 288 290
 306  24  25
 306  24  26
  24 306 307
  24 306 308
 312  24  25
 312  24  26
  24 312 313
  24 312 314
 315  24  25
 315  24  26
  24 315 316
  24 315 317
 318  24  25
 318  24  26
  24 318 319
  24 318 320
 324  24  25
 324  24  26
  24 324 325
  24 324 326
 327  24  25
 327  24  26
  24 327 328
  24 327 329
 336  24  25
 336  24  26
  24 336 337
  24 336 338
 336  24  25
 336  24  26
  24 336 337
  24 336 338
 339  24  25
 339  24  26
  24 339 340
  24 339 341
 339  24  25
 339  24  26
  24 339 340
  24 339 341
 342  24  25
 342  24  26
  24 342 343
  24 342 344
 345  24  25
 345  24  26
  24 345 346
  24 345 347
 348  24  25
 348  24  26
  24 348 349
  24 348 350
  36  33  34
  36  33  35
  33  36  37
  33  36  38
  36  33  34
  36  33  35
  33  36  37
  33  36  38
  42  33  34
  42  33  35
  33  42  43
  33  42  44
  45  33  34
  45  33  35
  33  45  46
  33  45  47
  48  33  34
  48  33  35
  33  48  49
  33  48  50
  60  33  34
  60  33  35
  33  60  61
  33  60  62
  63  33  34
  63  33  35
  33  63  64
  33  63  65
  72  33  34
  72  33  35
  33  72  73
  33  72  74
  75  33  34
  75  33  35
  33  75  76
  33  75  77
  78  33  34
  78  33  35
  33  78  79
  33  78  80
  90  33  34
  90  33  35
  33  90  91
  33  90  92
  93  33  34
  93  33  35
  33  93  94
  33  93  95
  96  33  34
  96  33  35
  33  96  97
  33  96  98
  96  33  34
  96  33  35
  33  96  97
  33  96  98
 102  33  34
 102  33  35
  33 102 103
  33 102 104
 105  33  34
 105  33  35
  33 105 106
  33 105 107
 108  33  34
 108  33  35
  33 108 109
  33 108 110
 114  33  34
 114  33  35
  33 114 115
  33 114 116
 120  33  34
 120  33  35
  33 120 121
  33 120 122
 120  33  34
 120  33  35
  33 120 121
  33 120 122
 123  33  34
 123  33  35
  33 123 124
  33 123 125
 129  33  34
 129  33  35
  33 129 130
  33 129 131
 132  33  34
 132  33  35
  33 132 133
  33 132 134
 138  33  34
 138  33  35
  33 138 139
  33 138 140
 150  33  34
 150  33  35
  33 150 151
  33 150 152
 162  33  34
 162  33  35
  33 162 163
  33 162 164
 162  33  34
 162  33  35
  33 162 163
  33 162 164
 165  33  34
 165  33  35
  33 165 166
  33 165 167
 165  33  34
 165  33  35
  33 165 166
  33 165 167
 180  33  34
 180  33  35
  33 180 181
  33 180 182
 186  33  34
 186  33  35
  33 186 187
  33 186 188
 198  33  34
 198  33  35
  33 198 199
  33 198 200
 204  33  34
 204  33  35
  33 204 205
  33 204 206
 213  33  34
 213  33  35
  33 213 214
  33 213 215
 216  33  34
 216  33  35
  33 216 217
  33 216 218
 219  33  34
 219  33  35
  33 219 220
  33 219 221
 222  33  34
 222  33  35
  33 222 223
  33 222 224
 237  33  34
 237  33  35
  33 237 238
  33 237 239
 249  33  34
 249  33  35
  33 249 250
  33 249 251
 261  33  34
 261  33  35
  33 261 262
  33 261 263
 267  33  34
 267  33  35
  33 267 268
  33 267 269
 276  33  34
 276  33  35
  33 276 277
  33 276 278
 279  33  34
 279  33  35
  33 279 280
  33 279 281
 279  33  34
 279  33  35
  33 279 280
  33 279 281
 282  33  34
 282  33  35
  33 282 283
  33 282 284
 285  33  34
 285  33  35
  33 285 286
  33 285 287
 288  33  34
 288  33  35
  33 288 289
  33 288 290
 306  33  34
 306  33  35
  33 306 307
  33 306 308
 312  33  34
 312  33  35
  33 312 313
  33 312 314
 315  33  34
 315  33  35
  33 315 316
  33 315 317
 318  33  34
 318  33  35
  33 318 319
  33 318 320
 324  33  34
 324  33  35
  33 324 325
  33 324 326
 327  33  34
 327  33  35
  33 327 328
  33 327 329
 336  33  34
 336  33  35
  33 336 337
  33 336 338
 336  33  34
 336  33  35
  33 336 337
  33 336 338
 339  33  34
 339  33  35
  33 339 340
  33 339 341
 339  33  34
 339  33  35
  33 339 340
  33 339 341
 342  33  34
 342  33  35
  33 342 343
  33 342 344
 345  33  34
 345  33  35
  33 345 346
  33 345 347
 348  33  34
 348  33  35
  33 348 349
  33 348 350
  42  36  37
  42  36  38
  36  42  43
  36  42  44
  45  36  37
  45  36  38
  36  45  46
  36  45  47
  48  36  37
  48  36  38
  36  48  49
  36  48  50
  60  36  37
  60  36  38
  36  60  61
  36  60  62
  63  36  37
  63  36  38
  36  63  64
  36  63  65
  72  36  37
  72  36  38
  36  72  73
  36  72  74
  75  36  37
  75  36  38
  36  75  76
  36  75  77
  78  36  37
  78  36  38
  36  78  79
  36  78  80
  90  36  37
  90  36  38
  36  90  91
  36  90  92
  93  36  37
  93  36  38
  36  93  94
  36  93  95
  96  36  37
  96  36  38
  36  96  97
  36  96  98
  96  36  37
  96  36  38
  36  96  97
  36  96  98
 102  36  37
 102  36  38
  36 102 103
  36 102 104
 105  36  37
 105  36  38
  36 105 106
  36 105 107
 108  36  37
 108  36  38
  36 108 109
  36 108 110
 114  36  37
 114  36  38
  36 114 115
  36 114 116
 120  36  37
 120  36  38
  36 120 121
  36 120 122
 120  36  37
 120  36  38
  36 120 121
  36 120 122
 123  36  37
 123  36  38
  36 123 124
  36 123 125
 129  36  37
 129  36  38
  36 129 130
  36 129 131
 132  36  37
 132  36  38
  36 132 133
  36 132 134
 138  36  37
 138  36  38
  36 138 139
  36 138 140
 150  36  37
 150  36  38
  36 150 151
  36 150 152
 162  36  37
 162  36  38
  36 162 163
  36 162 164
 162  36  37
 162  36  38
  36 162 163
  36 162 164
 165  36  37
 165  36  38
  36 165 166
  36 165 167
 165  36  37
 165  36  38
  36 165 166
  36 165 167
 180  36  37
 180  36  38
  36 180 181
  36 180 182
 186  36  37
 186  36  38
  36 186 187
  36 186 188
 198  36  37
 198  36  38
  36 198 199
  36 198 200
 204  36  37
 204  36  38
  36 204 205
  36 204 206
 213  36  37
 213  36  38
  36 213 214
  36 213 215
 216  36  37
 216  36  38
  36 216 217
  36 216 218
 219  36  37
 219  36  38
  36 219 220
  36 219 221
 222  36  37
 222  36  38
  36 222 223
  36 222 224
 237  36  37
 237  36  38
  36 237 238
  36 237 239
 249  36  37
 249  36  38
  36 249 250
  36 249 251
 261  36  37
 261  36  38
  36 261 262
  36 261 263
 267  36  37
 267  36  38
  36 267 268
  36 267 269
 276  36  37
 276  36  38
  36 276 277
  36 276 278
 279  36  37
 279  36  38
  36 279 280
  36 279 281
 279  36  37
 279  36  38
  36 279 280
  36 279 281
 282  36  37
 282  36  38
  36 282 283
  36 282 284
 285  36  37
 285  36  38
  36 285 286
  36 285 287
 288  36  37
 288  36  38
  36 288 289
  36 288 290
 306  36  37
 306  36  38
  36 306 307
  36 306 308
 312  36  37
 312  36  38
  36 312 313
  36 312 314
 315  36  37
 315  36  38
  36 315 316
  36 315 317
 318  36  37
 318  36  38
  36 318 319
  36 318 320
 324  36  37
 324  36  38
  36 324 325
  36 324 326
 327  36  37
 327  36  38
  36 327 328
  36 327 329
 336  36  37
 336  36  38
  36 336 337
  36 336 338
 336  36  37
 336  36  38
  36 336 337
  36 336 338
 339  36  37
 339  36  38
  36 339 340
  36 339 341
 339  36  37
 339  36  38
  36 339 340
  36 339 341
 342  36  37
 342  36  38
  36 342 343
  36 342 344
 345  36  37
 345  36  38
  36 345 346
  36 345 347
 348  36  37
 348  36  38
  36 348 349
  36 348 350
  42  36  37
  42  36  38
  36  42  43
  36  42  44
  45  36  37
  45  36  38
  36  45  46
  36  45  47
  48  36  37
  48  36  38
  36  48  49
  36  48  50
  60  36  37
  60  36  38
  36  60  61
  36  60  62
  63  36  37
  63  36  38
  36  63  64
  36  63  65
  72  36  37
  72  36  38
  36  72  73
  36  72  74
  75  36  37
  75  36  38
  36  75  76
  36  75  77
  78  36  37
  78  36  38
  36  78  79
  36  78  80
  90  36  37
  90  36  38
  36  90  91
  36  90  92
  93  36  37
  93  36  38
  36  93  94
  36  93  95
  96  36  37
  96  36  38
  36  96  97
  36  96  98
  96  36  37
  96  36  38
  36  96  97
  36  96  98
 102  36  37
 102  36  38
  36 102 103
  36 102 104
 105  36  37
 105  36  38
  36 105 106
  36 105 107
 108  36  37
 108  36  38
  36 108 109
  36 108 110
 114  36  37
 114  36  38
  36 114 115
  36 114 116
 120  36  37
 120  36  38
  36 120 121
  36 120 122
 120  36  37
 120  36  38
  36 120 121
  36 120 122
 123  36  37
 123  36  38
  36 123 124
  36 123 125
 129  36  37
 129  36  38
  36 129 130
  36 129 131
 132  36  37
 132  36  38
  36 132 133
  36 132 134
 138  36  37
 138  36  38
  36 138 139
  36 138 140
 150  36  37
 150  36  38
  36 150 151
  36 150 152
 162  36  37
 162  36  38
  36 162 163
  36 162 164
 162  36  37
 162  36  38
  36 162 163
  36 162 164
 165  36  37
 165  36  38
  36 165 166
  36 165 167
 165  36  37
 165  36  38
  36 165 166
  36 165 167
 180  36  37
 180  36  38
  36 180 181
  36 180 182
 186  36  37
 186  36  38
  36 186 187
  36 186 188
 198  36  37
 198  36  38
  36 198 199
  36 198 200
 204  36  37
 204  36  38
  36 204 205
  36 204 206
 213  36  37
 213  36  38
  36 213 214
  36 213 215
 216  36  37
 216  36  38
  36 216 217
  36 216 218
 219  36  37
 219  36  38
  36 219 220
  36 219 221
 222  36  37
 222  36  38
  36 222 223
  36 222 224
 237  36  37
 237  36  38
  36 237 238
  36 237 239
 249  36  37
 249  36  38
  36 249 250
  36 249 251
 261  36  37
 261  36  38
  36 261 262
  36 261 263
 267  36  37
 267  36  38
  36 267 268
  36 267 269
 276  36  37
 276  36  38
  36 276 277
  36 276 278
 279  36  37
 279  36  38
  36 279 280
  36 279 281
 279  36  37
 279  36  38
  36 279 280
  36 279 281
 282  36  37
 282  36  38
  36 282 283
  36 282 284
 285  36  37
 285  36  38
  36 285 286
  36 285 287
 288  36  37
 288  36  38
  36 288 289
  36 288 290
 306  36  37
 306  36  38
  36 306 307
  36 306 308
 312  36  37
 312  36  38
  36 312 313
  36 312 314
 315  36  37
 315  36  38
  36 315 316
  36 315 317
 318  36  37
 318  36  38
  36 318 319
  36 318 320
 324  36  37
 324  36  38
  36 324 325
  36 324 326
 327  36  37
 327  36  38
  36 327 328
  36 327 329
 336  36  37
 336  36  38
  36 336 337
  36 336 338
 336  36  37
 336  36  38
  36 336 337
  36 336 338
 339  36  37
 339  36  38
  36 339 340
  36 339 341
 339  36  37
 339  36  38
  36 339 340
  36 339 341
 342  36  37
 342  36  38
  36 342 343
  36 342 344
 345  36  37
 345  36  38
  36 345 346
  36 345 347
 348  36  37
 348  36  38
  36 348 349
  36 348 350
  45  42  43
  45  42  44
  42  45  46
  42  45  47
  48  42  43
  48  42  44
  42  48  49
  42  48  50
  60  42  43
  60  42  44
  42  60  61
  42  60  62
  63  42  43
  63  42  44
  42  63  64
  42  63  65
  72  42  43
  72  42  44
  42  72  73
  42  72  74
  75  42  43
  75  42  44
  42  75  76
  42  75  77
  78  42  43
  78  42  44
  42  78  79
  42  78  80
  90  42  43
  90  42  44
  42  90  91
  42  90  92
  93  42  43
  93  42  44
  42  93  94
  42  93  95
  96  42  43
  96  42  44
  42  96  97
  42  96  98
  96  42  43
  96  42  44
  42  96  97
  42  96  98
 102  42  43
 102  42  44
  42 102 103
  42 102 104
 105  42  43
 105  42  44
  42 105 106
  42 105 107
 108  42  43
 108  42  44
  42 108 109
  42 108 110
 114  42  43
 114  42  44
  42 114 115
  42 114 116
 120  42  43
 120  42  44
  42 120 121
  42 120 122
 120  42  43
 120  42  44
  42 120 121
  42 120 122
 123  42  43
 123  42  44
  42 123 124
  42 123 125
 129  42  43
 129  42  44
  42 129 130
  42 129 131
 132  42  43
 132  42  44
  42 132 133
  42 132 134
 138  42  43
 138  42  44
  42 138 139
  42 138 140
 150  42  43
 150  42  44
  42 150 151
  42 150 152
 162  42  43
 162  42  44
  42 162 163
  42 162 164
 162  42  43
 162  42  44
  42 162 163
  42 162 164
 165  42  43
 165  42  44
  42 165 166
  42 165 167
 165  42  43
 165  42  44
  42 165 166
  42 165 167
 180  42  43
 180  42  44
  42 180 181
  42 180 182
 186  42  43
 186  42  44
  42 186 187
  42 186 188
 198  42  43
 198  42  44
  42 198 199
  42 198 200
 204  42  43
 204  42  44
  42 204 205
  42 204 206
 213  42  43
 213  42  44
  42 213 214
  42 213 215
 216  42  43
 216  42  44
  42 216 217
  42 216 218
 219  42  43
 219  42  44
  42 219 220
  42 219 221
 222  42  43
 222  42  44
  42 222 223
  42 222 224
 237  42  43
 237  42  44
  42 237 238
  42 237 239
 249  42  43
 249  42  44
  42 249 250
  42 249 251
 261  42  43
 261  42  44
  42 261 262
  42 261 263
 267  42  43
 267  42  44
  42 267 268
  42 267 269
 276  42  43
 276  42  44
  42 276 277
  42 276 278
 279  42  43
 279  42  44
  42 279 280
  42 279 281
 279  42  43
 279  42  44
  42 279 280
  42 279 281
 282  42  43
 282  42  44
  42 282 283
  42 282 284
 285  42  43
 285  42  44
  42 285 286
  42 285 287
 288  42  43
 288  42  44
  42 288 289
  42 288 290
 306  42  43
 306  42  44
  42 306 307
  42 306 308
 312  42  43
 312  42  44
  42 312 313
  42 312 314
 315  42  43
 315  42  44
  42 315 316
  42 315 317
 318  42  43
 318  42  44
  42 318 319
  42 318 320
 324  42  43
 324  42  44
  42 324 325
  42 324 326
 327  42  43
 327  42  44
  42 327 328
  42 327 329
 336  42  43
 336  42  44
  42 336 337
  42 336 338
 336  42  43
 336  42  44
  42 336 337
  42 336 338
 339  42  43
 339  42  44
  42 339 340
  42 339 341
 339  42  43
 339  42  44
  42 339 340
  42 339 341
 342  42  43
 342  42  44
  42 342 343
  42 342 344
 345  42  43
 345  42  44
  42 345 346
  42 345 347
 348  42  43
 348  42  44
  42 348 349
  42 348 350
  48  45  46
  48  45  47
  45  48  49
  45  48  50
  60  45  46
  60  45  47
  45  60  61
  45  60  62
  63  45  46
  63  45  47
  45  63  64
  45  63  65
  72  45  46
  72  45  47
  45  72  73
  45  72  74
  75  45  46
  75  45  47
  45  75  76
  45  75  77
  78  45  46
  78  45  47
  45  78  79
  45  78  80
  90  45  46
  90  45  47
  45  90  91
  45  90  92
  93  45  46
  93  45  47
  45  93  94
  45  93  95
  96  45  46
  96  45  47
  45  96  97
  45  96  98
  96  45  46
  96  45  47
  45  96  97
  45  96  98
 102  45  46
 102  45  47
  45 102 103
  45 102 104
 105  45  46
 105  45  47
  45 105 106
  45 105 107
 108  45  46
 108  45  47
  45 108 109
  45 108 110
 114  45  46
 114  45  47
  45 114 115
  45 114 116
 120  45  46
 120  45  47
  45 120 121
  45 120 122
 120  45  46
 120  45  47
  45 120 121
  45 120 122
 123  45  46
 123  45  47
  45 123 124
  45 123 125
 129  45  46
 129  45  47
  45 129 130
  45 129 131
 132  45  46
 132  45  47
  45 132 133
  45 132 134
 138  45  46
 138  45  47
  45 138 139
  45 138 140
 150  45  46
 150  45  47
  45 150 151
  45 150 152
 162  45  46
 162  45  47
  45 162 163
  45 162 164
 162  45  46
 162  45  47
  45 162 163
  45 162 164
 165  45  46
 165  45  47
  45 165 166
  45 165 167
 165  45  46
 165  45  47
  45 165 166
  45 165 167
 180  45  46
 180  45  47
  45 180 181
  45 180 182
 186  45  46
 186  45  47
  45 186 187
  45 186 188
 198  45  46
 198  45  47
  45 198 199
  45 198 200
 204  45  46
 204  45  47
  45 204 205
  45 204 206
 213  45  46
 213  45  47
  45 213 214
  45 213 215
 216  45  46
 216  45  47
  45 216 217
  45 216 218
 219  45  46
 219  45  47
  45 219 220
  45 219 221
 222  45  46
 222  45  47
  45 222 223
  45 222 224
 237  45  46
 237  45  47
  45 237 238
  45 237 239
 249  45  46
 249  45  47
  45 249 250
  45 249 251
 261  45  46
 261  45  47
  45 261 262
  45 261 263
 267  45  46
 267  45  47
  45 267 268
  45 267 269
 276  45  46
 276  45  47
  45 276 277
  45 276 278
 279  45  46
 279  45  47
  45 279 280
  45 279 281
 279  45  46
 279  45  47
  45 279 280
  45 279 281
 282  45  46
 282  45  47
  45 282 283
  45 282 284
 285  45  46
 285  45  47
  45 285 286
  45 285 287
 288  45  46
 288  45  47
  45 288 289
  45 288 290
 306  45  46
 306  45  47
  45 306 307
  45 306 308
 312  45  46
 312  45  47
  45 312 313
  45 312 314
 315  45  46
 315  45  47
  45 315 316
  45 315 317
 318  45  46
 318  45  47
  45 318 319
  45 318 320
 324  45  46
 324  45  47
  45 324 325
  45 324 326
 327  45  46
 327  45  47
  45 327 328
  45 327 329
 336  45  46
 336  45  47
  45 336 337
  45 336 338
 336  45  46
 336  45  47
  45 336 337
  45 336 338
 339  45  46
 339  45  47
  45 339 340
  45 339 341
 339  45  46
 339  45  47
  45 339 340
  45 339 341
 342  45  46
 342  45  47
  45 342 343
  45 342 344
 345  45  46
 345  45  47
  45 345 346
  45 345 347
 348  45  46
 348  45  47
  45 348 349
  45 348 350
  60  48  49
  60  48  50
  48  60  61
  48  60  62
  63  48  49
  63  48  50
  48  63  64
  48  63  65
  72  48  49
  72  48  50
  48  72  73
  48  72  74
  75  48  49
  75  48  50
  48  75  76
  48  75  77
  78  48  49
  78  48  50
  48  78  79
  48  78  80
  90  48  49
  90  48  50
  48  90  91
  48  90  92
  93  48  49
  93  48  50
  48  93  94
  48  93  95
  96  48  49
  96  48  50
  48  96  97
  48  96  98
  96  48  49
  96  48  50
  48  96  97
  48  96  98
 102  48  49
 102  48  50
  48 102 103
  48 102 104
 105  48  49
 105  48  50
  48 105 106
  48 105 107
 108  48  49
 108  48  50
  48 108 109
  48 108 110
 114  48  49
 114  48  50
  48 114 115
  48 114 116
 120  48  49
 120  48  50
  48 120 121
  48 120 122
 120  48  49
 120  48  50
  48 120 121
  48 120 122
 123  48  49
 123  48  50
  48 123 124
  48 123 125
 129  48  49
 129  48  50
  48 129 130
  48 129 131
 132  48  49
 132  48  50
  48 132 133
  48 132 134
 138  48  49
 138  48  50
  48 138 139
  48 138 140
 150  48  49
 150  48  50
  48 150 151
  48 150 152
 162  48  49
 162  48  50
  48 162 163
  48 162 164
 162  48  49
 162  48  50
  48 162 163
  48 162 164
 165  48  49
 165  48  50
  48 165 166
  48 165 167
 165  48  49
 165  48  50
  48 165 166
  48 165 167
 180  48  49
 180  48  50
  48 180 181
  48 180 182
 186  48  49
 186  48  50
  48 186 187
  48 186 188
 198  48  49
 198  48  50
  48 198 199
  48 198 200
 204  48  49
 204  48  50
  48 204 205
  48 204 206
 213  48  49
 213  48  50
  48 213 214
  48 213 215
 216  48  49
 216  48  50
  48 216 217
  48 216 218
 219  48  49
 219  48  50
  48 219 220
  48 219 221
 222  48  49
 222  48  50
  48 222 223
  48 222 224
 237  48  49
 237  48  50
  48 237 238
  48 237 239
 249  48  49
 249  48  50
  48 249 250
  48 249 251
 261  48  49
 261  48  50
  48 261 262
  48 261 263
 267  48  49
 267  48  50
  48 267 268
  48 267 269
 276  48  49
 276  48  50
  48 276 277
  48 276 278
 279  48  49
 279  48  50
  48 279 280
  48 279 281
 279  48  49
 279  48  50
  48 279 280
  48 279 281
 282  48  49
 282  48  50
  48 282 283
  48 282 284
 285  48  49
 285  48  50
  48 285 286
  48 285 287
 288  48  49
 288  48  50
  48 288 289
  48 288 290
 306  48  49
 306  48  50
  48 306 307
  48 306 308
 312  48  49
 312  48  50
  48 312 313
  48 312 314
 315  48  49
 315  48  50
  48 315 316
  48 315 317
 318  48  49
 318  48  50
  48 318 319
  48 318 320
 324  48  49
 324  48  50
  48 324 325
  48 324 326
 327  48  49
 327  48  50
  48 327 328
  48 327 329
 336  48  49
 336  48  50
  48 336 337
  48 336 338
 336  48  49
 336  48  50
  48 336 337
  48 336 338
 339  48  49
 339  48  50
  48 339 340
  48 339 341
 339  48  49
 339  48  50
  48 339 340
  48 339 341
 342  48  49
 342  48  50
  48 342 343
  48 342 344
 345  48  49
 345  48  50
  48 345 346
  48 345 347
 348  48  49
 348  48  50
  48 348 349
  48 348 350
  63  60  61
  63  60  62
  60  63  64
  60  63  65
  72  60  61
  72  60  62
  60  72  73
  60  72  74
  75  60  61
  75  60  62
  60  75  76
  60  75  77
  78  60  61
  78  60  62
  60  78  79
  60  78  80
  90  60  61
  90  60  62
  60  90  91
  60  90  92
  93  60  61
  93  60  62
  60  93  94
  60  93  95
  96  60  61
  96  60  62
  60  96  97
  60  96  98
  96  60  61
  96  60  62
  60  96  97
  60  96  98
 102  60  61
 102  60  62
  60 102 103
  60 102 104
 105  60  61
 105  60  62
  60 105 106
  60 105 107
 108  60  61
 108  60  62
  60 108 109
  60 108 110
 114  60  61
 114  60  62
  60 114 115
  60 114 116
 120  60  61
 120  60  62
  60 120 121
  60 120 122
 120  60  61
 120  60  62
  60 120 121
  60 120 122
 123  60  61
 123  60  62
  60 123 124
  60 123 125
 129  60  61
 129  60  62
  60 129 130
  60 129 131
 132  60  61
 132  60  62
  60 132 133
  60 132 134
 138  60  61
 138  60  62
  60 138 139
  60 138 140
 150  60  61
 150  60  62
  60 150 151
  60 150 152
 162  60  61
 162  60  62
  60 162 163
  60 162 164
 162  60  61
 162  60  62
  60 162 163
  60 162 164
 165  60  61
 165  60  62
  60 165 166
  60 165 167
 165  60  61
 165  60  62
  60 165 166
  60 165 167
 180  60  61
 180  60  62
  60 180 181
  60 180 182
 186  60  61
 186  60  62
  60 186 187
  60 186 188
 198  60  61
 198  60  62
  60 198 199
  60 198 200
 204  60  61
 204  60  62
  60 204 205
  60 204 206
 213  60  61
 213  60  62
  60 213 214
  60 213 215
 216  60  61
 216  60  62
  60 216 217
  60 216 218
 219  60  61
 219  60  62
  60 219 220
  60 219 221
 222  60  61
 222  60  62
  60 222 223
  60 222 224
 237  60  61
 237  60  62
  60 237 238
  60 237 239
 249  60  61
 249  60  62
  60 249 250
  60 249 251
 261  60  61
 261  60  62
  60 261 262
  60 261 263
 267  60  61
 267  60  62
  60 267 268
  60 267 269
 276  60  61
 276  60  62
  60 276 277
  60 276 278
 279  60  61
 279  60  62
  60 279 280
  60 279 281
 279  60  61
 279  60  62
  60 279 280
  60 279 281
 282  60  61
 282  60  62
  60 282 283
  60 282 284
 285  60  61
 285  60  62
  60 285 286
  60 285 287
 288  60  61
 288  60  62
  60 288 289
  60 288 290
 306  60  61
 306  60  62
  60 306 307
  60 306 308
 312  60  61
 312  60  62
  60 312 313
  60 312 314
 315  60  61
 315  60  62
  60 315 316
  60 315 317
 318  60  61
 318  60  62
  60 318 319
  60 318 320
 324  60  61
 324  60  62
  60 324 325
  60 324 326
 327  60  61
 327  60  62
  60 327 328
  60 327 329
 336  60  61
 336  60  62
  60 336 337
  60 336 338
 336  60  61
 336  60  62
  60 336 337
  60 336 338
 339  60  61
 339  60  62
  60 339 340
  60 339 341
 339  60  61
 339  60  62
  60 339 340
  60 339 341
 342  60  61
 342  60  62
  60 342 343
  60 342 344
 345  60  61
 345  60  62
  60 345 346
  60 345 347
 348  60  61
 348  60  62
  60 348 349
  60 348 350
  72  63  64
  72  63  65
  63  72  73
  63  72  74
  75  63  64
  75  63  65
  63  75  76
  63  75  77
  78  63  64
  78  63  65
  63  78  79
  63  78  80
  90  63  64
  90  63  65
  63  90  91
  63  90  92
  93  63  64
  93  63  65
  63  93  94
  63  93  95
  96  63  64
  96  63  65
  63  96  97
  63  96  98
  96  63  64
  96  63  65
  63  96  97
  63  96  98
 102  63  64
 102  63  65
  63 102 103
  63 102 104
 105  63  64
 105  63  65
  63 105 106
  63 105 107
 108  63  64
 108  63  65
  63 108 109
  63 108 110
 114  63  64
 114  63  65
  63 114 115
  63 114 116
 120  63  64
 120  63  65
  63 120 121
  63 120 122
 120  63  64
 120  63  65
  63 120 121
  63 120 122
 123  63  64
 123  63  65
  63 123 124
  63 123 125
 129  63  64
 129  63  65
  63 129 130
  63 129 131
 132  63  64
 132  63  65
  63 132 133
  63 132 134
 138  63  64
 138  63  65
  63 138 139
  63 138 140
 150  63  64
 150  63  65
  63 150 151
  63 150 152
 162  63  64
 162  63  65
  63 162 163
  63 162 164
 162  63  64
 162  63  65
  63 162 163
  63 162 164
 165  63  64
 165  63  65
  63 165 166
  63 165 167
 165  63  64
 165  63  65
  63 165 166
  63 165 167
 180  63  64
 180  63  65
  63 180 181
  63 180 182
 186  63  64
 186  63  65
  63 186 187
  63 186 188
 198  63  64
 198  63  65
  63 198 199
  63 198 200
 204  63  64
 204  63  65
  63 204 205
  63 204 206
 213  63  64
 213  63  65
  63 213 214
  63 213 215
 216  63  64
 216  63  65
  63 216 217
  63 216 218
 219  63  64
 219  63  65
  63 219 220
  63 219 221
 222  63  64
 222  63  65
  63 222 223
  63 222 224
 237  63  64
 237  63  65
  63 237 238
  63 237 239
 249  63  64
 249  63  65
  63 249 250
  63 249 251
 261  63  64
 261  63  65
  63 261 262
  63 261 263
 267  63  64
 267  63  65
  63 267 268
  63 267 269
 276  63  64
 276  63  65
  63 276 277
  63 276 278
 279  63  64
 279  63  65
  63 279 280
  63 279 281
 279  63  64
 279  63  65
  63 279 280
  63 279 281
 282  63  64
 282  63  65
  63 282 283
  63 282 284
 285  63  64
 285  63  65
  63 285 286
  63 285 287
 288  63  64
 288  63  65
  63 288 289
  63 288 290
 306  63  64
 306  63  65
  63 306 307
  63 306 308
 312  63  64
 312  63  65
  63 312 313
  63 312 314
 315  63  64
 315  63  65
  63 315 316
  63 315 317
 318  63  64
 318  63  65
  63 318 319
  63 318 320
 324  63  64
 324  63  65
  63 324 325
  63 324 326
 327  63  64
 327  63  65
  63 327 328
  63 327 329
 336  63  64
 336  63  65
  63 336 337
  63 336 338
 336  63  64
 336  63  65
  63 336 337
  63 336 338
 339  63  64
 339  63  65
  63 339 340
  63 339 341
 339  63  64
 339  63  65
  63 339 340
  63 339 341
 342  63  64
 342  63  65
  63 342 343
  63 342 344
 345  63  64
 345  63  65
  63 345 346
  63 345 347
 348  63  64
 348  63  65
  63 348 349
  63 348 350
  75  72  73
  75  72  74
  72  75  76
  72  75  77
  78  72  73
  78  72  74
  72  78  79
  72  78  80
  90  72  73
  90  72  74
  72  90  91
  72  90  92
  93  72  73
  93  72  74
  72  93  94
  72  93  95
  96  72  73
  96  72  74
  72  96  97
  72  96  98
  96  72  73
  96  72  74
  72  96  97
  72  96  98
 102  72  73
 102  72  74
  72 102 103
  72 102 104
 105  72  73
 105  72  74
  72 105 106
  72 105 107
 108  72  73
 108  72  74
  72 108 109
  72 108 110
 114  72  73
 114  72  74
  72 114 115
  72 114 116
 120  72  73
 120  72  74
  72 120 121
  72 120 122
 120  72  73
 120  72  74
  72 120 121
  72 120 122
 123  72  73
 123  72  74
  72 123 124
  72 123 125
 129  72  73
 129  72  74
  72 129 130
  72 129 131
 132  72  73
 132  72  74
  72 132 133
  72 132 134
 138  72  73
 138  72  74
  72 138 139
  72 138 140
 150  72  73
 150  72  74
  72 150 151
  72 150 152
 162  72  73
 162  72  74
  72 162 163
  72 162 164
 162  72  73
 162  72  74
  72 162 163
  72 162 164
 165  72  73
 165  72  74
  72 165 166
  72 165 167
 165  72  73
 165  72  74
  72 165 166
  72 165 167
 180  72  73
 180  72  74
  72 180 181
  72 180 182
 186  72  73
 186  72  74
  72 186 187
  72 186 188
 198  72  73
 198  72  74
  72 198 199
  72 198 200
 204  72  73
 204  72  74
  72 204 205
  72 204 206
 213  72  73
 213  72  74
  72 213 214
  72 213 215
 216  72  73
 216  72  74
  72 216 217
  72 216 218
 219  72  73
 219  72  74
  72 219 220
  72 219 221
 222  72  73
 222  72  74
  72 222 223
  72 222 224
 237  72  73
 237  72  74
  72 237 238
  72 237 239
 249  72  73
 249  72  74
  72 249 250
  72 249 251
 261  72  73
 261  72  74
  72 261 262
  72 261 263
 267  72  73
 267  72  74
  72 267 268
  72 267 269
 276  72  73
 276  72  74
  72 276 277
  72 276 278
 279  72  73
 279  72  74
  72 279 280
  72 279 281
 279  72  73
 279  72  74
  72 279 280
  72 279 281
 282  72  73
 282  72  74
  72 282 283
  72 282 284
 285  72  73
 285  72  74
  72 285 286
  72 285 287
 288  72  73
 288  72  74
  72 288 289
  72 288 290
 306  72  73
 306  72  74
  72 306 307
  72 306 308
 312  72  73
 312  72  74
  72 312 313
  72 312 314
 315  72  73
 315  72  74
  72 315 316
  72 315 317
 318  72  73
 318  72  74
  72 318 319
  72 318 320
 324  72  73
 324  72  74
  72 324 325
  72 324 326
 327  72  73
 327  72  74
  72 327 328
  72 327 329
 336  72  73
 336  72  74
  72 336 337
  72 336 338
 336  72  73
 336  72  74
  72 336 337
  72 336 338
 339  72  73
 339  72  74
  72 339 340
  72 339 341
 339  72  73
 339  72  74
  72 339 340
  72 339 341
 342  72  73
 342  72  74
  72 342 343
  72 342 344
 345  72  73
 345  72  74
  72 345 346
  72 345 347
 348  72  73
 348  72  74
  72 348 349
  72 348 350
  78  75  76
  78  75  77
  75  78  79
  75  78  80
  90  75  76
  90  75  77
  75  90  91
  75  90  92
  93  75  76
  93  75  77
  75  93  94
  75  93  95
  96  75  76
  96  75  77
  75  96  97
  75  96  98
  96  75  76
  96  75  77
  75  96  97
  75  96  98
 102  75  76
 102  75  77
  75 102 103
  75 102 104
 105  75  76
 105  75  77
  75 105 106
  75 105 107
 108  75  76
 108  75  77
  75 108 109
  75 108 110
 114  75  76
 114  75  77
  75 114 115
  75 114 116
 120  75  76
 120  75  77
  75 120 121
  75 120 122
 120  75  76
 120  75  77
  75 120 121
  75 120 122
 123  75  76
 123  75  77
  75 123 124
  75 123 125
 129  75  76
 129  75  77
  75 129 130
  75 129 131
 132  75  76
 132  75  77
  75 132 133
  75 132 134
 138  75  76
 138  75  77
  75 138 139
  75 138 140
 150  75  76
 150  75  77
  75 150 151
  75 150 152
 162  75  76
 162  75  77
  75 162 163
  75 162 164
 162  75  76
 162  75  77
  75 162 163
  75 162 164
 165  75  76
 165  75  77
  75 165 166
  75 165 167
 165  75  76
 165  75  77
  75 165 166
  75 165 167
 180  75  76
 180  75  77
  75 180 181
  75 180 182
 186  75  76
 186  75  77
  75 186 187
  75 186 188
 198  75  76
 198  75  77
  75 198 199
  75 198 200
 204  75  76
 204  75  77
  75 204 205
  75 204 206
 213  75  76
 213  75  77
  75 213 214
  75 213 215
 216  75  76
 216  75  77
  75 216 217
  75 216 218
 219  75  76
 219  75  77
  75 219 220
  75 219 221
 222  75  76
 222  75  77
  75 222 223
  75 222 224
 237  75  76
 237  75  77
  75 237 238
  75 237 239
 249  75  76
 249  75  77
  75 249 250
  75 249 251
 261  75  76
 261  75  77
  75 261 262
  75 261 263
 267  75  76
 267  75  77
  75 267 268
  75 267 269
 276  75  76
 276  75  77
  75 276 277
  75 276 278
 279  75  76
 279  75  77
  75 279 280
  75 279 281
 279  75  76
 279  75  77
  75 279 280
  75 279 281
 282  75  76
 282  75  77
  75 282 283
  75 282 284
 285  75  76
 285  75  77
  75 285 286
  75 285 287
 288  75  76
 288  75  77
  75 288 289
  75 288 290
 306  75  76
 306  75  77
  75 306 307
  75 306 308
 312  75  76
 312  75  77
  75 312 313
  75 312 314
 315  75  76
 315  75  77
  75 315 316
  75 315 317
 318  75  76
 318  75  77
  75 318 319
  75 318 320
 324  75  76
 324  75  77
  75 324 325
  75 324 326
 327  75  76
 327  75  77
  75 327 328
  75 327 329
 336  75  76
 336  75  77
  75 336 337
  75 336 338
 336  75  76
 336  75  77
  75 336 337
  75 336 338
 339  75  76
 339  75  77
  75 339 340
  75 339 341
 339  75  76
 339  75  77
  75 339 340
  75 339 341
 342  75  76
 342  75  77
  75 342 343
  75 342 344
 345  75  76
 345  75  77
  75 345 346
  75 345 347
 348  75  76
 348  75  77
  75 348 349
  75 348 350
  90  78  79
  90  78  80
  78  90  91
  78  90  92
  93  78  79
  93  78  80
  78  93  94
  78  93  95
  96  78  79
  96  78  80
  78  96  97
  78  96  98
  96  78  79
  96  78  80
  78  96  97
  78  96  98
 102  78  79
 102  78  80
  78 102 103
  78 102 104
 105  78  79
 105  78  80
  78 105 106
  78 105 107
 108  78  79
 108  78  80
  78 108 109
  78 108 110
 114  78  79
 114  78  80
  78 114 115
  78 114 116
 120  78  79
 120  78  80
  78 120 121
  78 120 122
 120  78  79
 120  78  80
  78 120 121
  78 120 122
 123  78  79
 123  78  80
  78 123 124
  78 123 125
 129  78  79
 129  78  80
  78 129 130
  78 129 131
 132  78  79
 132  78  80
  78 132 133
  78 132 134
 138  78  79
 138  78  80
  78 138 139
  78 138 140
 150  78  79
 150  78  80
  78 150 151
  78 150 152
 162  78  79
 162  78  80
  78 162 163
  78 162 164
 162  78  79
 162  78  80
  78 162 163
  78 162 164
 165  78  79
 165  78  80
  78 165 166
  78 165 167
 165  78  79
 165  78  80
  78 165 166
  78 165 167
 180  78  79
 180  78  80
  78 180 181
  78 180 182
 186  78  79
 186  78  80
  78 186 187
  78 186 188
 198  78  79
 198  78  80
  78 198 199
  78 198 200
 204  78  79
 204  78  80
  78 204 205
  78 204 206
 213  78  79
 213  78  80
  78 213 214
  78 213 215
 216  78  79
 216  78  80
  78 216 217
  78 216 218
 219  78  79
 219  78  80
  78 219 220
  78 219 221
 222  78  79
 222  78  80
  78 222 223
  78 222 224
 237  78  79
 237  78  80
  78 237 238
  78 237 239
 249  78  79
 249  78  80
  78 249 250
  78 249 251
 261  78  79
 261  78  80
  78 261 262
  78 261 263
 267  78  79
 267  78  80
  78 267 268
  78 267 269
 276  78  79
 276  78  80
  78 276 277
  78 276 278
 279  78  79
 279  78  80
  78 279 280
  78 279 281
 279  78  79
 279  78  80
  78 279 280
  78 279 281
 282  78  79
 282  78  80
  78 282 283
  78 282 284
 285  78  79
 285  78  80
  78 285 286
  78 285 287
 288  78  79
 288  78  80
  78 288 289
  78 288 290
 306  78  79
 306  78  80
  78 306 307
  78 306 308
 312  78  79
 312  78  80
  78 312 313
  78 312 314
 315  78  79
 315  78  80
  78 315 316
  78 315 317
 318  78  79
 318  78  80
  78 318 319
  78 318 320
 324  78  79
 324  78  80
  78 324 325
  78 324 326
 327  78  79
 327  78  80
  78 327 328
  78 327 329
 336  78  79
 336  78  80
  78 336 337
  78 336 338
 336  78  79
 336  78  80
  78 336 337
  78 336 338
 339  78  79
 339  78  80
  78 339 340
  78 339 341
 339  78  79
 339  78  80
  78 339 340
  78 339 341
 342  78  79
 342  78  80
  78 342 343
  78 342 344
 345  78  79
 345  78  80
  78 345 346
  78 345 347
 348  78  79
 348  78  80
  78 348 349
  78 348 350
  93  90  91
  93  90  92
  90  93  94
  90  93  95
  96  90  91
  96  90  92
  90  96  97
  90  96  98
  96  90  91
  96  90  92
  90  96  97
  90  96  98
 102  90  91
 102  90  92
  90 102 103
  90 102 104
 105  90  91
 105  90  92
  90 105 106
  90 105 107
 108  90  91
 108  90  92
  90 108 109
  90 108 110
 114  90  91
 114  90  92
  90 114 115
  90 114 116
 120  90  91
 120  90  92
  90 120 121
  90 120 122
 120  90  91
 120  90  92
  90 120 121
  90 120 122
 123  90  91
 123  90  92
  90 123 124
  90 123 125
 129  90  91
 129  90  92
  90 129 130
  90 129 131
 132  90  91
 132  90  92
  90 132 133
  90 132 134
 138  90  91
 138  90  92
  90 138 139
  90 138 140
 150  90  91
 150  90  92
  90 150 151
  90 150 152
 162  90  91
 162  90  92
  90 162 163
  90 162 164
 162  90  91
 162  90  92
  90 162 163
  90 162 164
 165  90  91
 165  90  92
  90 165 166
  90 165 167
 165  90  91
 165  90  92
  90 165 166
  90 165 167
 180  90  91
 180  90  92
  90 180 181
  90 180 182
 186  90  91
 186  90  92
  90 186 187
  90 186 188
 198  90  91
 198  90  92
  90 198 199
  90 198 200
 204  90  91
 204  90  92
  90 204 205
  90 204 206
 213  90  91
 213  90  92
  90 213 214
  90 213 215
 216  90  91
 216  90  92
  90 216 217
  90 216 218
 219  90  91
 219  90  92
  90 219 220
  90 219 221
 222  90  91
 222  90  92
  90 222 223
  90 222 224
 237  90  91
 237  90  92
  90 237 238
  90 237 239
 249  90  91
 249  90  92
  90 249 250
  90 249 251
 261  90  91
 261  90  92
  90 261 262
  90 261 263
 267  90  91
 267  90  92
  90 267 268
  90 267 269
 276  90  91
 276  90  92
  90 276 277
  90 276 278
 279  90  91
 279  90  92
  90 279 280
  90 279 281
 279  90  91
 279  90  92
  90 279 280
  90 279 281
 282  90  91
 282  90  92
  90 282 283
  90 282 284
 285  90  91
 285  90  92
  90 285 286
  90 285 287
 288  90  91
 288  90  92
  90 288 289
  90 288 290
 306  90  91
 306  90  92
  90 306 307
  90 306 308
 312  90  91
 312  90  92
  90 312 313
  90 312 314
 315  90  91
 315  90  92
  90 315 316
  90 315 317
 318  90  91
 318  90  92
  90 318 319
  90 318 320
 324  90  91
 324  90  92
  90 324 325
  90 324 326
 327  90  91
 327  90  92
  90 327 328
  90 327 329
 336  90  91
 336  90  92
  90 336 337
  90 336 338
 336  90  91
 336  90  92
  90 336 337
  90 336 338
 339  90  91
 339  90  92
  90 339 340
  90 339 341
 339  90  91
 339  90  92
  90 339 340
  90 339 341
 342  90  91
 342  90  92
  90 342 343
  90 342 344
 345  90  91
 345  90  92
  90 345 346
  90 345 347
 348  90  91
 348  90  92
  90 348 349
  90 348 350
  96  93  94
  96  93  95
  93  96  97
  93  96  98
  96  93  94
  96  93  95
  93  96  97
  93  96  98
 102  93  94
 102  93  95
  93 102 103
  93 102 104
 105  93  94
 105  93  95
  93 105 106
  93 105 107
 108  93  94
 108  93  95
  93 108 109
  93 108 110
 114  93  94
 114  93  95
  93 114 115
  93 114 116
 120  93  94
 120  93  95
  93 120 121
  93 120 122
 120  93  94
 120  93  95
  93 120 121
  93 120 122
 123  93  94
 123  93  95
  93 123 124
  93 123 125
 129  93  94
 129  93  95
  93 129 130
  93 129 131
 132  93  94
 132  93  95
  93 132 133
  93 132 134
 138  93  94
 138  93  95
  93 138 139
  93 138 140
 150  93  94
 150  93  95
  93 150 151
  93 150 152
 162  93  94
 162  93  95
  93 162 163
  93 162 164
 162  93  94
 162  93  95
  93 162 163
  93 162 164
 165  93  94
 165  93  95
  93 165 166
  93 165 167
 165  93  94
 165  93  95
  93 165 166
  93 165 167
 180  93  94
 180  93  95
  93 180 181
  93 180 182
 186  93  94
 186  93  95
  93 186 187
  93 186 188
 198  93  94
 198  93  95
  93 198 199
  93 198 200
 204  93  94
 204  93  95
  93 204 205
  93 204 206
 213  93  94
 213  93  95
  93 213 214
  93 213 215
 216  93  94
 216  93  95
  93 216 217
  93 216 218
 219  93  94
 219  93  95
  93 219 220
  93 219 221
 222  93  94
 222  93  95
  93 222 223
  93 222 224
 237  93  94
 237  93  95
  93 237 238
  93 237 239
 249  93  94
 249  93  95
  93 249 250
  93 249 251
 261  93  94
 261  93  95
  93 261 262
  93 261 263
 267  93  94
 267  93  95
  93 267 268
  93 267 269
 276  93  94
 276  93  95
  93 276 277
  93 276 278
 279  93  94
 279  93  95
  93 279 280
  93 279 281
 279  93  94
 279  93  95
  93 279 280
  93 279 281
 282  93  94
 282  93  95
  93 282 283
  93 282 284
 285  93  94
 285  93  95
  93 285 286
  93 285 287
 288  93  94
 288  93  95
  93 288 289
  93 288 290
 306  93  94
 306  93  95
  93 306 307
  93 306 308
 312  93  94
 312  93  95
  93 312 313
  93 312 314
 315  93  94
 315  93  95
  93 315 316
  93 315 317
 318  93  94
 318  93  95
  93 318 319
  93 318 320
 324  93  94
 324  93  95
  93 324 325
  93 324 326
 327  93  94
 327  93  95
  93 327 328
  93 327 329
 336  93  94
 336  93  95
  93 336 337
  93 336 338
 336  93  94
 336  93  95
  93 336 337
  93 336 338
 339  93  94
 339  93  95
  93 339 340
  93 339 341
 339  93  94
 339  93  95
  93 339 340
  93 339 341
 342  93  94
 342  93  95
  93 342 343
  93 342 344
 345  93  94
 345  93  95
  93 345 346
  93 345 347
 348  93  94
 348  93  95
  93 348 349
  93 348 350
 102  96  97
 102  96  98
  96 102 103
  96 102 104
 105  96  97
 105  96  98
  96 105 106
  96 105 107
 108  96  97
 108  96  98
  96 108 109
  96 108 110
 114  96  97
 114  96  98
  96 114 115
  96 114 116
 120  96  97
 120  96  98
  96 120 121
  96 120 122
 120  96  97
 120  96  98
  96 120 121
  96 120 122
 123  96  97
 123  96  98
  96 123 124
  96 123 125
 129  96  97
 129  96  98
  96 129 130
  96 129 131
 132  96  97
 132  96  98
  96 132 133
  96 132 134
 138  96  97
 138  96  98
  96 138 139
  96 138 140
 150  96  97
 150  96  98
  96 150 151
  96 150 152
 162  96  97
 162  96  98
  96 162 163
  96 162 164
 162  96  97
 162  96  98
  96 162 163
  96 162 164
 165  96  97
 165  96  98
  96 165 166
  96 165 167
 165  96  97
 165  96  98
  96 165 166
  96 165 167
 180  96  97
 180  96  98
  96 180 181
  96 180 182
 186  96  97
 186  96  98
  96 186 187
  96 186 188
 198  96  97
 198  96  98
  96 198 199
  96 198 200
 204  96  97
 204  96  98
  96 204 205
  96 204 206
 213  96  97
 213  96  98
  96 213 214
  96 213 215
 216  96  97
 216  96  98
  96 216 217
  96 216 218
 219  96  97
 219  96  98
  96 219 220
  96 219 221
 222  96  97
 222  96  98
  96 222 223
  96 222 224
 237  96  97
 237  96  98
  96 237 238
  96 237 239
 249  96  97
 249  96  98
  96 249 250
  96 249 251
 261  96  97
 261  96  98
  96 261 262
  96 261 263
 267  96  97
 267  96  98
  96 267 268
  96 267 269
 276  96  97
 276  96  98
  96 276 277
  96 276 278
 279  96  97
 279  96  98
  96 279 280
  96 279 281
 279  96  97
 279  96  98
  96 279 280
  96 279 281
 282  96  97
 282  96  98
  96 282 283
  96 282 284
 285  96  97
 285  96  98
  96 285 286
  96 285 287
 288  96  97
 288  96  98
  96 288 289
  96 288 290
 306  96  97
 306  96  98
  96 306 307
  96 306 308
 312  96  97
 312  96  98
  96 312 313
  96 312 314
 315  96  97
 315  96  98
  96 315 316
  96 315 317
 318  96  97
 318  96  98
  96 318 319
  96 318 320
 324  96  97
 324  96  98
  96 324 325
  96 324 326
 327  96  97
 327  96  98
  96 327 328
  96 327 329
 336  96  97
 336  96  98
  96 336 337
  96 336 338
 336  96  97
 336  96  98
  96 336 337
  96 336 338
 339  96  97
 339  96  98
  96 339 340
  96 339 341
 339  96  97
 339  96  98
  96 339 340
  96 339 341
 342  96  97
 342  96  98
  96 342 343
  96 342 344
 345  96  97
 345  96  98
  96 345 346
  96 345 347
 348  96  97
 348  96  98
  96 348 349
  96 348 350
 102  96  97
 102  96  98
  96 102 103
  96 102 104
 105  96  97
 105  96  98
  96 105 106
  96 105 107
 108  96  97
 108  96  98
  96 108 109
  96 108 110
 114  96  97
 114  96  98
  96 114 115
  96 114 116
 120  96  97
 120  96  98
  96 120 121
  96 120 122
 120  96  97
 120  96  98
  96 120 121
  96 120 122
 123  96  97
 123  96  98
  96 123 124
  96 123 125
 129  96  97
 129  96  98
  96 129 130
  96 129 131
 132  96  97
 132  96  98
  96 132 133
  96 132 134
 138  96  97
 138  96  98
  96 138 139
  96 138 140
 150  96  97
 150  96  98
  96 150 151
  96 150 152
 162  96  97
 162  96  98
  96 162 163
  96 162 164
 162  96  97
 162  96  98
  96 162 163
  96 162 164
 165  96  97
 165  96  98
  96 165 166
  96 165 167
 165  96  97
 165  96  98
  96 165 166
  96 165 167
 180  96  97
 180  96  98
  96 180 181
  96 180 182
 186  96  97
 186  96  98
  96 186 187
  96 186 188
 198  96  97
 198  96  98
  96 198 199
  96 198 200
 204  96  97
 204  96  98
  96 204 205
  96 204 206
 213  96  97
 213  96  98
  96 213 214
  96 213 215
 216  96  97
 216  96  98
  96 216 217
  96 216 218
 219  96  97
 219  96  98
  96 219 220
  96 219 221
 222  96  97
 222  96  98
  96 222 223
  96 222 224
 237  96  97
 237  96  98
  96 237 238
  96 237 239
 249  96  97
 249  96  98
  96 249 250
  96 249 251
 261  96  97
 261  96  98
  96 261 262
  96 261 263
 267  96  97
 267  96  98
  96 267 268
  96 267 269
 276  96  97
 276  96  98
  96 276 277
  96 276 278
 279  96  97
 279  96  98
  96 279 280
  96 279 281
 279  96  97
 279  96  98
  96 279 280
  96 279 281
 282  96  97
 282  96  98
  96 282 283
  96 282 284
 285  96  97
 285  96  98
  96 285 286
  96 285 287
 288  96  97
 288  96  98
  96 288 289
  96 288 290
 306  96  97
 306  96  98
  96 306 307
  96 306 308
 312  96  97
 312  96  98
  96 312 313
  96 312 314
 315  96  97
 315  96  98
  96 315 316
  96 315 317
 318  96  97
 318  96  98
  96 318 319
  96 318 320
 324  96  97
 324  96  98
  96 324 325
  96 324 326
 327  96  97
 327  96  98
  96 327 328
  96 327 329
 336  96  97
 336  96  98
  96 336 337
  96 336 338
 336  96  97
 336  96  98
  96 336 337
  96 336 338
 339  96  97
 339  96  98
  96 339 340
  96 339 341
 339  96  97
 339  96  98
  96 339 340
  96 339 341
 342  96  97
 342  96  98
  96 342 343
  96 342 344
 345  96  97
 345  96  98
  96 345 346
  96 345 347
 348  96  97
 348  96  98
  96 348 349
  96 348 350
 105 102 103
 105 102 104
 102 105 106
 102 105 107
 108 102 103
 108 102 104
 102 108 109
 102 108 110
 114 102 103
 114 102 104
 102 114 115
 102 114 116
 120 102 103
 120 102 104
 102 120 121
 102 120 122
 120 102 103
 120 102 104
 102 120 121
 102 120 122
 123 102 103
 123 102 104
 102 123 124
 102 123 125
 129 102 103
 129 102 104
 102 129 130
 102 129 131
 132 102 103
 132 102 104
 102 132 133
 102 132 134
 138 102 103
 138 102 104
 102 138 139
 102 138 140
 150 102 103
 150 102 104
 102 150 151
 102 150 152
 162 102 103
 162 102 104
 102 162 163
 102 162 164
 162 102 103
 162 102 104
 102 162 163
 102 162 164
 165 102 103
 165 102 104
 102 165 166
 102 165 167
 165 102 103
 165 102 104
 102 165 166
 102 165 167
 180 102 103
 180 102 104
 102 180 181
 102 180 182
 186 102 103
 186 102 104
 102 186 187
 102 186 188
 198 102 103
 198 102 104
 102 198 199
 102 198 200
 204 102 103
 204 102 104
 102 204 205
 102 204 206
 213 102 103
 213 102 104
 102 213 214
 102 213 215
 216 102 103
 216 102 104
 102 216 217
 102 216 218
 219 102 103
 219 102 104
 102 219 220
 102 219 221
 222 102 103
 222 102 104
 102 222 223
 102 222 224
 237 102 103
 237 102 104
 102 237 238
 102 237 239
 249 102 103
 249 102 104
 102 249 250
 102 249 251
 261 102 103
 261 102 104
 102 261 262
 102 261 263
 267 102 103
 267 102 104
 102 267 268
 102 267 269
 276 102 103
 276 102 104
 102 276 277
 102 276 278
 279 102 103
 279 102 104
 102 279 280
 102 279 281
 279 102 103
 279 102 104
 102 279 280
 102 279 281
 282 102 103
 282 102 104
 102 282 283
 102 282 284
 285 102 103
 285 102 104
 102 285 286
 102 285 287
 288 102 103
 288 102 104
 102 288 289
 102 288 290
 306 102 103
 306 102 104
 102 306 307
 102 306 308
 312 102 103
 312 102 104
 102 312 313
 102 312 314
 315 102 103
 315 102 104
 102 315 316
 102 315 317
 318 102 103
 318 102 104
 102 318 319
 102 318 320
 324 102 103
 324 102 104
 102 324 325
 102 324 326
 327 102 103
 327 102 104
 102 327 328
 102 327 329
 336 102 103
 336 102 104
 102 336 337
 102 336 338
 336 102 103
 336 102 104
 102 336 337
 102 336 338
 339 102 103
 339 102 104
 102 339 340
 102 339 341
 339 102 103
 339 102 104
 102 339 340
 102 339 341
 342 102 103
 342 102 104
 102 342 343
 102 342 344
 345 102 103
 345 102 104
 102 345 346
 102 345 347
 348 102 103
 348 102 104
 102 348 349
 102 348 350
 108 105 106
 108 105 107
 105 108 109
 105 108 110
 114 105 106
 114 105 107
 105 114 115
 105 114 116
 120 105 106
 120 105 107
 105 120 121
 105 120 122
 120 105 106
 120 105 107
 105 120 121
 105 120 122
 123 105 106
 123 105 107
 105 123 124
 105 123 125
 129 105 106
 129 105 107
 105 129 130
 105 129 131
 132 105 106
 132 105 107
 105 132 133
 105 132 134
 138 105 106
 138 105 107
 105 138 139
 105 138 140
 150 105 106
 150 105 107
 105 150 151
 105 150 152
 162 105 106
 162 105 107
 105 162 163
 105 162 164
 162 105 106
 162 105 107
 105 162 163
 105 162 164
 165 105 106
 165 105 107
 105 165 166
 105 165 167
 165 105 106
 165 105 107
 105 165 166
 105 165 167
 180 105 106
 180 105 107
 105 180 181
 105 180 182
 186 105 106
 186 105 107
 105 186 187
 105 186 188
 198 105 106
 198 105 107
 105 198 199
 105 198 200
 204 105 106
 204 105 107
 105 204 205
 105 204 206
 213 105 106
 213 105 107
 105 213 214
 105 213 215
 216 105 106
 216 105 107
 105 216 217
 105 216 218
 219 105 106
 219 105 107
 105 219 220
 105 219 221
 222 105 106
 222 105 107
 105 222 223
 105 222 224
 237 105 106
 237 105 107
 105 237 238
 105 237 239
 249 105 106
 249 105 107
 105 249 250
 105 249 251
 261 105 106
 261 105 107
 105 261 262
 105 261 263
 267 105 106
 267 105 107
 105 267 268
 105 267 269
 276 105 106
 276 105 107
 105 276 277
 105 276 278
 279 105 106
 279 105 107
 105 279 280
 105 279 281
 279 105 106
 279 105 107
 105 279 280
 105 279 281
 282 105 106
 282 105 107
 105 282 283
 105 282 284
 285 105 106
 285 105 107
 105 285 286
 105 285 287
 288 105 106
 288 105 107
 105 288 289
 105 288 290
 306 105 106
 306 105 107
 105 306 307
 105 306 308
 312 105 106
 312 105 107
 105 312 313
 105 312 314
 315 105 106
 315 105 107
 105 315 316
 105 315 317
 318 105 106
 318 105 107
 105 318 319
 105 318 320
 324 105 106
 324 105 107
 105 324 325
 105 324 326
 327 105 106
 327 105 107
 105 327 328
 105 327 329
 336 105 106
 336 105 107
 105 336 337
 105 336 338
 336 105 106
 336 105 107
 105 336 337
 105 336 338
 339 105 106
 339 105 107
 105 339 340
 105 339 341
 339 105 106
 339 105 107
 105 339 340
 105 339 341
 342 105 106
 342 105 107
 105 342 343
 105 342 344
 345 105 106
 345 105 107
 105 345 346
 105 345 347
 348 105 106
 348 105 107
 105 348 349
 105 348 350
 114 108 109
 114 108 110
 108 114 115
 108 114 116
 120 108 109
 120 108 110
 108 120 121
 108 120 122
 120 108 109
 120 108 110
 108 120 121
 108 120 122
 123 108 109
 123 108 110
 108 123 124
 108 123 125
 129 108 109
 129 108 110
 108 129 130
 108 129 131
 132 108 109
 132 108 110
 108 132 133
 108 132 134
 138 108 109
 138 108 110
 108 138 139
 108 138 140
 150 108 109
 150 108 110
 108 150 151
 108 150 152
 162 108 109
 162 108 110
 108 162 163
 108 162 164
 162 108 109
 162 108 110
 108 162 163
 108 162 164
 165 108 109
 165 108 110
 108 165 166
 108 165 167
 165 108 109
 165 108 110
 108 165 166
 108 165 167
 180 108 109
 180 108 110
 108 180 181
 108 180 182
 186 108 109
 186 108 110
 108 186 187
 108 186 188
 198 108 109
 198 108 110
 108 198 199
 108 198 200
 204 108 109
 204 108 110
 108 204 205
 108 204 206
 213 108 109
 213 108 110
 108 213 214
 108 213 215
 216 108 109
 216 108 110
 108 216 217
 108 216 218
 219 108 109
 219 108 110
 108 219 220
 108 219 221
 222 108 109
 222 108 110
 108 222 223
 108 222 224
 237 108 109
 237 108 110
 108 237 238
 108 237 239
 249 108 109
 249 108 110
 108 249 250
 108 249 251
 261 108 109
 261 108 110
 108 261 262
 108 261 263
 267 108 109
 267 108 110
 108 267 268
 108 267 269
 276 108 109
 276 108 110
 108 276 277
 108 276 278
 279 108 109
 279 108 110
 108 279 280
 108 279 281
 279 108 109
 279 108 110
 108 279 280
 108 279 281
 282 108 109
 282 108 110
 108 282 283
 108 282 284
 285 108 109
 285 108 110
 108 285 286
 108 285 287
 288 108 109
 288 108 110
 108 288 289
 108 288 290
 306 108 109
 306 108 110
 108 306 307
 108 306 308
 312 108 109
 312 108 110
 108 312 313
 108 312 314
 315 108 109
 315 108 110
 108 315 316
 108 315 317
 318 108 109
 318 108 110
 108 318 319
 108 318 320
 324 108 109
 324 108 110
 108 324 325
 108 324 326
 327 108 109
 327 108 110
 108 327 328
 108 327 329
 336 108 109
 336 108 110
 108 336 337
 108 336 338
 336 108 109
 336 108 110
 108 336 337
 108 336 338
 339 108 109
 339 108 110
 108 339 340
 108 339 341
 339 108 109
 339 108 110
 108 339 340
 108 339 341
 342 108 109
 342 108 110
 108 342 343
 108 342 344
 345 108 109
 345 108 110
 108 345 346
 108 345 347
 348 108 109
 348 108 110
 108 348 349
 108 348 350
 120 114 115
 120 114 116
 114 120 121
 114 120 122
 120 114 115
 120 114 116
 114 120 121
 114 120 122
 123 114 115
 123 114 116
 114 123 124
 114 123 125
 129 114 115
 129 114 116
 114 129 130
 114 129 131
 132 114 115
 132 114 116
 114 132 133
 114 132 134
 138 114 115
 138 114 116
 114 138 139
 114 138 140
 150 114 115
 150 114 116
 114 150 151
 114 150 152
 162 114 115
 162 114 116
 114 162 163
 114 162 164
 162 114 115
 162 114 116
 114 162 163
 114 162 164
 165 114 115
 165 114 116
 114 165 166
 114 165 167
 165 114 115
 165 114 116
 114 165 166
 114 165 167
 180 114 115
 180 114 116
 114 180 181
 114 180 182
 186 114 115
 186 114 116
 114 186 187
 114 186 188
 198 114 115
 198 114 116
 114 198 199
 114 198 200
 204 114 115
 204 114 116
 114 204 205
 114 204 206
 213 114 115
 213 114 116
 114 213 214
 114 213 215
 216 114 115
 216 114 116
 114 216 217
 114 216 218
 219 114 115
 219 114 116
 114 219 220
 114 219 221
 222 114 115
 222 114 116
 114 222 223
 114 222 224
 237 114 115
 237 114 116
 114 237 238
 114 237 239
 249 114 115
 249 114 116
 114 249 250
 114 249 251
 261 114 115
 261 114 116
 114 261 262
 114 261 263
 267 114 115
 267 114 116
 114 267 268
 114 267 269
 276 114 115
 276 114 116
 114 276 277
 114 276 278
 279 114 115
 279 114 116
 114 279 280
 114 279 281
 279 114 115
 279 114 116
 114 279 280
 114 279 281
 282 114 115
 282 114 116
 114 282 283
 114 282 284
 285 114 115
 285 114 116
 114 285 286
 114 285 287
 288 114 115
 288 114 116
 114 288 289
 114 288 290
 306 114 115
 306 114 116
 114 306 307
 114 306 308
 312 114 115
 312 114 116
 114 312 313
 114 312 314
 315 114 115
 315 114 116
 114 315 316
 114 315 317
 318 114 115
 318 114 116
 114 318 319
 114 318 320
 324 114 115
 324 114 116
 114 324 325
 114 324 326
 327 114 115
 327 114 116
 114 327 328
 114 327 329
 336 114 115
 336 114 116
 114 336 337
 114 336 338
 336 114 115
 336 114 116
 114 336 337
 114 336 338
 339 114 115
 339 114 116
 114 339 340
 114 339 341
 339 114 115
 339 114 116
 114 339 340
 114 339 341
 342 114 115
 342 114 116
 114 342 343
 114 342 344
 345 114 115
 345 114 116
 114 345 346
 114 345 347
 348 114 115
 348 114 116
 114 348 349
 114 348 350
 123 120 121
 123 120 122
 120 123 124
 120 123 125
 129 120 121
 129 120 122
 120 129 130
 120 129 131
 132 120 121
 132 120 122
 120 132 133
 120 132 134
 138 120 121
 138 120 122
 120 138 139
 120 138 140
 150 120 121
 150 120 122
 120 150 151
 120 150 152
 162 120 121
 162 120 122
 120 162 163
 120 162 164
 162 120 121
 162 120 122
 120 162 163
 120 162 164
 165 120 121
 165 120 122
 120 165 166
 120 165 167
 165 120 121
 165 120 122
 120 165 166
 120 165 167
 180 120 121
 180 120 122
 120 180 181
 120 180 182
 186 120 121
 186 120 122
 120 186 187
 120 186 188
 198 120 121
 198 120 122
 120 198 199
 120 198 200
 204 120 121
 204 120 122
 120 204 205
 120 204 206
 213 120 121
 213 120 122
 120 213 214
 120 213 215
 216 120 121
 216 120 122
 120 216 217
 120 216 218
 219 120 121
 219 120 122
 120 219 220
 120 219 221
 222 120 121
 222 120 122
 120 222 223
 120 222 224
 237 120 121
 237 120 122
 120 237 238
 120 237 239
 249 120 121
 249 120 122
 120 249 250
 120 249 251
 261 120 121
 261 120 122
 120 261 262
 120 261 263
 267 120 121
 267 120 122
 120 267 268
 120 267 269
 276 120 121
 276 120 122
 120 276 277
 120 276 278
 279 120 121
 279 120 122
 120 279 280
 120 279 281
 279 120 121
 279 120 122
 120 279 280
 120 279 281
 282 120 121
 282 120 122
 120 282 283
 120 282 284
 285 120 121
 285 120 122
 120 285 286
 120 285 287
 288 120 121
 288 120 122
 120 288 289
 120 288 290
 306 120 121
 306 120 122
 120 306 307
 120 306 308
 312 120 121
 312 120 122
 120 312 313
 120 312 314
 315 120 121
 315 120 122
 120 315 316
 120 315 317
 318 120 121
 318 120 122
 120 318 319
 120 318 320
 324 120 121
 324 120 122
 120 324 325
 120 324 326
 327 120 121
 327 120 122
 120 327 328
 120 327 329
 336 120 121
 336 120 122
 120 336 337
 120 336 338
 336 120 121
 336 120 122
 120 336 337
 120 336 338
 339 120 121
 339 120 122
 120 339 340
 120 339 341
 339 120 121
 339 120 122
 120 339 340
 120 339 341
 342 120 121
 342 120 122
 120 342 343
 120 342 344
 345 120 121
 345 120 122
 120 345 346
 120 345 347
 348 120 121
 348 120 122
 120 348 349
 120 348 350
 123 120 121
 123 120 122
 120 123 124
 120 123 125
 129 120 121
 129 120 122
 120 129 130
 120 129 131
 132 120 121
 132 120 122
 120 132 133
 120 132 134
 138 120 121
 138 120 122
 120 138 139
 120 138 140
 150 120 121
 150 120 122
 120 150 151
 120 150 152
 162 120 121
 162 120 122
 120 162 163
 120 162 164
 162 120 121
 162 120 122
 120 162 163
 120 162 164
 165 120 121
 165 120 122
 120 165 166
 120 165 167
 165 120 121
 165 120 122
 120 165 166
 120 165 167
 180 120 121
 180 120 122
 120 180 181
 120 180 182
 186 120 121
 186 120 122
 120 186 187
 120 186 188
 198 120 121
 198 120 122
 120 198 199
 120 198 200
 204 120 121
 204 120 122
 120 204 205
 120 204 206
 213 120 121
 213 120 122
 120 213 214
 120 213 215
 216 120 121
 216 120 122
 120 216 217
 120 216 218
 219 120 121
 219 120 122
 120 219 220
 120 219 221
 222 120 121
 222 120 122
 120 222 223
 120 222 224
 237 120 121
 237 120 122
 120 237 238
 120 237 239
 249 120 121
 249 120 122
 120 249 250
 120 249 251
 261 120 121
 261 120 122
 120 261 262
 120 261 263
 267 120 121
 267 120 122
 120 267 268
 120 267 269
 276 120 121
 276 120 122
 120 276 277
 120 276 278
 279 120 121
 279 120 122
 120 279 280
 120 279 281
 279 120 121
 279 120 122
 120 279 280
 120 279 281
 282 120 121
 282 120 122
 120 282 283
 120 282 284
 285 120 121
 285 120 122
 120 285 286
 120 285 287
 288 120 121
 288 120 122
 120 288 289
 120 288 290
 306 120 121
 306 120 122
 120 306 307
 120 306 308
 312 120 121
 312 120 122
 120 312 313
 120 312 314
 315 120 121
 315 120 122
 120 315 316
 120 315 317
 318 120 121
 318 120 122
 120 318 319
 120 318 320
 324 120 121
 324 120 122
 120 324 325
 120 324 326
 327 120 121
 327 120 122
 120 327 328
 120 327 329
 336 120 121
 336 120 122
 120 336 337
 120 336 338
 336 120 121
 336 120 122
 120 336 337
 120 336 338
 339 120 121
 339 120 122
 120 339 340
 120 339 341
 339 120 121
 339 120 122
 120 339 340
 120 339 341
 342 120 121
 342 120 122
 120 342 343
 120 342 344
 345 120 121
 345 120 122
 120 345 346
 120 345 347
 348 120 121
 348 120 122
 120 348 349
 120 348 350
 129 123 124
 129 123 125
 123 129 130
 123 129 131
 132 123 124
 132 123 125
 123 132 133
 123 132 134
 138 123 124
 138 123 125
 123 138 139
 123 138 140
 150 123 124
 150 123 125
 123 150 151
 123 150 152
 162 123 124
 162 123 125
 123 162 163
 123 162 164
 162 123 124
 162 123 125
 123 162 163
 123 162 164
 165 123 124
 165 123 125
 123 165 166
 123 165 167
 165 123 124
 165 123 125
 123 165 166
 123 165 167
 180 123 124
 180 123 125
 123 180 181
 123 180 182
 186 123 124
 186 123 125
 123 186 187
 123 186 188
 198 123 124
 198 123 125
 123 198 199
 123 198 200
 204 123 124
 204 123 125
 123 204 205
 123 204 206
 213 123 124
 213 123 125
 123 213 214
 123 213 215
 216 123 124
 216 123 125
 123 216 217
 123 216 218
 219 123 124
 219 123 125
 123 219 220
 123 219 221
 222 123 124
 222 123 125
 123 222 223
 123 222 224
 237 123 124
 237 123 125
 123 237 238
 123 237 239
 249 123 124
 249 123 125
 123 249 250
 123 249 251
 261 123 124
 261 123 125
 123 261 262
 123 261 263
 267 123 124
 267 123 125
 123 267 268
 123 267 269
 276 123 124
 276 123 125
 123 276 277
 123 276 278
 279 123 124
 279 123 125
 123 279 280
 123 279 281
 279 123 124
 279 123 125
 123 279 280
 123 279 281
 282 123 124
 282 123 125
 123 282 283
 123 282 284
 285 123 124
 285 123 125
 123 285 286
 123 285 287
 288 123 124
 288 123 125
 123 288 289
 123 288 290
 306 123 124
 306 123 125
 123 306 307
 123 306 308
 312 123 124
 312 123 125
 123 312 313
 123 312 314
 315 123 124
 315 123 125
 123 315 316
 123 315 317
 318 123 124
 318 123 125
 123 318 319
 123 318 320
 324 123 124
 324 123 125
 123 324 325
 123 324 326
 327 123 124
 327 123 125
 123 327 328
 123 327 329
 336 123 124
 336 123 125
 123 336 337
 123 336 338
 336 123 124
 336 123 125
 123 336 337
 123 336 338
 339 123 124
 339 123 125
 123 339 340
 123 339 341
 339 123 124
 339 123 125
 123 339 340
 123 339 341
 342 123 124
 342 123 125
 123 342 343
 123 342 344
 345 123 124
 345 123 125
 123 345 346
 123 345 347
 348 123 124
 348 123 125
 123 348 349
 123 348 350
 132 129 130
 132 129 131
 129 132 133
 129 132 134
 138 129 130
 138 129 131
 129 138 139
 129 138 140
 150 129 130
 150 129 131
 129 150 151
 129 150 152
 162 129 130
 162 129 131
 129 162 163
 129 162 164
 162 129 130
 162 129 131
 129 162 163
 129 162 164
 165 129 130
 165 129 131
 129 165 166
 129 165 167
 165 129 130
 165 129 131
 129 165 166
 129 165 167
 180 129 130
 180 129 131
 129 180 181
 129 180 182
 186 129 130
 186 129 131
 129 186 187
 129 186 188
 198 129 130
 198 129 131
 129 198 199
 129 198 200
 204 129 130
 204 129 131
 129 204 205
 129 204 206
 213 129 130
 213 129 131
 129 213 214
 129 213 215
 216 129 130
 216 129 131
 129 216 217
 129 216 218
 219 129 130
 219 129 131
 129 219 220
 129 219 221
 222 129 130
 222 129 131
 129 222 223
 129 222 224
 237 129 130
 237 129 131
 129 237 238
 129 237 239
 249 129 130
 249 129 131
 129 249 250
 129 249 251
 261 129 130
 261 129 131
 129 261 262
 129 261 263
 267 129 130
 267 129 131
 129 267 268
 129 267 269
 276 129 130
 276 129 131
 129 276 277
 129 276 278
 279 129 130
 279 129 131
 129 279 280
 129 279 281
 279 129 130
 279 129 131
 129 279 280
 129 279 281
 282 129 130
 282 129 131
 129 282 283
 129 282 284
 285 129 130
 285 129 131
 129 285 286
 129 285 287
 288 129 130
 288 129 131
 129 288 289
 129 288 290
 306 129 130
 306 129 131
 129 306 307
 129 306 308
 312 129 130
 312 129 131
 129 312 313
 129 312 314
 315 129 130
 315 129 131
 129 315 316
 129 315 317
 318 129 130
 318 129 131
 129 318 319
 129 318 320
 324 129 130
 324 129 131
 129 324 325
 129 324 326
 327 129 130
 327 129 131
 129 327 328
 129 327 329
 336 129 130
 336 129 131
 129 336 337
 129 336 338
 336 129 130
 336 129 131
 129 336 337
 129 336 338
 339 129 130
 339 129 131
 129 339 340
 129 339 341
 339 129 130
 339 129 131
 129 339 340
 129 339 341
 342 129 130
 342 129 131
 129 342 343
 129 342 344
 345 129 130
 345 129 131
 129 345 346
 129 345 347
 348 129 130
 348 129 131
 129 348 349
 129 348 350
 138 132 133
 138 132 134
 132 138 139
 132 138 140
 150 132 133
 150 132 134
 132 150 151
 132 150 152
 162 132 133
 162 132 134
 132 162 163
 132 162 164
 162 132 133
 162 132 134
 132 162 163
 132 162 164
 165 132 133
 165 132 134
 132 165 166
 132 165 167
 165 132 133
 165 132 134
 132 165 166
 132 165 167
 180 132 133
 180 132 134
 132 180 181
 132 180 182
 186 132 133
 186 132 134
 132 186 187
 132 186 188
 198 132 133
 198 132 134
 132 198 199
 132 198 200
 204 132 133
 204 132 134
 132 204 205
 132 204 206
 213 132 133
 213 132 134
 132 213 214
 132 213 215
 216 132 133
 216 132 134
 132 216 217
 132 216 218
 219 132 133
 219 132 134
 132 219 220
 132 219 221
 222 132 133
 222 132 134
 132 222 223
 132 222 224
 237 132 133
 237 132 134
 132 237 238
 132 237 239
 249 132 133
 249 132 134
 132 249 250
 132 249 251
 261 132 133
 261 132 134
 132 261 262
 132 261 263
 267 132 133
 267 132 134
 132 267 268
 132 267 269
 276 132 133
 276 132 134
 132 276 277
 132 276 278
 279 132 133
 279 132 134
 132 279 280
 132 279 281
 279 132 133
 279 132 134
 132 279 280
 132 279 281
 282 132 133
 282 132 134
 132 282 283
 132 282 284
 285 132 133
 285 132 134
 132 285 286
 132 285 287
 288 132 133
 288 132 134
 132 288 289
 132 288 290
 306 132 133
 306 132 134
 132 306 307
 132 306 308
 312 132 133
 312 132 134
 132 312 313
 132 312 314
 315 132 133
 315 132 134
 132 315 316
 132 315 317
 318 132 133
 318 132 134
 132 318 319
 132 318 320
 324 132 133
 324 132 134
 132 324 325
 132 324 326
 327 132 133
 327 132 134
 132 327 328
 132 327 329
 336 132 133
 336 132 134
 132 336 337
 132 336 338
 336 132 133
 336 132 134
 132 336 337
 132 336 338
 339 132 133
 339 132 134
 132 339 340
 132 339 341
 339 132 133
 339 132 134
 132 339 340
 132 339 341
 342 132 133
 342 132 134
 132 342 343
 132 342 344
 345 132 133
 345 132 134
 132 345 346
 132 345 347
 348 132 133
 348 132 134
 132 348 349
 132 348 350
 150 138 139
 150 138 140
 138 150 151
 138 150 152
 162 138 139
 162 138 140
 138 162 163
 138 162 164
 162 138 139
 162 138 140
 138 162 163
 138 162 164
 165 138 139
 165 138 140
 138 165 166
 138 165 167
 165 138 139
 165 138 140
 138 165 166
 138 165 167
 180 138 139
 180 138 140
 138 180 181
 138 180 182
 186 138 139
 186 138 140
 138 186 187
 138 186 188
 198 138 139
 198 138 140
 138 198 199
 138 198 200
 204 138 139
 204 138 140
 138 204 205
 138 204 206
 213 138 139
 213 138 140
 138 213 214
 138 213 215
 216 138 139
 216 138 140
 138 216 217
 138 216 218
 219 138 139
 219 138 140
 138 219 220
 138 219 221
 222 138 139
 222 138 140
 138 222 223
 138 222 224
 237 138 139
 237 138 140
 138 237 238
 138 237 239
 249 138 139
 249 138 140
 138 249 250
 138 249 251
 261 138 139
 261 138 140
 138 261 262
 138 261 263
 267 138 139
 267 138 140
 138 267 268
 138 267 269
 276 138 139
 276 138 140
 138 276 277
 138 276 278
 279 138 139
 279 138 140
 138 279 280
 138 279 281
 279 138 139
 279 138 140
 138 279 280
 138 279 281
 282 138 139
 282 138 140
 138 282 283
 138 282 284
 285 138 139
 285 138 140
 138 285 286
 138 285 287
 288 138 139
 288 138 140
 138 288 289
 138 288 290
 306 138 139
 306 138 140
 138 306 307
 138 306 308
 312 138 139
 312 138 140
 138 312 313
 138 312 314
 315 138 139
 315 138 140
 138 315 316
 138 315 317
 318 138 139
 318 138 140
 138 318 319
 138 318 320
 324 138 139
 324 138 140
 138 324 325
 138 324 326
 327 138 139
 327 138 140
 138 327 328
 138 327 329
 336 138 139
 336 138 140
 138 336 337
 138 336 338
 336 138 139
 336 138 140
 138 336 337
 138 336 338
 339 138 139
 339 138 140
 138 339 340
 138 339 341
 339 138 139
 339 138 140
 138 339 340
 138 339 341
 342 138 139
 342 138 140
 138 342 343
 138 342 344
 345 138 139
 345 138 140
 138 345 346
 138 345 347
 348 138 139
 348 138 140
 138 348 349
 138 348 350
 162 150 151
 162 150 152
 150 162 163
 150 162 164
 162 150 151
 162 150 152
 150 162 163
 150 162 164
 165 150 151
 165 150 152
 150 165 166
 150 165 167
 165 150 151
 165 150 152
 150 165 166
 150 165 167
 180 150 151
 180 150 152
 150 180 181
 150 180 182
 186 150 151
 186 150 152
 150 186 187
 150 186 188
 198 150 151
 198 150 152
 150 198 199
 150 198 200
 204 150 151
 204 150 152
 150 204 205
 150 204 206
 213 150 151
 213 150 152
 150 213 214
 150 213 215
 216 150 151
 216 150 152
 150 216 217
 150 216 218
 219 150 151
 219 150 152
 150 219 220
 150 219 221
 222 150 151
 222 150 152
 150 222 223
 150 222 224
 237 150 151
 237 150 152
 150 237 238
 150 237 239
 249 150 151
 249 150 152
 150 249 250
 150 249 251
 261 150 151
 261 150 152
 150 261 262
 150 261 263
 267 150 151
 267 150 152
 150 267 268
 150 267 269
 276 150 151
 276 150 152
 150 276 277
 150 276 278
 279 150 151
 279 150 152
 150 279 280
 150 279 281
 279 150 151
 279 150 152
 150 279 280
 150 279 281
 282 150 151
 282 150 152
 150 282 283
 150 282 284
 285 150 151
 285 150 152
 150 285 286
 150 285 287
 288 150 151
 288 150 152
 150 288 289
 150 288 290
 306 150 151
 306 150 152
 150 306 307
 150 306 308
 312 150 151
 312 150 152
 150 312 313
 150 312 314
 315 150 151
 315 150 152
 150 315 316
 150 315 317
 318 150 151
 318 150 152
 150 318 319
 150 318 320
 324 150 151
 324 150 152
 150 324 325
 150 324 326
 327 150 151
 327 150 152
 150 327 328
 150 327 329
 336 150 151
 336 150 152
 150 336 337
 150 336 338
 336 150 151
 336 150 152
 150 336 337
 150 336 338
 339 150 151
 339 150 152
 150 339 340
 150 339 341
 339 150 151
 339 150 152
 150 339 340
 150 339 341
 342 150 151
 342 150 152
 150 342 343
 150 342 344
 345 150 151
 345 150 152
 150 345 346
 150 345 347
 348 150 151
 348 150 152
 150 348 349
 150 348 350
 165 162 163
 165 162 164
 162 165 166
 162 165 167
 165 162 163
 165 162 164
 162 165 166
 162 165 167
 180 162 163
 180 162 164
 162 180 181
 162 180 182
 186 162 163
 186 162 164
 162 186 187
 162 186 188
 198 162 163
 198 162 164
 162 198 199
 162 198 200
 204 162 163
 204 162 164
 162 204 205
 162 204 206
 213 162 163
 213 162 164
 162 213 214
 162 213 215
 216 162 163
 216 162 164
 162 216 217
 162 216 218
 219 162 163
 219 162 164
 162 219 220
 162 219 221
 222 162 163
 222 162 164
 162 222 223
 162 222 224
 237 162 163
 237 162 164
 162 237 238
 162 237 239
 249 162 163
 249 162 164
 162 249 250
 162 249 251
 261 162 163
 261 162 164
 162 261 262
 162 261 263
 267 162 163
 267 162 164
 162 267 268
 162 267 269
 276 162 163
 276 162 164
 162 276 277
 162 276 278
 279 162 163
 279 162 164
 162 279 280
 162 279 281
 279 162 163
 279 162 164
 162 279 280
 162 279 281
 282 162 163
 282 162 164
 162 282 283
 162 282 284
 285 162 163
 285 162 164
 162 285 286
 162 285 287
 288 162 163
 288 162 164
 162 288 289
 162 288 290
 306 162 163
 306 162 164
 162 306 307
 162 306 308
 312 162 163
 312 162 164
 162 312 313
 162 312 314
 315 162 163
 315 162 164
 162 315 316
 162 315 317
 318 162 163
 318 162 164
 162 318 319
 162 318 320
 324 162 163
 324 162 164
 162 324 325
 162 324 326
 327 162 163
 327 162 164
 162 327 328
 162 327 329
 336 162 163
 336 162 164
 162 336 337
 162 336 338
 336 162 163
 336 162 164
 162 336 337
 162 336 338
 339 162 163
 339 162 164
 162 339 340
 162 339 341
 339 162 163
 339 162 164
 162 339 340
 162 339 341
 342 162 163
 342 162 164
 162 342 343
 162 342 344
 345 162 163
 345 162 164
 162 345 346
 162 345 347
 348 162 163
 348 162 164
 162 348 349
 162 348 350
 165 162 163
 165 162 164
 162 165 166
 162 165 167
 165 162 163
 165 162 164
 162 165 166
 162 165 167
 180 162 163
 180 162 164
 162 180 181
 162 180 182
 186 162 163
 186 162 164
 162 186 187
 162 186 188
 198 162 163
 198 162 164
 162 198 199
 162 198 200
 204 162 163
 204 162 164
 162 204 205
 162 204 206
 213 162 163
 213 162 164
 162 213 214
 162 213 215
 216 162 163
 216 162 164
 162 216 217
 162 216 218
 219 162 163
 219 162 164
 162 219 220
 162 219 221
 222 162 163
 222 162 164
 162 222 223
 162 222 224
 237 162 163
 237 162 164
 162 237 238
 162 237 239
 249 162 163
 249 162 164
 162 249 250
 162 249 251
 261 162 163
 261 162 164
 162 261 262
 162 261 263
 267 162 163
 267 162 164
 162 267 268
 162 267 269
 276 162 163
 276 162 164
 162 276 277
 162 276 278
 279 162 163
 279 162 164
 162 279 280
 162 279 281
 279 162 163
 279 162 164
 162 279 280
 162 279 281
 282 162 163
 282 162 164
 162 282 283
 162 282 284
 285 162 163
 285 162 164
 162 285 286
 162 285 287
 288 162 163
 288 162 164
 162 288 289
 162 288 290
 306 162 163
 306 162 164
 162 306 307
 162 306 308
 312 162 163
 312 162 164
 162 312 313
 162 312 314
 315 162 163
 315 162 164
 162 315 316
 162 315 317
 318 162 163
 318 162 164
 162 318 319
 162 318 320
 324 162 163
 324 162 164
 162 324 325
 162 324 326
 327 162 163
 327 162 164
 162 327 328
 162 327 329
 336 162 163
 336 162 164
 162 336 337
 162 336 338
 336 162 163
 336 162 164
 162 336 337
 162 336 338
 339 162 163
 339 162 164
 162 339 340
 162 339 341
 339 162 163
 339 162 164
 162 339 340
 162 339 341
 342 162 163
 342 162 164
 162 342 343
 162 342 344
 345 162 163
 345 162 164
 162 345 346
 162 345 347
 348 162 163
 348 162 164
 162 348 349
 162 348 350
 180 165 166
 180 165 167
 165 180 181
 165 180 182
 186 165 166
 186 165 167
 165 186 187
 165 186 188
 198 165 166
 198 165 167
 165 198 199
 165 198 200
 204 165 166
 204 165 167
 165 204 205
 165 204 206
 213 165 166
 213 165 167
 165 213 214
 165 213 215
 216 165 166
 216 165 167
 165 216 217
 165 216 218
 219 165 166
 219 165 167
 165 219 220
 165 219 221
 222 165 166
 222 165 167
 165 222 223
 165 222 224
 237 165 166
 237 165 167
 165 237 238
 165 237 239
 249 165 166
 249 165 167
 165 249 250
 165 249 251
 261 165 166
 261 165 167
 165 261 262
 165 261 263
 267 165 166
 267 165 167
 165 267 268
 165 267 269
 276 165 166
 276 165 167
 165 276 277
 165 276 278
 279 165 166
 279 165 167
 165 279 280
 165 279 281
 279 165 166
 279 165 167
 165 279 280
 165 279 281
 282 165 166
 282 165 167
 165 282 283
 165 282 284
 285 165 166
 285 165 167
 165 285 286
 165 285 287
 288 165 166
 288 165 167
 165 288 289
 165 288 290
 306 165 166
 306 165 167
 165 306 307
 165 306 308
 312 165 166
 312 165 167
 165 312 313
 165 312 314
 315 165 166
 315 165 167
 165 315 316
 165 315 317
 318 165 166
 318 165 167
 165 318 319
 165 318 320
 324 165 166
 324 165 167
 165 324 325
 165 324 326
 327 165 166
 327 165 167
 165 327 328
 165 327 329
 336 165 166
 336 165 167
 165 336 337
 165 336 338
 336 165 166
 336 165 167
 165 336 337
 165 336 338
 339 165 166
 339 165 167
 165 339 340
 165 339 341
 339 165 166
 339 165 167
 165 339 340
 165 339 341
 342 165 166
 342 165 167
 165 342 343
 165 342 344
 345 165 166
 345 165 167
 165 345 346
 165 345 347
 348 165 166
 348 165 167
 165 348 349
 165 348 350
 180 165 166
 180 165 167
 165 180 181
 165 180 182
 186 165 166
 186 165 167
 165 186 187
 165 186 188
 198 165 166
 198 165 167
 165 198 199
 165 198 200
 204 165 166
 204 165 167
 165 204 205
 165 204 206
 213 165 166
 213 165 167
 165 213 214
 165 213 215
 216 165 166
 216 165 167
 165 216 217
 165 216 218
 219 165 166
 219 165 167
 165 219 220
 165 219 221
 222 165 166
 222 165 167
 165 222 223
 165 222 224
 237 165 166
 237 165 167
 165 237 238
 165 237 239
 249 165 166
 249 165 167
 165 249 250
 165 249 251
 261 165 166
 261 165 167
 165 261 262
 165 261 263
 267 165 166
 267 165 167
 165 267 268
 165 267 269
 276 165 166
 276 165 167
 165 276 277
 165 276 278
 279 165 166
 279 165 167
 165 279 280
 165 279 281
 279 165 166
 279 165 167
 165 279 280
 165 279 281
 282 165 166
 282 165 167
 165 282 283
 165 282 284
 285 165 166
 285 165 167
 165 285 286
 165 285 287
 288 165 166
 288 165 167
 165 288 289
 165 288 290
 306 165 166
 306 165 167
 165 306 307
 165 306 308
 312 165 166
 312 165 167
 165 312 313
 165 312 314
 315 165 166
 315 165 167
 165 315 316
 165 315 317
 318 165 166
 318 165 167
 165 318 319
 165 318 320
 324 165 166
 324 165 167
 165 324 325
 165 324 326
 327 165 166
 327 165 167
 165 327 328
 165 327 329
 336 165 166
 336 165 167
 165 336 337
 165 336 338
 336 165 166
 336 165 167
 165 336 337
 165 336 338
 339 165 166
 339 165 167
 165 339 340
 165 339 341
 339 165 166
 339 165 167
 165 339 340
 165 339 341
 342 165 166
 342 165 167
 165 342 343
 165 342 344
 345 165 166
 345 165 167
 165 345 346
 165 345 347
 348 165 166
 348 165 167
 165 348 349
 165 348 350
 186 180 181
 186 180 182
 180 186 187
 180 186 188
 198 180 181
 198 180 182
 180 198 199
 180 198 200
 204 180 181
 204 180 182
 180 204 205
 180 204 206
 213 180 181
 213 180 182
 180 213 214
 180 213 215
 216 180 181
 216 180 182
 180 216 217
 180 216 218
 219 180 181
 219 180 182
 180 219 220
 180 219 221
 222 180 181
 222 180 182
 180 222 223
 180 222 224
 237 180 181
 237 180 182
 180 237 238
 180 237 239
 249 180 181
 249 180 182
 180 249 250
 180 249 251
 261 180 181
 261 180 182
 180 261 262
 180 261 263
 267 180 181
 267 180 182
 180 267 268
 180 267 269
 276 180 181
 276 180 182
 180 276 277
 180 276 278
 279 180 181
 279 180 182
 180 279 280
 180 279 281
 279 180 181
 279 180 182
 180 279 280
 180 279 281
 282 180 181
 282 180 182
 180 282 283
 180 282 284
 285 180 181
 285 180 182
 180 285 286
 180 285 287
 288 180 181
 288 180 182
 180 288 289
 180 288 290
 306 180 181
 306 180 182
 180 306 307
 180 306 308
 312 180 181
 312 180 182
 180 312 313
 180 312 314
 315 180 181
 315 180 182
 180 315 316
 180 315 317
 318 180 181
 318 180 182
 180 318 319
 180 318 320
 324 180 181
 324 180 182
 180 324 325
 180 324 326
 327 180 181
 327 180 182
 180 327 328
 180 327 329
 336 180 181
 336 180 182
 180 336 337
 180 336 338
 336 180 181
 336 180 182
 180 336 337
 180 336 338
 339 180 181
 339 180 182
 180 339 340
 180 339 341
 339 180 181
 339 180 182
 180 339 340
 180 339 341
 342 180 181
 342 180 182
 180 342 343
 180 342 344
 345 180 181
 345 180 182
 180 345 346
 180 345 347
 348 180 181
 348 180 182
 180 348 349
 180 348 350
 198 186 187
 198 186 188
 186 198 199
 186 198 200
 204 186 187
 204 186 188
 186 204 205
 186 204 206
 213 186 187
 213 186 188
 186 213 214
 186 213 215
 216 186 187
 216 186 188
 186 216 217
 186 216 218
 219 186 187
 219 186 188
 186 219 220
 186 219 221
 222 186 187
 222 186 188
 186 222 223
 186 222 224
 237 186 187
 237 186 188
 186 237 238
 186 237 239
 249 186 187
 249 186 188
 186 249 250
 186 249 251
 261 186 187
 261 186 188
 186 261 262
 186 261 263
 267 186 187
 267 186 188
 186 267 268
 186 267 269
 276 186 187
 276 186 188
 186 276 277
 186 276 278
 279 186 187
 279 186 188
 186 279 280
 186 279 281
 279 186 187
 279 186 188
 186 279 280
 186 279 281
 282 186 187
 282 186 188
 186 282 283
 186 282 284
 285 186 187
 285 186 188
 186 285 286
 186 285 287
 288 186 187
 288 186 188
 186 288 289
 186 288 290
 306 186 187
 306 186 188
 186 306 307
 186 306 308
 312 186 187
 312 186 188
 186 312 313
 186 312 314
 315 186 187
 315 186 188
 186 315 316
 186 315 317
 318 186 187
 318 186 188
 186 318 319
 186 318 320
 324 186 187
 324 186 188
 186 324 325
 186 324 326
 327 186 187
 327 186 188
 186 327 328
 186 327 329
 336 186 187
 336 186 188
 186 336 337
 186 336 338
 336 186 187
 336 186 188
 186 336 337
 186 336 338
 339 186 187
 339 186 188
 186 339 340
 186 339 341
 339 186 187
 339 186 188
 186 339 340
 186 339 341
 342 186 187
 342 186 188
 186 342 343
 186 342 344
 345 186 187
 345 186 188
 186 345 346
 186 345 347
 348 186 187
 348 186 188
 186 348 349
 186 348 350
 204 198 199
 204 198 200
 198 204 205
 198 204 206
 213 198 199
 213 198 200
 198 213 214
 198 213 215
 216 198 199
 216 198 200
 198 216 217
 198 216 218
 219 198 199
 219 198 200
 198 219 220
 198 219 221
 222 198 199
 222 198 200
 198 222 223
 198 222 224
 237 198 199
 237 198 200
 198 237 238
 198 237 239
 249 198 199
 249 198 200
 198 249 250
 198 249 251
 261 198 199
 261 198 200
 198 261 262
 198 261 263
 267 198 199
 267 198 200
 198 267 268
 198 267 269
 276 198 199
 276 198 200
 198 276 277
 198 276 278
 279 198 199
 279 198 200
 198 279 280
 198 279 281
 279 198 199
 279 198 200
 198 279 280
 198 279 281
 282 198 199
 282 198 200
 198 282 283
 198 282 284
 285 198 199
 285 198 200
 198 285 286
 198 285 287
 288 198 199
 288 198 200
 198 288 289
 198 288 290
 306 198 199
 306 198 200
 198 306 307
 198 306 308
 312 198 199
 312 198 200
 198 312 313
 198 312 314
 315 198 199
 315 198 200
 198 315 316
 198 315 317
 318 198 199
 318 198 200
 198 318 319
 198 318 320
 324 198 199
 324 198 200
 198 324 325
 198 324 326
 327 198 199
 327 198 200
 198 327 328
 198 327 329
 336 198 199
 336 198 200
 198 336 337
 198 336 338
 336 198 199
 336 198 200
 198 336 337
 198 336 338
 339 198 199
 339 198 200
 198 339 340
 198 339 341
 339 198 199
 339 198 200
 198 339 340
 198 339 341
 342 198 199
 342 198 200
 198 342 343
 198 342 344
 345 198 199
 345 198 200
 198 345 346
 198 345 347
 348 198 199
 348 198 200
 198 348 349
 198 348 350
 213 204 205
 213 204 206
 204 213 214
 204 213 215
 216 204 205
 216 204 206
 204 216 217
 204 216 218
 219 204 205
 219 204 206
 204 219 220
 204 219 221
 222 204 205
 222 204 206
 204 222 223
 204 222 224
 237 204 205
 237 204 206
 204 237 238
 204 237 239
 249 204 205
 249 204 206
 204 249 250
 204 249 251
 261 204 205
 261 204 206
 204 261 262
 204 261 263
 267 204 205
 267 204 206
 204 267 268
 204 267 269
 276 204 205
 276 204 206
 204 276 277
 204 276 278
 279 204 205
 279 204 206
 204 279 280
 204 279 281
 279 204 205
 279 204 206
 204 279 280
 204 279 281
 282 204 205
 282 204 206
 204 282 283
 204 282 284
 285 204 205
 285 204 206
 204 285 286
 204 285 287
 288 204 205
 288 204 206
 204 288 289
 204 288 290
 306 204 205
 306 204 206
 204 306 307
 204 306 308
 312 204 205
 312 204 206
 204 312 313
 204 312 314
 315 204 205
 315 204 206
 204 315 316
 204 315 317
 318 204 205
 318 204 206
 204 318 319
 204 318 320
 324 204 205
 324 204 206
 204 324 325
 204 324 326
 327 204 205
 327 204 206
 204 327 328
 204 327 329
 336 204 205
 336 204 206
 204 336 337
 204 336 338
 336 204 205
 336 204 206
 204 336 337
 204 336 338
 339 204 205
 339 204 206
 204 339 340
 204 339 341
 339 204 205
 339 204 206
 204 339 340
 204 339 341
 342 204 205
 342 204 206
 204 342 343
 204 342 344
 345 204 205
 345 204 206
 204 345 346
 204 345 347
 348 204 205
 348 204 206
 204 348 349
 204 348 350
 216 213 214
 216 213 215
 213 216 217
 213 216 218
 219 213 214
 219 213 215
 213 219 220
 213 219 221
 222 213 214
 222 213 215
 213 222 223
 213 222 224
 237 213 214
 237 213 215
 213 237 238
 213 237 239
 249 213 214
 249 213 215
 213 249 250
 213 249 251
 261 213 214
 261 213 215
 213 261 262
 213 261 263
 267 213 214
 267 213 215
 213 267 268
 213 267 269
 276 213 214
 276 213 215
 213 276 277
 213 276 278
 279 213 214
 279 213 215
 213 279 280
 213 279 281
 279 213 214
 279 213 215
 213 279 280
 213 279 281
 282 213 214
 282 213 215
 213 282 283
 213 282 284
 285 213 214
 285 213 215
 213 285 286
 213 285 287
 288 213 214
 288 213 215
 213 288 289
 213 288 290
 306 213 214
 306 213 215
 213 306 307
 213 306 308
 312 213 214
 312 213 215
 213 312 313
 213 312 314
 315 213 214
 315 213 215
 213 315 316
 213 315 317
 318 213 214
 318 213 215
 213 318 319
 213 318 320
 324 213 214
 324 213 215
 213 324 325
 213 324 326
 327 213 214
 327 213 215
 213 327 328
 213 327 329
 336 213 214
 336 213 215
 213 336 337
 213 336 338
 336 213 214
 336 213 215
 213 336 337
 213 336 338
 339 213 214
 339 213 215
 213 339 340
 213 339 341
 339 213 214
 339 213 215
 213 339 340
 213 339 341
 342 213 214
 342 213 215
 213 342 343
 213 342 344
 345 213 214
 345 213 215
 213 345 346
 213 345 347
 348 213 214
 348 213 215
 213 348 349
 213 348 350
 219 216 217
 219 216 218
 216 219 220
 216 219 221
 222 216 217
 222 216 218
 216 222 223
 216 222 224
 237 216 217
 237 216 218
 216 237 238
 216 237 239
 249 216 217
 249 216 218
 216 249 250
 216 249 251
 261 216 217
 261 216 218
 216 261 262
 216 261 263
 267 216 217
 267 216 218
 216 267 268
 216 267 269
 276 216 217
 276 216 218
 216 276 277
 216 276 278
 279 216 217
 279 216 218
 216 279 280
 216 279 281
 279 216 217
 279 216 218
 216 279 280
 216 279 281
 282 216 217
 282 216 218
 216 282 283
 216 282 284
 285 216 217
 285 216 218
 216 285 286
 216 285 287
 288 216 217
 288 216 218
 216 288 289
 216 288 290
 306 216 217
 306 216 218
 216 306 307
 216 306 308
 312 216 217
 312 216 218
 216 312 313
 216 312 314
 315 216 217
 315 216 218
 216 315 316
 216 315 317
 318 216 217
 318 216 218
 216 318 319
 216 318 320
 324 216 217
 324 216 218
 216 324 325
 216 324 326
 327 216 217
 327 216 218
 216 327 328
 216 327 329
 336 216 217
 336 216 218
 216 336 337
 216 336 338
 336 216 217
 336 216 218
 216 336 337
 216 336 338
 339 216 217
 339 216 218
 216 339 340
 216 339 341
 339 216 217
 339 216 218
 216 339 340
 216 339 341
 342 216 217
 342 216 218
 216 342 343
 216 342 344
 345 216 217
 345 216 218
 216 345 346
 216 345 347
 348 216 217
 348 216 218
 216 348 349
 216 348 350
 222 219 220
 222 219 221
 219 222 223
 219 222 224
 237 219 220
 237 219 221
 219 237 238
 219 237 239
 249 219 220
 249 219 221
 219 249 250
 219 249 251
 261 219 220
 261 219 221
 219 261 262
 219 261 263
 267 219 220
 267 219 221
 219 267 268
 219 267 269
 276 219 220
 276 219 221
 219 276 277
 219 276 278
 279 219 220
 279 219 221
 219 279 280
 219 279 281
 279 219 220
 279 219 221
 219 279 280
 219 279 281
 282 219 220
 282 219 221
 219 282 283
 219 282 284
 285 219 220
 285 219 221
 219 285 286
 219 285 287
 288 219 220
 288 219 221
 219 288 289
 219 288 290
 306 219 220
 306 219 221
 219 306 307
 219 306 308
 312 219 220
 312 219 221
 219 312 313
 219 312 314
 315 219 220
 315 219 221
 219 315 316
 219 315 317
 318 219 220
 318 219 221
 219 318 319
 219 318 320
 324 219 220
 324 219 221
 219 324 325
 219 324 326
 327 219 220
 327 219 221
 219 327 328
 219 327 329
 336 219 220
 336 219 221
 219 336 337
 219 336 338
 336 219 220
 336 219 221
 219 336 337
 219 336 338
 339 219 220
 339 219 221
 219 339 340
 219 339 341
 339 219 220
 339 219 221
 219 339 340
 219 339 341
 342 219 220
 342 219 221
 219 342 343
 219 342 344
 345 219 220
 345 219 221
 219 345 346
 219 345 347
 348 219 220
 348 219 221
 219 348 349
 219 348 350
 237 222 223
 237 222 224
 222 237 238
 222 237 239
 249 222 223
 249 222 224
 222 249 250
 222 249 251
 261 222 223
 261 222 224
 222 261 262
 222 261 263
 267 222 223
 267 222 224
 222 267 268
 222 267 269
 276 222 223
 276 222 224
 222 276 277
 222 276 278
 279 222 223
 279 222 224
 222 279 280
 222 279 281
 279 222 223
 279 222 224
 222 279 280
 222 279 281
 282 222 223
 282 222 224
 222 282 283
 222 282 284
 285 222 223
 285 222 224
 222 285 286
 222 285 287
 288 222 223
 288 222 224
 222 288 289
 222 288 290
 306 222 223
 306 222 224
 222 306 307
 222 306 308
 312 222 223
 312 222 224
 222 312 313
 222 312 314
 315 222 223
 315 222 224
 222 315 316
 222 315 317
 318 222 223
 318 222 224
 222 318 319
 222 318 320
 324 222 223
 324 222 224
 222 324 325
 222 324 326
 327 222 223
 327 222 224
 222 327 328
 222 327 329
 336 222 223
 336 222 224
 222 336 337
 222 336 338
 336 222 223
 336 222 224
 222 336 337
 222 336 338
 339 222 223
 339 222 224
 222 339 340
 222 339 341
 339 222 223
 339 222 224
 222 339 340
 222 339 341
 342 222 223
 342 222 224
 222 342 343
 222 342 344
 345 222 223
 345 222 224
 222 345 346
 222 345 347
 348 222 223
 348 222 224
 222 348 349
 222 348 350
 249 237 238
 249 237 239
 237 249 250
 237 249 251
 261 237 238
 261 237 239
 237 261 262
 237 261 263
 267 237 238
 267 237 239
 237 267 268
 237 267 269
 276 237 238
 276 237 239
 237 276 277
 237 276 278
 279 237 238
 279 237 239
 237 279 280
 237 279 281
 279 237 238
 279 237 239
 237 279 280
 237 279 281
 282 237 238
 282 237 239
 237 282 283
 237 282 284
 285 237 238
 285 237 239
 237 285 286
 237 285 287
 288 237 238
 288 237 239
 237 288 289
 237 288 290
 306 237 238
 306 237 239
 237 306 307
 237 306 308
 312 237 238
 312 237 239
 237 312 313
 237 312 314
 315 237 238
 315 237 239
 237 315 316
 237 315 317
 318 237 238
 318 237 239
 237 318 319
 237 318 320
 324 237 238
 324 237 239
 237 324 325
 237 324 326
 327 237 238
 327 237 239
 237 327 328
 237 327 329
 336 237 238
 336 237 239
 237 336 337
 237 336 338
 336 237 238
 336 237 239
 237 336 337
 237 336 338
 339 237 238
 339 237 239
 237 339 340
 237 339 341
 339 237 238
 339 237 239
 237 339 340
 237 339 341
 342 237 238
 342 237 239
 237 342 343
 237 342 344
 345 237 238
 345 237 239
 237 345 346
 237 345 347
 348 237 238
 348 237 239
 237 348 349
 237 348 350
 261 249 250
 261 249 251
 249 261 262
 249 261 263
 267 249 250
 267 249 251
 249 267 268
 249 267 269
 276 249 250
 276 249 251
 249 276 277
 249 276 278
 279 249 250
 279 249 251
 249 279 280
 249 279 281
 279 249 250
 279 249 251
 249 279 280
 249 279 281
 282 249 250
 282 249 251
 249 282 283
 249 282 284
 285 249 250
 285 249 251
 249 285 286
 249 285 287
 288 249 250
 288 249 251
 249 288 289
 249 288 290
 306 249 250
 306 249 251
 249 306 307
 249 306 308
 312 249 250
 312 249 251
 249 312 313
 249 312 314
 315 249 250
 315 249 251
 249 315 316
 249 315 317
 318 249 250
 318 249 251
 249 318 319
 249 318 320
 324 249 250
 324 249 251
 249 324 325
 249 324 326
 327 249 250
 327 249 251
 249 327 328
 249 327 329
 336 249 250
 336 249 251
 249 336 337
 249 336 338
 336 249 250
 336 249 251
 249 336 337
 249 336 338
 339 249 250
 339 249 251
 249 339 340
 249 339 341
 339 249 250
 339 249 251
 249 339 340
 249 339 341
 342 249 250
 342 249 251
 249 342 343
 249 342 344
 345 249 250
 345 249 251
 249 345 346
 249 345 347
 348 249 250
 348 249 251
 249 348 349
 249 348 350
 267 261 262
 267 261 263
 261 267 268
 261 267 269
 276 261 262
 276 261 263
 261 276 277
 261 276 278
 279 261 262
 279 261 263
 261 279 280
 261 279 281
 279 261 262
 279 261 263
 261 279 280
 261 279 281
 282 261 262
 282 261 263
 261 282 283
 261 282 284
 285 261 262
 285 261 263
 261 285 286
 261 285 287
 288 261 262
 288 261 263
 261 288 289
 261 288 290
 306 261 262
 306 261 263
 261 306 307
 261 306 308
 312 261 262
 312 261 263
 261 312 313
 261 312 314
 315 261 262
 315 261 263
 261 315 316
 261 315 317
 318 261 262
 318 261 263
 261 318 319
 261 318 320
 324 261 262
 324 261 263
 261 324 325
 261 324 326
 327 261 262
 327 261 263
 261 327 328
 261 327 329
 336 261 262
 336 261 263
 261 336 337
 261 336 338
 336 261 262
 336 261 263
 261 336 337
 261 336 338
 339 261 262
 339 261 263
 261 339 340
 261 339 341
 339 261 262
 339 261 263
 261 339 340
 261 339 341
 342 261 262
 342 261 263
 261 342 343
 261 342 344
 345 261 262
 345 261 263
 261 345 346
 261 345 347
 348 261 262
 348 261 263
 261 348 349
 261 348 350
 276 267 268
 276 267 269
 267 276 277
 267 276 278
 279 267 268
 279 267 269
 267 279 280
 267 279 281
 279 267 268
 279 267 269
 267 279 280
 267 279 281
 282 267 268
 282 267 269
 267 282 283
 267 282 284
 285 267 268
 285 267 269
 267 285 286
 267 285 287
 288 267 268
 288 267 269
 267 288 289
 267 288 290
 306 267 268
 306 267 269
 267 306 307
 267 306 308
 312 267 268
 312 267 269
 267 312 313
 267 312 314
 315 267 268
 315 267 269
 267 315 316
 267 315 317
 318 267 268
 318 267 269
 267 318 319
 267 318 320
 324 267 268
 324 267 269
 267 324 325
 267 324 326
 327 267 268
 327 267 269
 267 327 328
 267 327 329
 336 267 268
 336 267 269
 267 336 337
 267 336 338
 336 267 268
 336 267 269
 267 336 337
 267 336 338
 339 267 268
 339 267 269
 267 339 340
 267 339 341
 339 267 268
 339 267 269
 267 339 340
 267 339 341
 342 267 268
 342 267 269
 267 342 343
 267 342 344
 345 267 268
 345 267 269
 267 345 346
 267 345 347
 348 267 268
 348 267 269
 267 348 349
 267 348 350
 279 276 277
 279 276 278
 276 279 280
 276 279 281
 279 276 277
 279 276 278
 276 279 280
 276 279 281
 282 276 277
 282 276 278
 276 282 283
 276 282 284
 285 276 277
 285 276 278
 276 285 286
 276 285 287
 288 276 277
 288 276 278
 276 288 289
 276 288 290
 306 276 277
 306 276 278
 276 306 307
 276 306 308
 312 276 277
 312 276 278
 276 312 313
 276 312 314
 315 276 277
 315 276 278
 276 315 316
 276 315 317
 318 276 277
 318 276 278
 276 318 319
 276 318 320
 324 276 277
 324 276 278
 276 324 325
 276 324 326
 327 276 277
 327 276 278
 276 327 328
 276 327 329
 336 276 277
 336 276 278
 276 336 337
 276 336 338
 336 276 277
 336 276 278
 276 336 337
 276 336 338
 339 276 277
 339 276 278
 276 339 340
 276 339 341
 339 276 277
 339 276 278
 276 339 340
 276 339 341
 342 276 277
 342 276 278
 276 342 343
 276 342 344
 345 276 277
 345 276 278
 276 345 346
 276 345 347
 348 276 277
 348 276 278
 276 348 349
 276 348 350
 282 279 280
 282 279 281
 279 282 283
 279 282 284
 285 279 280
 285 279 281
 279 285 286
 279 285 287
 288 279 280
 288 279 281
 279 288 289
 279 288 290
 306 279 280
 306 279 281
 279 306 307
 279 306 308
 312 279 280
 312 279 281
 279 312 313
 279 312 314
 315 279 280
 315 279 281
 279 315 316
 279 315 317
 318 279 280
 318 279 281
 279 318 319
 279 318 320
 324 279 280
 324 279 281
 279 324 325
 279 324 326
 327 279 280
 327 279 281
 279 327 328
 279 327 329
 336 279 280
 336 279 281
 279 336 337
 279 336 338
 336 279 280
 336 279 281
 279 336 337
 279 336 338
 339 279 280
 339 279 281
 279 339 340
 279 339 341
 339 279 280
 339 279 281
 279 339 340
 279 339 341
 342 279 280
 342 279 281
 279 342 343
 279 342 344
 345 279 280
 345 279 281
 279 345 346
 279 345 347
 348 279 280
 348 279 281
 279 348 349
 279 348 350
 282 279 280
 282 279 281
 279 282 283
 279 282 284
 285 279 280
 285 279 281
 279 285 286
 279 285 287
 288 279 280
 288 279 281
 279 288 289
 279 288 290
 306 279 280
 306 279 281
 279 306 307
 279 306 308
 312 279 280
 312 279 281
 279 312 313
 279 312 314
 315 279 280
 315 279 281
 279 315 316
 279 315 317
 318 279 280
 318 279 281
 279 318 319
 279 318 320
 324 279 280
 324 279 281
 279 324 325
 279 324 326
 327 279 280
 327 279 281
 279 327 328
 279 327 329
 336 279 280
 336 279 281
 279 336 337
 279 336 338
 336 279 280
 336 279 281
 279 336 337
 279 336 338
 339 279 280
 339 279 281
 279 339 340
 279 339 341
 339 279 280
 339 279 281
 279 339 340
 279 339 341
 342 279 280
 342 279 281
 279 342 343
 279 342 344
 345 279 280
 345 279 281
 279 345 346
 279 345 347
 348 279 280
 348 279 281
 279 348 349
 279 348 350
 285 282 283
 285 282 284
 282 285 286
 282 285 287
 288 282 283
 288 282 284
 282 288 289
 282 288 290
 306 282 283
 306 282 284
 282 306 307
 282 306 308
 312 282 283
 312 282 284
 282 312 313
 282 312 314
 315 282 283
 315 282 284
 282 315 316
 282 315 317
 318 282 283
 318 282 284
 282 318 319
 282 318 320
 324 282 283
 324 282 284
 282 324 325
 282 324 326
 327 282 283
 327 282 284
 282 327 328
 282 327 329
 336 282 283
 336 282 284
 282 336 337
 282 336 338
 336 282 283
 336 282 284
 282 336 337
 282 336 338
 339 282 283
 339 282 284
 282 339 340
 282 339 341
 339 282 283
 339 282 284
 282 339 340
 282 339 341
 342 282 283
 342 282 284
 282 342 343
 282 342 344
 345 282 283
 345 282 284
 282 345 346
 282 345 347
 348 282 283
 348 282 284
 282 348 349
 282 348 350
 288 285 286
 288 285 287
 285 288 289
 285 288 290
 306 285 286
 306 285 287
 285 306 307
 285 306 308
 312 285 286
 312 285 287
 285 312 313
 285 312 314
 315 285 286
 315 285 287
 285 315 316
 285 315 317
 318 285 286
 318 285 287
 285 318 319
 285 318 320
 324 285 286
 324 285 287
 285 324 325
 285 324 326
 327 285 286
 327 285 287
 285 327 328
 285 327 329
 336 285 286
 336 285 287
 285 336 337
 285 336 338
 336 285 286
 336 285 287
 285 336 337
 285 336 338
 339 285 286
 339 285 287
 285 339 340
 285 339 341
 339 285 286
 339 285 287
 285 339 340
 285 339 341
 342 285 286
 342 285 287
 285 342 343
 285 342 344
 345 285 286
 345 285 287
 285 345 346
 285 345 347
 348 285 286
 348 285 287
 285 348 349
 285 348 350
 306 288 289
 306 288 290
 288 306 307
 288 306 308
 312 288 289
 312 288 290
 288 312 313
 288 312 314
 315 288 289
 315 288 290
 288 315 316
 288 315 317
 318 288 289
 318 288 290
 288 318 319
 288 318 320
 324 288 289
 324 288 290
 288 324 325
 288 324 326
 327 288 289
 327 288 290
 288 327 328
 288 327 329
 336 288 289
 336 288 290
 288 336 337
 288 336 338
 336 288 289
 336 288 290
 288 336 337
 288 336 338
 339 288 289
 339 288 290
 288 339 340
 288 339 341
 339 288 289
 339 288 290
 288 339 340
 288 339 341
 342 288 289
 342 288 290
 288 342 343
 288 342 344
 345 288 289
 345 288 290
 288 345 346
 288 345 347
 348 288 289
 348 288 290
 288 348 349
 288 348 350
 312 306 307
 312 306 308
 306 312 313
 306 312 314
 315 306 307
 315 306 308
 306 315 316
 306 315 317
 318 306 307
 318 306 308
 306 318 319
 306 318 320
 324 306 307
 324 306 308
 306 324 325
 306 324 326
 327 306 307
 327 306 308
 306 327 328
 306 327 329
 336 306 307
 336 306 308
 306 336 337
 306 336 338
 336 306 307
 336 306 308
 306 336 337
 306 336 338
 339 306 307
 339 306 308
 306 339 340
 306 339 341
 339 306 307
 339 306 308
 306 339 340
 306 339 341
 342 306 307
 342 306 308
 306 342 343
 306 342 344
 345 306 307
 345 306 308
 306 345 346
 306 345 347
 348 306 307
 348 306 308
 306 348 349
 306 348 350
 315 312 313
 315 312 314
 312 315 316
 312 315 317
 318 312 313
 318 312 314
 312 318 319
 312 318 320
 324 312 313
 324 312 314
 312 324 325
 312 324 326
 327 312 313
 327 312 314
 312 327 328
 312 327 329
 336 312 313
 336 312 314
 312 336 337
 312 336 338
 336 312 313
 336 312 314
 312 336 337
 312 336 338
 339 312 313
 339 312 314
 312 339 340
 312 339 341
 339 312 313
 339 312 314
 312 339 340
 312 339 341
 342 312 313
 342 312 314
 312 342 343
 312 342 344
 345 312 313
 345 312 314
 312 345 346
 312 345 347
 348 312 313
 348 312 314
 312 348 349
 312 348 350
 318 315 316
 318 315 317
 315 318 319
 315 318 320
 324 315 316
 324 315 317
 315 324 325
 315 324 326
 327 315 316
 327 315 317
 315 327 328
 315 327 329
 336 315 316
 336 315 317
 315 336 337
 315 336 338
 336 315 316
 336 315 317
 315 336 337
 315 336 338
 339 315 316
 339 315 317
 315 339 340
 315 339 341
 339 315 316
 339 315 317
 315 339 340
 315 339 341
 342 315 316
 342 315 317
 315 342 343
 315 342 344
 345 315 316
 345 315 317
 315 345 346
 315 345 347
 348 315 316
 348 315 317
 315 348 349
 315 348 350
 324 318 319
 324 318 320
 318 324 325
 318 324 326
 327 318 319
 327 318 320
 318 327 328
 318 327 329
 336 318 319
 336 318 320
 318 336 337
 318 336 338
 336 318 319
 336 318 320
 318 336 337
 318 336 338
 339 318 319
 339 318 320
 318 339 340
 318 339 341
 339 318 319
 339 318 320
 318 339 340
 318 339 341
 342 318 319
 342 318 320
 318 342 343
 318 342 344
 345 318 319
 345 318 320
 318 345 346
 318 345 347
 348 318 319
 348 318 320
 318 348 349
 318 348 350
 327 324 325
 327 324 326
 324 327 328
 324 327 329
 336 324 325
 336 324 326
 324 336 337
 324 336 338
 336 324 325
 336 324 326
 324 336 337
 324 336 338
 339 324 325
 339 324 326
 324 339 340
 324 339 341
 339 324 325
 339 324 326
 324 339 340
 324 339 341
 342 324 325
 342 324 326
 324 342 343
 324 342 344
 345 324 325
 345 324 326
 324 345 346
 324 345 347
 348 324 325
 348 324 326
 324 348 349
 324 348 350
 336 327 328
 336 327 329
 327 336 337
 327 336 338
 336 327 328
 336 327 329
 327 336 337
 327 336 338
 339 327 328
 339 327 329
 327 339 340
 327 339 341
 339 327 328
 339 327 329
 327 339 340
 327 339 341
 342 327 328
 342 327 329
 327 342 343
 327 342 344
 345 327 328
 345 327 329
 327 345 346
 327 345 347
 348 327 328
 348 327 329
 327 348 349
 327 348 350
 339 336 337
 339 336 338
 336 339 340
 336 339 341
 339 336 337
 339 336 338
 336 339 340
 336 339 341
 342 336 337
 342 336 338
 336 342 343
 336 342 344
 345 336 337
 345 336 338
 336 345 346
 336 345 347
 348 336 337
 348 336 338
 336 348 349
 336 348 350
 339 336 337
 339 336 338
 336 339 340
 336 339 341
 339 336 337
 339 336 338
 336 339 340
 336 339 341
 342 336 337
 342 336 338
 336 342 343
 336 342 344
 345 336 337
 345 336 338
 336 345 346
 336 345 347
 348 336 337
 348 336 338
 336 348 349
 336 348 350
 342 339 340
 342 339 341
 339 342 343
 339 342 344
 345 339 340
 345 339 341
 339 345 346
 339 345 347
 348 339 340
 348 339 341
 339 348 349
 339 348 350
 342 339 340
 342 339 341
 339 342 343
 339 342 344
 345 339 340
 345 339 341
 339 345 346
 339 345 347
 348 339 340
 348 339 341
 339 348 349
 339 348 350
 345 342 343
 345 342 344
 342 345 346
 342 345 347
 348 342 343
 348 342 344
 342 348 349
 342 348 350
 348 345 346
 348 345 347
 345 348 349
 345 348 350
