           0   0.00000000    
           1  -1.41846365E-03
           2  -2.82346061E-03
           3  -4.23067389E-03
           4  -5.56212896E-03
           5  -6.80197682E-03
           6  -7.93413352E-03
           7  -8.95835180E-03
           8  -9.92107112E-03
           9  -1.08221732E-02
          10  -1.16145751E-02
          11  -1.22978380E-02
          12  -1.28873130E-02
          13  -1.34460237E-02
          14  -1.39892707E-02
          15  -1.45328734E-02
          16  -1.50768328E-02
          17  -1.56525094E-02
          18  -1.62445717E-02
          19  -1.68999676E-02
          20  -1.76031720E-02
          21  -1.83702484E-02
          22  -1.91695672E-02
          23  -1.99694671E-02
          24  -2.06909571E-02
          25  -2.14290451E-02
          26  -2.21517719E-02
          27  -2.28750836E-02
          28  -2.34879758E-02
          29  -2.39583161E-02
          30  -2.43970565E-02
          31  -2.47407332E-02
          32  -2.50686370E-02
          33  -2.53965873E-02
          34  -2.56929658E-02
          35  -2.59415954E-02
          36  -2.61585936E-02
          37  -2.63755769E-02
          38  -2.66244989E-02
          39  -2.69851070E-02
          40  -2.74415966E-02
          41  -2.79302262E-02
          42  -2.84511056E-02
          43  -2.89882720E-02
          44  -2.95098256E-02
          45  -3.00636534E-02
          46  -3.05858310E-02
          47  -3.09802704E-02
          48  -3.12947892E-02
          49  -3.16255279E-02
          50  -3.19082513E-02
          51  -3.21750492E-02
          52  -3.24259736E-02
          53  -3.26288044E-02
          54  -3.28156613E-02
          55  -3.30346487E-02
          56  -3.32537442E-02
          57  -3.34890373E-02
          58  -3.37563828E-02
          59  -3.40560488E-02
          60  -3.43397707E-02
          61  -3.46236341E-02
          62  -3.49236242E-02
          63  -3.52077149E-02
          64  -3.54918204E-02
          65  -3.57439518E-02
          66  -3.59800160E-02
          67  -3.62001285E-02
          68  -3.63073014E-02
          69  -3.64146680E-02
          70  -3.65058482E-02
          71  -3.66132967E-02
          72  -3.67205143E-02
          73  -3.68118472E-02
          74  -3.69030647E-02
          75  -3.69943529E-02
          76  -3.70695665E-02
          77  -3.71608697E-02
          78  -3.72685120E-02
          79  -3.74081582E-02
          80  -3.75803150E-02
          81  -3.77848111E-02
          82  -3.80700864E-02
          83  -3.83717306E-02
          84  -3.86249572E-02
          85  -3.88459042E-02
          86  -3.90184298E-02
          87  -3.91585678E-02
          88  -3.92826088E-02
          89  -3.93906049E-02
          90  -3.94823067E-02
          91  -3.96063849E-02
          92  -3.97305451E-02
          93  -3.98709662E-02
          94  -4.00437340E-02
          95  -4.02165912E-02
          96  -4.04705964E-02
          97  -4.07084003E-02
          98  -4.09300551E-02
          99  -4.11356725E-02
         100  -4.13412713E-02
         101  -4.15306948E-02
         102  -4.17202152E-02
         103  -4.18934859E-02
         104  -4.20181789E-02
         105  -4.21428196E-02
         106  -4.22513150E-02
         107  -4.24085706E-02
         108  -4.25983220E-02
         109  -4.27555740E-02
         110  -4.28967327E-02
         111  -4.30216119E-02
         112  -4.31628078E-02
         113  -4.32714745E-02
         114  -4.34127077E-02
         115  -4.36027721E-02
         116  -4.37928736E-02
         117  -4.40482870E-02
         118  -4.42875065E-02
         119  -4.45103273E-02
         120  -4.47333269E-02
         121  -4.49563712E-02
         122  -4.51795310E-02
         123  -4.54191454E-02
         124  -4.56260629E-02
         125  -4.58331481E-02
         126  -4.60402742E-02
         127  -4.62311506E-02
         128  -4.63893488E-02
         129  -4.65640575E-02
         130  -4.67550345E-02
         131  -4.69297431E-02
         132  -4.71535288E-02
         133  -4.73938659E-02
         134  -4.76178192E-02
         135  -4.78418246E-02
         136  -4.80496809E-02
         137  -4.83557284E-02
         138  -4.86454740E-02
         139  -4.89189066E-02
         140  -4.92091291E-02
         141  -4.94991876E-02
         142  -4.97402772E-02
         143  -4.99156937E-02
         144  -5.00749759E-02
         145  -5.02177402E-02
         146  -5.03278002E-02
         147  -5.03885411E-02
         148  -5.04657105E-02
         149  -5.05758002E-02
         150  -5.07023297E-02
         151  -5.07960767E-02
         152  -5.09226359E-02
         153  -5.10328375E-02
         154  -5.11265546E-02
         155  -5.12204021E-02
         156  -5.13305776E-02
         157  -5.14902100E-02
         158  -5.16333617E-02
         159  -5.17765991E-02
         160  -5.18375523E-02
         161  -5.18985726E-02
         162  -5.19596562E-02
         163  -5.20042367E-02
         164  -5.20817153E-02
         165  -5.21757193E-02
         166  -5.22696674E-02
         167  -5.23636900E-02
         168  -5.24577796E-02
         169  -5.25352992E-02
         170  -5.25964238E-02
         171  -5.26575521E-02
         172  -5.27187474E-02
         173  -5.27963489E-02
         174  -5.28740175E-02
         175  -5.29352240E-02
         176  -5.29963747E-02
         177  -5.30576557E-02
         178  -5.31188101E-02
         179  -5.32129742E-02
         180  -5.33072725E-02
         181  -5.34179881E-02
         182  -5.34792319E-02
         183  -5.35570160E-02
         184  -5.36348075E-02
         185  -5.37125394E-02
         186  -5.38068861E-02
         187  -5.39012402E-02
         188  -5.39791808E-02
         189  -5.40074930E-02
         190  -5.40193208E-02
         191  -5.40311486E-02
         192  -5.40429130E-02
         193  -5.40877730E-02
         194  -5.41326329E-02
         195  -5.41775599E-02
         196  -5.42224236E-02
         197  -5.42507395E-02
         198  -5.43121584E-02
         199  -5.43240532E-02
         200  -5.43523729E-02
         201  -5.43311648E-02
         202  -5.42934686E-02
         203  -5.42723238E-02
         204  -5.43007068E-02
         205  -5.43455780E-02
         206  -5.44070639E-02
         207  -5.45016006E-02
         208  -5.46125770E-02
         209  -5.47238179E-02
         210  -5.48350066E-02
         211  -5.49129583E-02
         212  -5.50077297E-02
         213  -5.51353917E-02
         214  -5.51969893E-02
         215  -5.52750975E-02
         216  -5.53367063E-02
         217  -5.53983152E-02
         218  -5.54765016E-02
         219  -5.55878393E-02
         220  -5.56991845E-02
         221  -5.58104850E-02
         222  -5.59385605E-02
         223  -5.60996868E-02
         224  -5.62608428E-02
         225  -5.64386696E-02
         226  -5.65998778E-02
         227  -5.67613021E-02
         228  -5.68894371E-02
         229  -5.70175871E-02
         230  -5.71625456E-02
         231  -5.73239960E-02
         232  -5.74688688E-02
         233  -5.75806797E-02
         234  -5.77090457E-02
         235  -5.78374304E-02
         236  -5.79824410E-02
         237  -5.81109226E-02
         238  -5.82061261E-02
         239  -5.83181456E-02
         240  -5.84133677E-02
         241  -5.84588014E-02
         242  -5.85041754E-02
         243  -5.85163720E-02
         244  -5.85451908E-02
         245  -5.85906319E-02
         246  -5.86527586E-02
         247  -5.87314516E-02
         248  -5.88267781E-02
         249  -5.89222386E-02
         250  -5.89843877E-02
         251  -5.90464771E-02
         252  -5.90920039E-02
         253  -5.91374710E-02
         254  -5.91497384E-02
         255  -5.91453128E-02
         256  -5.91574535E-02
         257  -5.91363944E-02
         258  -5.90986460E-02
         259  -5.90441376E-02
         260  -5.89731336E-02
         261  -5.89353256E-02
         262  -5.88975847E-02
         263  -5.88930324E-02
         264  -5.89052327E-02
         265  -5.89175597E-02
         266  -5.89130074E-02
         267  -5.89085221E-02
         268  -5.88874668E-02
         269  -5.88662885E-02
         270  -5.88451736E-02
         271  -5.88239953E-02
         272  -5.87695688E-02
         273  -5.87318316E-02
         274  -5.86940348E-02
         275  -5.86561710E-02
         276  -5.86183779E-02
         277  -5.85638955E-02
         278  -5.85426614E-02
         279  -5.85382394E-02
         280  -5.85671216E-02
         281  -5.85958771E-02
         282  -5.86080737E-02
         283  -5.86202741E-02
         284  -5.86158484E-02
         285  -5.86279184E-02
         286  -5.86569309E-02
         287  -5.86856902E-02
         288  -5.87479509E-02
         289  -5.88435940E-02
         290  -5.89225553E-02
         291  -5.90014607E-02
         292  -5.90470470E-02
         293  -5.90926372E-02
         294  -5.91549873E-02
         295  -5.92005812E-02
         296  -5.92630021E-02
         297  -5.93419969E-02
         298  -5.94209954E-02
         299  -5.95335327E-02
         300  -5.96794225E-02
         301  -5.98252714E-02
         302  -5.99546209E-02
         303  -6.01006374E-02
         304  -6.02633879E-02
         305  -6.03927299E-02
         306  -6.04886562E-02
         307  -6.05845936E-02
         308  -6.06638826E-02
         309  -6.06930181E-02
         310  -6.07220866E-02
         311  -6.07678816E-02
         312  -6.08137399E-02
         313  -6.08428121E-02
         314  -6.09054007E-02
         315  -6.09512627E-02
         316  -6.09970689E-02
         317  -6.11099079E-02
         318  -6.12228215E-02
         319  -6.13188930E-02
         320  -6.14485629E-02
         321  -6.15781881E-02
         322  -6.17079549E-02
         323  -6.18042015E-02
         324  -6.19339347E-02
         325  -6.20638132E-02
         326  -6.22104518E-02
         327  -6.23403043E-02
         328  -6.24869838E-02
         329  -6.26505017E-02
         330  -6.28141090E-02
         331  -6.29607961E-02
         332  -6.31077588E-02
         333  -6.32545575E-02
         334  -6.34015650E-02
         335  -6.35316297E-02
         336  -6.36618435E-02
         337  -6.37753010E-02
         338  -6.38887063E-02
         339  -6.39685169E-02
         340  -6.40483871E-02
         341  -6.40946552E-02
         342  -6.41576350E-02
         343  -6.41870573E-02
         344  -6.42164871E-02
         345  -6.42459765E-02
         346  -6.42754659E-02
         347  -6.43047690E-02
         348  -6.43174201E-02
         349  -6.43300712E-02
         350  -6.43258095E-02
         351  -6.43216819E-02
         352  -6.43342659E-02
         353  -6.43467903E-02
         354  -6.43595010E-02
         355  -6.43889308E-02
         356  -6.44184276E-02
         357  -6.44310191E-02
         358  -6.44604489E-02
         359  -6.44899458E-02
         360  -6.45362958E-02
         361  -6.45321012E-02
         362  -6.45279661E-02
         363  -6.44900128E-02
         364  -6.44689724E-02
         365  -6.44647107E-02
         366  -6.44437298E-02
         367  -6.44731671E-02
         368  -6.45026639E-02
         369  -6.45658597E-02
         370  -6.46459088E-02
         371  -6.47596717E-02
         372  -6.48567155E-02
         373  -6.49704412E-02
         374  -6.50843009E-02
         375  -6.51981756E-02
         376  -6.52952641E-02
         377  -6.53586388E-02
         378  -6.54050857E-02
         379  -6.54346123E-02
         380  -6.54811338E-02
         381  -6.55107275E-02
         382  -6.55403137E-02
         383  -6.55699074E-02
         384  -6.55995086E-02
         385  -6.56122342E-02
         386  -6.56249672E-02
         387  -6.56545013E-02
         388  -6.57011569E-02
         389  -6.57475591E-02
         390  -6.57940879E-02
         391  -6.58407509E-02
         392  -6.58871606E-02
         393  -6.59338310E-02
         394  -6.59973100E-02
         395  -6.60775378E-02
         396  -6.61580265E-02
         397  -6.62383288E-02
         398  -6.62849545E-02
         399  -6.63146973E-02
         400  -6.63443133E-02
         401  -6.63740560E-02
         402  -6.64206222E-02
         403  -6.64166063E-02
         404  -6.64124638E-02
         405  -6.64082617E-02
         406  -6.63872436E-02
         407  -6.63493425E-02
         408  -6.63451999E-02
         409  -6.63411245E-02
         410  -6.63538650E-02
         411  -6.63666055E-02
         412  -6.63963482E-02
         413  -6.64091557E-02
         414  -6.64051399E-02
         415  -6.63841218E-02
         416  -6.63629100E-02
         417  -6.63418919E-02
         418  -6.63208738E-02
         419  -6.62829801E-02
         420  -6.62448928E-02
         421  -6.62068725E-02
         422  -6.61689192E-02
         423  -6.61140233E-02
         424  -6.60591349E-02
         425  -6.59873113E-02
         426  -6.58984333E-02
         427  -6.58097491E-02
         428  -6.57378212E-02
         429  -6.56659529E-02
         430  -6.55941591E-02
         431  -6.55223057E-02
         432  -6.54334649E-02
         433  -6.53784275E-02
         434  -6.53235763E-02
         435  -6.52855933E-02
         436  -6.52475432E-02
         437  -6.52433410E-02
         438  -6.52561337E-02
         439  -6.52857795E-02
         440  -6.53324202E-02
         441  -6.53620735E-02
         442  -6.53747991E-02
         443  -6.53705969E-02
         444  -6.53494745E-02
         445  -6.53114840E-02
         446  -6.52733743E-02
         447  -6.52522519E-02
         448  -6.52649775E-02
         449  -6.52947500E-02
         450  -6.53413907E-02
         451  -6.53879717E-02
         452  -6.54515401E-02
         453  -6.54982477E-02
         454  -6.55618906E-02
         455  -6.56254068E-02
         456  -6.56890571E-02
         457  -6.57696426E-02
         458  -6.58333674E-02
         459  -6.58970326E-02
         460  -6.59267604E-02
         461  -6.59734979E-02
         462  -6.60372302E-02
         463  -6.61009029E-02
         464  -6.61645830E-02
         465  -6.62283301E-02
         466  -6.62920177E-02
         467  -6.63388968E-02
         468  -6.63686395E-02
         469  -6.64153993E-02
         470  -6.64622113E-02
         471  -6.65089712E-02
         472  -6.65728673E-02
         473  -6.66366443E-02
         474  -6.66664615E-02
         475  -6.66793287E-02
         476  -6.66922033E-02
         477  -6.66881874E-02
         478  -6.66839778E-02
         479  -6.66458830E-02
         480  -6.66077808E-02
         481  -6.65866956E-02
         482  -6.65655434E-02
         483  -6.65274486E-02
         484  -6.64722770E-02
         485  -6.64343163E-02
         486  -6.64471164E-02
         487  -6.64598569E-02
         488  -6.64558411E-02
         489  -6.64856583E-02
         490  -6.65154681E-02
         491  -6.65454119E-02
         492  -6.65752888E-02
         493  -6.65880963E-02
         494  -6.66179731E-02
         495  -6.66648671E-02
         496  -6.67117611E-02
         497  -6.67585954E-02
         498  -6.67715296E-02
         499  -6.67674541E-02
         500  -6.67462945E-02
         501  -6.67251423E-02
         502  -6.67039901E-02
         503  -6.67169243E-02
         504  -6.67298585E-02
         505  -6.67426661E-02
         506  -6.67556003E-02
         507  -6.68024346E-02
         508  -6.68324456E-02
         509  -6.68453202E-02
         510  -6.68753386E-02
         511  -6.69052228E-02
         512  -6.69010803E-02
         513  -6.68969378E-02
         514  -6.68927953E-02
         515  -6.68887198E-02
         516  -6.68845773E-02
         517  -6.68634847E-02
         518  -6.68423921E-02
         519  -6.68211058E-02
         520  -6.68170899E-02
         521  -6.67958707E-02
         522  -6.67747185E-02
         523  -6.67536259E-02
         524  -6.67664930E-02
         525  -6.67623505E-02
         526  -6.67582154E-02
         527  -6.67710826E-02
         528  -6.68010339E-02
         529  -6.68820888E-02
         530  -6.69801682E-02
         531  -6.70783892E-02
         532  -6.71595335E-02
         533  -6.72065169E-02
         534  -6.72364756E-02
         535  -6.72836527E-02
         536  -6.73136190E-02
         537  -6.73606694E-02
         538  -6.74077272E-02
         539  -6.74376935E-02
         540  -6.74165860E-02
         541  -6.73954859E-02
         542  -6.73741847E-02
         543  -6.73531443E-02
         544  -6.73319772E-02
         545  -6.73278347E-02
         546  -6.73237592E-02
         547  -6.73025250E-02
         548  -6.72814250E-02
         549  -6.72602579E-02
         550  -6.72390312E-02
         551  -6.72520995E-02
         552  -6.72650412E-02
         553  -6.72609583E-02
         554  -6.72397316E-02
         555  -6.72184974E-02
         556  -6.71973377E-02
         557  -6.71761706E-02
         558  -6.71549439E-02
         559  -6.71167001E-02
         560  -6.70272708E-02
         561  -6.69378564E-02
         562  -6.68482482E-02
         563  -6.67929426E-02
         564  -6.67547062E-02
         565  -6.67164102E-02
         566  -6.66781813E-02
         567  -6.66568428E-02
         568  -6.66697696E-02
         569  -6.66656941E-02
         570  -6.66616186E-02
         571  -6.66573495E-02
         572  -6.66532740E-02
         573  -6.66491315E-02
         574  -6.66449890E-02
         575  -6.66407868E-02
         576  -6.66366443E-02
         577  -6.66325018E-02
         578  -6.66283593E-02
         579  -6.66413605E-02
         580  -6.66714311E-02
         581  -6.67013749E-02
         582  -6.67143092E-02
         583  -6.67273104E-02
         584  -6.67401776E-02
         585  -6.67531788E-02
         586  -6.67661801E-02
         587  -6.67790473E-02
         588  -6.67919815E-02
         589  -6.68049231E-02
         590  -6.68349937E-02
         591  -6.68650791E-02
         592  -6.68950900E-02
         593  -6.69080913E-02
         594  -6.69210255E-02
         595  -6.69510439E-02
         596  -6.69811890E-02
         597  -6.69941902E-02
         598  -6.70071319E-02
         599  -6.70202002E-02
         600  -6.70502186E-02
         601  -6.70632198E-02
         602  -6.70933053E-02
         603  -6.71233907E-02
         604  -6.71535432E-02
         605  -6.71835691E-02
         606  -6.72137216E-02
         607  -6.72438070E-02
         608  -6.72738999E-02
         609  -6.73040524E-02
         610  -6.73341453E-02
         611  -6.73643723E-02
         612  -6.73945248E-02
         613  -6.74075335E-02
         614  -6.74205422E-02
         615  -6.74334839E-02
         616  -6.74466193E-02
         617  -6.74766526E-02
         618  -6.75068796E-02
         619  -6.75198883E-02
         620  -6.75500482E-02
         621  -6.75801486E-02
         622  -6.76103756E-02
         623  -6.76577017E-02
         624  -6.76878691E-02
         625  -6.77009374E-02
         626  -6.77310452E-02
         627  -6.77270293E-02
         628  -6.77399784E-02
         629  -6.77873641E-02
         630  -6.78347573E-02
         631  -6.78992495E-02
         632  -6.79637492E-02
         633  -6.80111498E-02
         634  -6.80585504E-02
         635  -6.80716336E-02
         636  -6.80675507E-02
         637  -6.80291429E-02
         638  -6.79906681E-02
         639  -6.79523274E-02
         640  -6.79139271E-02
         641  -6.78754598E-02
         642  -6.78369924E-02
         643  -6.78329095E-02
         644  -6.78459853E-02
         645  -6.78247437E-02
         646  -6.78035691E-02
         647  -6.77650422E-02
         648  -6.77094907E-02
         649  -6.76538721E-02
         650  -6.75981939E-02
         651  -6.75598681E-02
         652  -6.75212890E-02
         653  -6.74829036E-02
         654  -6.74272999E-02
         655  -6.73887879E-02
         656  -6.73675537E-02
         657  -6.73805028E-02
         658  -6.74107224E-02
         659  -6.74581602E-02
         660  -6.75055385E-02
         661  -6.75530434E-02
         662  -6.75832108E-02
         663  -6.75962865E-02
         664  -6.75920770E-02
         665  -6.75880611E-02
         666  -6.75667599E-02
         667  -6.75455183E-02
         668  -6.75241575E-02
         669  -6.75027966E-02
         670  -6.74642846E-02
         671  -6.74430504E-02
         672  -6.74217492E-02
         673  -6.74175471E-02
         674  -6.74307421E-02
         675  -6.74436837E-02
         676  -6.74395412E-02
         677  -6.74355254E-02
         678  -6.74313158E-02
         679  -6.74271733E-02
         680  -6.74403086E-02
         681  -6.74533769E-02
         682  -6.74663857E-02
         683  -6.75138906E-02
         684  -6.75613359E-02
         685  -6.76432252E-02
         686  -6.77423328E-02
         687  -6.78586140E-02
         688  -6.79749101E-02
         689  -6.80569559E-02
         690  -6.81388825E-02
         691  -6.82208836E-02
         692  -6.82856515E-02
         693  -6.83504939E-02
         694  -6.83980435E-02
         695  -6.84800595E-02
         696  -6.85620829E-02
         697  -6.86441734E-02
         698  -6.87607527E-02
         699  -6.88772872E-02
         700  -6.90111965E-02
         701  -6.91277534E-02
         702  -6.92271441E-02
         703  -6.93266690E-02
         704  -6.93915710E-02
         705  -6.94393665E-02
         706  -6.94871545E-02
         707  -6.95347562E-02
         708  -6.95997402E-02
         709  -6.96648583E-02
         710  -6.97297230E-02
         711  -6.97775334E-02
         712  -6.98253363E-02
         713  -6.98731467E-02
         714  -6.99382201E-02
         715  -7.00032264E-02
         716  -7.00683743E-02
         717  -7.01333955E-02
         718  -7.01986104E-02
         719  -7.02636987E-02
         720  -7.03287944E-02
         721  -7.03938976E-02
         722  -7.04418644E-02
         723  -7.04897046E-02
         724  -7.05376044E-02
         725  -7.05854520E-02
         726  -7.06332996E-02
         727  -7.06984848E-02
         728  -7.07810074E-02
         729  -7.08462670E-02
         730  -7.09115267E-02
         731  -7.09767342E-02
         732  -7.10420012E-02
         733  -7.11072162E-02
         734  -7.11725578E-02
         735  -7.12377727E-02
         736  -7.13031888E-02
         737  -7.13684857E-02
         738  -7.14511275E-02
         739  -7.15164319E-02
         740  -7.15991557E-02
         741  -7.16644675E-02
         742  -7.17471316E-02
         743  -7.18299374E-02
         744  -7.19126239E-02
         745  -7.19780177E-02
         746  -7.20435455E-02
         747  -7.20916539E-02
         748  -7.21397027E-02
         749  -7.21878111E-02
         750  -7.22359940E-02
         751  -7.22668096E-02
         752  -7.22802654E-02
         753  -7.22936615E-02
         754  -7.23244771E-02
         755  -7.23552331E-02
         756  -7.24033564E-02
         757  -7.24689811E-02
         758  -7.25171044E-02
         759  -7.25479946E-02
         760  -7.25787580E-02
         761  -7.26096556E-02
         762  -7.26404861E-02
         763  -7.26713166E-02
         764  -7.27022067E-02
         765  -7.27330446E-02
         766  -7.27812499E-02
         767  -7.28468895E-02
         768  -7.28952289E-02
         769  -7.29434416E-02
         770  -7.29742870E-02
         771  -7.30051249E-02
         772  -7.30360970E-02
         773  -7.30669349E-02
         774  -7.30804652E-02
         775  -7.30939358E-02
         776  -7.31075928E-02
         777  -7.31036142E-02
         778  -7.30998963E-02
         779  -7.31133595E-02
         780  -7.31269568E-02
         781  -7.31404275E-02
         782  -7.31713325E-02
         783  -7.32023120E-02
         784  -7.32332245E-02
         785  -7.32641369E-02
         786  -7.32777342E-02
         787  -7.33086467E-02
         788  -7.33395591E-02
         789  -7.33705387E-02
         790  -7.34014586E-02
         791  -7.34149888E-02
         792  -7.34286532E-02
         793  -7.34421238E-02
         794  -7.34557286E-02
         795  -7.34692588E-02
         796  -7.34827965E-02
         797  -7.34964609E-02
         798  -7.35099986E-02
         799  -7.35235289E-02
         800  -7.35371932E-02
         801  -7.35681206E-02
         802  -7.36166239E-02
         803  -7.36649334E-02
         804  -7.36959875E-02
         805  -7.37444982E-02
         806  -7.37928152E-02
         807  -7.38412663E-02
         808  -7.38898441E-02
         809  -7.39556924E-02
         810  -7.40216076E-02
         811  -7.40875229E-02
         812  -7.41533861E-02
         813  -7.42193758E-02
         814  -7.42853060E-02
         815  -7.43513107E-02
         816  -7.43997842E-02
         817  -7.44483247E-02
         818  -7.44968727E-02
         819  -7.45454803E-02
         820  -7.46114403E-02
         821  -7.46775270E-02
         822  -7.47436136E-02
         823  -7.48271793E-02
         824  -7.49106258E-02
         825  -7.49942064E-02
         826  -7.50602558E-02
         827  -7.51263052E-02
         828  -7.51750171E-02
         829  -7.52061829E-02
         830  -7.52198696E-02
         831  -7.52335563E-02
         832  -7.52473101E-02
         833  -7.52611235E-02
         834  -7.52747506E-02
         835  -7.53059164E-02
         836  -7.53372163E-02
         837  -7.53683895E-02
         838  -7.53996894E-02
         839  -7.54309222E-02
         840  -7.54620954E-02
         841  -7.54932687E-02
         842  -7.55245760E-02
         843  -7.55558163E-02
         844  -7.55869970E-02
         845  -7.56357238E-02
         846  -7.56670311E-02
         847  -7.57156983E-02
         848  -7.57470727E-02
         849  -7.57958144E-02
         850  -7.58445561E-02
         851  -7.58933574E-02
         852  -7.59421661E-02
         853  -7.59908482E-02
         854  -7.60396570E-02
         855  -7.60886073E-02
         856  -7.61374235E-02
         857  -7.61861801E-02
         858  -7.62526244E-02
         859  -7.63189495E-02
         860  -7.63854086E-02
         861  -7.64516741E-02
         862  -7.65181407E-02
         863  -7.65846074E-02
         864  -7.66510218E-02
         865  -7.67173693E-02
         866  -7.67839178E-02
         867  -7.68328384E-02
         868  -7.68817514E-02
         869  -7.69307390E-02
         870  -7.69796595E-02
         871  -7.70462304E-02
         872  -7.71126002E-02
         873  -7.71791786E-02
         874  -7.72457570E-02
         875  -7.73122758E-02
         876  -7.73963779E-02
         877  -7.74804875E-02
         878  -7.75646716E-02
         879  -7.76487961E-02
         880  -7.77505860E-02
         881  -7.78524429E-02
         882  -7.79541805E-02
         883  -7.80383423E-02
         884  -7.81226978E-02
         885  -7.82070011E-02
         886  -7.82736465E-02
         887  -7.83579648E-02
         888  -7.84247443E-02
         889  -7.84914121E-02
         890  -7.85582066E-02
         891  -7.86074027E-02
         892  -7.86565989E-02
         893  -7.87058026E-02
         894  -7.87550658E-02
         895  -7.88041428E-02
         896  -7.88534209E-02
         897  -7.89026320E-02
         898  -7.89519101E-02
         899  -7.89835751E-02
         900  -7.89975747E-02
         901  -7.90292472E-02
         902  -7.90432468E-02
         903  -7.90572464E-02
         904  -7.90889785E-02
         905  -7.91205242E-02
         906  -7.91522712E-02
         907  -7.91839436E-02
         908  -7.92156905E-02
         909  -7.92473033E-02
         910  -7.92789832E-02
         911  -7.92931095E-02
         912  -7.93071166E-02
         913  -7.93212429E-02
         914  -7.93352500E-02
         915  -7.93493167E-02
         916  -7.93809965E-02
         917  -7.94128105E-02
         918  -7.94444308E-02
         919  -7.94761851E-02
         920  -7.94902518E-02
         921  -7.95043185E-02
         922  -7.95183852E-02
         923  -7.95502067E-02
         924  -7.95818940E-02
         925  -7.96312690E-02
         926  -7.96807110E-02
         927  -7.97300935E-02
         928  -7.97794759E-02
         929  -7.98289254E-02
         930  -7.98783824E-02
         931  -7.99277723E-02
         932  -7.99595416E-02
         933  -7.99913034E-02
         934  -8.00230727E-02
         935  -8.00195858E-02
         936  -8.00160989E-02
         937  -8.00126120E-02
         938  -7.99913704E-02
         939  -7.99878836E-02
         940  -7.99843296E-02
         941  -7.99984112E-02
         942  -8.00126120E-02
         943  -8.00266862E-02
         944  -8.00408274E-02
         945  -8.00726637E-02
         946  -8.01221952E-02
         947  -8.01717266E-02
         948  -8.01858678E-02
         949  -8.02000090E-02
         950  -8.02141577E-02
         951  -8.02283660E-02
         952  -8.02425072E-02
         953  -8.02566484E-02
         954  -8.02707970E-02
         955  -8.02850053E-02
         956  -8.02991465E-02
         957  -8.03132951E-02
         958  -8.03452060E-02
         959  -8.03770497E-02
         960  -8.04089531E-02
         961  -8.04408044E-02
         962  -8.04727152E-02
         963  -8.05045590E-02
         964  -8.05188417E-02
         965  -8.05329829E-02
         966  -8.05649012E-02
         967  -8.05967525E-02
         968  -8.06286708E-02
         969  -8.06605890E-02
         970  -8.06925669E-02
         971  -8.07244256E-02
         972  -8.07562843E-02
         973  -8.07883292E-02
         974  -8.08201879E-02
         975  -8.08521137E-02
         976  -8.08840394E-02
         977  -8.09160322E-02
         978  -8.09303746E-02
         979  -8.09445307E-02
         980  -8.09588134E-02
         981  -8.09730291E-02
         982  -8.09695423E-02
         983  -8.09836984E-02
         984  -8.09980482E-02
         985  -8.10122639E-02
         986  -8.10264871E-02
         987  -8.10407698E-02
         988  -8.10549855E-02
         989  -8.10692757E-02
         990  -8.10834914E-02
         991  -8.11155587E-02
         992  -8.11297745E-02
         993  -8.11439976E-02
         994  -8.11583474E-02
         995  -8.11725706E-02
         996  -8.11867937E-02
         997  -8.12011436E-02
         998  -8.12154934E-02
         999  -8.12474340E-02
        1000  -8.12794343E-02
        1001  -8.12936574E-02
        1002  -8.13078806E-02
        1003  -8.13044533E-02
        1004  -8.13010260E-02
        1005  -8.12975392E-02
        1006  -8.12940449E-02
        1007  -8.13083351E-02
        1008  -8.13226253E-02
        1009  -8.13370422E-02
        1010  -8.13512653E-02
        1011  -8.13654885E-02
        1012  -8.14153403E-02
        1013  -8.14473480E-02
        1014  -8.14972073E-02
        1015  -8.15470666E-02
        1016  -8.15969259E-02
        1017  -8.16646367E-02
        1018  -8.17321613E-02
        1019  -8.17820355E-02
        1020  -8.18319693E-02
        1021  -8.18818435E-02
        1022  -8.18962678E-02
        1023  -8.19104388E-02
        1024  -8.19248632E-02
        1025  -8.19391608E-02
        1026  -8.19358006E-02
        1027  -8.19323733E-02
        1028  -8.19288790E-02
        1029  -8.19254443E-02
        1030  -8.19220841E-02
        1031  -8.19185227E-02
        1032  -8.19507465E-02
        1033  -8.19828361E-02
        1034  -8.20149854E-02
        1035  -8.20472091E-02
        1036  -8.20792988E-02
        1037  -8.21115226E-02
        1038  -8.21436793E-02
        1039  -8.21757764E-02
        1040  -8.22080001E-02
        1041  -8.22401643E-02
        1042  -8.22723284E-02
        1043  -8.23046193E-02
        1044  -8.23367909E-02
        1045  -8.23867545E-02
        1046  -8.24368522E-02
        1047  -8.24868232E-02
        1048  -8.25368613E-02
        1049  -8.25690925E-02
        1050  -8.26013982E-02
        1051  -8.26335698E-02
        1052  -8.26658159E-02
        1053  -8.26980546E-02
        1054  -8.27303007E-02
        1055  -8.27625394E-02
        1056  -8.27947855E-02
        1057  -8.28270316E-02
        1058  -8.28594118E-02
        1059  -8.29094648E-02
        1060  -8.29595849E-02
        1061  -8.30097124E-02
        1062  -8.30598399E-02
        1063  -8.31099749E-02
        1064  -8.31601694E-02
        1065  -8.32103044E-02
        1066  -8.32425654E-02
        1067  -8.32748935E-02
        1068  -8.33073482E-02
        1069  -8.33217949E-02
        1070  -8.33540559E-02
        1071  -8.33864510E-02
        1072  -8.34187120E-02
        1073  -8.34511742E-02
        1074  -8.34656879E-02
        1075  -8.34800750E-02
        1076  -8.34945887E-02
        1077  -8.35091621E-02
        1078  -8.35414976E-02
        1079  -8.35739002E-02
        1080  -8.36063027E-02
        1081  -8.36385712E-02
        1082  -8.36530849E-02
        1083  -8.36676061E-02
        1084  -8.36642981E-02
        1085  -8.36609304E-02
        1086  -8.36575627E-02
        1087  -8.36541876E-02
        1088  -8.36686417E-02
        1089  -8.36831555E-02
        1090  -8.36978033E-02
        1091  -8.37301463E-02
        1092  -8.37626159E-02
        1093  -8.37950185E-02
        1094  -8.38274285E-02
        1095  -8.38598385E-02
        1096  -8.38565305E-02
        1097  -8.38531628E-02
        1098  -8.38318393E-02
        1099  -8.38105753E-02
        1100  -8.37894455E-02
        1101  -8.37681219E-02
        1102  -8.37648213E-02
        1103  -8.37614462E-02
        1104  -8.37759674E-02
        1105  -8.37725997E-02
        1106  -8.37691575E-02
        1107  -8.37659165E-02
        1108  -8.37626159E-02
        1109  -8.37592408E-02
        1110  -8.37738290E-02
        1111  -8.37703943E-02
        1112  -8.37670863E-02
        1113  -8.37816074E-02
        1114  -8.37961212E-02
        1115  -8.38105753E-02
        1116  -8.38073343E-02
        1117  -8.38038996E-02
        1118  -8.38005990E-02
        1119  -8.37972909E-02
        1120  -8.37580115E-02
        1121  -8.37187991E-02
        1122  -8.36796612E-02
        1123  -8.36404487E-02
        1124  -8.36012438E-02
        1125  -8.35619792E-02
        1126  -8.35228413E-02
        1127  -8.34656879E-02
        1128  -8.34085420E-02
        1129  -8.33514631E-02
        1130  -8.33122730E-02
        1131  -8.32730755E-02
        1132  -8.32158774E-02
        1133  -8.31766874E-02
        1134  -8.31195563E-02
        1135  -8.30802470E-02
        1136  -8.30410570E-02
        1137  -8.30018148E-02
        1138  -8.29625651E-02
        1139  -8.29411969E-02
        1140  -8.29199553E-02
        1141  -8.28985199E-02
        1142  -8.28772783E-02
        1143  -8.28559101E-02
        1144  -8.27987343E-02
        1145  -8.27415660E-02
        1146  -8.26843306E-02
        1147  -8.26271027E-02
        1148  -8.25699344E-02
        1149  -8.25307071E-02
        1150  -8.25093463E-02
        1151  -8.25059190E-02
        1152  -8.24845582E-02
        1153  -8.24631974E-02
        1154  -8.24239030E-02
        1155  -8.23845491E-02
        1156  -8.23274031E-02
        1157  -8.22522044E-02
        1158  -8.21771398E-02
        1159  -8.21018815E-02
        1160  -8.20267648E-02
        1161  -8.19695666E-02
        1162  -8.19302350E-02
        1163  -8.18909034E-02
        1164  -8.18516314E-02
        1165  -8.18122402E-02
        1166  -8.17907676E-02
        1167  -8.17694813E-02
        1168  -8.17659944E-02
        1169  -8.17804188E-02
        1170  -8.17948431E-02
        1171  -8.18093270E-02
        1172  -8.18416700E-02
        1173  -8.18741471E-02
        1174  -8.19065571E-02
        1175  -8.19389671E-02
        1176  -8.19713846E-02
        1177  -8.20036680E-02
        1178  -8.20540637E-02
        1179  -8.21223930E-02
        1180  -8.21907222E-02
        1181  -8.22591260E-02
        1182  -8.23274031E-02
        1183  -8.24137405E-02
        1184  -8.25000927E-02
        1185  -8.25685114E-02
        1186  -8.26368779E-02
        1187  -8.27052444E-02
        1188  -8.27737451E-02
        1189  -8.28601196E-02
        1190  -8.29285681E-02
        1191  -8.30150917E-02
        1192  -8.31015557E-02
        1193  -8.31880271E-02
        1194  -8.32564905E-02
        1195  -8.33070204E-02
        1196  -8.33396092E-02
        1197  -8.33361745E-02
        1198  -8.33329335E-02
        1199  -8.33294392E-02
        1200  -8.33259374E-02
        1201  -8.33226368E-02
        1202  -8.33011940E-02
        1203  -8.32798183E-02
        1204  -8.32584351E-02
        1205  -8.32370594E-02
        1206  -8.32336247E-02
        1207  -8.32302570E-02
        1208  -8.32088143E-02
        1209  -8.31874385E-02
        1210  -8.31660628E-02
        1211  -8.31446275E-02
        1212  -8.31231847E-02
        1213  -8.30837414E-02
        1214  -8.30443650E-02
        1215  -8.30049887E-02
        1216  -8.29656124E-02
        1217  -8.29261094E-02
        1218  -8.29046741E-02
        1219  -8.29012394E-02
        1220  -8.28978717E-02
        1221  -8.29123780E-02
        1222  -8.29270184E-02
        1223  -8.29595849E-02
        1224  -8.29920992E-02
        1225  -8.30067322E-02
        1226  -8.30213726E-02
        1227  -8.30539465E-02
        1228  -8.30865279E-02
        1229  -8.31011608E-02
        1230  -8.31157342E-02
        1231  -8.31303075E-02
        1232  -8.31268802E-02
        1233  -8.31235126E-02
        1234  -8.31020698E-02
        1235  -8.30806345E-02
        1236  -8.30772668E-02
        1237  -8.30917731E-02
        1238  -8.31064135E-02
        1239  -8.31390545E-02
        1240  -8.31716359E-02
        1241  -8.32043439E-02
        1242  -8.32369924E-02
        1243  -8.32696408E-02
        1244  -8.33022296E-02
        1245  -8.33348781E-02
        1246  -8.33675340E-02
        1247  -8.33822414E-02
        1248  -8.33968148E-02
        1249  -8.34114552E-02
        1250  -8.34441781E-02
        1251  -8.34768340E-02
        1252  -8.35094899E-02
        1253  -8.35422799E-02
        1254  -8.35749358E-02
        1255  -8.36257413E-02
        1256  -8.36764202E-02
        1257  -8.37272257E-02
        1258  -8.37779790E-02
        1259  -8.38287920E-02
        1260  -8.38795453E-02
        1261  -8.39304253E-02
        1262  -8.39811862E-02
        1263  -8.40319470E-02
        1264  -8.41009244E-02
        1265  -8.41697827E-02
        1266  -8.42206851E-02
        1267  -8.42715204E-02
        1268  -8.43223631E-02
        1269  -8.43913630E-02
        1270  -8.44784677E-02
        1271  -8.45835432E-02
        1272  -8.46888199E-02
        1273  -8.47758204E-02
        1274  -8.48629549E-02
        1275  -8.49319920E-02
        1276  -8.50010365E-02
        1277  -8.50701481E-02
        1278  -8.51392075E-02
        1279  -8.52082595E-02
        1280  -8.52774531E-02
        1281  -8.53465870E-02
        1282  -8.54156613E-02
        1283  -8.55029151E-02
        1284  -8.55903104E-02
        1285  -8.56775790E-02
        1286  -8.57830420E-02
        1287  -8.58884454E-02
        1288  -8.60121250E-02
        1289  -8.61356780E-02
        1290  -8.62413198E-02
        1291  -8.63467157E-02
        1292  -8.64342451E-02
        1293  -8.65216553E-02
        1294  -8.65910053E-02
        1295  -8.66603553E-02
        1296  -8.67297128E-02
        1297  -8.67990777E-02
        1298  -8.68865848E-02
        1299  -8.69742259E-02
        1300  -8.70800242E-02
        1301  -8.71675536E-02
        1302  -8.72551575E-02
        1303  -8.73427689E-02
        1304  -8.74304548E-02
        1305  -8.75180811E-02
        1306  -8.76057148E-02
        1307  -8.77117068E-02
        1308  -8.78175125E-02
        1309  -8.79234597E-02
        1310  -8.80294219E-02
        1311  -8.81354585E-02
        1312  -8.82413760E-02
        1313  -8.83656666E-02
        1314  -8.84898379E-02
        1315  -8.86141583E-02
        1316  -8.87203217E-02
        1317  -8.88263732E-02
        1318  -8.89324918E-02
        1319  -8.90205726E-02
        1320  -8.90901610E-02
        1321  -8.91782567E-02
        1322  -8.92663002E-02
        1323  -8.93542841E-02
        1324  -8.94422755E-02
        1325  -8.95303413E-02
        1326  -8.95819068E-02
        1327  -8.96517932E-02
        1328  -8.97217467E-02
        1329  -8.98098350E-02
        1330  -8.99162591E-02
        1331  -9.00043622E-02
        1332  -9.00926068E-02
        1333  -9.01807919E-02
        1334  -9.02690515E-02
        1335  -9.03571919E-02
        1336  -9.04271975E-02
        1337  -9.04972106E-02
        1338  -9.05672237E-02
        1339  -9.06555206E-02
        1340  -9.07438174E-02
        1341  -9.08321291E-02
        1342  -9.09387916E-02
        1343  -9.10637379E-02
        1344  -9.11702961E-02
        1345  -9.12770554E-02
        1346  -9.13654789E-02
        1347  -9.14539099E-02
        1348  -9.15424749E-02
        1349  -9.16308537E-02
        1350  -9.17194411E-02
        1351  -9.17896107E-02
        1352  -9.18599069E-02
        1353  -9.19300839E-02
        1354  -9.20003951E-02
        1355  -9.20706540E-02
        1356  -9.21409726E-02
        1357  -9.22296047E-02
        1358  -9.23182368E-02
        1359  -9.24252570E-02
        1360  -9.25322175E-02
        1361  -9.26391855E-02
        1362  -9.27463025E-02
        1363  -9.28533003E-02
        1364  -9.29604992E-02
        1365  -9.30675194E-02
        1366  -9.31747481E-02
        1367  -9.32635367E-02
        1368  -9.33340043E-02
        1369  -9.34228674E-02
        1370  -9.35117453E-02
        1371  -9.36006904E-02
        1372  -9.36895758E-02
        1373  -9.37968716E-02
        1374  -9.39041078E-02
        1375  -9.40114930E-02
        1376  -9.41188186E-02
        1377  -9.42078233E-02
        1378  -9.42784920E-02
        1379  -9.43491682E-02
        1380  -9.44015011E-02
        1381  -9.44721848E-02
        1382  -9.45428759E-02
        1383  -9.46136340E-02
        1384  -9.47028100E-02
        1385  -9.48102772E-02
        1386  -9.49361697E-02
        1387  -9.50990543E-02
        1388  -9.52433422E-02
        1389  -9.53879133E-02
        1390  -9.55323726E-02
        1391  -9.56584290E-02
        1392  -9.57846269E-02
        1393  -9.59107727E-02
        1394  -9.60369408E-02
        1395  -9.61632505E-02
        1396  -9.62894484E-02
        1397  -9.64341760E-02
        1398  -9.65789855E-02
        1399  -9.67238173E-02
        1400  -9.68687311E-02
        1401  -9.70135406E-02
        1402  -9.71584320E-02
        1403  -9.72849503E-02
        1404  -9.74116176E-02
        1405  -9.75196436E-02
        1406  -9.76093411E-02
        1407  -9.76989791E-02
        1408  -9.77701619E-02
        1409  -9.78230089E-02
        1410  -9.78757218E-02
        1411  -9.79470462E-02
        1412  -9.80183110E-02
        1413  -9.80896428E-02
        1414  -9.81424376E-02
        1415  -9.81952399E-02
        1416  -9.82481092E-02
        1417  -9.83009115E-02
        1418  -9.83538479E-02
        1419  -9.84250754E-02
        1420  -9.84780267E-02
        1421  -9.85309035E-02
        1422  -9.85838547E-02
        1423  -9.86366794E-02
        1424  -9.86711532E-02
        1425  -9.87054929E-02
        1426  -9.87399668E-02
        1427  -9.87743735E-02
        1428  -9.88087878E-02
        1429  -9.88432616E-02
        1430  -9.88776758E-02
        1431  -9.89121571E-02
        1432  -9.89094600E-02
        1433  -9.88883972E-02
        1434  -9.88858342E-02
        1435  -9.88832712E-02
        1436  -9.88806337E-02
        1437  -9.88965631E-02
        1438  -9.89310369E-02
        1439  -9.89840105E-02
        1440  -9.90370512E-02
        1441  -9.90900323E-02
        1442  -9.91615728E-02
        1443  -9.92331877E-02
        1444  -9.93047357E-02
        1445  -9.93577316E-02
        1446  -9.93922278E-02
        1447  -9.94267911E-02
        1448  -9.94613543E-02
        1449  -9.95144248E-02
        1450  -9.95674282E-02
        1451  -9.96206254E-02
        1452  -9.96737033E-02
        1453  -9.97268483E-02
        1454  -9.97799262E-02
        1455  -9.98145044E-02
        1456  -9.98490825E-02
        1457  -9.98837277E-02
        1458  -9.99183059E-02
        1459  -9.99528915E-02
        1460  -9.99875367E-02
        1461 -0.100040630    
        1462 -0.100093864    
        1463 -0.100147091    
        1464 -0.100200266    
        1465 -0.100253500    
        1466 -0.100306742    
        1467 -0.100341268    
        1468 -0.100375928    
        1469 -0.100410730    
        1470 -0.100463971    
        1471 -0.100517161    
        1472 -0.100551896    
        1473 -0.100567847    
        1474 -0.100584060    
        1475 -0.100581557    
        1476 -0.100597635    
        1477 -0.100613788    
        1478 -0.100648388    
        1479 -0.100720309    
        1480 -0.100792162    
        1481 -0.100864224    
        1482 -0.100936159    
        1483 -0.101008028    
        1484 -0.101042844    
        1485 -0.101058938    
        1486 -0.101075158    
        1487 -0.101091251    
        1488 -0.101107404    
        1489 -0.101123564    
        1490 -0.101139717    
        1491 -0.101155810    
        1492 -0.101172030    
        1493 -0.101206720    
        1494 -0.101241611    
        1495 -0.101257771    
        1496 -0.101273865    
        1497 -0.101290025    
        1498 -0.101306252    
        1499 -0.101322345    
        1500 -0.101338573    
        1501 -0.101354800    
        1502 -0.101370826    
        1503 -0.101387054    
        1504 -0.101403281    
        1505 -0.101419441    
        1506 -0.101417005    
        1507 -0.101433232    
        1508 -0.101449393    
        1509 -0.101465553    
        1510 -0.101481788    
        1511 -0.101479344    
        1512 -0.101476900    
        1513 -0.101474464    
        1514 -0.101471953    
        1515 -0.101469517    
        1516 -0.101467006    
        1517 -0.101483233    
        1518 -0.101499468    
        1519 -0.101552971    
        1520 -0.101606548    
        1521 -0.101659991    
        1522 -0.101713635    
        1523 -0.101748474    
        1524 -0.101783387    
        1525 -0.101818360    
        1526 -0.101871878    
        1527 -0.101906858    
        1528 -0.101941705    
        1529 -0.101976693    
        1530 -0.102011673    
        1531 -0.102065206    
        1532 -0.102118872    
        1533 -0.102172539    
        1534 -0.102244832    
        1535 -0.102317132    
        1536 -0.102408119    
        1537 -0.102499314    
        1538 -0.102609076    
        1539 -0.102700219    
        1540 -0.102791242    
        1541 -0.102882542    
        1542 -0.102973707    
        1543 -0.103046194    
        1544 -0.103118673    
        1545 -0.103134997    
        1546 -0.103151456    
        1547 -0.103167772    
        1548 -0.103184097    
        1549 -0.103200421    
        1550 -0.103216879    
        1551 -0.103251904    
        1552 -0.103286996    
        1553 -0.103284612    
        1554 -0.103282236    
        1555 -0.103279993    
        1556 -0.103277609    
        1557 -0.103293933    
        1558 -0.103310324    
        1559 -0.103326716    
        1560 -0.103343040    
        1561 -0.103359498    
        1562 -0.103375822    
        1563 -0.103392281    
        1564 -0.103408545    
        1565 -0.103424937    
        1566 -0.103441328    
        1567 -0.103439011    
        1568 -0.103436701    
        1569 -0.103434324    
        1570 -0.103432074    
        1571 -0.103429630    
        1572 -0.103446022    
        1573 -0.103462413    
        1574 -0.103478804    
        1575 -0.103495203    
        1576 -0.103474177    
        1577 -0.103434257    
        1578 -0.103394397    
        1579 -0.103354543    
        1580 -0.103314556    
        1581 -0.103274703    
        1582 -0.103253618    
        1583 -0.103232473    
        1584 -0.103211328    
        1585 -0.103190176    
        1586 -0.103169098    
        1587 -0.103147954    
        1588 -0.103126802    
        1589 -0.103105724    
        1590 -0.103103347    
        1591 -0.103082135    
        1592 -0.103079759    
        1593 -0.103077315    
        1594 -0.103074998    
        1595 -0.103053853    
        1596 -0.103013948    
        1597 -0.102974042    
        1598 -0.102934137    
        1599 -0.102912925    
        1600 -0.102891721    
        1601 -0.102870651    
        1602 -0.102849439    
        1603 -0.102828234    
        1604 -0.102807097    
        1605 -0.102785960    
        1606 -0.102764688    
        1607 -0.102762379    
        1608 -0.102778755    
        1609 -0.102813900    
        1610 -0.102867872    
        1611 -0.102921844    
        1612 -0.102975823    
        1613 -0.103029802    
        1614 -0.103083789    
        1615 -0.103137709    
        1616 -0.103173062    
        1617 -0.103208214    
        1618 -0.103243507    
        1619 -0.103297435    
        1620 -0.103351563    
        1621 -0.103405565    
        1622 -0.103478476    
        1623 -0.103551388    
        1624 -0.103624314    
        1625 -0.103697166    
        1626 -0.103770100    
        1627 -0.103843033    
        1628 -0.103934892    
        1629 -0.104026683    
        1630 -0.104118422    
        1631 -0.104210369    
        1632 -0.104302190    
        1633 -0.104394026    
        1634 -0.104467139    
        1635 -0.104521327    
        1636 -0.104575589    
        1637 -0.104648650    
        1638 -0.104702920    
        1639 -0.104757197    
        1640 -0.104811400    
        1641 -0.104865678    
        1642 -0.104920030    
        1643 -0.104974248    
        1644 -0.105028667    
        1645 -0.105082959    
        1646 -0.105137318    
        1647 -0.105191611    
        1648 -0.105245978    
        1649 -0.105300277    
        1650 -0.105354711    
        1651 -0.105408952    
        1652 -0.105444588    
        1653 -0.105461277    
        1654 -0.105477840    
        1655 -0.105494462    
        1656 -0.105511092    
        1657 -0.105508968    
        1658 -0.105525531    
        1659 -0.105561033    
        1660 -0.105596669    
        1661 -0.105632111    
        1662 -0.105686568    
        1663 -0.105741091    
        1664 -0.105814368    
        1665 -0.105868831    
        1666 -0.105904415    
        1667 -0.105939999    
        1668 -0.105975650    
        1669 -0.106011242    
        1670 -0.106008984    
        1671 -0.106025688    
        1672 -0.106042452    
        1673 -0.106077977    
        1674 -0.106113568    
        1675 -0.106130332    
        1676 -0.106146969    
        1677 -0.106144853    
        1678 -0.106142528    
        1679 -0.106121451    
        1680 -0.106119201    
        1681 -0.106117010    
        1682 -0.106114760    
        1683 -0.106112570    
        1684 -0.106110387    
        1685 -0.106127024    
        1686 -0.106143788    
        1687 -0.106179379    
        1688 -0.106215045    
        1689 -0.106250703    
        1690 -0.106267475    
        1691 -0.106284179    
        1692 -0.106282055    
        1693 -0.106298693    
        1694 -0.106315404    
        1695 -0.106332175    
        1696 -0.106348947    
        1697 -0.106365584    
        1698 -0.106401384    
        1699 -0.106456012    
        1700 -0.106529675    
        1701 -0.106603280    
        1702 -0.106676884    
        1703 -0.106750563    
        1704 -0.106805272    
        1705 -0.106859997    
        1706 -0.106914647    
        1707 -0.106969438    
        1708 -0.107024230    
        1709 -0.107078962    
        1710 -0.107133694    
        1711 -0.107188433    
        1712 -0.107262284    
        1713 -0.107336000    
        1714 -0.107409865    
        1715 -0.107483596    
        1716 -0.107557461    
        1717 -0.107612357    
        1718 -0.107686169    
        1719 -0.107741065    
        1720 -0.107795902    
        1721 -0.107850745    
        1722 -0.107886598    
        1723 -0.107903458    
        1724 -0.107920460    
        1725 -0.107937254    
        1726 -0.107954189    
        1727 -0.107971057    
        1728 -0.107968993    
        1729 -0.107985862    
        1730 -0.108002797    
        1731 -0.108019657    
        1732 -0.108055584    
        1733 -0.108091511    
        1734 -0.108127438    
        1735 -0.108163372    
        1736 -0.108199365    
        1737 -0.108235233    
        1738 -0.108271226    
        1739 -0.108307295    
        1740 -0.108343095    
        1741 -0.108379103    
        1742 -0.108415037    
        1743 -0.108451113    
        1744 -0.108506054    
        1745 -0.108580202    
        1746 -0.108654283    
        1747 -0.108690232    
        1748 -0.108707309    
        1749 -0.108724184    
        1750 -0.108741194    
        1751 -0.108758144    
        1752 -0.108756147    
        1753 -0.108773097    
        1754 -0.108790174    
        1755 -0.108807117    
        1756 -0.108843073    
        1757 -0.108860150    
        1758 -0.108877100    
        1759 -0.108894050    
        1760 -0.108911127    
        1761 -0.108928144    
        1762 -0.108945161    
        1763 -0.108943097    
        1764 -0.108941033    
        1765 -0.108938910    
        1766 -0.108936787    
        1767 -0.108934790    
        1768 -0.108951807    
        1769 -0.108968757    
        1770 -0.108947620    
        1771 -0.108926482    
        1772 -0.108905345    
        1773 -0.108865134    
        1774 -0.108844005    
        1775 -0.108822800    
        1776 -0.108801670    
        1777 -0.108780473    
        1778 -0.108759336    
        1779 -0.108738139    
        1780 -0.108697869    
        1781 -0.108657606    
        1782 -0.108617403    
        1783 -0.108558007    
        1784 -0.108498678    
        1785 -0.108439356    
        1786 -0.108399034    
        1787 -0.108339712    
        1788 -0.108280264    
        1789 -0.108221017    
        1790 -0.108161643    
        1791 -0.108102269    
        1792 -0.108061962    
        1793 -0.108040780    
        1794 -0.108038582    
        1795 -0.108055584    
        1796 -0.108072519    
        1797 -0.108089454    
        1798 -0.108106457    
        1799 -0.108123451    
        1800 -0.108140387    
        1801 -0.108157389    
        1802 -0.108193457    
        1803 -0.108229652    
        1804 -0.108265713    
        1805 -0.108263589    
        1806 -0.108261399    
        1807 -0.108278468    
        1808 -0.108295470    
        1809 -0.108312480    
        1810 -0.108348608    
        1811 -0.108384751    
        1812 -0.108420819    
        1813 -0.108437829    
        1814 -0.108454831    
        1815 -0.108491041    
        1816 -0.108527184    
        1817 -0.108563319    
        1818 -0.108580329    
        1819 -0.108597338    
        1820 -0.108595282    
        1821 -0.108593151    
        1822 -0.108591095    
        1823 -0.108589038    
        1824 -0.108586840    
        1825 -0.108584784    
        1826 -0.108601794    
        1827 -0.108618937    
        1828 -0.108616874    
        1829 -0.108633816    
        1830 -0.108650893    
        1831 -0.108667970    
        1832 -0.108684979    
        1833 -0.108721197    
        1834 -0.108776554    
        1835 -0.108831972    
        1836 -0.108887337    
        1837 -0.108942702    
        1838 -0.108940639    
        1839 -0.108919367    
        1840 -0.108898103    
        1841 -0.108876899    
        1842 -0.108855635    
        1843 -0.108834498    
        1844 -0.108851515    
        1845 -0.108849451    
        1846 -0.108866535    
        1847 -0.108883545    
        1848 -0.108900696    
        1849 -0.108917773    
        1850 -0.108934857    
        1851 -0.108990222    
        1852 -0.109026581    
        1853 -0.109043732    
        1854 -0.109041601    
        1855 -0.109039478    
        1856 -0.109018274    
        1857 -0.108977862    
        1858 -0.108956590    
        1859 -0.108916178    
        1860 -0.108875774    
        1861 -0.108835228    
        1862 -0.108814031    
