           0   0.00000000    
           1  -8.85282294E-04
           2  -1.77140872E-03
           3  -2.65838089E-03
           4  -3.54614039E-03
           5  -4.43492830E-03
           6  -5.32450667E-03
           7  -6.21505734E-03
           8  -7.10640149E-03
           9  -7.99878128E-03
          10  -8.89183767E-03
          11  -9.78599302E-03
          12  -1.06808897E-02
          13  -1.15768882E-02
          14  -1.24735693E-02
          15  -1.33712376E-02
          16  -1.42698325E-02
          17  -1.51693569E-02
          18  -1.60696916E-02
          19  -1.69709586E-02
          20  -1.78732201E-02
          21  -1.87762957E-02
          22  -1.96804330E-02
          23  -2.05853861E-02
          24  -2.14911606E-02
          25  -2.23979391E-02
          26  -2.33056620E-02
          27  -2.42143311E-02
          28  -2.51238886E-02
          29  -2.60342732E-02
          30  -2.69457344E-02
          31  -2.78580245E-02
          32  -2.87713949E-02
          33  -2.96855383E-02
          34  -3.06005795E-02
          35  -3.15166451E-02
          36  -3.24337333E-02
          37  -3.33516002E-02
          38  -3.42704989E-02
          39  -3.51903625E-02
          40  -3.61110754E-02
          41  -3.70328240E-02
          42  -3.79556082E-02
          43  -3.88791785E-02
          44  -3.98037322E-02
          45  -4.07291986E-02
          46  -4.16558348E-02
          47  -4.25832719E-02
          48  -4.35115658E-02
          49  -4.44409698E-02
          50  -4.53714281E-02
          51  -4.63026315E-02
          52  -4.72349487E-02
          53  -4.81682606E-02
          54  -4.91024442E-02
          55  -5.00376932E-02
          56  -5.09738140E-02
          57  -5.19110635E-02
          58  -5.28490692E-02
          59  -5.35895266E-02
          60  -5.43304719E-02
          61  -5.50722815E-02
          62  -5.58145791E-02
          63  -5.65575548E-02
          64  -5.73010817E-02
          65  -5.80454171E-02
          66  -5.87902404E-02
          67  -5.95356822E-02
          68  -6.02818094E-02
          69  -6.10286184E-02
          70  -6.17759861E-02
          71  -6.25241026E-02
          72  -6.32728413E-02
          73  -6.40220791E-02
          74  -6.47721365E-02
          75  -6.55227527E-02
          76  -6.62739351E-02
          77  -6.70258701E-02
          78  -6.77783713E-02
          79  -6.85315728E-02
          80  -6.92854598E-02
          81  -7.00400546E-02
          82  -7.07951486E-02
          83  -7.15510026E-02
          84  -7.23073706E-02
          85  -7.30645657E-02
          86  -7.38223344E-02
          87  -7.45807365E-02
          88  -7.53399134E-02
          89  -7.60996044E-02
          90  -7.68599361E-02
          91  -7.76209682E-02
          92  -7.83827826E-02
          93  -7.91451707E-02
          94  -7.99082071E-02
          95  -8.06718320E-02
          96  -8.14362913E-02
          97  -8.22013393E-02
          98  -8.29671025E-02
          99  -8.37333873E-02
         100  -8.45005140E-02
         101  -8.52682367E-02
         102  -8.60366747E-02
         103  -8.68057087E-02
         104  -8.75754580E-02
         105  -8.83460045E-02
         106  -8.91170055E-02
         107  -8.98887366E-02
         108  -9.06611979E-02
         109  -9.14343819E-02
         110  -9.22082290E-02
         111  -9.29826796E-02
         112  -9.37579870E-02
         113  -9.45337638E-02
         114  -9.53104123E-02
         115  -9.60875973E-02
         116  -9.68656465E-02
         117  -9.76442397E-02
         118  -9.84234959E-02
         119  -9.92034376E-02
         120  -9.99841765E-02
         121 -0.100765593    
         122 -0.101547755    
         123 -0.102330595    
         124 -0.103114054    
         125 -0.103898183    
         126 -0.104683064    
         127 -0.105468765    
         128 -0.106254943    
         129 -0.107042015    
         130 -0.107829697    
         131 -0.108618200    
         132 -0.109407134    
         133 -0.110197015    
         134 -0.110987656    
         135 -0.111778796    
         136 -0.112570755    
         137 -0.113363542    
         138 -0.114156760    
         139 -0.114951007    
         140 -0.115745887    
         141 -0.116541333    
         142 -0.117337614    
         143 -0.118134595    
         144 -0.118932277    
         145 -0.119730666    
         146 -0.120529756    
         147 -0.121329695    
         148 -0.122130334    
         149 -0.122931682    
         150 -0.123733744    
         151 -0.124536447    
         152 -0.125340000    
         153 -0.126144260    
         154 -0.126949251    
         155 -0.127755016    
         156 -0.128561422    
         157 -0.129368633    
         158 -0.130176544    
         159 -0.130985200    
         160 -0.131794691    
         161 -0.132604986    
         162 -0.133415803    
         163 -0.134227484    
         164 -0.135039806    
         165 -0.135853007    
         166 -0.136666879    
         167 -0.137481540    
         168 -0.138296932    
         169 -0.139113069    
         170 -0.139930069    
         171 -0.140747666    
         172 -0.141566142    
         173 -0.142385289    
         174 -0.143205240    
         175 -0.144025937    
         176 -0.144847453    
         177 -0.145669699    
         178 -0.146492690    
         179 -0.147316515    
         180 -0.148140937    
         181 -0.148966387    
         182 -0.149792388    
         183 -0.150619268    
         184 -0.151446909    
         185 -0.152275234    
         186 -0.153104454    
         187 -0.153934434    
         188 -0.154765308    
         189 -0.155596733    
         190 -0.156428993    
         191 -0.157262012    
         192 -0.158096001    
         193 -0.158930689    
         194 -0.159766078    
         195 -0.160602242    
         196 -0.161439300    
         197 -0.162277147    
         198 -0.163115680    
         199 -0.163955078    
         200 -0.164795369    
         201 -0.165636376    
         202 -0.166478172    
         203 -0.167320669    
         204 -0.168164074    
         205 -0.169008344    
         206 -0.169853330    
         207 -0.170699239    
         208 -0.171545729    
         209 -0.172393218    
         210 -0.173241422    
         211 -0.174090475    
         212 -0.174940407    
         213 -0.175791129    
         214 -0.176642582    
         215 -0.177494973    
         216 -0.178348079    
         217 -0.179202005    
         218 -0.180056855    
         219 -0.180912524    
         220 -0.181768909    
         221 -0.182626113    
         222 -0.183484197    
         223 -0.184343219    
         224 -0.185202986    
         225 -0.186063498    
         226 -0.186924890    
         227 -0.187787175    
         228 -0.188650265    
         229 -0.189514175    
         230 -0.190378979    
         231 -0.191244602    
         232 -0.192111045    
         233 -0.192978397    
         234 -0.193846494    
         235 -0.194715485    
         236 -0.195585459    
         237 -0.196456045    
         238 -0.197327673    
         239 -0.198200062    
         240 -0.199073359    
         241 -0.199947566    
         242 -0.200822458    
         243 -0.201698348    
         244 -0.202574998    
         245 -0.203452632    
         246 -0.204331040    
         247 -0.205210373    
         248 -0.206090555    
         249 -0.206971571    
         250 -0.207853526    
         251 -0.208736330    
         252 -0.209620059    
         253 -0.210504636    
         254 -0.211390004    
         255 -0.212276369    
         256 -0.213163525    
         257 -0.214051619    
         258 -0.214940652    
         259 -0.215830550    
         260 -0.216721237    
         261 -0.217612863    
         262 -0.218505517    
         263 -0.219398886    
         264 -0.220293134    
         265 -0.221188486    
         266 -0.222084478    
         267 -0.222981572    
         268 -0.223879397    
         269 -0.224778339    
         270 -0.225677997    
         271 -0.226578638    
         272 -0.227480233    
         273 -0.228382707    
         274 -0.229286000    
         275 -0.230190411    
         276 -0.231095642    
         277 -0.232001677    
         278 -0.232908845    
         279 -0.233816847    
         280 -0.234725669    
         281 -0.235635474    
         282 -0.236546248    
         283 -0.237457931    
         284 -0.238370597    
         285 -0.239284098    
         286 -0.240198582    
         287 -0.241114065    
         288 -0.242030442    
         289 -0.242947683    
         290 -0.243866056    
         291 -0.244785205    
         292 -0.245705277    
         293 -0.246626422    
         294 -0.247548416    
         295 -0.248471409    
         296 -0.249395341    
         297 -0.250320256    
         298 -0.251246125    
         299 -0.252172947    
         300 -0.253100604    
         301 -0.254029423    
         302 -0.254959047    
         303 -0.255889744    
         304 -0.256821394    
         305 -0.257753938    
         306 -0.258687556    
         307 -0.259622127    
         308 -0.260557592    
         309 -0.261494160    
         310 -0.262431651    
         311 -0.263370067    
         312 -0.264309555    
         313 -0.265250027    
         314 -0.266191393    
         315 -0.267133802    
         316 -0.268077224    
         317 -0.269021630    
         318 -0.269966960    
         319 -0.270913452    
         320 -0.271860868    
         321 -0.272809267    
         322 -0.273758620    
         323 -0.274709046    
         324 -0.275660455    
         325 -0.276612908    
         326 -0.277566284    
         327 -0.278520823    
         328 -0.279476255    
         329 -0.280432761    
         330 -0.281390250    
         331 -0.282348812    
         332 -0.283308238    
         333 -0.284268916    
         334 -0.285230577    
         335 -0.286193132    
         336 -0.287156731    
         337 -0.288121641    
         338 -0.289087266    
         339 -0.290054053    
         340 -0.291021854    
         341 -0.291990757    
         342 -0.292960644    
         343 -0.293931663    
         344 -0.294903725    
         345 -0.295876801    
         346 -0.296850950    
         347 -0.297825992    
         348 -0.298802316    
         349 -0.299779594    
         350 -0.300757915    
         351 -0.301737338    
         352 -0.302717865    
         353 -0.303699464    
         354 -0.304682106    
         355 -0.305665791    
         356 -0.306650609    
         357 -0.307636410    
         358 -0.308623403    
         359 -0.309611380    
         360 -0.310600489    
         361 -0.311590672    
         362 -0.312581986    
         363 -0.313574374    
         364 -0.314567834    
         365 -0.315562457    
         366 -0.316558033    
         367 -0.317554891    
         368 -0.318552703    
         369 -0.319551796    
         370 -0.320551932    
         371 -0.321553081    
         372 -0.322555423    
         373 -0.323558748    
         374 -0.324563414    
         375 -0.325569004    
         376 -0.326575756    
         377 -0.327583820    
         378 -0.328592777    
         379 -0.329603016    
         380 -0.330614358    
         381 -0.331626713    
         382 -0.332640260    
         383 -0.333655119    
         384 -0.334670812    
         385 -0.335687965    
         386 -0.336706042    
         387 -0.337725371    
         388 -0.338745773    
         389 -0.339767426    
         390 -0.340790212    
         391 -0.341814280    
         392 -0.342839301    
         393 -0.343865544    
         394 -0.344892859    
         395 -0.345921546    
         396 -0.346951306    
         397 -0.347982287    
         398 -0.349014342    
         399 -0.350047648    
         400 -0.351082176    
         401 -0.352117777    
         402 -0.353154689    
         403 -0.354192615    
         404 -0.355231941    
         405 -0.356272370    
         406 -0.357313961    
         407 -0.358356804    
         408 -0.359400809    
         409 -0.360446006    
         410 -0.361492455    
         411 -0.362264454    
         412 -0.363037020    
         413 -0.363810241    
         414 -0.364584118    
         415 -0.365358889    
         416 -0.366134197    
         417 -0.366910189    
         418 -0.367686868    
         419 -0.368464231    
         420 -0.369242400    
         421 -0.370021045    
         422 -0.370800495    
         423 -0.371580720    
         424 -0.372361571    
         425 -0.373143107    
         426 -0.373925418    
         427 -0.374708354    
         428 -0.375492007    
         429 -0.376276314    
         430 -0.377061278    
         431 -0.377847105    
         432 -0.378633559    
         433 -0.379420698    
         434 -0.380208552    
         435 -0.380997121    
         436 -0.381786406    
         437 -0.382576466    
         438 -0.383367181    
         439 -0.384158671    
         440 -0.384950787    
         441 -0.385743558    
         442 -0.386537105    
         443 -0.387331396    
         444 -0.388126373    
         445 -0.388922185    
         446 -0.389718533    
         447 -0.390515625    
         448 -0.391313493    
         449 -0.392112195    
         450 -0.392911613    
         451 -0.393711597    
         452 -0.394512475    
         453 -0.395313919    
         454 -0.396116167    
         455 -0.396919161    
         456 -0.397722900    
         457 -0.398527354    
         458 -0.399332523    
         459 -0.400138468    
         460 -0.400945157    
         461 -0.401752561    
         462 -0.402560622    
         463 -0.403369606    
         464 -0.404179245    
         465 -0.404989541    
         466 -0.405800760    
         467 -0.406612635    
         468 -0.407425195    
         469 -0.408238649    
         470 -0.409052789    
         471 -0.409867674    
         472 -0.410683215    
         473 -0.411499709    
         474 -0.412316859    
         475 -0.413134784    
         476 -0.413953453    
         477 -0.414772779    
         478 -0.415592968    
         479 -0.416413933    
         480 -0.417235672    
         481 -0.418058068    
         482 -0.418881416    
         483 -0.419705421    
         484 -0.420530230    
         485 -0.421355814    
         486 -0.422182143    
         487 -0.423009247    
         488 -0.423837125    
         489 -0.424665719    
         490 -0.425495267    
         491 -0.426325381    
         492 -0.427156508    
         493 -0.427988291    
         494 -0.428820848    
         495 -0.429654211    
         496 -0.430488348    
         497 -0.431323290    
         498 -0.432159007    
         499 -0.432995528    
         500 -0.433832854    
         501 -0.434670955    
         502 -0.435509741    
         503 -0.436349452    
         504 -0.437190026    
         505 -0.438031316    
         506 -0.438873410    
         507 -0.439716220    
         508 -0.440559983    
         509 -0.441404581    
         510 -0.442249894    
         511 -0.443096012    
         512 -0.443942845    
         513 -0.444790602    
         514 -0.445639223    
         515 -0.446488589    
         516 -0.447338760    
         517 -0.448189765    
         518 -0.449041575    
         519 -0.449894309    
         520 -0.450747669    
         521 -0.451602042    
         522 -0.452457130    
         523 -0.453313053    
         524 -0.454169810    
         525 -0.455027401    
         526 -0.455885887    
         527 -0.456745148    
         528 -0.457605243    
         529 -0.458466142    
         530 -0.459327877    
         531 -0.460190475    
         532 -0.461053997    
         533 -0.461918354    
         534 -0.462783366    
         535 -0.463649303    
         536 -0.464516282    
         537 -0.465383828    
         538 -0.466252327    
         539 -0.467121780    
         540 -0.467991978    
         541 -0.468863130    
         542 -0.469735026    
         543 -0.470607758    
         544 -0.471481502    
         545 -0.472356051    
         546 -0.473231316    
         547 -0.474107504    
         548 -0.474984646    
         549 -0.475862592    
         550 -0.476741493    
         551 -0.477621257    
         552 -0.478501797    
         553 -0.479383290    
         554 -0.480265677    
         555 -0.481148839    
         556 -0.482032865    
         557 -0.482917875    
         558 -0.483803660    
         559 -0.484690428    
         560 -0.485578001    
         561 -0.486466527    
         562 -0.487355977    
         563 -0.488246202    
         564 -0.489137411    
         565 -0.490029514    
         566 -0.490922421    
         567 -0.491816312    
         568 -0.492711097    
         569 -0.493606806    
         570 -0.494503379    
         571 -0.495400786    
         572 -0.496299148    
         573 -0.497198373    
         574 -0.498098671    
         575 -0.498999715    
         576 -0.499901712    
         577 -0.500804663    
         578 -0.501708508    
         579 -0.502613187    
         580 -0.503518879    
         581 -0.504425585    
         582 -0.505333066    
         583 -0.506241560    
         584 -0.507150948    
         585 -0.508061171    
         586 -0.508972406    
         587 -0.509884596    
         588 -0.510797739    
         589 -0.511711895    
         590 -0.512626886    
         591 -0.513542652    
         592 -0.514459491    
         593 -0.515377402    
         594 -0.516296029    
         595 -0.517215729    
         596 -0.518136322    
         597 -0.519057989    
         598 -0.519980550    
         599 -0.520904183    
         600 -0.521828532    
         601 -0.522753894    
         602 -0.523680329    
         603 -0.524607718    
         604 -0.525536001    
         605 -0.526465118    
         606 -0.527395427    
         607 -0.528326571    
         608 -0.529258788    
         609 -0.530191898    
         610 -0.531126142    
         611 -0.532061219    
         612 -0.532997310    
         613 -0.533934355    
         614 -0.534872413    
         615 -0.535811484    
         616 -0.536751390    
         617 -0.537692428    
         618 -0.538634479    
         619 -0.539577365    
         620 -0.540521383    
         621 -0.541466296    
         622 -0.542412400    
         623 -0.543359399    
         624 -0.544307351    
         625 -0.545256376    
         626 -0.546206176    
         627 -0.547157288    
         628 -0.548109293    
         629 -0.549062371    
         630 -0.550016403    
         631 -0.550971448    
         632 -0.551927626    
         633 -0.552884579    
         634 -0.553842723    
         635 -0.554801941    
         636 -0.555762112    
         637 -0.556723297    
         638 -0.557685614    
         639 -0.558648765    
         640 -0.559613109    
         641 -0.560578465    
         642 -0.561544895    
         643 -0.562512279    
         644 -0.563480735    
         645 -0.564450324    
         646 -0.565420806    
         647 -0.566392422    
         648 -0.567365050    
         649 -0.568338871    
         650 -0.569313705    
         651 -0.570289493    
         652 -0.571266472    
         653 -0.572244465    
         654 -0.573223412    
         655 -0.574203551    
         656 -0.575184643    
         657 -0.576166928    
         658 -0.577150285    
         659 -0.578134716    
         660 -0.579120159    
         661 -0.580106735    
         662 -0.581094444    
         663 -0.582083166    
         664 -0.583072960    
         665 -0.584063888    
         666 -0.585055768    
         667 -0.586048961    
         668 -0.587043166    
         669 -0.588038445    
         670 -0.589034855    
         671 -0.590032339    
         672 -0.591031015    
         673 -0.592030704    
         674 -0.593031645    
         675 -0.594033539    
         676 -0.595036685    
         677 -0.596040905    
         678 -0.597046196    
         679 -0.598052561    
         680 -0.599060059    
         681 -0.600068927    
         682 -0.601078629    
         683 -0.602089524    
         684 -0.603101671    
         685 -0.604114830    
         686 -0.605129182    
         687 -0.606144845    
         688 -0.607161403    
         689 -0.608179212    
         690 -0.609198213    
         691 -0.610218287    
         692 -0.611239552    
         693 -0.612262011    
         694 -0.613285661    
         695 -0.614310324    
         696 -0.615336180    
         697 -0.616363406    
         698 -0.617391586    
         699 -0.618421018    
         700 -0.619451702    
         701 -0.620483458    
         702 -0.621516347    
         703 -0.622550428    
         704 -0.623585820    
         705 -0.624622285    
         706 -0.625660062    
         707 -0.626699030    
         708 -0.627739072    
         709 -0.628780305    
         710 -0.629822910    
         711 -0.630866647    
         712 -0.631911516    
         713 -0.632957637    
         714 -0.634005010    
         715 -0.635053456    
         716 -0.636103332    
         717 -0.637154341    
         718 -0.638206542    
         719 -0.639259875    
         720 -0.640314519    
         721 -0.641370535    
         722 -0.642427623    
         723 -0.643485963    
         724 -0.644545555    
         725 -0.645606339    
         726 -0.646668553    
         727 -0.647731960    
         728 -0.648796499    
         729 -0.649862409    
         730 -0.650929451    
         731 -0.651997864    
         732 -0.653067529    
         733 -0.654138327    
         734 -0.655210435    
         735 -0.656283915    
         736 -0.657358646    
         737 -0.658434629    
         738 -0.659511924    
         739 -0.660590470    
         740 -0.661670148    
         741 -0.662751377    
         742 -0.663833678    
         743 -0.664917469    
         744 -0.666002452    
         745 -0.667088747    
         746 -0.668176293    
         747 -0.669265330    
         748 -0.670355499    
         749 -0.671447098    
         750 -0.672539890    
         751 -0.673633993    
         752 -0.674729526    
         753 -0.675826371    
         754 -0.676924467    
         755 -0.678023934    
         756 -0.679124773    
         757 -0.680226922    
         758 -0.681330323    
         759 -0.682435155    
         760 -0.683541298    
         761 -0.684648871    
         762 -0.685757697    
         763 -0.686867893    
         764 -0.687979460    
         765 -0.689092398    
         766 -0.690206826    
         767 -0.691322446    
         768 -0.692439318    
         769 -0.693557858    
         770 -0.694677651    
         771 -0.695798874    
         772 -0.696921349    
         773 -0.698045373    
         774 -0.699170709    
         775 -0.700297415    
         776 -0.701425552    
         777 -0.702555120    
         778 -0.703686059    
         779 -0.704818308    
         780 -0.705952048    
         781 -0.707087278    
         782 -0.708223879    
         783 -0.709361911    
         784 -0.710501313    
         785 -0.711642265    
         786 -0.712784469    
         787 -0.713928223    
         788 -0.715073347    
         789 -0.716220021    
         790 -0.717368007    
         791 -0.718517542    
         792 -0.719668388    
         793 -0.720820785    
         794 -0.721974671    
         795 -0.723130047    
         796 -0.724286854    
         797 -0.725445092    
         798 -0.726604760    
         799 -0.727766097    
         800 -0.728928745    
         801 -0.730092883    
         802 -0.731258571    
         803 -0.732425690    
         804 -0.733594298    
         805 -0.734764576    
         806 -0.735936224    
         807 -0.737109244    
         808 -0.738283932    
         809 -0.739460170    
         810 -0.740637839    
         811 -0.741817117    
         812 -0.742997706    
         813 -0.744180083    
         814 -0.745363832    
         815 -0.746549249    
         816 -0.747736156    
         817 -0.748924494    
         818 -0.750114560    
         819 -0.751306057    
         820 -0.752499163    
         821 -0.753693759    
         822 -0.754890025    
         823 -0.756087720    
         824 -0.757287025    
         825 -0.758487999    
         826 -0.759690523    
         827 -0.760894537    
         828 -0.762100220    
         829 -0.763307512    
         830 -0.764094472    
         831 -0.764882147    
         832 -0.765670538    
         833 -0.766459703    
         834 -0.767249584    
         835 -0.768040061    
         836 -0.768831432    
         837 -0.769623399    
         838 -0.770416021    
         839 -0.771209538    
         840 -0.772003591    
         841 -0.772798479    
         842 -0.773594141    
         843 -0.774390399    
         844 -0.775187373    
         845 -0.775985122    
         846 -0.776783526    
         847 -0.777582824    
         848 -0.778382778    
         849 -0.779183388    
         850 -0.779984832    
         851 -0.780786872    
         852 -0.781589806    
         853 -0.782393396    
         854 -0.783197701    
         855 -0.784002781    
         856 -0.784808636    
         857 -0.785615206    
         858 -0.786422491    
         859 -0.787230492    
         860 -0.788039327    
         861 -0.788848817    
         862 -0.789659142    
         863 -0.790470183    
         864 -0.791281939    
         865 -0.792094469    
         866 -0.792907715    
         867 -0.793721795    
         868 -0.794536591    
         869 -0.795352161    
         870 -0.796168387    
         871 -0.796985447    
         872 -0.797803223    
         873 -0.798621953    
         874 -0.799441159    
         875 -0.800261319    
         876 -0.801082253    
         877 -0.801903844    
         878 -0.802726269    
         879 -0.803549469    
         880 -0.804373384    
         881 -0.805198073    
         882 -0.806023717    
         883 -0.806849837    
         884 -0.807676911    
         885 -0.808504760    
         886 -0.809333324    
         887 -0.810162783    
         888 -0.810992956    
         889 -0.811823905    
         890 -0.812655568    
         891 -0.813488126    
         892 -0.814321458    
         893 -0.815155566    
         894 -0.815990448    
         895 -0.816826165    
         896 -0.817662597    
         897 -0.818499923    
         898 -0.819337904    
         899 -0.820176780    
         900 -0.821016431    
         901 -0.821856856    
         902 -0.822698236    
         903 -0.823540330    
         904 -0.824383199    
         905 -0.825226784    
         906 -0.826071322    
         907 -0.826916575    
         908 -0.827762723    
         909 -0.828609645    
         910 -0.829457402    
         911 -0.830305994    
         912 -0.831155300    
         913 -0.832005441    
         914 -0.832856536    
         915 -0.833708286    
         916 -0.834560990    
         917 -0.835414469    
         918 -0.836268723    
         919 -0.837123811    
         920 -0.837979913    
         921 -0.838836610    
         922 -0.839694142    
         923 -0.840552568    
         924 -0.841411948    
         925 -0.842271984    
         926 -0.843132973    
         927 -0.843994796    
         928 -0.844857454    
         929 -0.845720887    
         930 -0.846585214    
         931 -0.847450376    
         932 -0.848316431    
         933 -0.849183202    
         934 -0.850050986    
         935 -0.850919604    
         936 -0.851788998    
         937 -0.852659166    
         938 -0.853530407    
         939 -0.854402304    
         940 -0.855275154    
         941 -0.856148839    
         942 -0.857023478    
         943 -0.857898891    
         944 -0.858775198    
         945 -0.859652400    
         946 -0.860530376    
         947 -0.861409307    
         948 -0.862289131    
         949 -0.863169670    
         950 -0.864051223    
         951 -0.864933729    
         952 -0.865817070    
         953 -0.866701126    
         954 -0.867586195    
         955 -0.868472219    
         956 -0.869358957    
         957 -0.870246649    
         958 -0.871135294    
         959 -0.872024775    
         960 -0.872915149    
         961 -0.873806477    
         962 -0.874698579    
         963 -0.875591636    
         964 -0.876485646    
         965 -0.877380550    
         966 -0.878276289    
         967 -0.879172981    
         968 -0.880070627    
         969 -0.880969048    
         970 -0.881868482    
         971 -0.882768750    
         972 -0.883670092    
         973 -0.884572148    
         974 -0.885475278    
         975 -0.886379242    
         976 -0.887284160    
         977 -0.888189971    
         978 -0.889096737    
         979 -0.890004396    
         980 -0.890913010    
         981 -0.891822457    
         982 -0.892732918    
         983 -0.893644333    
         984 -0.894556701    
         985 -0.895469964    
         986 -0.896384180    
         987 -0.897299290    
         988 -0.898215413    
         989 -0.899132371    
         990 -0.900050402    
         991 -0.900969267    
         992 -0.901889205    
         993 -0.902809978    
         994 -0.903731823    
         995 -0.904654562    
         996 -0.905578256    
         997 -0.906502903    
         998 -0.907428503    
         999 -0.908355117    
        1000 -0.909282684    
        1001 -0.910211086    
        1002 -0.911140561    
        1003 -0.912071049    
        1004 -0.913002431    
        1005 -0.913934767    
        1006 -0.914868295    
        1007 -0.915802538    
        1008 -0.916737914    
        1009 -0.917674184    
        1010 -0.918611407    
        1011 -0.919549763    
        1012 -0.920489073    
        1013 -0.921429276    
        1014 -0.922370553    
        1015 -0.923312783    
        1016 -0.924255967    
        1017 -0.925200224    
        1018 -0.926145494    
        1019 -0.927091777    
        1020 -0.928038955    
        1021 -0.928987205    
        1022 -0.929936469    
        1023 -0.930886745    
        1024 -0.931837976    
        1025 -0.932790279    
        1026 -0.933743596    
        1027 -0.934697866    
        1028 -0.935653269    
        1029 -0.936609566    
        1030 -0.937566996    
        1031 -0.938525438    
        1032 -0.939484775    
        1033 -0.940445304    
        1034 -0.941406786    
        1035 -0.942369342    
        1036 -0.943332911    
        1037 -0.944297552    
        1038 -0.945263267    
        1039 -0.946229935    
        1040 -0.947197676    
        1041 -0.948166490    
        1042 -0.949136317    
        1043 -0.950107217    
        1044 -0.951079130    
        1045 -0.952052176    
        1046 -0.953026175    
        1047 -0.954001367    
        1048 -0.954977512    
        1049 -0.955954790    
        1050 -0.956933141    
        1051 -0.957912505    
        1052 -0.958892882    
        1053 -0.959874511    
        1054 -0.960857153    
        1055 -0.961840868    
        1056 -0.962825596    
        1057 -0.963811457    
        1058 -0.964798450    
        1059 -0.965786338    
        1060 -0.966775537    
        1061 -0.967765808    
        1062 -0.968757033    
        1063 -0.969749391    
        1064 -0.970742941    
        1065 -0.971737504    
        1066 -0.972733259    
        1067 -0.973730087    
        1068 -0.974727988    
        1069 -0.975727022    
        1070 -0.976727247    
        1071 -0.977728426    
        1072 -0.978730798    
        1073 -0.979734302    
        1074 -0.980738878    
        1075 -0.981744647    
        1076 -0.982751548    
        1077 -0.983759522    
        1078 -0.984768629    
        1079 -0.985778928    
        1080 -0.986790359    
        1081 -0.987802863    
        1082 -0.988816500    
        1083 -0.989831328    
        1084 -0.990847349    
        1085 -0.991864443    
        1086 -0.992882788    
        1087 -0.993902206    
        1088 -0.994922757    
        1089 -0.995944500    
        1090 -0.996967435    
        1091 -0.997991562    
        1092 -0.999016762    
        1093  -1.00004315    
        1094  -1.00107074    
        1095  -1.00209951    
        1096  -1.00312936    
        1097  -1.00416052    
        1098  -1.00519276    
        1099  -1.00622630    
        1100  -1.00726104    
        1101  -1.00829685    
        1102  -1.00933385    
        1103  -1.01037204    
        1104  -1.01141167    
        1105  -1.01245224    
        1106  -1.01349401    
        1107  -1.01453722    
        1108  -1.01558137    
        1109  -1.01662683    
        1110  -1.01767349    
        1111  -1.01872146    
        1112  -1.01977062    
        1113  -1.02082086    
        1114  -1.02187240    
        1115  -1.02292526    
        1116  -1.02397919    
        1117  -1.02503455    
        1118  -1.02609098    
        1119  -1.02714872    
        1120  -1.02820778    
        1121  -1.02926803    
        1122  -1.03032935    
        1123  -1.03139210    
        1124  -1.03245616    
        1125  -1.03352118    
        1126  -1.03458774    
        1127  -1.03565550    
        1128  -1.03672457    
        1129  -1.03779483    
        1130  -1.03886628    
        1131  -1.03993905    
        1132  -1.04101324    
        1133  -1.04208851    
        1134  -1.04316521    
        1135  -1.04424310    
        1136  -1.04532230    
        1137  -1.04640281    
        1138  -1.04748452    
        1139  -1.04856765    
        1140  -1.04965210    
        1141  -1.05073762    
        1142  -1.05182481    
        1143  -1.05291307    
        1144  -1.05400264    
        1145  -1.05509353    
        1146  -1.05618584    
        1147  -1.05727935    
        1148  -1.05837417    
        1149  -1.05947042    
        1150  -1.06056798    
        1151  -1.06166685    
        1152  -1.06276703    
        1153  -1.06386852    
        1154  -1.06497145    
        1155  -1.06607556    
        1156  -1.06718135    
        1157  -1.06828821    
        1158  -1.06939638    
        1159  -1.07050610    
        1160  -1.07161713    
        1161  -1.07272935    
        1162  -1.07384312    
        1163  -1.07495821    
        1164  -1.07607460    
        1165  -1.07719254    
        1166  -1.07831168    
        1167  -1.07943249    
        1168  -1.08055449    
        1169  -1.08167768    
        1170  -1.08280253    
        1171  -1.08392859    
        1172  -1.08505630    
        1173  -1.08618522    
        1174  -1.08731556    
        1175  -1.08844733    
        1176  -1.08958054    
        1177  -1.09071517    
        1178  -1.09185112    
        1179  -1.09298873    
        1180  -1.09412742    
        1181  -1.09526789    
        1182  -1.09640956    
        1183  -1.09755278    
        1184  -1.09869730    
        1185  -1.09984350    
        1186  -1.10099089    
        1187  -1.10213971    
        1188  -1.10329020    
        1189  -1.10444200    
        1190  -1.10559547    
        1191  -1.10675025    
        1192  -1.10790658    
        1193  -1.10906422    
        1194  -1.11022329    
        1195  -1.11138391    
        1196  -1.11254621    
        1197  -1.11370981    
        1198  -1.11487508    
        1199  -1.11604166    
        1200  -1.11720979    
        1201  -1.11837935    
        1202  -1.11955047    
        1203  -1.12072301    
        1204  -1.12189734    
        1205  -1.12307298    
        1206  -1.12425017    
        1207  -1.12542892    
        1208  -1.12660909    
        1209  -1.12779093    
        1210  -1.12897408    
        1211  -1.13015902    
        1212  -1.13134527    
        1213  -1.13253319    
        1214  -1.13372278    
        1215  -1.13491368    
        1216  -1.13610637    
        1217  -1.13730049    
        1218  -1.13849616    
        1219  -1.13969350    
        1220  -1.14089227    
        1221  -1.14209270    
        1222  -1.14329481    
        1223  -1.14449835    
        1224  -1.14570355    
        1225  -1.14691031    
        1226  -1.14811873    
        1227  -1.14932871    
        1228  -1.15054035    
        1229  -1.15175343    
        1230  -1.15296829    
        1231  -1.15418470    
        1232  -1.15540278    
        1233  -1.15662229    
        1234  -1.15784359    
        1235  -1.15906656    
        1236  -1.16029119    
        1237  -1.16151738    
        1238  -1.16274524    
        1239  -1.16397476    
        1240  -1.16520596    
        1241  -1.16643882    
        1242  -1.16767323    
        1243  -1.16890931    
        1244  -1.17014730    
        1245  -1.17138684    
        1246  -1.17262793    
        1247  -1.17387068    
        1248  -1.17511523    
        1249  -1.17636144    
        1250  -1.17760956    
        1251  -1.17885911    
        1252  -1.18011057    
        1253  -1.18070817    
        1254  -1.18130612    
        1255  -1.18190455    
        1256  -1.18250334    
        1257  -1.18310261    
        1258  -1.18370235    
        1259  -1.18430233    
        1260  -1.18490291    
        1261  -1.18550396    
        1262  -1.18610537    
        1263  -1.18670726    
        1264  -1.18730950    
        1265  -1.18791223    
        1266  -1.18851531    
        1267  -1.18911886    
        1268  -1.18972290    
        1269  -1.19032729    
        1270  -1.19093227    
        1271  -1.19153750    
        1272  -1.19214320    
        1273  -1.19274950    
        1274  -1.19335604    
        1275  -1.19396317    
        1276  -1.19457066    
        1277  -1.19517863    
        1278  -1.19578683    
        1279  -1.19639575    
        1280  -1.19700503    
        1281  -1.19761467    
        1282  -1.19822490    
        1283  -1.19883549    
        1284  -1.19944656    
        1285  -1.20005798    
        1286  -1.20066988    
        1287  -1.20128226    
        1288  -1.20189512    
        1289  -1.20250821    
        1290  -1.20312214    
        1291  -1.20373619    
        1292  -1.20435071    
        1293  -1.20496583    
        1294  -1.20558131    
        1295  -1.20619726    
        1296  -1.20681369    
        1297  -1.20743060    
        1298  -1.20804787    
        1299  -1.20866561    
        1300  -1.20928383    
        1301  -1.20990252    
        1302  -1.21052158    
        1303  -1.21114111    
        1304  -1.21176112    
        1305  -1.21238172    
        1306  -1.21300268    
        1307  -1.21362400    
        1308  -1.21424580    
        1309  -1.21486807    
        1310  -1.21549082    
        1311  -1.21611428    
        1312  -1.21673787    
        1313  -1.21736205    
        1314  -1.21798670    
        1315  -1.21861172    
        1316  -1.21923733    
        1317  -1.21986330    
        1318  -1.22048974    
        1319  -1.22111678    
        1320  -1.22174406    
        1321  -1.22237194    
        1322  -1.22300029    
        1323  -1.22362912    
        1324  -1.22425842    
        1325  -1.22488821    
        1326  -1.22551835    
        1327  -1.22614908    
        1328  -1.22678018    
        1329  -1.22741187    
        1330  -1.22804391    
        1331  -1.22867644    
        1332  -1.22930956    
        1333  -1.22994304    
        1334  -1.23057699    
        1335  -1.23121154    
        1336  -1.23184645    
        1337  -1.23248184    
        1338  -1.23311782    
        1339  -1.23375428    
        1340  -1.23439097    
        1341  -1.23502827    
        1342  -1.23566616    
        1343  -1.23630440    
        1344  -1.23694324    
        1345  -1.23758245    
        1346  -1.23822224    
        1347  -1.23886251    
        1348  -1.23950326    
        1349  -1.24014437    
        1350  -1.24078608    
        1351  -1.24142826    
        1352  -1.24207091    
        1353  -1.24271405    
        1354  -1.24335766    
        1355  -1.24400175    
        1356  -1.24464631    
        1357  -1.24529159    
        1358  -1.24593711    
        1359  -1.24658310    
        1360  -1.24722981    
        1361  -1.24787688    
        1362  -1.24852443    
        1363  -1.24917245    
        1364  -1.24982095    
        1365  -1.25047016    
        1366  -1.25111949    
        1367  -1.25176966    
        1368  -1.25242019    
        1369  -1.25307119    
        1370  -1.25372279    
        1371  -1.25437486    
        1372  -1.25502741    
        1373  -1.25568044    
        1374  -1.25633407    
        1375  -1.25698793    
        1376  -1.25764251    
        1377  -1.25829768    
        1378  -1.25895309    
        1379  -1.25960934    
        1380  -1.26026595    
        1381  -1.26092303    
        1382  -1.26158059    
        1383  -1.26223862    
        1384  -1.26289725    
        1385  -1.26355636    
        1386  -1.26421595    
        1387  -1.26487613    
        1388  -1.26553679    
        1389  -1.26619804    
        1390  -1.26685977    
        1391  -1.26752186    
        1392  -1.26818454    
        1393  -1.26884782    
        1394  -1.26951158    
        1395  -1.27017581    
        1396  -1.27084064    
        1397  -1.27150595    
        1398  -1.27217174    
        1399  -1.27283812    
        1400  -1.27350497    
        1401  -1.27417243    
        1402  -1.27484024    
        1403  -1.27550864    
        1404  -1.27617776    
        1405  -1.27684712    
        1406  -1.27751720    
        1407  -1.27818775    
        1408  -1.27885890    
        1409  -1.27953041    
        1410  -1.28020263    
        1411  -1.28087521    
        1412  -1.28154838    
        1413  -1.28222203    
        1414  -1.28289640    
        1415  -1.28357124    
        1416  -1.28424644    
        1417  -1.28492236    
        1418  -1.28559887    
        1419  -1.28627574    
        1420  -1.28695321    
        1421  -1.28763115    
        1422  -1.28830969    
        1423  -1.28898883    
        1424  -1.28966844    
        1425  -1.29034853    
        1426  -1.29102933    
        1427  -1.29171050    
        1428  -1.29239237    
        1429  -1.29307473    
        1430  -1.29375756    
        1431  -1.29444087    
        1432  -1.29512501    
        1433  -1.29580951    
        1434  -1.29649448    
        1435  -1.29718018    
        1436  -1.29786634    
        1437  -1.29855311    
        1438  -1.29924047    
        1439  -1.29992807    
        1440  -1.30061650    
        1441  -1.30130553    
        1442  -1.30199504    
        1443  -1.30268502    
        1444  -1.30337560    
        1445  -1.30406690    
        1446  -1.30475867    
        1447  -1.30545080    
        1448  -1.30614364    
        1449  -1.30683708    
        1450  -1.30753100    
        1451  -1.30822563    
        1452  -1.30892050    
        1453  -1.30961633    
        1454  -1.31031251    
        1455  -1.31100929    
        1456  -1.31170654    
        1457  -1.31240451    
        1458  -1.31310308    
        1459  -1.31380212    
        1460  -1.31450176    
        1461  -1.31520188    
        1462  -1.31590271    
        1463  -1.31660402    
        1464  -1.31730592    
        1465  -1.31800854    
        1466  -1.31871152    
        1467  -1.31941521    
        1468  -1.32011938    
        1469  -1.32082427    
        1470  -1.32152975    
        1471  -1.32223558    
        1472  -1.32294214    
        1473  -1.32364929    
        1474  -1.32435703    
        1475  -1.32506526    
        1476  -1.32577407    
        1477  -1.32648361    
        1478  -1.32719374    
        1479  -1.32790422    
        1480  -1.32861555    
        1481  -1.32932734    
        1482  -1.33003986    
        1483  -1.33075273    
        1484  -1.33146632    
        1485  -1.33218050    
        1486  -1.33289528    
        1487  -1.33361077    
        1488  -1.33432662    
        1489  -1.33504319    
        1490  -1.33576047    
        1491  -1.33647811    
        1492  -1.33719635    
        1493  -1.33791542    
        1494  -1.33863497    
        1495  -1.33935511    
        1496  -1.34007585    
        1497  -1.34079719    
        1498  -1.34151936    
        1499  -1.34224176    
        1500  -1.34296501    
        1501  -1.34368885    
        1502  -1.34441328    
        1503  -1.34513819    
        1504  -1.34586382    
        1505  -1.34659004    
        1506  -1.34731698    
        1507  -1.34804440    
        1508  -1.34877253    
        1509  -1.34950113    
        1510  -1.35023046    
        1511  -1.35096037    
        1512  -1.35169101    
        1513  -1.35242212    
        1514  -1.35315394    
        1515  -1.35388625    
        1516  -1.35461938    
        1517  -1.35535300    
        1518  -1.35608721    
        1519  -1.35682213    
        1520  -1.35755765    
        1521  -1.35829377    
        1522  -1.35903060    
        1523  -1.35976803    
        1524  -1.36050606    
        1525  -1.36124480    
        1526  -1.36198401    
        1527  -1.36272407    
        1528  -1.36346459    
        1529  -1.36420596    
        1530  -1.36494768    
        1531  -1.36569011    
        1532  -1.36643326    
        1533  -1.36717713    
        1534  -1.36792147    
        1535  -1.36866641    
        1536  -1.36941218    
        1537  -1.37015855    
        1538  -1.37090552    
        1539  -1.37165308    
        1540  -1.37240136    
        1541  -1.37315035    
        1542  -1.37389982    
        1543  -1.37465012    
        1544  -1.37540102    
        1545  -1.37615252    
        1546  -1.37690473    
        1547  -1.37765753    
        1548  -1.37841094    
        1549  -1.37916517    
        1550  -1.37992001    
        1551  -1.38067544    
        1552  -1.38143146    
        1553  -1.38218832    
        1554  -1.38294566    
        1555  -1.38370383    
        1556  -1.38446259    
        1557  -1.38522208    
        1558  -1.38598216    
        1559  -1.38674295    
        1560  -1.38750434    
        1561  -1.38826644    
        1562  -1.38902926    
        1563  -1.38979268    
        1564  -1.39055681    
        1565  -1.39132154    
        1566  -1.39208698    
        1567  -1.39285314    
        1568  -1.39362001    
        1569  -1.39438748    
        1570  -1.39515567    
        1571  -1.39592457    
        1572  -1.39669406    
        1573  -1.39746428    
        1574  -1.39823520    
        1575  -1.39900684    
        1576  -1.39977908    
        1577  -1.40055203    
        1578  -1.40132570    
        1579  -1.40210009    
        1580  -1.40287507    
        1581  -1.40365088    
        1582  -1.40442729    
        1583  -1.40520442    
        1584  -1.40598214    
        1585  -1.40676069    
        1586  -1.40753984    
        1587  -1.40831983    
        1588  -1.40910053    
        1589  -1.40988183    
        1590  -1.41066372    
        1591  -1.41144645    
        1592  -1.41222990    
        1593  -1.41301405    
        1594  -1.41379881    
        1595  -1.41458440    
        1596  -1.41537058    
        1597  -1.41615760    
        1598  -1.41694534    
        1599  -1.41773367    
        1600  -1.41852283    
        1601  -1.41931260    
        1602  -1.42010319    
        1603  -1.42089438    
        1604  -1.42168641    
        1605  -1.42247903    
        1606  -1.42327249    
        1607  -1.42406666    
        1608  -1.42486155    
        1609  -1.42565715    
        1610  -1.42645347    
        1611  -1.42725050    
        1612  -1.42804837    
        1613  -1.42884672    
        1614  -1.42964602    
        1615  -1.43044603    
        1616  -1.43124664    
        1617  -1.43204808    
        1618  -1.43285024    
        1619  -1.43365324    
        1620  -1.43445694    
        1621  -1.43526125    
        1622  -1.43606651    
        1623  -1.43687236    
        1624  -1.43767893    
        1625  -1.43848634    
        1626  -1.43929446    
        1627  -1.44010329    
        1628  -1.44091296    
        1629  -1.44172335    
        1630  -1.44253457    
        1631  -1.44334638    
        1632  -1.44415903    
        1633  -1.44497240    
        1634  -1.44578660    
        1635  -1.44660139    
        1636  -1.44741714    
        1637  -1.44823360    
        1638  -1.44905066    
        1639  -1.44986868    
        1640  -1.45068741    
        1641  -1.45150685    
        1642  -1.45232725    
        1643  -1.45314825    
        1644  -1.45397007    
        1645  -1.45479262    
        1646  -1.45561588    
        1647  -1.45644021    
        1648  -1.45726490    
        1649  -1.45809066    
        1650  -1.45891714    
        1651  -1.45974433    
        1652  -1.46057248    
        1653  -1.46140122    
        1654  -1.46223080    
        1655  -1.46306121    
        1656  -1.46389246    
        1657  -1.46472442    
        1658  -1.46555710    
        1659  -1.46639061    
        1660  -1.46722496    
        1661  -1.46806014    
        1662  -1.46889591    
        1663  -1.46973276    
        1664  -1.47057021    
        1665  -1.47140861    
        1666  -1.47224784    
        1667  -1.47308767    
        1668  -1.47392833    
        1669  -1.47476983    
        1670  -1.47561240    
        1671  -1.47645545    
        1672  -1.47729945    
        1673  -1.47814429    
        1674  -1.47898996    
        1675  -1.47983623    
        1676  -1.48068345    
        1677  -1.48153150    
        1678  -1.48238039    
        1679  -1.48323011    
        1680  -1.48408067    
        1681  -1.48493195    
        1682  -1.48578405    
        1683  -1.48663712    
        1684  -1.48749089    
        1685  -1.48834562    
        1686  -1.48920107    
        1687  -1.49005735    
        1688  -1.49091458    
        1689  -1.49177265    
        1690  -1.49263144    
        1691  -1.49349105    
        1692  -1.49435163    
        1693  -1.49521291    
        1694  -1.49607515    
        1695  -1.49693811    
        1696  -1.49780214    
        1697  -1.49866676    
        1698  -1.49953246    
        1699  -1.50039876    
        1700  -1.50126600    
        1701  -1.50213432    
        1702  -1.50300336    
        1703  -1.50387311    
        1704  -1.50474381    
        1705  -1.50561547    
        1706  -1.50648797    
        1707  -1.50736129    
        1708  -1.50823545    
        1709  -1.50911057    
        1710  -1.50998640    
        1711  -1.51086318    
        1712  -1.51174080    
        1713  -1.51261938    
        1714  -1.51349878    
        1715  -1.51437914    
        1716  -1.51526022    
        1717  -1.51614237    
        1718  -1.51702535    
        1719  -1.51790917    
        1720  -1.51879382    
        1721  -1.51967943    
        1722  -1.52056599    
        1723  -1.52145338    
        1724  -1.52234161    
        1725  -1.52323079    
        1726  -1.52412081    
        1727  -1.52501178    
        1728  -1.52590370    
        1729  -1.52679646    
        1730  -1.52769017    
        1731  -1.52858472    
        1732  -1.52948022    
        1733  -1.53037655    
        1734  -1.53127384    
        1735  -1.53217208    
        1736  -1.53307116    
        1737  -1.53397131    
        1738  -1.53487229    
        1739  -1.53577411    
        1740  -1.53667688    
        1741  -1.53758073    
        1742  -1.53848529    
        1743  -1.53939080    
        1744  -1.54029739    
        1745  -1.54120481    
        1746  -1.54211318    
        1747  -1.54302251    
        1748  -1.54393268    
        1749  -1.54484391    
        1750  -1.54575598    
        1751  -1.54666901    
        1752  -1.54758298    
        1753  -1.54849792    
        1754  -1.54941392    
        1755  -1.55033064    
        1756  -1.55124843    
        1757  -1.55216718    
        1758  -1.55308688    
        1759  -1.55400753    
        1760  -1.55492914    
        1761  -1.55585170    
        1762  -1.55677521    
        1763  -1.55769980    
        1764  -1.55862522    
        1765  -1.55955160    
        1766  -1.56047893    
        1767  -1.56140733    
        1768  -1.56233668    
        1769  -1.56326699    
        1770  -1.56419826    
        1771  -1.56513059    
        1772  -1.56606376    
        1773  -1.56699800    
        1774  -1.56793320    
        1775  -1.56886947    
        1776  -1.56980658    
        1777  -1.57074475    
        1778  -1.57168400    
        1779  -1.57262421    
        1780  -1.57356524    
        1781  -1.57450747    
        1782  -1.57545066    
        1783  -1.57639480    
        1784  -1.57733989    
        1785  -1.57828617    
        1786  -1.57923329    
        1787  -1.58018148    
        1788  -1.58113074    
        1789  -1.58208096    
        1790  -1.58303225    
        1791  -1.58398449    
        1792  -1.58493769    
        1793  -1.58589208    
        1794  -1.58684731    
        1795  -1.58780372    
        1796  -1.58876109    
        1797  -1.58971941    
        1798  -1.59067893    
        1799  -1.59163940    
        1800  -1.59260094    
        1801  -1.59356356    
        1802  -1.59452713    
        1803  -1.59549177    
        1804  -1.59645748    
        1805  -1.59742415    
        1806  -1.59839201    
        1807  -1.59936082    
        1808  -1.60033071    
        1809  -1.60130167    
        1810  -1.60227370    
        1811  -1.60324669    
        1812  -1.60422087    
        1813  -1.60519612    
        1814  -1.60617232    
        1815  -1.60714972    
        1816  -1.60812819    
        1817  -1.60910761    
        1818  -1.61008823    
        1819  -1.61106992    
        1820  -1.61205256    
        1821  -1.61303639    
        1822  -1.61402130    
        1823  -1.61500728    
        1824  -1.61599433    
        1825  -1.61698258    
        1826  -1.61797178    
        1827  -1.61896217    
        1828  -1.61995363    
        1829  -1.62094617    
        1830  -1.62193990    
        1831  -1.62293458    
        1832  -1.62393057    
        1833  -1.62492752    
        1834  -1.62592566    
        1835  -1.62692487    
        1836  -1.62792516    
        1837  -1.62892675    
        1838  -1.62992930    
        1839  -1.63093305    
        1840  -1.63193786    
        1841  -1.63294387    
        1842  -1.63395095    
        1843  -1.63495910    
        1844  -1.63596857    
        1845  -1.63697910    
        1846  -1.63799083    
        1847  -1.63900352    
        1848  -1.64001751    
        1849  -1.64103258    
        1850  -1.64204884    
        1851  -1.64306629    
        1852  -1.64408493    
        1853  -1.64510465    
        1854  -1.64612556    
        1855  -1.64714766    
        1856  -1.64817095    
        1857  -1.64919519    
        1858  -1.65022075    
        1859  -1.65124750    
        1860  -1.65227544    
        1861  -1.65330458    
        1862  -1.65433490    
