           0   0.00000000    
           1  -3.88033768E-05
           2  -7.76678717E-05
           3  -1.16474257E-04
           4  -1.55341768E-04
           5  -1.94091554E-04
           6  -2.32962091E-04
           7  -2.71774508E-04
           8  -3.10648058E-04
           9  -3.49523121E-04
          10  -3.88518936E-04
          11  -4.27337392E-04
          12  -4.66276630E-04
          13  -5.05098084E-04
          14  -5.43980685E-04
          15  -5.82864857E-04
          16  -6.21750485E-04
          17  -6.60637626E-04
          18  -6.99705270E-04
          19  -7.38535775E-04
          20  -7.77487119E-04
          21  -8.16380314E-04
          22  -8.55394348E-04
          23  -8.94350291E-04
          24  -9.33248026E-04
          25  -9.72147274E-04
          26  -1.01122702E-03
          27  -1.05012942E-03
          28  -1.08915253E-03
          29  -1.12811755E-03
          30  -1.16714370E-03
          31  -1.20611174E-03
          32  -1.24514103E-03
          33  -1.28411211E-03
          34  -1.32314442E-03
          35  -1.36211852E-03
          36  -1.40121358E-03
          37  -1.44025043E-03
          38  -1.47928880E-03
          39  -1.51820935E-03
          40  -1.55731046E-03
          41  -1.59641309E-03
          42  -1.63533818E-03
          43  -1.67456327E-03
          44  -1.71355112E-03
          45  -1.75265991E-03
          46  -1.79177022E-03
          47  -1.83076260E-03
          48  -1.86993566E-03
          49  -1.90899079E-03
          50  -1.94810715E-03
          51  -1.98722514E-03
          52  -2.02628481E-03
          53  -2.06552539E-03
          54  -2.10464792E-03
          55  -2.14365241E-03
          56  -2.18283781E-03
          57  -2.22202460E-03
          58  -2.26115319E-03
          59  -2.30028341E-03
          60  -2.33947486E-03
          61  -2.37860810E-03
          62  -2.41774297E-03
          63  -2.45693908E-03
          64  -2.49619642E-03
          65  -2.53527611E-03
          66  -2.57453648E-03
          67  -2.61373864E-03
          68  -2.65294244E-03
          69  -2.69208802E-03
          70  -2.73129484E-03
          71  -2.77062273E-03
          72  -2.80977273E-03
          73  -2.84904405E-03
          74  -2.88831675E-03
          75  -2.92753126E-03
          76  -2.96680699E-03
          77  -3.00608436E-03
          78  -3.04530351E-03
          79  -3.08452430E-03
          80  -3.12392577E-03
          81  -3.16314958E-03
          82  -3.20243463E-03
          83  -3.24166147E-03
          84  -3.28106922E-03
          85  -3.32029932E-03
          86  -3.35971010E-03
          87  -3.39894299E-03
          88  -3.43829719E-03
          89  -3.47759319E-03
          90  -3.51695041E-03
          91  -3.55630927E-03
          92  -3.59560968E-03
          93  -3.63497157E-03
          94  -3.67433508E-03
          95  -3.71364038E-03
          96  -3.75306676E-03
          97  -3.79243470E-03
          98  -3.83174466E-03
          99  -3.87117569E-03
         100  -3.91054852E-03
         101  -3.94992251E-03
         102  -3.98935843E-03
         103  -4.02885536E-03
         104  -4.06823447E-03
         105  -4.10767458E-03
         106  -4.14711656E-03
         107  -4.18644026E-03
         108  -4.22588550E-03
         109  -4.26533213E-03
         110  -4.30478016E-03
         111  -4.34423005E-03
         112  -4.38374095E-03
         113  -4.42313403E-03
         114  -4.46264818E-03
         115  -4.50222380E-03
         116  -4.54168115E-03
         117  -4.58114035E-03
         118  -4.62060096E-03
         119  -4.66012303E-03
         120  -4.69958689E-03
         121  -4.73905215E-03
         122  -4.77863848E-03
         123  -4.81816707E-03
         124  -4.85769659E-03
         125  -4.89728805E-03
         126  -4.93682083E-03
         127  -4.97635547E-03
         128  -5.01583191E-03
         129  -5.05548902E-03
         130  -5.09496871E-03
         131  -5.13462909E-03
         132  -5.17411157E-03
         133  -5.21377521E-03
         134  -5.25338063E-03
         135  -5.29298792E-03
         136  -5.33253653E-03
         137  -5.37220621E-03
         138  -5.41175809E-03
         139  -5.45143150E-03
         140  -5.49098616E-03
         141  -5.53060276E-03
         142  -5.57034044E-03
         143  -5.60990022E-03
         144  -5.64952102E-03
         145  -5.68914367E-03
         146  -5.72888786E-03
         147  -5.76857384E-03
         148  -5.80826122E-03
         149  -5.84782986E-03
         150  -5.88758057E-03
         151  -5.92727261E-03
         152  -5.96696604E-03
         153  -6.00666134E-03
         154  -6.04641810E-03
         155  -6.08611666E-03
         156  -6.12575654E-03
         157  -6.16545789E-03
         158  -6.20522117E-03
         159  -6.24498585E-03
         160  -6.28469186E-03
         161  -6.32445980E-03
         162  -6.36422914E-03
         163  -6.40394026E-03
         164  -6.44383254E-03
         165  -6.48348685E-03
         166  -6.52326271E-03
         167  -6.56310003E-03
         168  -6.60287868E-03
         169  -6.64265919E-03
         170  -6.68244110E-03
         171  -6.72222488E-03
         172  -6.76201005E-03
         173  -6.80179708E-03
         174  -6.84176525E-03
         175  -6.88155508E-03
         176  -6.92146691E-03
         177  -6.96125999E-03
         178  -7.00105494E-03
         179  -7.04085128E-03
         180  -7.08082924E-03
         181  -7.12062838E-03
         182  -7.16054952E-03
         183  -7.20041245E-03
         184  -7.24021671E-03
         185  -7.28020258E-03
         186  -7.32013024E-03
         187  -7.35999923E-03
         188  -7.39998976E-03
         189  -7.43980194E-03
         190  -7.47973612E-03
         191  -7.51973130E-03
         192  -7.55960867E-03
         193  -7.59954704E-03
         194  -7.63942720E-03
         195  -7.67942937E-03
         196  -7.71937286E-03
         197  -7.75943790E-03
         198  -7.79926451E-03
         199  -7.83933233E-03
         200  -7.87928235E-03
         201  -7.91917369E-03
         202  -7.95918703E-03
         203  -7.99920131E-03
         204  -8.03927798E-03
         205  -8.07923637E-03
         206  -8.11925530E-03
         207  -8.15927703E-03
         208  -8.19935929E-03
         209  -8.23926367E-03
         210  -8.27928912E-03
         211  -8.31937697E-03
         212  -8.35940614E-03
         213  -8.39955732E-03
         214  -8.43964983E-03
         215  -8.47956352E-03
         216  -8.51977896E-03
         217  -8.55969638E-03
         218  -8.59991554E-03
         219  -8.63995589E-03
         220  -8.68005771E-03
         221  -8.72010086E-03
         222  -8.76032654E-03
         223  -8.80037341E-03
         224  -8.84048175E-03
         225  -8.88059195E-03
         226  -8.92082416E-03
         227  -8.96087755E-03
         228  -9.00105294E-03
         229  -9.04122926E-03
         230  -9.08134691E-03
         231  -9.12158750E-03
         232  -9.16176941E-03
         233  -9.20183212E-03
         234  -9.24207643E-03
         235  -9.28220339E-03
         236  -9.32245143E-03
         237  -9.36258025E-03
         238  -9.40283202E-03
         239  -9.44314525E-03
         240  -9.48327966E-03
         241  -9.52347554E-03
         242  -9.56373382E-03
         243  -9.60399304E-03
         244  -9.64419357E-03
         245  -9.68445651E-03
         246  -9.72472131E-03
         247  -9.76504758E-03
         248  -9.80519410E-03
         249  -9.84552409E-03
         250  -9.88579448E-03
         251  -9.92600713E-03
         252  -9.96634178E-03
         253  -1.00066168E-02
         254  -1.00469543E-02
         255  -1.00872340E-02
         256  -1.01274541E-02
         257  -1.01679172E-02
         258  -1.02082612E-02
         259  -1.02484860E-02
         260  -1.02888336E-02
         261  -1.03291823E-02
         262  -1.03695327E-02
         263  -1.04098851E-02
         264  -1.04502393E-02
         265  -1.04905339E-02
         266  -1.05309514E-02
         267  -1.05714304E-02
         268  -1.06117912E-02
         269  -1.06521528E-02
         270  -1.06925769E-02
         271  -1.07329423E-02
         272  -1.07733086E-02
         273  -1.08137978E-02
         274  -1.08542284E-02
         275  -1.08946003E-02
         276  -1.09350942E-02
         277  -1.09755294E-02
         278  -1.10159665E-02
         279  -1.10563440E-02
         280  -1.10968444E-02
         281  -1.11372862E-02
         282  -1.11777904E-02
         283  -1.12182358E-02
         284  -1.12586822E-02
         285  -1.12992516E-02
         286  -1.13396412E-02
         287  -1.13802133E-02
         288  -1.14206662E-02
         289  -1.14612421E-02
         290  -1.15016988E-02
         291  -1.15422774E-02
         292  -1.15828579E-02
         293  -1.16233192E-02
         294  -1.16639026E-02
         295  -1.17044281E-02
         296  -1.17449546E-02
         297  -1.17855435E-02
         298  -1.18261334E-02
         299  -1.18666049E-02
         300  -1.19072590E-02
         301  -1.19478544E-02
         302  -1.19884508E-02
         303  -1.20290499E-02
         304  -1.20696500E-02
         305  -1.21103721E-02
         306  -1.21509153E-02
         307  -1.21914605E-02
         308  -1.22321276E-02
         309  -1.22727361E-02
         310  -1.23133454E-02
         311  -1.23539576E-02
         312  -1.23946918E-02
         313  -1.24353673E-02
         314  -1.24761043E-02
         315  -1.25166625E-02
         316  -1.25574637E-02
         317  -1.25980852E-02
         318  -1.26386480E-02
         319  -1.26793943E-02
         320  -1.27201416E-02
         321  -1.27608301E-02
         322  -1.28015205E-02
         323  -1.28422724E-02
         324  -1.28829656E-02
         325  -1.29237222E-02
         326  -1.29644191E-02
         327  -1.30051775E-02
         328  -1.30459378E-02
         329  -1.30866403E-02
         330  -1.31274648E-02
         331  -1.31682297E-02
         332  -1.32090580E-02
         333  -1.32498266E-02
         334  -1.32906577E-02
         335  -1.33313695E-02
         336  -1.33722043E-02
         337  -1.34129189E-02
         338  -1.34536959E-02
         339  -1.34945959E-02
         340  -1.35354372E-02
         341  -1.35762189E-02
         342  -1.36170639E-02
         343  -1.36579704E-02
         344  -1.36987576E-02
         345  -1.37396064E-02
         346  -1.37805184E-02
         347  -1.38214314E-02
         348  -1.38622252E-02
         349  -1.39031410E-02
         350  -1.39440596E-02
         351  -1.39849186E-02
         352  -1.40257198E-02
         353  -1.40667027E-02
         354  -1.41075673E-02
         355  -1.41484942E-02
         356  -1.41894221E-02
         357  -1.42304124E-02
         358  -1.42713441E-02
         359  -1.43122170E-02
         360  -1.43530909E-02
         361  -1.43941483E-02
         362  -1.44350864E-02
         363  -1.44760869E-02
         364  -1.45170288E-02
         365  -1.45580322E-02
         366  -1.45989778E-02
         367  -1.46399243E-02
         368  -1.46809323E-02
         369  -1.47220036E-02
         370  -1.47630163E-02
         371  -1.48039693E-02
         372  -1.48449847E-02
         373  -1.48859415E-02
         374  -1.49270808E-02
         375  -1.49681624E-02
         376  -1.50090633E-02
         377  -1.50502082E-02
         378  -1.50912944E-02
         379  -1.51323220E-02
         380  -1.51732899E-02
         381  -1.52144423E-02
         382  -1.52555956E-02
         383  -1.52966296E-02
         384  -1.53377857E-02
         385  -1.53788235E-02
         386  -1.54199833E-02
         387  -1.54609643E-02
         388  -1.55021884E-02
         389  -1.55432923E-02
         390  -1.55843990E-02
         391  -1.56255066E-02
         392  -1.56667382E-02
         393  -1.57078486E-02
         394  -1.57489628E-02
         395  -1.57901384E-02
         396  -1.58313755E-02
         397  -1.58724338E-02
         398  -1.59136746E-02
         399  -1.59548558E-02
         400  -1.59961004E-02
         401  -1.60372872E-02
         402  -1.60785336E-02
         403  -1.61196627E-02
         404  -1.61608532E-02
         405  -1.62021052E-02
         406  -1.62433609E-02
         407  -1.62845571E-02
         408  -1.63258146E-02
         409  -1.63670741E-02
         410  -1.64083354E-02
         411  -1.64495390E-02
         412  -1.64908022E-02
         413  -1.65322516E-02
         414  -1.65733993E-02
         415  -1.66146681E-02
         416  -1.66559406E-02
         417  -1.66973341E-02
         418  -1.67386103E-02
         419  -1.67799462E-02
         420  -1.68212261E-02
         421  -1.68625060E-02
         422  -1.69039089E-02
         423  -1.69452522E-02
         424  -1.69865377E-02
         425  -1.70278251E-02
         426  -1.70692354E-02
         427  -1.71107072E-02
         428  -1.71520002E-02
         429  -1.71934143E-02
         430  -1.72348320E-02
         431  -1.72761902E-02
         432  -1.73176099E-02
         433  -1.73589103E-02
         434  -1.74002741E-02
         435  -1.74417589E-02
         436  -1.74831264E-02
         437  -1.75246149E-02
         438  -1.75660457E-02
         439  -1.76074784E-02
         440  -1.76489130E-02
         441  -1.76902879E-02
         442  -1.77317858E-02
         443  -1.77732855E-02
         444  -1.78146660E-02
         445  -1.78562291E-02
         446  -1.78976730E-02
         447  -1.79392416E-02
         448  -1.79806892E-02
         449  -1.80221386E-02
         450  -1.80637706E-02
         451  -1.81051642E-02
         452  -1.81467403E-02
         453  -1.81881953E-02
         454  -1.82297751E-02
         455  -1.82713568E-02
         456  -1.83127578E-02
         457  -1.83544029E-02
         458  -1.83959883E-02
         459  -1.84375159E-02
         460  -1.84789840E-02
         461  -1.85206365E-02
         462  -1.85622312E-02
         463  -1.86038259E-02
         464  -1.86453611E-02
         465  -1.86869595E-02
         466  -1.87286213E-02
         467  -1.87702831E-02
         468  -1.88118871E-02
         469  -1.88535526E-02
         470  -1.88950989E-02
         471  -1.89367086E-02
         472  -1.89784411E-02
         473  -1.90200526E-02
         474  -1.90616660E-02
         475  -1.91034041E-02
         476  -1.91450827E-02
         477  -1.91866402E-02
         478  -1.92284435E-02
         479  -1.92700662E-02
         480  -1.93118136E-02
         481  -1.93534996E-02
         482  -1.93951894E-02
         483  -1.94370002E-02
         484  -1.94786321E-02
         485  -1.95203256E-02
         486  -1.95620824E-02
         487  -1.96038410E-02
         488  -1.96455400E-02
         489  -1.96873005E-02
         490  -1.97290033E-02
         491  -1.97709519E-02
         492  -1.98126584E-02
         493  -1.98544264E-02
         494  -1.98961366E-02
         495  -1.99379679E-02
         496  -1.99798029E-02
         497  -2.00216398E-02
         498  -2.00634170E-02
         499  -2.01051347E-02
         500  -2.01469772E-02
         501  -2.01888811E-02
         502  -2.02306658E-02
         503  -2.02725120E-02
         504  -2.03143619E-02
         505  -2.03562733E-02
         506  -2.03980636E-02
         507  -2.04399787E-02
         508  -2.04818342E-02
         509  -2.05236915E-02
         510  -2.05656122E-02
         511  -2.06074733E-02
         512  -2.06493363E-02
         513  -2.06912607E-02
         514  -2.07330659E-02
         515  -2.07751170E-02
         516  -2.08169874E-02
         517  -2.08589807E-02
         518  -2.09008530E-02
         519  -2.09429115E-02
         520  -2.09847875E-02
         521  -2.10267268E-02
         522  -2.10687295E-02
         523  -2.11106725E-02
         524  -2.11526174E-02
         525  -2.11946853E-02
         526  -2.12366320E-02
         527  -2.12786440E-02
         528  -2.13206559E-02
         529  -2.13626698E-02
         530  -2.14046258E-02
         531  -2.14467049E-02
         532  -2.14887243E-02
         533  -2.15307456E-02
         534  -2.15727687E-02
         535  -2.16148552E-02
         536  -2.16568206E-02
         537  -2.16989107E-02
         538  -2.17410009E-02
         539  -2.17830334E-02
         540  -2.18251273E-02
         541  -2.18672249E-02
         542  -2.19093226E-02
         543  -2.19513625E-02
         544  -2.19934639E-02
         545  -2.20356286E-02
         546  -2.20777337E-02
         547  -2.21197791E-02
         548  -2.21620109E-02
         549  -2.22040601E-02
         550  -2.22462341E-02
         551  -2.22884081E-02
         552  -2.23305859E-02
         553  -2.23727040E-02
         554  -2.24148836E-02
         555  -2.24570669E-02
         556  -2.24992502E-02
         557  -2.25414354E-02
         558  -2.25836840E-02
         559  -2.26258747E-02
         560  -2.26680655E-02
         561  -2.27102581E-02
         562  -2.27525141E-02
         563  -2.27946490E-02
         564  -2.28369087E-02
         565  -2.28791088E-02
         566  -2.29213722E-02
         567  -2.29636356E-02
         568  -2.30058413E-02
         569  -2.30481718E-02
         570  -2.30904408E-02
         571  -2.31327135E-02
         572  -2.31750477E-02
         573  -2.32172608E-02
         574  -2.32596602E-02
         575  -2.33018789E-02
         576  -2.33441591E-02
         577  -2.33865026E-02
         578  -2.34289095E-02
         579  -2.34711953E-02
         580  -2.35135444E-02
         581  -2.35558953E-02
         582  -2.35982481E-02
         583  -2.36405414E-02
         584  -2.36829575E-02
         585  -2.37253159E-02
         586  -2.37676147E-02
         587  -2.38100365E-02
         588  -2.38523390E-02
         589  -2.38948874E-02
         590  -2.39371937E-02
         591  -2.39796843E-02
         592  -2.40220539E-02
         593  -2.40645483E-02
         594  -2.41068620E-02
         595  -2.41494197E-02
         596  -2.41917986E-02
         597  -2.42342390E-02
         598  -2.42766198E-02
         599  -2.43191253E-02
         600  -2.43615713E-02
         601  -2.44040806E-02
         602  -2.44465899E-02
         603  -2.44890414E-02
         604  -2.45314948E-02
         605  -2.45739501E-02
         606  -2.46165283E-02
         607  -2.46591102E-02
         608  -2.47015078E-02
         609  -2.47440934E-02
         610  -2.47866791E-02
         611  -2.48291455E-02
         612  -2.48716734E-02
         613  -2.49142032E-02
         614  -2.49567982E-02
         615  -2.49993317E-02
         616  -2.50418670E-02
         617  -2.50845272E-02
         618  -2.51270663E-02
         619  -2.51696687E-02
         620  -2.52123345E-02
         621  -2.52548791E-02
         622  -2.52974257E-02
         623  -2.53400970E-02
         624  -2.53827702E-02
         625  -2.54253224E-02
         626  -2.54679378E-02
         627  -2.55106147E-02
         628  -2.55532954E-02
         629  -2.55959164E-02
         630  -2.56386604E-02
         631  -2.56813467E-02
         632  -2.57239714E-02
         633  -2.57666614E-02
         634  -2.58093514E-02
         635  -2.58519836E-02
         636  -2.58947387E-02
         637  -2.59374361E-02
         638  -2.59800721E-02
         639  -2.60228347E-02
         640  -2.60655973E-02
         641  -2.61083003E-02
         642  -2.61510666E-02
         643  -2.61937138E-02
         644  -2.62366068E-02
         645  -2.62793787E-02
         646  -2.63220295E-02
         647  -2.63648052E-02
         648  -2.64075827E-02
         649  -2.64503621E-02
         650  -2.64932662E-02
         651  -2.65360493E-02
         652  -2.65788343E-02
         653  -2.66216826E-02
         654  -2.66644713E-02
         655  -2.67072618E-02
         656  -2.67501157E-02
         657  -2.67929100E-02
         658  -2.68358272E-02
         659  -2.68786252E-02
         660  -2.69214865E-02
         661  -2.69643497E-02
         662  -2.70073358E-02
         663  -2.70501412E-02
         664  -2.70930082E-02
         665  -2.71359403E-02
         666  -2.71788128E-02
         667  -2.72216853E-02
         668  -2.72646230E-02
         669  -2.73074992E-02
         670  -2.73503792E-02
         671  -2.73933820E-02
         672  -2.74362657E-02
         673  -2.74792723E-02
         674  -2.75222212E-02
         675  -2.75651701E-02
         676  -2.76081841E-02
         677  -2.76510753E-02
         678  -2.76940931E-02
         679  -2.77371109E-02
         680  -2.77801305E-02
         681  -2.78230924E-02
         682  -2.78661773E-02
         683  -2.79091410E-02
         684  -2.79521067E-02
         685  -2.79951375E-02
         686  -2.80381683E-02
         687  -2.80812010E-02
         688  -2.81242970E-02
         689  -2.81673968E-02
         690  -2.82103121E-02
         691  -2.82534137E-02
         692  -2.82965172E-02
         693  -2.83396840E-02
         694  -2.83826087E-02
         695  -2.84257177E-02
         696  -2.84688286E-02
         697  -2.85119414E-02
         698  -2.85550561E-02
         699  -2.85981726E-02
         700  -2.86412928E-02
         701  -2.86845360E-02
         702  -2.87275966E-02
         703  -2.87707821E-02
         704  -2.88138464E-02
         705  -2.88569741E-02
         706  -2.89002880E-02
         707  -2.89434195E-02
         708  -2.89865527E-02
         709  -2.90296879E-02
         710  -2.90729478E-02
         711  -2.91161500E-02
         712  -2.91592907E-02
         713  -2.92025562E-02
         714  -2.92457622E-02
         715  -2.92890314E-02
         716  -2.93321796E-02
         717  -2.93753911E-02
         718  -2.94186659E-02
         719  -2.94620041E-02
         720  -2.95052212E-02
         721  -2.95485016E-02
         722  -2.95917224E-02
         723  -2.96350066E-02
         724  -2.96783540E-02
         725  -2.97215823E-02
         726  -2.97649335E-02
         727  -2.98081636E-02
         728  -2.98515186E-02
         729  -2.98948754E-02
         730  -2.99381725E-02
         731  -2.99815945E-02
         732  -3.00248340E-02
         733  -3.00681982E-02
         734  -3.01115643E-02
         735  -3.01549342E-02
         736  -3.01983040E-02
         737  -3.02416757E-02
         738  -3.02849878E-02
         739  -3.03283632E-02
         740  -3.03717405E-02
         741  -3.04151829E-02
         742  -3.04585639E-02
         743  -3.05020697E-02
         744  -3.05453930E-02
         745  -3.05889025E-02
         746  -3.06322929E-02
         747  -3.06758061E-02
         748  -3.07191983E-02
         749  -3.07626538E-02
         750  -3.08060516E-02
         751  -3.08496337E-02
         752  -3.08930948E-02
         753  -3.09364982E-02
         754  -3.09800245E-02
         755  -3.10235526E-02
         756  -3.10669616E-02
         757  -3.11104935E-02
         758  -3.11540905E-02
         759  -3.11975647E-02
         760  -3.12410425E-02
         761  -3.12845819E-02
         762  -3.13280635E-02
         763  -3.13716084E-02
         764  -3.14152129E-02
         765  -3.14588249E-02
         766  -3.15023735E-02
         767  -3.15459855E-02
         768  -3.15894783E-02
         769  -3.16330940E-02
         770  -3.16766538E-02
         771  -3.17203328E-02
         772  -3.17638963E-02
         773  -3.18075828E-02
         774  -3.18511464E-02
         775  -3.18947732E-02
         776  -3.19384038E-02
         777  -3.19820978E-02
         778  -3.20256725E-02
         779  -3.20693702E-02
         780  -3.21130082E-02
         781  -3.21567096E-02
         782  -3.22004110E-02
         783  -3.22439931E-02
         784  -3.22878249E-02
         785  -3.23314108E-02
         786  -3.23752426E-02
         787  -3.24188322E-02
         788  -3.24625485E-02
         789  -3.25063877E-02
         790  -3.25499810E-02
         791  -3.25937048E-02
         792  -3.26375477E-02
         793  -3.26813348E-02
         794  -3.27250622E-02
         795  -3.27687897E-02
         796  -3.28125171E-02
         797  -3.28563750E-02
         798  -3.29001695E-02
         799  -3.29439044E-02
         800  -3.29878256E-02
         801  -3.30314450E-02
         802  -3.30753699E-02
         803  -3.31191756E-02
         804  -3.31630446E-02
         805  -3.32068540E-02
         806  -3.32507230E-02
         807  -3.32945362E-02
         808  -3.33383530E-02
         809  -3.33822295E-02
         810  -3.34260501E-02
         811  -3.34699936E-02
         812  -3.35138142E-02
         813  -3.35577615E-02
         814  -3.36015895E-02
         815  -3.36456001E-02
         816  -3.36894915E-02
         817  -3.37334462E-02
         818  -3.37772816E-02
         819  -3.38212401E-02
         820  -3.38652022E-02
         821  -3.39091048E-02
         822  -3.39531302E-02
         823  -3.39970365E-02
         824  -3.40410657E-02
         825  -3.40849124E-02
         826  -3.41288857E-02
         827  -3.41730453E-02
         828  -3.42168994E-02
         829  -3.42609361E-02
         830  -3.43049169E-02
         831  -3.43489014E-02
         832  -3.43929455E-02
         833  -3.44369933E-02
         834  -3.44809815E-02
         835  -3.45250331E-02
         836  -3.45690884E-02
         837  -3.46131437E-02
         838  -3.46571393E-02
         839  -3.47011983E-02
         840  -3.47453207E-02
         841  -3.47894467E-02
         842  -3.48335132E-02
         843  -3.48776393E-02
         844  -3.49217094E-02
         845  -3.49658430E-02
         846  -3.50099169E-02
         847  -3.50540541E-02
         848  -3.50982547E-02
         849  -3.51423323E-02
         850  -3.51864733E-02
         851  -3.52305584E-02
         852  -3.52747664E-02
         853  -3.53189744E-02
         854  -3.53631265E-02
         855  -3.54073420E-02
         856  -3.54514942E-02
         857  -3.54957134E-02
         858  -3.55398692E-02
         859  -3.55840921E-02
         860  -3.56282555E-02
         861  -3.56725417E-02
         862  -3.57167684E-02
         863  -3.57609391E-02
         864  -3.58052328E-02
         865  -3.58495265E-02
         866  -3.58936377E-02
         867  -3.59379388E-02
         868  -3.59822400E-02
         869  -3.60265449E-02
         870  -3.60708497E-02
         871  -3.61150317E-02
         872  -3.61594036E-02
         873  -3.62037122E-02
         874  -3.62479649E-02
         875  -3.62923406E-02
         876  -3.63366604E-02
         877  -3.63808535E-02
         878  -3.64252999E-02
         879  -3.64696831E-02
         880  -3.65140103E-02
         881  -3.65583971E-02
         882  -3.66027243E-02
         883  -3.66470553E-02
         884  -3.66914496E-02
         885  -3.67358476E-02
         886  -3.67801860E-02
         887  -3.68246473E-02
         888  -3.68691124E-02
         889  -3.69134545E-02
         890  -3.69579829E-02
         891  -3.70023288E-02
         892  -3.70468013E-02
         893  -3.70911546E-02
         894  -3.71356905E-02
         895  -3.71801071E-02
         896  -3.72245237E-02
         897  -3.72690707E-02
         898  -3.73134911E-02
         899  -3.73579785E-02
         900  -3.74025889E-02
         901  -3.74470167E-02
         902  -3.74914482E-02
         903  -3.75360660E-02
         904  -3.75805609E-02
         905  -3.76250595E-02
         906  -3.76696214E-02
         907  -3.77141237E-02
         908  -3.77586260E-02
         909  -3.78031321E-02
         910  -3.78477648E-02
         911  -3.78923975E-02
         912  -3.79369110E-02
         913  -3.79814245E-02
         914  -3.80260646E-02
         915  -3.80707048E-02
         916  -3.81152853E-02
         917  -3.81599329E-02
         918  -3.82045805E-02
         919  -3.82491685E-02
         920  -3.82938199E-02
         921  -3.83384712E-02
         922  -3.83830667E-02
         923  -3.84277850E-02
         924  -3.84723842E-02
         925  -3.85171063E-02
         926  -3.85617092E-02
         927  -3.86064351E-02
         928  -3.86511646E-02
         929  -3.86957712E-02
         930  -3.87405679E-02
         931  -3.87852415E-02
         932  -3.88299152E-02
         933  -3.88746560E-02
         934  -3.89193371E-02
         935  -3.89640182E-02
         936  -3.90087627E-02
         937  -3.90536338E-02
         938  -3.90983224E-02
         939  -3.91431339E-02
         940  -3.91878895E-02
         941  -3.92326452E-02
         942  -3.92775238E-02
         943  -3.93222235E-02
         944  -3.93671095E-02
         945  -3.94118093E-02
         946  -3.94566990E-02
         947  -3.95014659E-02
         948  -3.95462997E-02
         949  -3.95911932E-02
         950  -3.96359675E-02
         951  -3.96808684E-02
         952  -3.97257693E-02
         953  -3.97705473E-02
         954  -3.98155153E-02
         955  -3.98603007E-02
         956  -3.99051458E-02
         957  -3.99501212E-02
         958  -3.99950333E-02
         959  -4.00399491E-02
         960  -4.00848053E-02
         961  -4.01297249E-02
         962  -4.01746482E-02
         963  -4.02196310E-02
         964  -4.02645580E-02
         965  -4.03094850E-02
         966  -4.03545387E-02
         967  -4.03994098E-02
         968  -4.04444672E-02
         969  -4.04894054E-02
         970  -4.05343398E-02
         971  -4.05793451E-02
         972  -4.06243466E-02
         973  -4.06693555E-02
         974  -4.07143608E-02
         975  -4.07593101E-02
         976  -4.08043228E-02
         977  -4.08494584E-02
         978  -4.08946015E-02
         979  -4.09394950E-02
         980  -4.09846380E-02
         981  -4.10296619E-02
         982  -4.10748087E-02
         983  -4.11198996E-02
         984  -4.11649272E-02
         985  -4.12099585E-02
         986  -4.12551127E-02
         987  -4.13002707E-02
         988  -4.13453095E-02
         989  -4.13904078E-02
         990  -4.14356366E-02
         991  -4.14806791E-02
         992  -4.15258482E-02
         993  -4.15708944E-02
         994  -4.16161306E-02
         995  -4.16613668E-02
         996  -4.17064205E-02
         997  -4.17516604E-02
         998  -4.17969041E-02
         999  -4.18419614E-02
        1000  -4.18872721E-02
        1001  -4.19325233E-02
        1002  -4.19777110E-02
        1003  -4.20228392E-02
        1004  -4.20680940E-02
        1005  -4.21133526E-02
        1006  -4.21585515E-02
        1007  -4.22038138E-02
        1008  -4.22491394E-02
        1009  -4.22944054E-02
        1010  -4.23396714E-02
        1011  -4.23849411E-02
        1012  -4.24302146E-02
        1013  -4.24754880E-02
        1014  -4.25208248E-02
        1015  -4.25661020E-02
        1016  -4.26113829E-02
        1017  -4.26567271E-02
        1018  -4.27020118E-02
        1019  -4.27473597E-02
        1020  -4.27927747E-02
        1021  -4.28379998E-02
        1022  -4.28834185E-02
        1023  -4.29288372E-02
        1024  -4.29741330E-02
        1025  -4.30196188E-02
        1026  -4.30649184E-02
        1027  -4.31104079E-02
        1028  -4.31557782E-02
        1029  -4.32011448E-02
        1030  -4.32465784E-02
        1031  -4.32919525E-02
        1032  -4.33374532E-02
        1033  -4.33828905E-02
        1034  -4.34283316E-02
        1035  -4.34737764E-02
        1036  -4.35192212E-02
        1037  -4.35646698E-02
        1038  -4.36101183E-02
        1039  -4.36556973E-02
        1040  -4.37011495E-02
        1041  -4.37466055E-02
        1042  -4.37920652E-02
        1043  -4.38376479E-02
        1044  -4.38831747E-02
        1045  -4.39287014E-02
        1046  -4.39741686E-02
        1047  -4.40196991E-02
        1048  -4.40652929E-02
        1049  -4.41108271E-02
        1050  -4.41564284E-02
        1051  -4.42019030E-02
        1052  -4.42475714E-02
        1053  -4.42931764E-02
        1054  -4.43387814E-02
        1055  -4.43843938E-02
        1056  -4.44298796E-02
        1057  -4.44756187E-02
        1058  -4.45211716E-02
        1059  -4.45667915E-02
        1060  -4.46124114E-02
        1061  -4.46580313E-02
        1062  -4.47036549E-02
        1063  -4.47493456E-02
        1064  -4.47949730E-02
        1065  -4.48406041E-02
        1066  -4.48863618E-02
        1067  -4.49320599E-02
        1068  -4.49776947E-02
        1069  -4.50234599E-02
        1070  -4.50691618E-02
        1071  -4.51148041E-02
        1072  -4.51605767E-02
        1073  -4.52062227E-02
        1074  -4.52519953E-02
        1075  -4.52977717E-02
        1076  -4.53434885E-02
        1077  -4.53892685E-02
        1078  -4.54349890E-02
        1079  -4.54807729E-02
        1080  -4.55264971E-02
        1081  -4.55724113E-02
        1082  -4.56182025E-02
        1083  -4.56639305E-02
        1084  -4.57097888E-02
        1085  -4.57555242E-02
        1086  -4.58013862E-02
        1087  -4.58471850E-02
        1088  -4.58931141E-02
        1089  -4.59389836E-02
        1090  -4.59847264E-02
        1091  -4.60306630E-02
        1092  -4.60764728E-02
        1093  -4.61223498E-02
        1094  -4.61682901E-02
        1095  -4.62141708E-02
        1096  -4.62601148E-02
        1097  -4.63059992E-02
        1098  -4.63517644E-02
        1099  -4.63977158E-02
        1100  -4.64436673E-02
        1101  -4.64895591E-02
        1102  -4.65356447E-02
        1103  -4.65815403E-02
        1104  -4.66275029E-02
        1105  -4.66734059E-02
        1106  -4.67194319E-02
        1107  -4.67653386E-02
        1108  -4.68114354E-02
        1109  -4.68572825E-02
        1110  -4.69033793E-02
        1111  -4.69493568E-02
        1112  -4.69952747E-02
        1113  -4.70413789E-02
        1114  -4.70874235E-02
        1115  -4.71334122E-02
        1116  -4.71795239E-02
        1117  -4.72256355E-02
        1118  -4.72716913E-02
        1119  -4.73176241E-02
        1120  -4.73636799E-02
        1121  -4.74098027E-02
        1122  -4.74559292E-02
        1123  -4.75021191E-02
        1124  -4.75481860E-02
        1125  -4.75941896E-02
        1126  -4.76403236E-02
        1127  -4.76863980E-02
        1128  -4.77325357E-02
        1129  -4.77787368E-02
        1130  -4.78248782E-02
        1131  -4.78710867E-02
        1132  -4.79171723E-02
        1133  -4.79633808E-02
        1134  -4.80095930E-02
        1135  -4.80557457E-02
        1136  -4.81019653E-02
        1137  -4.81481217E-02
        1138  -4.81942818E-02
        1139  -4.82405685E-02
        1140  -4.82867286E-02
        1141  -4.83329594E-02
        1142  -4.83791865E-02
        1143  -4.84254211E-02
        1144  -4.84716557E-02
        1145  -4.85179536E-02
        1146  -4.85642552E-02
        1147  -4.86104973E-02
        1148  -4.86567393E-02
        1149  -4.87031080E-02
        1150  -4.87493575E-02
        1151  -4.87957299E-02
        1152  -4.88419831E-02
        1153  -4.88882363E-02
        1154  -4.89346161E-02
        1155  -4.89809997E-02
        1156  -4.90272604E-02
        1157  -4.90736477E-02
        1158  -4.91199754E-02
        1159  -4.91664298E-02
        1160  -4.92126979E-02
        1161  -4.92590927E-02
        1162  -4.93054911E-02
        1163  -4.93518934E-02
        1164  -4.93982956E-02
        1165  -4.94447015E-02
        1166  -4.94911075E-02
        1167  -4.95374538E-02
        1168  -4.95839901E-02
        1169  -4.96303402E-02
        1170  -4.96768169E-02
        1171  -4.97232974E-02
        1172  -4.97697815E-02
        1173  -4.98161390E-02
        1174  -4.98626903E-02
        1175  -4.99091782E-02
        1176  -4.99556065E-02
        1177  -5.00021614E-02
        1178  -5.00486568E-02
        1179  -5.00951558E-02
        1180  -5.01416549E-02
        1181  -5.01882210E-02
        1182  -5.02347872E-02
        1183  -5.02813570E-02
        1184  -5.03278635E-02
        1185  -5.03744371E-02
        1186  -5.04210144E-02
        1187  -5.04675917E-02
        1188  -5.05141057E-02
        1189  -5.05606905E-02
        1190  -5.06073348E-02
        1191  -5.06539233E-02
        1192  -5.07004485E-02
        1193  -5.07471003E-02
        1194  -5.07936925E-02
        1195  -5.08403517E-02
        1196  -5.08870110E-02
        1197  -5.09336106E-02
        1198  -5.09803370E-02
        1199  -5.10269403E-02
        1200  -5.10736704E-02
        1201  -5.11203445E-02
        1202  -5.11670150E-02
        1203  -5.12137525E-02
        1204  -5.12604304E-02
        1205  -5.13071120E-02
        1206  -5.13538532E-02
        1207  -5.14005385E-02
        1208  -5.14472872E-02
        1209  -5.14939763E-02
        1210  -5.15407920E-02
        1211  -5.15874214E-02
        1212  -5.16342409E-02
        1213  -5.16810641E-02
        1214  -5.17277606E-02
        1215  -5.17745279E-02
        1216  -5.18213548E-02
        1217  -5.18681854E-02
        1218  -5.19149564E-02
        1219  -5.19617312E-02
        1220  -5.20086288E-02
        1221  -5.20554706E-02
        1222  -5.21021858E-02
        1223  -5.21490313E-02
        1224  -5.21959402E-02
        1225  -5.22427894E-02
        1226  -5.22896387E-02
        1227  -5.23365550E-02
        1228  -5.23834117E-02
        1229  -5.24303317E-02
        1230  -5.24771921E-02
        1231  -5.25241792E-02
        1232  -5.25711067E-02
        1233  -5.26179709E-02
        1234  -5.26649021E-02
        1235  -5.27118370E-02
        1236  -5.27587086E-02
        1237  -5.28057739E-02
        1238  -5.28527126E-02
        1239  -5.28996550E-02
        1240  -5.29466011E-02
        1241  -5.29935472E-02
        1242  -5.30406199E-02
        1243  -5.30875735E-02
        1244  -5.31346500E-02
        1245  -5.31815439E-02
        1246  -5.32285646E-02
        1247  -5.32756522E-02
        1248  -5.33226132E-02
        1249  -5.33697046E-02
        1250  -5.34168594E-02
        1251  -5.34638278E-02
        1252  -5.35109229E-02
        1253  -5.35579585E-02
        1254  -5.36049344E-02
        1255  -5.36520369E-02
        1256  -5.36992066E-02
        1257  -5.37463166E-02
        1258  -5.37934862E-02
        1259  -5.38405366E-02
        1260  -5.38876504E-02
        1261  -5.39348312E-02
        1262  -5.39818890E-02
        1263  -5.40290102E-02
        1264  -5.40762581E-02
        1265  -5.41233830E-02
        1266  -5.41705750E-02
        1267  -5.42177670E-02
        1268  -5.42649627E-02
        1269  -5.43120354E-02
        1270  -5.43593615E-02
        1271  -5.44064343E-02
        1272  -5.44537678E-02
        1273  -5.45009710E-02
        1274  -5.45481816E-02
        1275  -5.45955189E-02
        1276  -5.46426028E-02
        1277  -5.46899475E-02
        1278  -5.47372885E-02
        1279  -5.47845103E-02
        1280  -5.48317954E-02
        1281  -5.48790172E-02
        1282  -5.49263060E-02
        1283  -5.49735352E-02
        1284  -5.50209582E-02
        1285  -5.50683141E-02
        1286  -5.51154874E-02
        1287  -5.51628508E-02
        1288  -5.52101545E-02
        1289  -5.52576482E-02
        1290  -5.53050190E-02
        1291  -5.53522632E-02
        1292  -5.53996414E-02
        1293  -5.54470792E-02
        1294  -5.54944575E-02
        1295  -5.55418395E-02
        1296  -5.55892885E-02
        1297  -5.56366108E-02
        1298  -5.56840636E-02
        1299  -5.57313897E-02
        1300  -5.57789728E-02
        1301  -5.58263659E-02
        1302  -5.58738261E-02
        1303  -5.59212901E-02
        1304  -5.59687540E-02
        1305  -5.60162850E-02
        1306  -5.60636260E-02
        1307  -5.61111607E-02
        1308  -5.61585091E-02
        1309  -5.62061742E-02
        1310  -5.62537163E-02
        1311  -5.63011952E-02
        1312  -5.63487411E-02
        1313  -5.63962273E-02
        1314  -5.64437769E-02
        1315  -5.64913303E-02
        1316  -5.65388873E-02
        1317  -5.65864444E-02
        1318  -5.66340014E-02
        1319  -5.66815659E-02
        1320  -5.67291267E-02
        1321  -5.67767583E-02
        1322  -5.68243898E-02
        1323  -5.68720847E-02
        1324  -5.69195338E-02
        1325  -5.69672361E-02
        1326  -5.70148751E-02
        1327  -5.70624545E-02
        1328  -5.71101643E-02
        1329  -5.71577474E-02
        1330  -5.72055243E-02
        1331  -5.72531112E-02
        1332  -5.73008284E-02
        1333  -5.73485494E-02
        1334  -5.73962070E-02
        1335  -5.74439317E-02
        1336  -5.74916601E-02
        1337  -5.75394519E-02
        1338  -5.75871207E-02
        1339  -5.76348528E-02
        1340  -5.76825254E-02
        1341  -5.77302612E-02
        1342  -5.77780679E-02
        1343  -5.78258708E-02
        1344  -5.78735545E-02
        1345  -5.79214282E-02
        1346  -5.79691753E-02
        1347  -5.80168664E-02
        1348  -5.80648072E-02
        1349  -5.81125654E-02
        1350  -5.81603870E-02
        1351  -5.82082085E-02
        1352  -5.82560375E-02
        1353  -5.83039261E-02
        1354  -5.83517589E-02
        1355  -5.83995916E-02
        1356  -5.84474280E-02
        1357  -5.84954545E-02
        1358  -5.85432313E-02
        1359  -5.85910715E-02
        1360  -5.86390458E-02
        1361  -5.86869530E-02
        1362  -5.87348677E-02
        1363  -5.87829091E-02
        1364  -5.88307604E-02
        1365  -5.88786788E-02
        1366  -5.89266010E-02
        1367  -5.89745268E-02
        1368  -5.90225793E-02
        1369  -5.90705052E-02
        1370  -5.91184385E-02
        1371  -5.91664314E-02
        1372  -5.92145585E-02
        1373  -5.92624322E-02
        1374  -5.93105629E-02
        1375  -5.93585037E-02
        1376  -5.94065115E-02
        1377  -5.94545230E-02
        1378  -5.95025346E-02
        1379  -5.95506132E-02
        1380  -5.95986918E-02
        1381  -5.96467108E-02
        1382  -5.96947968E-02
        1383  -5.97428828E-02
        1384  -5.97910360E-02
        1385  -5.98390661E-02
        1386  -5.98871596E-02
        1387  -5.99353202E-02
        1388  -5.99833541E-02
        1389  -6.00315183E-02
        1390  -6.00796230E-02
        1391  -6.01277910E-02
        1392  -6.01759627E-02
        1393  -6.02241382E-02
        1394  -6.02723137E-02
        1395  -6.03204258E-02
        1396  -6.03686087E-02
        1397  -6.04167916E-02
        1398  -6.04650378E-02
        1399  -6.05132282E-02
        1400  -6.05614185E-02
        1401  -6.06097355E-02
        1402  -6.06579296E-02
        1403  -6.07061908E-02
        1404  -6.07543886E-02
        1405  -6.08026534E-02
        1406  -6.08509853E-02
        1407  -6.08992539E-02
        1408  -6.09474629E-02
        1409  -6.09956719E-02
        1410  -6.10440150E-02
        1411  -6.10922910E-02
        1412  -6.11405745E-02
        1413  -6.11889213E-02
        1414  -6.12372681E-02
        1415  -6.12856224E-02
        1416  -6.13339134E-02
        1417  -6.13822676E-02
        1418  -6.14306256E-02
        1419  -6.14789873E-02
        1420  -6.15274757E-02
        1421  -6.15757778E-02
        1422  -6.16241470E-02
        1423  -6.16724528E-02
        1424  -6.17209524E-02
        1425  -6.17693923E-02
        1426  -6.18177056E-02
        1427  -6.18662760E-02
        1428  -6.19146563E-02
        1429  -6.19630404E-02
        1430  -6.20115548E-02
        1431  -6.20600060E-02
        1432  -6.21085875E-02
        1433  -6.21569827E-02
        1434  -6.22055046E-02
        1435  -6.22539036E-02
        1436  -6.23024963E-02
        1437  -6.23508990E-02
        1438  -6.23995587E-02
        1439  -6.24480285E-02
        1440  -6.24965653E-02
        1441  -6.25451058E-02
        1442  -6.25936463E-02
        1443  -6.26421273E-02
        1444  -6.26907349E-02
        1445  -6.27393499E-02
        1446  -6.27878979E-02
        1447  -6.28364533E-02
        1448  -6.28850758E-02
        1449  -6.29336983E-02
        1450  -6.29823208E-02
        1451  -6.30308837E-02
        1452  -6.30795732E-02
        1453  -6.31282032E-02
        1454  -6.31769001E-02
        1455  -6.32254779E-02
        1456  -6.32741153E-02
        1457  -6.33228198E-02
        1458  -6.33714572E-02
        1459  -6.34201691E-02
        1460  -6.34688810E-02
        1461  -6.35175928E-02
        1462  -6.35663122E-02
        1463  -6.36148974E-02
        1464  -6.36636838E-02
        1465  -6.37124702E-02
        1466  -6.37611300E-02
        1467  -6.38099238E-02
        1468  -6.38586581E-02
        1469  -6.39074519E-02
        1470  -6.39562532E-02
        1471  -6.40050471E-02
        1472  -6.40537888E-02
        1473  -6.41025975E-02
        1474  -6.41514063E-02
        1475  -6.42001480E-02
        1476  -6.42490238E-02
        1477  -6.42979071E-02
        1478  -6.43467233E-02
        1479  -6.43956736E-02
        1480  -6.44443631E-02
        1481  -6.44932538E-02
        1482  -6.45420849E-02
        1483  -6.45910352E-02
        1484  -6.46399334E-02
        1485  -6.46888316E-02
        1486  -6.47376701E-02
        1487  -6.47865683E-02
        1488  -6.48356006E-02
        1489  -6.48844466E-02
        1490  -6.49333596E-02
        1491  -6.49823993E-02
        1492  -6.50313124E-02
        1493  -6.50802255E-02
        1494  -6.51292726E-02
        1495  -6.51781335E-02
        1496  -6.52272478E-02
        1497  -6.52761757E-02
        1498  -6.53251633E-02
        1499  -6.53741583E-02
        1500  -6.54232204E-02
        1501  -6.54722899E-02
        1502  -6.55212253E-02
        1503  -6.55703545E-02
        1504  -6.56192973E-02
        1505  -6.56684339E-02
        1506  -6.57173842E-02
        1507  -6.57665282E-02
        1508  -6.58156052E-02
        1509  -6.58646896E-02
        1510  -6.59138411E-02
        1511  -6.59629256E-02
        1512  -6.60120770E-02
        1513  -6.60612360E-02
        1514  -6.61102012E-02
        1515  -6.61594272E-02
        1516  -6.62085935E-02
        1517  -6.62576929E-02
        1518  -6.63068593E-02
        1519  -6.63560331E-02
        1520  -6.64052069E-02
        1521  -6.64545074E-02
        1522  -6.65035546E-02
        1523  -6.65527359E-02
        1524  -6.66020513E-02
        1525  -6.66512996E-02
        1526  -6.67004809E-02
        1527  -6.67498037E-02
        1528  -6.67988658E-02
        1529  -6.68482482E-02
        1530  -6.68974519E-02
        1531  -6.69467151E-02
        1532  -6.69960454E-02
        1533  -6.70453086E-02
        1534  -6.70946464E-02
        1535  -6.71438500E-02
        1536  -6.71932548E-02
        1537  -6.72425330E-02
        1538  -6.72918111E-02
        1539  -6.73411638E-02
        1540  -6.73904493E-02
        1541  -6.74399287E-02
        1542  -6.74892813E-02
        1543  -6.75385743E-02
        1544  -6.75879940E-02
        1545  -6.76372945E-02
        1546  -6.76868483E-02
        1547  -6.77361488E-02
        1548  -6.77855834E-02
        1549  -6.78350180E-02
        1550  -6.78843856E-02
        1551  -6.79338276E-02
        1552  -6.79833367E-02
        1553  -6.80327117E-02
        1554  -6.80822283E-02
        1555  -6.81316778E-02
        1556  -6.81811869E-02
        1557  -6.82305172E-02
        1558  -6.82801679E-02
        1559  -6.83296248E-02
        1560  -6.83791488E-02
        1561  -6.84286803E-02
        1562  -6.84781447E-02
        1563  -6.85276762E-02
        1564  -6.85772076E-02
        1565  -6.86267465E-02
        1566  -6.86763525E-02
        1567  -6.87258989E-02
        1568  -6.87754378E-02
        1569  -6.88250512E-02
        1570  -6.88746646E-02
        1571  -6.89242780E-02
        1572  -6.89737722E-02
        1573  -6.90234601E-02
        1574  -6.90730810E-02
        1575  -6.91226423E-02
        1576  -6.91723973E-02
        1577  -6.92220926E-02
        1578  -6.92716613E-02
        1579  -6.93212971E-02
        1580  -6.93710670E-02
        1581  -6.94207102E-02
        1582  -6.94703534E-02
        1583  -6.95201233E-02
        1584  -6.95698336E-02
        1585  -6.96194842E-02
        1586  -6.96692020E-02
        1587  -6.97189867E-02
        1588  -6.97686449E-02
        1589  -6.98184371E-02
        1590  -6.98682219E-02
        1591  -6.99180216E-02
        1592  -6.99677542E-02
        1593  -7.00174198E-02
        1594  -7.00672194E-02
        1595  -7.01170266E-02
        1596  -7.01668933E-02
        1597  -7.02166408E-02
        1598  -7.02665150E-02
        1599  -7.03163296E-02
        1600  -7.03661442E-02
        1601  -7.04160258E-02
        1602  -7.04658478E-02
        1603  -7.05157965E-02
        1604  -7.05656260E-02
        1605  -7.06155151E-02
        1606  -7.06655383E-02
        1607  -7.07153082E-02
        1608  -7.07652718E-02
        1609  -7.08151087E-02
        1610  -7.08650127E-02
        1611  -7.09150508E-02
        1612  -7.09649548E-02
        1613  -7.10148662E-02
        1614  -7.10648447E-02
        1615  -7.11147636E-02
        1616  -7.11648092E-02
        1617  -7.12147355E-02
        1618  -7.12646618E-02
        1619  -7.13147745E-02
        1620  -7.13647678E-02
        1621  -7.14147016E-02
        1622  -7.14648291E-02
        1623  -7.15147629E-02
        1624  -7.15648308E-02
        1625  -7.16149062E-02
        1626  -7.16649145E-02
        1627  -7.17149898E-02
        1628  -7.17651322E-02
        1629  -7.18152076E-02
        1630  -7.18652904E-02
        1631  -7.19154403E-02
        1632  -7.19654039E-02
        1633  -7.20156208E-02
        1634  -7.20657110E-02
        1635  -7.21158683E-02
        1636  -7.21660331E-02
        1637  -7.22161308E-02
        1638  -7.22662956E-02
        1639  -7.23164678E-02
        1640  -7.23666400E-02
        1641  -7.24168122E-02
        1642  -7.24669918E-02
        1643  -7.25171715E-02
        1644  -7.25673512E-02
        1645  -7.26176649E-02
        1646  -7.26678520E-02
        1647  -7.27180392E-02
        1648  -7.27683008E-02
        1649  -7.28186220E-02
        1650  -7.28688836E-02
        1651  -7.29190782E-02
        1652  -7.29694068E-02
        1653  -7.30196759E-02
        1654  -7.30700120E-02
        1655  -7.31202886E-02
        1656  -7.31706321E-02
        1657  -7.32209086E-02
        1658  -7.32712522E-02
        1659  -7.33216032E-02
        1660  -7.33719543E-02
        1661  -7.34223723E-02
        1662  -7.34725967E-02
        1663  -7.35229552E-02
        1664  -7.35733807E-02
        1665  -7.36238062E-02
        1666  -7.36741722E-02
        1667  -7.37245381E-02
        1668  -7.37749785E-02
        1669  -7.38253444E-02
        1670  -7.38757923E-02
        1671  -7.39261657E-02
        1672  -7.39766136E-02
        1673  -7.40271211E-02
        1674  -7.40775764E-02
        1675  -7.41280243E-02
        1676  -7.41784796E-02
        1677  -7.42290020E-02
        1678  -7.42795318E-02
        1679  -7.43300542E-02
        1680  -7.43804574E-02
        1681  -7.44311213E-02
        1682  -7.44816512E-02
        1683  -7.45321289E-02
        1684  -7.45827332E-02
        1685  -7.46332109E-02
        1686  -7.46838823E-02
        1687  -7.47344270E-02
        1688  -7.47849792E-02
        1689  -7.48356581E-02
        1690  -7.48860911E-02
        1691  -7.49367774E-02
        1692  -7.49874637E-02
        1693  -7.50380903E-02
        1694  -7.50885904E-02
        1695  -7.51392916E-02
        1696  -7.51899257E-02
        1697  -7.52406269E-02
        1698  -7.52912015E-02
        1699  -7.53418431E-02
        1700  -7.53926188E-02
        1701  -7.54433274E-02
        1702  -7.54940435E-02
        1703  -7.55446926E-02
        1704  -7.55954161E-02
        1705  -7.56461993E-02
        1706  -7.56968632E-02
        1707  -7.57476538E-02
        1708  -7.57983848E-02
        1709  -7.58490562E-02
        1710  -7.58999810E-02
        1711  -7.59505928E-02
        1712  -7.60014579E-02
        1713  -7.60522038E-02
        1714  -7.61030763E-02
        1715  -7.61538893E-02
        1716  -7.62048289E-02
        1717  -7.62555227E-02
        1718  -7.63063431E-02
        1719  -7.63571635E-02
        1720  -7.64080510E-02
        1721  -7.64588788E-02
        1722  -7.65098408E-02
        1723  -7.65606761E-02
        1724  -7.66115710E-02
        1725  -7.66624734E-02
        1726  -7.67134428E-02
        1727  -7.67642856E-02
        1728  -7.68152028E-02
        1729  -7.68661126E-02
        1730  -7.69170895E-02
        1731  -7.69680738E-02
        1732  -7.70190582E-02
        1733  -7.70699829E-02
        1734  -7.71209076E-02
        1735  -7.71719664E-02
        1736  -7.72228986E-02
        1737  -7.72739574E-02
        1738  -7.73249567E-02
        1739  -7.73759633E-02
        1740  -7.74270371E-02
        1741  -7.74779767E-02
        1742  -7.75290504E-02
        1743  -7.75801316E-02
        1744  -7.76311457E-02
        1745  -7.76822343E-02
        1746  -7.77333826E-02
        1747  -7.77844042E-02
        1748  -7.78355598E-02
        1749  -7.78865889E-02
        1750  -7.79378191E-02
        1751  -7.79888481E-02
        1752  -7.80400187E-02
        1753  -7.80911222E-02
        1754  -7.81422257E-02
        1755  -7.81934634E-02
        1756  -7.82445818E-02
        1757  -7.82957599E-02
        1758  -7.83469379E-02
        1759  -7.83981234E-02
        1760  -7.84494355E-02
        1761  -7.85005018E-02
        1762  -7.85518214E-02
        1763  -7.86029547E-02
        1764  -7.86542147E-02
        1765  -7.87055418E-02
        1766  -7.87567422E-02
        1767  -7.88080171E-02
        1768  -7.88593516E-02
        1769  -7.89106265E-02
        1770  -7.89618418E-02
        1771  -7.90131837E-02
        1772  -7.90644661E-02
        1773  -7.91158155E-02
        1774  -7.91670382E-02
        1775  -7.92184621E-02
        1776  -7.92697519E-02
        1777  -7.93211162E-02
        1778  -7.93724805E-02
        1779  -7.94238448E-02
        1780  -7.94752762E-02
        1781  -7.95265883E-02
        1782  -7.95780271E-02
        1783  -7.96294659E-02
        1784  -7.96807110E-02
        1785  -7.97321573E-02
        1786  -7.97836110E-02
        1787  -7.98350647E-02
        1788  -7.98864514E-02
        1789  -7.99379051E-02
        1790  -7.99895003E-02
        1791  -8.00408944E-02
        1792  -8.00923631E-02
        1793  -8.01438913E-02
        1794  -8.01953599E-02
        1795  -8.02468359E-02
        1796  -8.02983716E-02
        1797  -8.03499818E-02
        1798  -8.04015249E-02
        1799  -8.04530084E-02
        1800  -8.05045590E-02
        1801  -8.05560499E-02
        1802  -8.06076676E-02
        1803  -8.06592926E-02
        1804  -8.07108581E-02
        1805  -8.07625502E-02
        1806  -8.08139890E-02
        1807  -8.08656812E-02
        1808  -8.09173882E-02
        1809  -8.09689611E-02
        1810  -8.10205340E-02
        1811  -8.10722485E-02
        1812  -8.11238289E-02
        1813  -8.11754167E-02
        1814  -8.12271982E-02
        1815  -8.12787861E-02
        1816  -8.13305750E-02
        1817  -8.13822374E-02
        1818  -8.14338997E-02
        1819  -8.14856291E-02
        1820  -8.15374255E-02
        1821  -8.15892294E-02
        1822  -8.16408992E-02
        1823  -8.16926435E-02
        1824  -8.17443877E-02
        1825  -8.17961991E-02
        1826  -8.18480104E-02
        1827  -8.18997025E-02
        1828  -8.19515213E-02
        1829  -8.20033401E-02
        1830  -8.20550993E-02
        1831  -8.21069255E-02
        1832  -8.21588263E-02
        1833  -8.22106600E-02
        1834  -8.22626203E-02
        1835  -8.23143274E-02
        1836  -8.23663026E-02
        1837  -8.24182108E-02
        1838  -8.24699923E-02
        1839  -8.25219005E-02
        1840  -8.25738236E-02
        1841  -8.26258063E-02
        1842  -8.26777294E-02
        1843  -8.27295855E-02
        1844  -8.27814490E-02
        1845  -8.28333795E-02
        1846  -8.28853771E-02
        1847  -8.29373747E-02
        1848  -8.29893798E-02
        1849  -8.30413178E-02
        1850  -8.30933303E-02
        1851  -8.31452757E-02
        1852  -8.31973553E-02
        1853  -8.32493678E-02
        1854  -8.33013877E-02
        1855  -8.33534747E-02
        1856  -8.34054351E-02
        1857  -8.34575221E-02
        1858  -8.35095569E-02
        1859  -8.35615844E-02
        1860  -8.36138129E-02
        1861  -8.36658552E-02
        1862  -8.37178975E-02
