   5.00000024E-04   19.8810024    
   1.00000005E-03   9.87086105    
   1.50000001E-03   9.67358971    
   2.00000009E-03   9.52376556    
   2.50000018E-03   9.32574368    
   3.00000003E-03   8.95149994    
   3.50000011E-03   8.68850040    
   4.00000019E-03   8.26478672    
   4.50000027E-03   7.93643665    
   5.00000035E-03   7.49506521    
   5.50000044E-03   7.56691265    
   6.00000005E-03   7.52632809    
   6.50000013E-03   7.13149977    
   7.00000022E-03   6.94535208    
   7.50000030E-03   7.16210699    
   8.00000038E-03   6.99175978    
   8.50000046E-03   7.09585619    
   9.00000054E-03   7.03836727    
   9.50000063E-03   6.86737680    
   1.00000007E-02   6.84195471    
   1.05000008E-02   6.68664885    
   1.10000009E-02   6.85594416    
   1.15000010E-02   6.44012833    
   1.20000001E-02   6.18624973    
   1.25000002E-02   6.12741375    
   1.30000003E-02   5.90532398    
   1.35000004E-02   5.86239767    
   1.40000004E-02   5.67227125    
   1.45000005E-02   5.61265850    
   1.50000006E-02   5.52016687    
   1.55000007E-02   5.42748165    
   1.60000008E-02   5.18687391    
   1.64999999E-02   4.99506330    
   1.70000009E-02   4.95089436    
   1.75000001E-02   5.05481482    
   1.80000011E-02   4.94468021    
   1.85000002E-02   4.88381863    
   1.90000013E-02   5.02102327    
   1.95000004E-02   4.89398146    
   2.00000014E-02   4.78322029    
   2.05000006E-02   4.58939409    
   2.10000016E-02   4.52784061    
   2.15000007E-02   4.53256941    
   2.20000017E-02   4.35448933    
   2.25000009E-02   4.22594738    
   2.30000019E-02   4.14710140    
   2.35000011E-02   4.05141973    
   2.40000002E-02   3.85539627    
   2.45000012E-02   3.89286351    
   2.50000004E-02   3.66281247    
   2.55000014E-02   3.64992809    
   2.60000005E-02   3.43589354    
   2.65000015E-02   3.27173805    
   2.70000007E-02   3.20801187    
   2.75000017E-02   3.31228948    
   2.80000009E-02   3.04649687    
   2.85000019E-02   2.93178177    
   2.90000010E-02   2.95176101    
   2.95000020E-02   2.61719370    
   3.00000012E-02   2.63688350    
   3.05000022E-02   2.21666384    
   3.10000014E-02   2.21902752    
   3.15000005E-02   2.27226615    
   3.20000015E-02   2.07098961    
   3.25000025E-02   2.09019852    
   3.29999998E-02   1.90530694    
   3.35000008E-02   1.92437899    
   3.40000018E-02   1.94349337    
   3.45000029E-02   1.74078178    
   3.50000001E-02   1.81099343    
   3.55000012E-02   1.81294298    
   3.60000022E-02   1.76353109    
   3.65000032E-02   1.78257346    
   3.70000005E-02   1.73302257    
   3.75000015E-02   1.64901006    
   3.80000025E-02   1.68518758    
   3.85000035E-02   1.53208268    
   3.90000008E-02   1.53374505    
   3.95000018E-02   1.50090694    
   4.00000028E-02   1.46799695    
   4.05000001E-02   1.33127916    
   4.10000011E-02   1.22888005    
   4.15000021E-02   1.33418238    
   4.20000032E-02   1.26625562    
   4.25000004E-02   1.23290932    
   4.30000015E-02   1.35594583    
   4.35000025E-02   1.11378992    
   4.40000035E-02   1.23696494    
   4.45000008E-02   1.32552850    
   4.50000018E-02   1.29206491    
   4.55000028E-02   1.24104774    
   4.60000038E-02   1.15492058    
   4.65000011E-02   1.19122994    
   4.70000021E-02   1.19254482    
   4.75000031E-02   1.14119244    
   4.80000004E-02   1.05457354    
   4.85000014E-02   1.24929380    
   4.90000024E-02   1.30352414    
   4.95000035E-02   1.16389322    
   5.00000007E-02   1.25345826    
   5.05000018E-02   1.23717821    
   5.10000028E-02   1.29163742    
   5.15000038E-02   1.06280279    
   5.20000011E-02   1.18812132    
   5.25000021E-02   1.06517816    
   5.30000031E-02   1.10191512    
   5.35000041E-02  0.943014383    
   5.40000014E-02   1.31813812    
   5.45000024E-02   1.15912330    
   5.50000034E-02   1.28539491    
   5.55000044E-02   1.03662133    
   5.60000017E-02   1.21671772    
   5.65000027E-02   1.18226349    
   5.70000038E-02   1.12979805    
   5.75000010E-02   1.04130697    
   5.80000021E-02   1.07843256    
   5.85000031E-02   1.07965398    
   5.90000041E-02   1.02683389    
   5.95000014E-02   1.26245546    
   6.00000024E-02   1.08333457    
   6.05000034E-02  0.795349181    
   6.10000044E-02  0.850544930    
   6.15000017E-02   1.03268862    
   6.20000027E-02   1.03386700    
   6.25000000E-02   1.01688993    
   6.30000010E-02  0.908976436    
   6.35000020E-02  0.946418047    
   6.40000030E-02  0.947503626    
   6.45000041E-02   1.00331759    
   6.50000051E-02  0.876629233    
   6.55000061E-02  0.694796622    
   6.59999996E-02  0.713902473    
   6.65000007E-02  0.843009710    
   6.70000017E-02  0.972415566    
   6.75000027E-02  0.973539829    
   6.80000037E-02  0.956276417    
   6.85000047E-02   1.06785214    
   6.90000057E-02  0.976927936    
   6.95000067E-02  0.830430388    
   7.00000003E-02  0.997675240    
   7.05000013E-02  0.850860894    
   7.10000023E-02   1.05555677    
   7.15000033E-02   1.16802943    
   7.20000044E-02  0.946652234    
   7.25000054E-02  0.947759032    
   7.30000064E-02   1.02328992    
   7.34999999E-02  0.949981093    
   7.40000010E-02  0.857851565    
   7.45000020E-02   1.00822663    
   7.50000030E-02   1.08418393    
   7.55000040E-02  0.991886973    
   7.60000050E-02   1.18042552    
   7.65000060E-02   1.06926513    
   7.70000070E-02   1.14565408    
   7.75000006E-02   1.07179582    
   7.80000016E-02   1.20484614    
   7.85000026E-02   1.28166771    
   7.90000036E-02   1.13222611    
   7.95000046E-02   1.05800080    
   8.00000057E-02   1.04034507    
   8.05000067E-02   1.00370920    
   8.10000002E-02  0.739459634    
   8.15000013E-02  0.835259140    
   8.20000023E-02   1.00731087    
   8.25000033E-02   1.06560326    
   8.30000043E-02   1.02877784    
   8.35000053E-02   1.08723593    
   8.40000063E-02   1.06944597    
   8.45000073E-02   1.18545389    
   8.50000009E-02   1.14859509    
   8.55000019E-02   1.20748019    
   8.60000029E-02   1.18974888    
   8.65000039E-02   1.24882555    
   8.70000049E-02   1.11568594    
   8.75000060E-02   1.04000115    
   8.80000070E-02   1.13767612    
   8.85000005E-02   1.17767107    
   8.90000015E-02   1.21776319    
   8.95000026E-02   1.37407124    
   9.00000036E-02   1.31761646    
   9.05000046E-02   1.26102424    
   9.10000056E-02   1.22371757    
   9.15000066E-02   1.18631971    
   9.20000076E-02   1.09041500    
   9.25000012E-02   1.18923092    
   9.30000022E-02   1.28828955    
   9.35000032E-02   1.07489526    
   9.40000042E-02   1.19362497    
   9.45000052E-02   1.11672914    
   9.50000063E-02   1.13772428    
   9.55000073E-02   1.13913047    
   9.60000008E-02   1.02255309    
   9.65000018E-02  0.945065141    
   9.70000029E-02  0.926524162    
   9.75000039E-02   1.00662613    
   9.80000049E-02   1.22526395    
   9.85000059E-02   1.14764178    
   9.90000069E-02   1.03020334    
   9.95000079E-02   1.13067091    
  0.100000001      0.993056655    
  0.100500003       1.21304560    
  0.101000004       1.09510028    
  0.101500005       1.05660248    
  0.102000006       1.13777328    
  0.102500007       1.23913455    
  0.103000008       1.32074046    
  0.103500009       1.46266043    
  0.104000002       1.40432239    
  0.104500003       1.34583628    
  0.105000004       1.48832774    
  0.105500005       1.51035225    
  0.106000006       1.37112343    
  0.106500007       1.35267663    
  0.107000008       1.43525755    
  0.107500002       1.53828895    
  0.108000003       1.56051719    
  0.108500004       1.60309482    
  0.109000005       1.64578199    
  0.109500006       1.62754452    
  0.110000007       1.69074249    
  0.110500008       1.48894787    
  0.111000009       1.61339796    
  0.111500002       1.65637290    
  0.112000003       1.45375288    
  0.112500004       1.64014482    
  0.113000005       1.60120785    
  0.113500006       1.47994936    
  0.114000008       1.52302969    
  0.114500009       1.52500510    
  0.115000002       1.46508050    
  0.115500003       1.30169213    
  0.116000004       1.36545277    
  0.116500005       1.24293911    
  0.117000006       1.16159105    
  0.117500007       1.26695848    
  0.118000008       1.18542886    
  0.118500009       1.27027965    
  0.119000003       1.31365013    
  0.119500004       1.23185980    
  0.120000005       1.12894869    
  0.120500006       1.23510611    
  0.121000007       1.15288877    
  0.121500008       1.30133700    
  0.122000009       1.32407522    
  0.122500002       1.24164951    
  0.123000003       1.26436889    
  0.123500004       1.13944340    
  0.124000005       1.24660289    
  0.124500006       1.22710598    
  0.125000000       1.10163081    
  0.125500008       1.01824784    
  0.126000002      0.934641600    
  0.126500010       1.04224408    
  0.127000004       1.02234244    
  0.127500013      0.767785966    
  0.128000006      0.790174127    
  0.128500000      0.940931201    
  0.129000008      0.963612854    
  0.129500002      0.943470597    
  0.130000010      0.815916598    
  0.130500004      0.795520306    
  0.131000012      0.624360800    
  0.131500006      0.560531259    
  0.131999999      0.604469180    
  0.132500008      0.605291724    
  0.133000001      0.411293089    
  0.133500010      0.541913629    
  0.134000003      0.586066067    
  0.134500012      0.695547342    
  0.135000005      0.326484293    
  0.135500014      0.501296043    
  0.136000007      0.611111760    
  0.136500001      0.633807600    
  0.137000009      0.547138631    
  0.137500003      0.635556221    
  0.138000011      0.877839923    
  0.138500005      0.725219667    
  0.139000013      0.814251125    
  0.139500007      0.727231503    
  0.140000001      0.816513181    
  0.140500009      0.795550108    
  0.141000003      0.663881779    
  0.141500011      0.709128261    
  0.142000005      0.776692331    
  0.142500013      0.822222888    
  0.143000007      0.934641480    
  0.143500000      0.891383231    
  0.144000009      0.892634988    
  0.144500002      0.960932434    
  0.145000011       1.00704312    
  0.145500004      0.918822587    
  0.146000013      0.942561984    
  0.146500006       1.01131654    
  0.147000000       1.05775976    
  0.147500008       1.03672278    
  0.148000002      0.902778924    
  0.148500010       1.01707101    
  0.149000004      0.995885670    
  0.149500012      0.997306347    
  0.150000006      0.930635691    
  0.150500014      0.750120103    
  0.151000008      0.819485068    
  0.151500002      0.889049351    
  0.152000010       1.00447094    
  0.152500004       1.09736311    
  0.153000012       1.05315495    
  0.153500006      0.985891759    
  0.154000014      0.941394627    
  0.154500008       1.03473353    
  0.155000001      0.944123566    
  0.155500010      0.968554437    
  0.156000003      0.969962299    
  0.156500012       1.04075813    
  0.157000005       1.01911354    
  0.157500014       1.09018767    
  0.158000007       1.06855202    
  0.158500001       1.07011640    
  0.159000009       1.07168579    
  0.159500003       1.14325440    
  0.160000011       1.26176608    
  0.160500005       1.28702462    
  0.161000013       1.26548755    
  0.161500007       1.33776593    
  0.162000000       1.45726681    
  0.162500009       1.55358160    
  0.163000003       1.57946050    
  0.163500011       1.62902594    
  0.164000005       1.60780632    
  0.164500013       1.61020231    
  0.165000007       1.54146111    
  0.165500015       1.42501414    
  0.166000009       1.40336192    
  0.166500002       1.42928684    
  0.167000011       1.43143249    
  0.167500004       1.29022658    
  0.168000013       1.26824045    
  0.168500006       1.29411900    
  0.169000015       1.22406983    
  0.169500008       1.17784607    
  0.170000002       1.27592707    
  0.170500010       1.32608485    
  0.171000004       1.15906918    
  0.171500012       1.20920134    
  0.172000006       1.21104443    
  0.172500014       1.21289337    
  0.173000008       1.14186347    
  0.173500001       1.16794407    
  0.174000010       1.16973555    
  0.174500003       1.09831095    
  0.175000012      0.977778614    
  0.175500005       1.10169601    
  0.176000014       1.07887602    
  0.176500008      0.933196843    
  0.177000001      0.836258292    
  0.177500010      0.886822581    
  0.178000003      0.888199508    
  0.178500012      0.741317630    
  0.179000005      0.791970432    
  0.179500014      0.793205798    
  0.180000007      0.794445395    
  0.180500016       1.01947618    
  0.181000009      0.871648073    
  0.181500003       1.04762065    
  0.182000011      0.774459302    
  0.182500005      0.925810218    
  0.183000013      0.751841247    
  0.183500007      0.953836083    
  0.184000015      0.829642117    
  0.184500009      0.780596197    
  0.185000002      0.504409671    
  0.185500011      0.606253982    
  0.186000004      0.607219338    
  0.186500013      0.760234535    
  0.187000006      0.862975538    
  0.187500015      0.737245083    
  0.188000008      0.687500715    
  0.188500002      0.484573364    
  0.189000010      0.485352427    
  0.189500004      0.588477850    
  0.190000013      0.640681684    
  0.190500006      0.539042056    
  0.191000015      0.565624475    
  0.191500008      0.334774315    
  0.192000002      0.412698805    
  0.192500010      0.568383634    
  0.193000004      0.517553926    
  0.193500012      0.596157908    
  0.194000006      0.649056613    
  0.194500014      0.702128470    
  0.195000008      0.599089742    
  0.195500016      0.704434097    
  0.196000010      0.679459691    
  0.196500003      0.680579126    
  0.197000012      0.681702256    
  0.197500005      0.682828963    
  0.198000014      0.762877822    
  0.198500007      0.737793207    
  0.199000016      0.659838200    
  0.199500009      0.608061254    
  0.200000003      0.635556161    
  0.200500011      0.636617243    
  0.201000005      0.797102094    
  0.201500013      0.904895604    
  0.202000007      0.773117840    
  0.202500015      0.881233335    
  0.203000009      0.695473969    
  0.203500003      0.750234842    
  0.204000011      0.832020581    
  0.204500005      0.806543410    
  0.205000013      0.807910502    
  0.205500007      0.728354037    
  0.206000015      0.756614625    
  0.206500009      0.839107394    
  0.207000017      0.813425124    
  0.207500011      0.896297216    
  0.208000004      0.952246189    
  0.208500013      0.844864488    
  0.209000006      0.709813774    
  0.209500015      0.765730321    
  0.210000008      0.767050505    
  0.210500017       1.01535296    
  0.211000010      0.852172971    
  0.211500004      0.881186962    
  0.212000012      0.882717133    
  0.212500006      0.801353514    
  0.213000014      0.913473547    
  0.213500008      0.887338758    
  0.214000016      0.888890028    
  0.214500010      0.806967080    
  0.215000004       1.08713555    
  0.215500012       1.17281902    
  0.216000006       1.03501666    
  0.216500014       1.14893305    
  0.217000008       1.12289083    
  0.217500016      0.956146479    
  0.218000010       1.01418555    
  0.218500003      0.931321383    
  0.219000012      0.791617990    
  0.219500005      0.849673986    
  0.220000014       1.02142966    
  0.220500007      0.966409206    
  0.221000016      0.882716775    
  0.221500009      0.741672456    
  0.222000018      0.800160646    
  0.222500011      0.801602423    
  0.223000005      0.803049326    
  0.223500013      0.890698314    
  0.224000007      0.949880064    
  0.224500015       1.00927711    
  0.225000009       1.06888986    
  0.225500017      0.955070794    
  0.226000011      0.985807896    
  0.226500005      0.900467992    
  0.227000013      0.843916237    
  0.227500007      0.787156701    
  0.228000015      0.993056595    
  0.228500009       1.11193085    
  0.229000017       1.14329767    
  0.229500011       1.11604154    
  0.230000004       1.11810815    
  0.230500013       1.20861804    
  0.231000006       1.09273136    
  0.231500015       1.03558981    
  0.232000008      0.978234887    
  0.232500017       1.09885907    
  0.233000010      0.981898427    
  0.233500004      0.924120009    
  0.234000012      0.776525497    
  0.234500006      0.837832928    
  0.235000014      0.659539461    
  0.235500008      0.720857739    
  0.236000016      0.722222984    
  0.236500010      0.814042389    
  0.237000018      0.876004159    
  0.237500012      0.847408056    
  0.238000005      0.849025548    
  0.238500014      0.850648940    
  0.239000008      0.943593860    
  0.239500016      0.914907932    
  0.240000010      0.733334124    
  0.240500018      0.887819231    
  0.241000012      0.858859658    
  0.241500005      0.768322349    
  0.242000014      0.800603867    
  0.242500007       1.07982862    
  0.243000016       1.17466605    
  0.243500009       1.20792842    
  0.244000018       1.27235377    
  0.244500011       1.15046871    
  0.245000005       1.18387926    
  0.245500013       1.18620503    
  0.246000007       1.28237212    
  0.246500015       1.25356233    
  0.247000009       1.16183722    
  0.247500017       1.38437974    
  0.248000011       1.13492179    
  0.248500004       1.10558987    
  0.249000013       1.04448986    
  0.249500006       1.17343211    
  0.250000000      0.953334391    
  0.250500023      0.923403442    
  0.251000017      0.957162917    
  0.251500010       1.05499768    
  0.252000004      0.928988338    
  0.252499998      0.770371318    
  0.253000021      0.739766717    
  0.253500015      0.870183527    
  0.254000008      0.742773950    
  0.254500002      0.776647270    
  0.255000025      0.875511110    
  0.255500019      0.844808996    
  0.256000012       1.04189527    
  0.256500006       1.07666087    
  0.256999999       1.14426279    
  0.257500023       1.11386132    
  0.258000016       1.11616266    
  0.258500010       1.01978481    
  0.259000003       1.15375876    
  0.259500027      0.726727545    
  0.260000020      0.959954739    
  0.260500014      0.928787768    
  0.261000007       1.03045201    
  0.261500001       1.29909313    
  0.262000024       1.10154176    
  0.262500018       1.13731074    
  0.263000011       1.03914773    
  0.263500005      0.974161327    
  0.263999999       1.21186543    
  0.264500022       1.24817312    
  0.265000015       1.31844068    
  0.265500009       1.28737402    
  0.266000003       1.18827283    
  0.266500026       1.42898035    
  0.267000020       1.05698752    
  0.267500013       1.36678779    
  0.268000007       1.30124652    
  0.268500000       1.20110500    
  0.269000024       1.23809636    
  0.269500017       1.13738382    
  0.270000011       1.07077408    
  0.270500004       1.10772312    
  0.271000028       1.11014175    
  0.271500021      0.903963864    
  0.272000015      0.975634336    
  0.272500008      0.977778792    
  0.273000002      0.979932427    
  0.273500025       1.08732033    
  0.274000019       1.26548815    
  0.274500012       1.30352437    
  0.275000006       1.37703824    
  0.275500000       1.23855627    
  0.276000023       1.38318598    
  0.276500016       1.24409783    
  0.277000010       1.28251243    
  0.277500004       1.07116222    
  0.278000027      0.823074043    
  0.278500021       1.04013133    
  0.279000014       1.00653708    
  0.279500008       1.00881934    
  0.280000001      0.902778625    
  0.280500025      0.832448483    
  0.281000018      0.870624959    
  0.281500012      0.872617304    
  0.282000005      0.655963898    
  0.282499999      0.620945692    
  0.283000022      0.549155772    
  0.283500016      0.807288468    
  0.284000009      0.735597551    
  0.284500003      0.737304091    
  0.285000026      0.849871695    
  0.285500020      0.814815581    
  0.286000013      0.816719294    
  0.286500007       1.04189539    
  0.287000000      0.969745278    
  0.287500024      0.972027183    
  0.288000017      0.974319637    
  0.288500011      0.863935649    
  0.289000005      0.790680110    
  0.289500028      0.717076600    
  0.290000021       1.09709108    
  0.290500015      0.872183442    
  0.291000009       1.02631676    
  0.291500002      0.990675032    
  0.292000026      0.993056595    
  0.292500019      0.995449543    
  0.293000013      0.997853994    
  0.293500006       1.00027013    
  0.294000000       1.11839390    
  0.294500023      0.966478229    
  0.295000017       1.00758898    
  0.295500010       1.01005268    
  0.296000004      0.895698071    
  0.296500027      0.702703416    
  0.297000021      0.900110364    
  0.297500014      0.745405316    
  0.298000008       1.02255309    
  0.298500001       1.06451726    
  0.299000025       1.14621460    
  0.299500018       1.22831917    
  0.300000012       1.19166780    
  0.300500005       1.19465458    
  0.301000029       1.07789052    
  0.301500022       1.12062812    
  0.302000016       1.24382842    
  0.302500010       1.08607697    
  0.303000003       1.00817907    
  0.303500026      0.929885149    
  0.304000020      0.851191401    
  0.304500014      0.894004822    
  0.305000007      0.896297216    
  0.305500001       1.02113783    
  0.306000024       1.10567117    
  0.306500018       1.06747162    
  0.307000011      0.946748078    
  0.307500005      0.990477204    
  0.308000028       1.11718869    
  0.308500022      0.954164147    
  0.309000015       1.12303758    
  0.309500009      0.959172726    
  0.310000002       1.00350976    
  0.310500026       1.13192725    
  0.311000019       1.21898997    
  0.311500013       1.18007791    
  0.312000006       1.18321633    
  0.312500000       1.05926037    
  0.313000023      0.722222984    
  0.313500017       1.23533034    
  0.314000010      0.854242146    
  0.314500004      0.813717425    
  0.315000027      0.730030715    
  0.315500021      0.645890534    
  0.316000015      0.431763709    
  0.316500008      0.649410248    
  0.317000002      0.998482943    
  0.317500025      0.870624840    
  0.318000019       1.13492179    
  0.318500012       1.05050611    
  0.319000006       1.05340803    
  0.319500029       1.32040739    
  0.320000023       1.23580372    
  0.320500016       1.37202239    
  0.321000010       1.46461976    
  0.321500003       1.29069531    
  0.322000027       1.20505738    
  0.322500020       1.25320935    
  0.323000014       1.25674939    
  0.323500007       1.26030970    
  0.324000001       1.39930713    
  0.324500024       1.35802603    
  0.325000018       1.49809647    
  0.325500011       1.32028151    
  0.326000005       1.36973298    
  0.326500028       1.51104832    
  0.327000022       1.19396400    
  0.327500015       1.42769897    
  0.328000009       1.38566041    
  0.328500003       1.38970029    
  0.329000026       1.67251623    
  0.329500020       1.58423126    
  0.330000013       1.72908676    
  0.330500007       1.54670751    
  0.331000030       1.31624091    
  0.331500024       1.41444254    
  0.332000017       1.41865230    
  0.332500011       1.28059840    
  0.333000004       1.47471881    
  0.333500028       1.57457590    
  0.334000021       1.53146040    
  0.334500015       1.53608727    
  0.335000008       1.54074252    
  0.335500002       1.54542518    
  0.336000025       1.25948644    
  0.336500019       1.36051798    
  0.337000012       1.36469126    
  0.337500006       1.51555693    
  0.338000029       1.32407534    
  0.338500023       1.37736642    
  0.339000016       1.38164377    
  0.339500010       1.38594818    
  0.340000004       1.09236240    
  0.340500027       1.19540334    
  0.341000021       1.34905803    
  0.341500014       1.15282273    
  0.342000008       1.35759628    
  0.342500031       1.31146526    
  0.343000025       1.16383696    
  0.343500018       1.21831834    
  0.344000012       1.52777934    
  0.344500005       1.27724314    
  0.345000029       1.33261800    
  0.345500022       1.18266916    
  0.346000016       1.08333433    
  0.346500009      0.983352423    
  0.347000003       1.03849053    
  0.347500026       1.04189527    
  0.348000020      0.888524413    
  0.348500013       1.10121131    
  0.349000007       1.36791885    
  0.349500030       1.26688933    
  0.350000024       1.11222351    
  0.350500017       1.48792410    
  0.351000011       1.38628030    
  0.351500005       1.55144179    
  0.352000028       1.66404104    
  0.352500021       1.77740312    
  0.353000015       1.56727326    
  0.353500009       1.46416521    
  0.354000002       1.52359378    
  0.354500026       1.20122313    
  0.355000019       1.31494391    
  0.355500013       1.31949377    
  0.356000006       1.32407558    
  0.356500030       1.16260266    
  0.357000023      0.888889849    
  0.357500017      0.501754880    
  0.358000010      0.671362102    
  0.358500004      0.673734486    
  0.359000027      0.845154524    
  0.359500021      0.621985614    
  0.360000014      0.851191342    
  0.360500008      0.797292650    
  0.361000031      0.628697693    
  0.361500025       1.03249204    
  0.362000018       1.09380126    
  0.362500012      0.693334043    
  0.363000005      0.811841846    
  0.363500029      0.814815640    
  0.364000022      0.642566025    
  0.364500016      0.879459858    
  0.365000010      0.823869169    
  0.365500003      0.826931894    
  0.366000026       1.18573928    
  0.366500020      0.892635047    
  0.367000014      0.776525497    
  0.367500007      0.839413881    
  0.368000031       1.02314913    
  0.368500024      0.785383105    
  0.369000018       1.03095949    
  0.369500011      0.791401446    
  0.370000005      0.855556428    
  0.370500028      0.858859777    
  0.371000022      0.677433968    
  0.371500015      0.556420803    
  0.372000009      0.993056595    
  0.372500032      0.498475492    
  0.373000026      0.625547469    
  0.373500019      0.816426039    
  0.374000013       1.13492179    
  0.374500006       1.20274580    
  0.375000030      0.953334391    
  0.375500023       1.02097380    
  0.376000017       1.02509058    
  0.376500010       1.02924073    
  0.377000004       1.03342474    
  0.377500027       1.03764272    
  0.378000021      0.455829203    
  0.378500015      0.850023687    
  0.379000008      0.787879586    
  0.379500031      0.791148782    
  0.380000025      0.993056595    
  0.380500019      0.332403868    
  0.381000012      0.534080863    
  0.381500006      0.737459719    
  0.382000029       1.07721388    
  0.382500023      0.540898860    
  0.383000016      0.271605194    
  0.383500010      0.409156352    
  0.384000003      0.410919994    
  0.384500027      0.206349432    
  0.385000020      0.898068428    
  0.385500014      0.901990235    
  0.386000007      0.836258173    
  0.386500031      0.839942098    
  0.387000024       1.05457330    
  0.387500018       1.41234708    
  0.388000011       1.27678716    
  0.388500005       1.28251255    
  0.389000028       1.93243468    
  0.389500022       1.07843244    
  0.390000015       1.08333433    
  0.390500009       1.16083324    
  0.391000032       1.16615796    
  0.391500026       1.17153227    
  0.392000020      0.956276834    
  0.392500013       1.03462636    
  0.393000007       1.26220250    
  0.393500030      0.969745457    
  0.394000024       1.27411044    
  0.394500017       1.20484591    
  0.395000011       1.21058333    
  0.395500004       1.67251623    
  0.396000028       1.29861248    
  0.396500021       1.38164389    
  0.397000015       1.15695930    
  0.397500008       1.24010956    
  0.398000032       1.24618864    
  0.398500025       1.25232744    
  0.399000019       1.49450076    
  0.399500012       1.18573928    
