   5.00000024E-04   3.25289416    
   1.00000005E-03   1.60885787    
   1.50000001E-03   1.62403655    
   2.00000009E-03   1.53756797    
   2.50000018E-03   1.51669466    
   3.00000003E-03   1.35757792    
   3.50000011E-03   1.27606201    
   4.00000019E-03   1.23643589    
   4.50000027E-03   1.14225626    
   5.00000035E-03   1.04163527    
   5.50000044E-03  0.964875996    
   6.00000005E-03  0.972933173    
   6.50000013E-03  0.895718396    
   7.00000022E-03  0.781549752    
   7.50000030E-03  0.795398653    
   8.00000038E-03  0.717337430    
   8.50000046E-03  0.786404788    
   9.00000054E-03  0.794192553    
   9.50000063E-03  0.771166384    
   1.00000007E-02  0.723315418    
   1.05000008E-02  0.780581295    
   1.10000009E-02  0.732549608    
   1.15000010E-02  0.615885556    
   1.20000001E-02  0.623413444    
   1.25000002E-02  0.524769545    
   1.30000003E-02  0.544658363    
   1.35000004E-02  0.514441311    
   1.40000004E-02  0.509244204    
   1.45000005E-02  0.403220177    
   1.50000006E-02  0.385136724    
   1.55000007E-02  0.347994924    
   1.60000008E-02  0.310694337    
   1.64999999E-02  0.311359584    
   1.70000009E-02  0.280188233    
   1.75000001E-02  0.293554008    
   1.80000011E-02  0.313372672    
   1.85000002E-02  0.326867849    
   1.90000013E-02  0.359690607    
   1.95000004E-02  0.386218786    
   2.00000014E-02  0.412862301    
   2.05000006E-02  0.420226842    
   2.10000016E-02  0.395227820    
   2.15000007E-02  0.402585894    
   2.20000017E-02  0.403468758    
   2.25000009E-02  0.365224361    
   2.30000019E-02  0.281057805    
   2.35000011E-02  0.275127620    
   2.40000002E-02  0.210084826    
   2.45000012E-02  0.197391197    
   2.50000004E-02  0.151669547    
   2.55000014E-02  0.152007356    
   2.60000005E-02   7.94852152E-02
   2.65000015E-02  0.106217377    
   2.70000007E-02  0.166336760    
   2.75000017E-02  0.166710556    
   2.80000009E-02  0.140352279    
   2.85000019E-02  0.147367626    
   2.90000010E-02  0.248406276    
   2.95000020E-02  0.255698442    
   3.00000012E-02  0.263023794    
   3.05000022E-02  0.236584708    
   3.10000014E-02  0.243899822    
   3.15000005E-02  0.162971973    
   3.20000015E-02  0.170151815    
   3.25000025E-02  0.115969226    
   3.29999998E-02  0.116236448    
   3.35000008E-02  0.123358101    
   3.40000018E-02  0.144250944    
   3.45000029E-02  0.158355683    
   3.50000001E-02   8.97135437E-02
   3.55000012E-02   8.99226665E-02
   3.60000022E-02  0.117865898    
   3.65000032E-02   9.03438479E-02
   3.70000005E-02  0.139316812    
   3.75000015E-02  0.125680134    
   3.80000025E-02  0.104980476    
   3.85000035E-02   7.01524317E-02
   3.90000008E-02  0.126573607    
   3.95000018E-02  0.112777121    
   4.00000028E-02  0.113045640    
   4.05000001E-02  0.113315441    
   4.10000011E-02  0.134883985    
   4.15000021E-02  0.128091276    
   4.20000032E-02  0.106999323    
   4.25000004E-02  0.114407629    
   4.30000015E-02  0.114683963    
   4.35000025E-02  0.114961669    
   4.40000035E-02  0.115240693    
   4.45000008E-02   7.22006708E-02
   4.50000018E-02  0.130278215    
   4.55000028E-02  0.116085999    
   4.60000038E-02  0.138189971    
   4.65000011E-02  0.131238475    
   4.70000021E-02  0.131561726    
   4.75000031E-02  0.153867677    
   4.80000004E-02  0.168938845    
   4.85000014E-02   7.36339465E-02
   4.90000024E-02  0.125489086    
   4.95000035E-02  0.140602261    
   5.00000007E-02   6.67675659E-02
   5.05000018E-02   8.92465562E-02
   5.10000028E-02   4.47353944E-02
   5.15000038E-02   3.73734012E-02
   5.20000011E-02   2.24806704E-02
   5.25000021E-02   5.25876842E-02
   5.30000031E-02   6.77843466E-02
   5.35000041E-02   6.04060628E-02
   5.40000014E-02   6.05601594E-02
   5.45000024E-02   1.51787587E-02
   5.50000034E-02   3.04353666E-02
   5.55000044E-02   5.33988029E-02
   5.60000017E-02   6.88325465E-02
   5.65000027E-02   8.43460634E-02
   5.70000038E-02   3.07507440E-02
   5.75000010E-02   4.62459400E-02
   5.80000021E-02  -2.31831856E-02
   5.85000031E-02   2.32437160E-02
   5.90000041E-02   1.55363791E-02
   5.95000014E-02   1.55771542E-02
   6.00000024E-02   1.56181501E-02
   6.05000034E-02  -3.13187130E-02
   6.10000044E-02   7.85038993E-03
   6.15000017E-02   2.36136429E-02
   6.20000027E-02   1.57842990E-02
   6.25000000E-02   3.95659693E-02
   6.30000010E-02   7.93434866E-03
   6.35000020E-02  -7.95562286E-03
   6.40000030E-02  -2.39310302E-02
   6.45000041E-02   7.99851120E-03
   6.50000051E-02   0.00000000    
   6.55000061E-02   4.82511818E-02
   6.59999996E-02   8.06371719E-02
   6.65000007E-02   8.89425725E-02
   6.70000017E-02   8.10778067E-02
   6.75000027E-02  0.105689928    
   6.80000037E-02   7.33709708E-02
   6.85000047E-02   5.72235212E-02
   6.90000057E-02   6.55789599E-02
   6.95000067E-02   4.11003865E-02
   7.00000003E-02   7.41862059E-02
   7.05000013E-02  0.115722202    
   7.10000023E-02   9.94675234E-02
   7.15000033E-02   9.97461528E-02
   7.20000044E-02  0.100026332    
   7.25000054E-02  0.100308090    
   7.30000064E-02  0.100591466    
   7.34999999E-02   7.56573081E-02
   7.40000010E-02  0.109593250    
   7.45000020E-02  0.152176827    
   7.50000030E-02  0.161090031    
   7.55000040E-02  0.153048888    
   7.60000050E-02  0.153488681    
   7.65000060E-02  0.128275827    
   7.70000070E-02  0.188681647    
   7.75000006E-02  0.120418184    
   7.80000016E-02  0.138020828    
   7.85000026E-02  0.112468876    
   7.90000036E-02  0.147504717    
   7.95000046E-02  0.139235094    
   8.00000057E-02  0.139644608    
   8.05000067E-02  0.113795936    
   8.10000002E-02  0.149250343    
   8.15000013E-02  0.140887737    
   8.20000023E-02  0.114811979    
   8.25000033E-02  0.150586918    
   8.30000043E-02  0.168806925    
   8.35000053E-02  0.187136382    
   8.40000063E-02  0.178761914    
   8.45000073E-02  0.206197277    
   8.50000009E-02  0.197829872    
   8.55000019E-02  0.198431149    
   8.60000029E-02  0.199036151    
   8.65000039E-02  0.199644819    
   8.70000049E-02  0.172949389    
   8.75000060E-02  0.210004002    
   8.80000070E-02  0.201493382    
   8.85000005E-02  0.202117175    
   8.90000015E-02  0.258038938    
   8.95000026E-02  0.240354046    
   9.00000036E-02  0.241105184    
   9.05000046E-02  0.213953912    
   9.10000056E-02  0.195963517    
   9.15000066E-02  0.177859649    
   9.20000076E-02  0.187813178    
   9.25000012E-02  0.160147980    
   9.30000022E-02  0.141757071    
   9.35000032E-02  0.151690602    
   9.40000042E-02  0.152176812    
   9.45000052E-02   9.54163298E-02
   9.50000063E-02   8.61517116E-02
   9.55000073E-02   9.60339159E-02
   9.60000008E-02   9.63457152E-02
   9.65000018E-02   6.76616728E-02
   9.70000029E-02   7.75803328E-02
   9.75000039E-02  0.107022703    
   9.80000049E-02   9.76134241E-02
   9.85000059E-02   6.85549006E-02
   9.90000069E-02   7.86078945E-02
   9.95000079E-02   7.88690448E-02
  0.100000001       4.94574681E-02
  0.100500003       5.95474467E-02
  0.101000004       5.97472750E-02
  0.101500005      0.119896881    
  0.102000006      0.130327106    
  0.102500007      0.120709740    
  0.103000008       3.02800797E-02
  0.103500009       6.07668497E-02
  0.104000002       6.09749556E-02
  0.104500003       9.17767361E-02
  0.105000004      0.112558365    
  0.105500005      0.133483827    
  0.106000006      0.185465500    
  0.106500007      0.134414017    
  0.107000008      0.114132613    
  0.107500002      0.124945179    
  0.108000003       9.40388367E-02
  0.108500004      0.104856819    
  0.109000005      0.136797249    
  0.109500006       9.50428173E-02
  0.110000007       7.41862059E-02
  0.110500008      0.116996147    
  0.111000009       7.47199133E-02
  0.111500002       5.35640419E-02
  0.112000003       6.45097345E-02
  0.112500004       0.00000000    
  0.113000005      -1.08301006E-02
  0.113500006      -6.52186349E-02
  0.114000008      -4.36389409E-02
  0.114500009      -4.37999703E-02
  0.115000002      -1.09905461E-02
  0.115500003       1.10314051E-02
  0.116000004       2.76365131E-09
  0.116500005       3.33421081E-02
  0.117000006       8.92465562E-02
  0.117500007       3.35937515E-02
  0.118000008       4.49613333E-02
  0.118500009       4.51322906E-02
  0.119000003       1.13261379E-02
  0.119500004      -4.54781316E-02
  0.120000005      -2.28265226E-02
  0.120500006      -2.29146555E-02
  0.121000007      -2.30034720E-02
  0.121500008       1.15464889E-02
  0.122000009       0.00000000    
  0.122500002      -6.98222965E-02
  0.123000003      -1.16828661E-02
  0.123500004      -2.34580878E-02
  0.124000005      -2.35511754E-02
  0.124500006      -5.91125116E-02
  0.125000000      -8.30885470E-02
  0.125500008       0.00000000    
  0.126000002      -2.39310302E-02
  0.126500010      -2.40279194E-02
  0.127000004      -2.41255909E-02
  0.127500013       1.21120308E-02
  0.128000006       2.76365131E-09
  0.128500000       3.66351567E-02
  0.129000008       6.13109060E-02
  0.129500002       1.23130642E-02
  0.130000010       2.47287340E-02
  0.130500004       2.48322003E-02
  0.131000012       6.23413511E-02
  0.131500006      -2.50417553E-02
  0.131999999       0.00000000    
  0.132500008       0.00000000    
  0.133000001       0.00000000    
  0.133500010       3.82074825E-02
  0.134000003      -5.11628948E-02
  0.134500012      -2.56921891E-02
  0.135000005       1.29019478E-02
  0.135500014       0.00000000    
  0.136000007       0.00000000    
  0.136500001      -3.92173752E-02
  0.137000009      -6.56514987E-02
  0.137500003      -5.27546294E-02
  0.138000011      -5.29901423E-02
  0.138500005      -5.32277673E-02
  0.139000013      -5.34675308E-02
  0.139500007      -5.37094660E-02
  0.140000001      -5.39535955E-02
  0.140500009      -5.41999601E-02
  0.141000003      -5.44485822E-02
  0.141500011      -5.46994992E-02
  0.142000005      -5.49527407E-02
  0.142500013      -1.38020832E-02
  0.143000007      -6.93328902E-02
  0.143500000      -5.57267219E-02
  0.144000009      -5.59895821E-02
  0.144500002      -1.40637374E-02
  0.145000011      -2.82614101E-02
  0.145500004       1.41983163E-02
  0.146000013       4.27997336E-02
  0.146500006      -1.43354982E-02
  0.147000000       0.00000000    
  0.147500008       0.00000000    
  0.148000002       0.00000000    
  0.148500010       4.38539125E-02
  0.149000004      -1.46903358E-02
  0.149500012       0.00000000    
  0.150000006       0.00000000    
  0.150500014       0.00000000    
  0.151000008       0.00000000    
  0.151500002       0.00000000    
  0.152000010      -4.54201214E-02
  0.152500004      -3.04353647E-02
  0.153000012      -3.05922460E-02
  0.153500006       1.53753776E-02
  0.154000014       4.63663749E-02
  0.154500008       7.76818767E-02
  0.155000001       6.24725968E-02
  0.155500010       6.28031194E-02
  0.156000003       6.31371960E-02
  0.156500012       1.58687029E-02
  0.157000005       3.19080353E-02
  0.157500014      -1.60402600E-02
  0.158000007      -4.83823009E-02
  0.158500001      -3.24311219E-02
  0.159000009      -8.15232992E-02
  0.159500003      -6.55789599E-02
  0.160000011      -1.64858215E-02
  0.160500005      -3.31558399E-02
  0.161000013      -3.33421119E-02
  0.161500007       1.67652424E-02
  0.162000000       0.00000000    
  0.162500009       0.00000000    
  0.163000003      -5.11628948E-02
  0.163500011      -3.43057550E-02
  0.164000005      -3.45052071E-02
  0.164500013      -3.47069949E-02
  0.165000007      -3.49111520E-02
  0.165500015      -8.77943188E-02
  0.166000009     -0.123643667    
  0.166500002     -0.106614895    
  0.167000011     -0.107257150    
  0.167500004     -0.107907191    
  0.168000013     -0.108565167    
  0.168500006     -0.109231211    
  0.169000015     -0.109905481    
  0.169500008     -0.110588126    
  0.170000002     -0.111279301    
  0.170500010     -0.111979164    
  0.171000004     -0.112687901    
  0.171500012     -0.113405652    
  0.172000006      -5.70663065E-02
  0.172500014      -1.91448256E-02
  0.173000008      -3.85382846E-02
  0.173500001      -3.87901701E-02
  0.174000010      -3.90453674E-02
  0.174500003      -3.93039472E-02
  0.175000012      -3.95659730E-02
  0.175500005      -3.98315154E-02
  0.176000014      -4.01006490E-02
  0.176500008      -4.03734408E-02
  0.177000001       2.03249846E-02
  0.177500010       0.00000000    
  0.178000003       6.18218333E-02
  0.178500012       4.15027663E-02
  0.179000005      0.104487598    
  0.179500014      0.147320107    
  0.180000007      0.127176344    
  0.180500016      0.128091276    
  0.181000009      0.193529204    
  0.181500003      0.173281625    
  0.182000011      0.109097339    
  0.182500005      0.131886572    
  0.183000013      0.132870808    
  0.183500007      0.133869827    
  0.184000015      0.134884000    
  0.184500009      0.135913640    
  0.185000002      0.136959136    
  0.185500011      0.138020828    
  0.186000004      0.139099121    
  0.186500013       7.00971931E-02
  0.187000006       9.42047015E-02
  0.187500015       9.49583352E-02
  0.188000008       9.57241207E-02
  0.188500002       9.65023637E-02
  0.189000010       9.72933695E-02
  0.189500004      0.171670541    
  0.190000013      0.148372412    
  0.190500006      0.149619237    
  0.191000015       7.54435882E-02
  0.191500008      0.101451218    
  0.192000002       2.55814474E-02
  0.192500010       5.16077876E-02
  0.193000004       5.20604886E-02
  0.193500012       5.25212027E-02
  0.194000006       5.29901423E-02
  0.194500014       5.34675308E-02
  0.195000008       5.39535955E-02
  0.195500016      -2.72242967E-02
  0.196000010       8.24291110E-02
  0.196500003       5.54663129E-02
  0.197000012       5.59895821E-02
  0.197500005       5.65228201E-02
  0.198000014       5.70663065E-02
  0.198500007       5.76203465E-02
  0.199000016      0.145463139    
  0.199500009      0.117522687    
