           1   4.82043982       13.4964848    
           2   4.81944656       13.4988947    
           3   4.81808472       13.5011206    
           4   4.81638718       13.5031080    
           5   4.81438732       13.5048208    
           6   4.81212664       13.5062389    
           7   4.80965281       13.5073614    
           8   4.80701780       13.5081959    
           9   4.80427647       13.5087671    
          10   4.80148554       13.5091105    
          11   4.79869843       13.5092745    
          12   4.79594898       13.5093241    
          13   4.79324627       13.5093307    
          14   4.79055309       13.5093727    
          15   4.78780890       13.5095215    
          16   4.78497839       13.5098324    
          17   4.78206730       13.5103254    
          18   4.77911663       13.5109854    
          19   4.77620125       13.5117664    
          20   4.77340651       13.5125990    
          21   4.77082634       13.5134048    
          22   4.76854372       13.5141077    
          23   4.76662922       13.5146389    
          24   4.76513147       13.5149612    
          25   4.76408577       13.5150175    
          26   4.76350737       13.5147762    
          27   4.76339722       13.5142202    
          28   4.76374197       13.5133400    
          29   4.76451635       13.5121336    
          30   4.76568079       13.5106106    
          31   4.76718521       13.5087910    
          32   4.76896524       13.5067024    
          33   4.77094889       13.5043917    
          34   4.77305841       13.5019112    
          35   4.77521801       13.4993248    
          36   4.77736139       13.4966955    
          37   4.77944136       13.4940796    
          38   4.78143024       13.4915123    
          39   4.78332376       13.4890060    
          40   4.78513098       13.4865465    
          41   4.78687143       13.4840994    
          42   4.78856945       13.4816217    
          43   4.79025698       13.4790764    
          44   4.79197598       13.4764261    
          45   4.79377556       13.4736576    
          46   4.79569578       13.4707642    
          47   4.79774380       13.4677353    
          48   4.79989386       13.4645948    
          49   4.80210114       13.4613819    
          50   4.80431128       13.4581432    
          51   4.80646515       13.4549313    
          52   4.80850220       13.4518023    
          53   4.81036234       13.4488163    
          54   4.81199169       13.4460392    
          55   4.81334305       13.4435329    
          56   4.81437874       13.4413576    
          57   4.81507015       13.4395552    
          58   4.81539869       13.4381495    
          59   4.81535578       13.4371328    
          60   4.81494379       13.4364710    
          61   4.81416893       13.4361057    
          62   4.81304312       13.4359655    
          63   4.81157541       13.4359779    
          64   4.80979109       13.4360714    
          65   4.80771255       13.4361830    
          66   4.80537033       13.4362593    
          67   4.80280352       13.4362621    
          68   4.80005550       13.4361620    
          69   4.79718113       13.4359426    
          70   4.79423523       13.4356003    
          71   4.79126549       13.4351463    
          72   4.78827572       13.4346037    
          73   4.78523397       13.4340124    
          74   4.78213120       13.4334240    
          75   4.77900505       13.4328976    
          76   4.77589655       13.4324951    
          77   4.77283907       13.4322681    
          78   4.76985884       13.4322519    
          79   4.76697206       13.4324532    
          80   4.76419640       13.4328518    
          81   4.76154804       13.4334021    
          82   4.75904751       13.4340420    
          83   4.75671387       13.4347067    
          84   4.75456381       13.4353333    
          85   4.75260830       13.4358673    
          86   4.75085783       13.4362698    
          87   4.74930620       13.4365168    
          88   4.74795818       13.4365988    
          89   4.74682045       13.4365196    
          90   4.74587297       13.4362993    
          91   4.74510479       13.4359703    
          92   4.74450207       13.4355803    
          93   4.74404049       13.4351883    
          94   4.74370384       13.4348640    
          95   4.74346447       13.4346771    
          96   4.74329472       13.4346914    
          97   4.74316692       13.4349527    
          98   4.74305248       13.4354839    
          99   4.74292850       13.4362783    
         100   4.74277878       13.4372988    
         101   4.74259710       13.4384937    
         102   4.74238682       13.4398012    
         103   4.74216270       13.4411621    
         104   4.74194288       13.4425230    
         105   4.74174786       13.4438429    
         106   4.74159765       13.4450912    
         107   4.74150896       13.4462519    
         108   4.74149752       13.4473162    
         109   4.74157763       13.4482880    
         110   4.74175596       13.4491796    
         111   4.74203730       13.4500122    
         112   4.74242449       13.4508171    
         113   4.74291420       13.4516354    
         114   4.74350214       13.4525137    
         115   4.74417877       13.4535017    
         116   4.74493790       13.4546432    
         117   4.74577093       13.4559736    
         118   4.74667215       13.4575090    
         119   4.74763727       13.4592438    
         120   4.74867535       13.4611502    
         121   4.74980307       13.4631834    
         122   4.75104666       13.4652872    
         123   4.75243711       13.4674015    
         124   4.75400352       13.4694719    
         125   4.75578737       13.4714479    
         126   4.75783300       13.4732943    
         127   4.76016808       13.4749899    
         128   4.76281977       13.4765396    
         129   4.76580143       13.4779549    
         130   4.76911306       13.4792566    
         131   4.77273560       13.4804735    
         132   4.77662611       13.4816608    
         133   4.78071594       13.4828711    
         134   4.78491306       13.4841480    
         135   4.78911638       13.4855366    
         136   4.79325962       13.4870729    
         137   4.79737282       13.4887657    
         138   4.80142164       13.4906006    
         139   4.80533123       13.4925365    
         140   4.80904770       13.4945135    
         141   4.81254435       13.4964552    
         142   4.81582355       13.4982834    
         143   4.81890821       13.4999199    
         144   4.82183075       13.5012980    
         145   4.82463169       13.5023594    
         146   4.82735395       13.5030622    
         147   4.83003950       13.5033808    
         148   4.83272934       13.5033035    
         149   4.83546495       13.5028343    
         150   4.83828354       13.5019932    
         151   4.84121895       13.5008116    
         152   4.84429932       13.4993324    
         153   4.84754753       13.4976139    
         154   4.85097694       13.4957180    
         155   4.85459137       13.4937162    
         156   4.85838223       13.4916754    
         157   4.86233044       13.4896555    
         158   4.86640644       13.4876995    
         159   4.87057304       13.4858284    
         160   4.87478399       13.4840393    
         161   4.87898779       13.4823132    
         162   4.88312531       13.4806204    
         163   4.88715410       13.4789133    
         164   4.89108801       13.4771452    
         165   4.89497519       13.4752798    
         166   4.89881420       13.4732828    
         167   4.90256071       13.4711514    
         168   4.90616131       13.4688959    
         169   4.90956879       13.4665480    
         170   4.91274071       13.4641523    
         171   4.91565180       13.4617605    
         172   4.91828060       13.4594316    
         173   4.92061758       13.4572287    
         174   4.92265368       13.4552135    
         175   4.92437601       13.4534416    
         176   4.92577267       13.4519615    
         177   4.92684698       13.4508018    
         178   4.92759562       13.4499750    
         179   4.92801428       13.4494734    
         180   4.92811680       13.4492674    
         181   4.92790604       13.4493217    
         182   4.92738819       13.4495859    
         183   4.92656565       13.4500084    
         184   4.92544365       13.4505463    
         185   4.92402124       13.4511547    
         186   4.92229652       13.4517994    
         187   4.92027044       13.4524498    
         188   4.91793919       13.4530859    
         189   4.91531134       13.4536905    
         190   4.91238976       13.4542580    
         191   4.90918922       13.4547873    
         192   4.90574074       13.4552851    
         193   4.90209103       13.4557648    
         194   4.89829969       13.4562473    
         195   4.89443302       13.4567585    
         196   4.89055157       13.4573269    
         197   4.88663721       13.4579821    
         198   4.88262177       13.4587507    
         199   4.87855530       13.4596519    
         200   4.87452173       13.4606934    
         201   4.87060738       13.4618711    
         202   4.86688805       13.4631691    
         203   4.86342335       13.4645596    
         204   4.86025238       13.4660091    
         205   4.85739851       13.4674826    
         206   4.85486746       13.4689445    
         207   4.85265446       13.4703636    
         208   4.85074520       13.4717159    
         209   4.84912205       13.4729881    
         210   4.84776449       13.4741726    
         211   4.84665298       13.4752684    
         212   4.84576797       13.4762869    
         213   4.84509039       13.4772463    
         214   4.84460402       13.4781809    
         215   4.84429121       13.4791288    
         216   4.84413624       13.4801388    
         217   4.84411907       13.4812584    
         218   4.84422588       13.4825459    
         219   4.84444952       13.4840498    
         220   4.84478951       13.4857988    
         221   4.84525585       13.4877977    
         222   4.84586477       13.4900255    
         223   4.84663725       13.4924402    
         224   4.84759378       13.4949827    
         225   4.84875584       13.4975824    
         226   4.85014009       13.5001717    
         227   4.85176134       13.5026846    
         228   4.85363102       13.5050650    
         229   4.85575724       13.5072660    
         230   4.85814285       13.5092516    
         231   4.86078501       13.5109949    
         232   4.86366844       13.5124836    
         233   4.86676788       13.5137110    
         234   4.87004089       13.5146894    
         235   4.87342930       13.5154343    
         236   4.87686253       13.5159788    
         237   4.88025808       13.5163660    
         238   4.88353539       13.5166454    
         239   4.88663006       13.5168781    
         240   4.88953495       13.5171270    
         241   4.89229059       13.5174484    
         242   4.89490557       13.5178871    
         243   4.89734411       13.5184717    
         244   4.89956856       13.5192080    
         245   4.90154743       13.5200834    
         246   4.90325165       13.5210705    
         247   4.90466547       13.5221300    
         248   4.90578079       13.5232210    
         249   4.90659237       13.5242987    
         250   4.90709829       13.5253315    
         251   4.90729904       13.5262947    
         252   4.90721226       13.5271711    
         253   4.90681887       13.5279627    
         254   4.90611887       13.5286808    
         255   4.90511036       13.5293531    
         256   4.90380049       13.5300198    
         257   4.90219688       13.5307350    
         258   4.90031767       13.5315599    
         259   4.89819479       13.5325623    
         260   4.89586878       13.5338097    
         261   4.89339113       13.5353708    
         262   4.89081240       13.5372877    
         263   4.88815975       13.5395889    
         264   4.88541937       13.5422792    
         265   4.88259459       13.5453348    
         266   4.87973547       13.5487080    
         267   4.87691689       13.5523281    
         268   4.87421274       13.5561132    
         269   4.87168837       13.5599766    
         270   4.86939573       13.5638294    
         271   4.86737156       13.5675936    
         272   4.86563492       13.5712042    
         273   4.86419296       13.5746183    
         274   4.86303806       13.5778246    
         275   4.86215782       13.5808506    
         276   4.86153507       13.5837278    
         277   4.86115694       13.5864611    
         278   4.86101723       13.5890646    
         279   4.86111927       13.5915546    
         280   4.86147833       13.5939589    
         281   4.86211920       13.5963068    
         282   4.86306477       13.5986357    
         283   4.86433601       13.6009789    
         284   4.86595345       13.6033611    
         285   4.86792612       13.6057968    
         286   4.87025070       13.6082821    
         287   4.87291098       13.6107988    
         288   4.87587261       13.6133156    
         289   4.87908506       13.6157990    
         290   4.88248301       13.6182137    
         291   4.88599062       13.6205320    
         292   4.88954353       13.6227360    
         293   4.89310980       13.6248169    
         294   4.89668798       13.6267776    
         295   4.90024805       13.6286297    
         296   4.90373564       13.6303902    
         297   4.90710688       13.6320829    
         298   4.91033459       13.6337385    
         299   4.91341209       13.6353903    
         300   4.91634369       13.6370754    
         301   4.91914463       13.6388350    
         302   4.92183447       13.6407032    
         303   4.92443657       13.6427107    
         304   4.92697430       13.6448755    
         305   4.92947769       13.6471987    
         306   4.93196821       13.6496630    
         307   4.93446636       13.6522312    
         308   4.93699598       13.6548500    
         309   4.93958235       13.6574583    
         310   4.94224548       13.6599894    
         311   4.94500923       13.6623812    
         312   4.94789648       13.6645784    
         313   4.95093012       13.6665344    
         314   4.95412922       13.6682158    
         315   4.95750952       13.6696014    
         316   4.96107340       13.6706829    
         317   4.96481371       13.6714630    
         318   4.96870232       13.6719580    
         319   4.97269058       13.6721916    
         320   4.97671080       13.6721954    
         321   4.98068142       13.6720057    
         322   4.98452139       13.6716623    
         323   4.98820019       13.6712065    
         324   4.99176359       13.6706762    
         325   4.99518442       13.6701050    
         326   4.99840498       13.6695137    
         327   5.00137234       13.6689138    
         328   5.00404692       13.6683092    
         329   5.00640297       13.6676960    
         330   5.00842762       13.6670628    
         331   5.01011992       13.6664019    
         332   5.01148987       13.6657009    
         333   5.01255417       13.6649542    
         334   5.01333189       13.6641569    
         335   5.01384115       13.6633053    
         336   5.01409674       13.6624012    
         337   5.01410484       13.6614456    
         338   5.01386404       13.6604443    
         339   5.01336813       13.6594057    
         340   5.01260519       13.6583357    
         341   5.01156425       13.6572475    
         342   5.01023436       13.6561575    
         343   5.00861025       13.6550884    
         344   5.00669241       13.6540670    
         345   5.00448799       13.6531239    
         346   5.00201464       13.6522923    
         347   4.99930000       13.6516018    
         348   4.99638414       13.6510754    
         349   4.99331570       13.6507254    
         350   4.99014950       13.6505527    
         351   4.98693228       13.6505489    
         352   4.98360491       13.6506948    
         353   4.98016596       13.6509695    
         354   4.97667217       13.6513481    
         355   4.97319841       13.6518068    
         356   4.96981668       13.6523190    
         357   4.96658945       13.6528616    
         358   4.96356964       13.6534128    
         359   4.96079540       13.6539536    
         360   4.95829201       13.6544685    
         361   4.95607662       13.6549511    
         362   4.95415640       13.6554012    
         363   4.95252943       13.6558342    
         364   4.95119143       13.6562767    
         365   4.95013523       13.6567678    
         366   4.94935131       13.6573515    
         367   4.94883013       13.6580725    
         368   4.94856215       13.6589670    
         369   4.94853401       13.6600571    
         370   4.94873667       13.6613436    
         371   4.94915628       13.6628103    
         372   4.94977713       13.6644258    
         373   4.95058393       13.6661472    
         374   4.95156670       13.6679249    
         375   4.95271921       13.6697083    
         376   4.95404100       13.6714506    
         377   4.95554018       13.6731129    
         378   4.95723057       13.6746740    
         379   4.95912981       13.6761189    
         380   4.96125460       13.6774559    
         381   4.96361685       13.6786976    
         382   4.96622181       13.6798706    
         383   4.96906137       13.6810179    
         384   4.97211409       13.6821842    
         385   4.97534370       13.6834183    
         386   4.97869682       13.6847696    
         387   4.98210859       13.6862698    
         388   4.98550987       13.6879272    
         389   4.98886204       13.6897221    
         390   4.99217129       13.6916103    
         391   4.99540615       13.6935234    
         392   4.99849939       13.6953821    
         393   5.00137854       13.6971064    
         394   5.00398397       13.6986237    
         395   5.00626993       13.6998720    
         396   5.00821018       13.7008038    
         397   5.00979328       13.7013826    
         398   5.01102114       13.7015858    
         399   5.01190519       13.7014017    
         400   5.01246357       13.7008305    
         401   5.01271820       13.6998844    
         402   5.01269484       13.6985865    
         403   5.01242018       13.6969728    
         404   5.01191950       13.6950922    
         405   5.01121473       13.6930046    
         406   5.01032257       13.6907749    
         407   5.00925016       13.6884747    
         408   5.00799465       13.6861706    
         409   5.00654602       13.6839180    
         410   5.00488853       13.6817570    
         411   5.00300741       13.6797094    
         412   5.00089025       13.6777735    
         413   4.99853277       13.6759233    
         414   4.99594259       13.6741266    
         415   4.99313879       13.6723423    
         416   4.99014902       13.6705418    
         417   4.98699856       13.6687107    
         418   4.98368311       13.6668530    
         419   4.98019409       13.6649866    
         420   4.97658920       13.6631451    
         421   4.97295094       13.6613722    
         422   4.96936321       13.6597204    
         423   4.96589899       13.6582460    
         424   4.96261406       13.6570024    
         425   4.95954418       13.6560383    
         426   4.95670414       13.6553907    
         427   4.95409012       13.6550808    
         428   4.95168686       13.6551075    
         429   4.94947100       13.6554527    
         430   4.94741249       13.6560793    
         431   4.94548225       13.6569376    
         432   4.94365883       13.6579666    
         433   4.94191980       13.6591053    
         434   4.94024467       13.6602917    
         435   4.93861532       13.6614714    
         436   4.93701267       13.6625957    
         437   4.93541861       13.6636295    
         438   4.93380880       13.6645470    
         439   4.93216085       13.6653357    
         440   4.93044758       13.6659946    
         441   4.92863703       13.6665363    
         442   4.92670059       13.6669827    
         443   4.92460728       13.6673689    
         444   4.92232275       13.6677361    
         445   4.91981459       13.6681337    
         446   4.91705942       13.6686106    
         447   4.91404724       13.6692152    
         448   4.91078234       13.6699839    
         449   4.90727901       13.6709404    
         450   4.90357685       13.6720905    
         451   4.89973307       13.6734228    
         452   4.89580536       13.6749067    
         453   4.89186239       13.6765146    
         454   4.88795996       13.6782036    
         455   4.88407040       13.6799412    
         456   4.88018179       13.6816950    
         457   4.87634277       13.6834364    
         458   4.87260962       13.6851482    
         459   4.86903000       13.6868210    
         460   4.86563921       13.6884518    
         461   4.86245728       13.6900473    
         462   4.85949516       13.6916180    
         463   4.85675049       13.6931791    
         464   4.85423088       13.6947460    
         465   4.85191488       13.6963329    
         466   4.84979057       13.6979504    
         467   4.84784842       13.6996021    
         468   4.84606552       13.7012825    
         469   4.84442139       13.7029743    
         470   4.84288836       13.7046547    
         471   4.84143877       13.7062912    
         472   4.84003735       13.7078457    
         473   4.83864784       13.7092838    
         474   4.83723307       13.7105751    
         475   4.83575392       13.7116976    
         476   4.83417797       13.7126379    
         477   4.83247709       13.7133913    
         478   4.83062935       13.7139616    
         479   4.82862329       13.7143602    
         480   4.82645226       13.7146063    
         481   4.82411480       13.7147207    
         482   4.82161760       13.7147322    
         483   4.81897020       13.7146721    
         484   4.81618404       13.7145729    
         485   4.81327343       13.7144651    
         486   4.81024981       13.7143793    
         487   4.80712605       13.7143354    
         488   4.80391550       13.7143431    
         489   4.80062914       13.7144012    
         490   4.79727840       13.7144909    
         491   4.79387045       13.7145882    
         492   4.79039812       13.7146597    
         493   4.78682899       13.7146749    
         494   4.78311777       13.7146072    
         495   4.77927160       13.7144403    
         496   4.77534389       13.7141657    
         497   4.77141333       13.7137861    
         498   4.76756430       13.7133102    
         499   4.76388025       13.7127514    
         500   4.76043224       13.7121315    
