   0.00000000      0.620603025    
   1.00000007E-02  0.404657543    
   2.00000014E-02  0.258966655    
   3.00000012E-02  0.304324538    
   4.00000028E-02  0.216368988    
   5.00000045E-02  0.168622836    
   6.00000024E-02   9.56687853E-02
   7.00000077E-02   7.80716762E-02
   8.00000057E-02   4.78663780E-02
   9.00000036E-02   4.28421348E-02
  0.100000009      -2.52096877E-02
  0.110000007       3.53053771E-02
  0.120000005      -7.56797055E-03
  0.130000010      -1.00940075E-02
  0.140000015      -1.00973882E-02
  0.150000006      -6.81802109E-02
  0.160000011      -2.52603944E-02
  0.170000017      -4.29570675E-02
  0.180000007      -4.04437482E-02
  0.190000013      -4.29859050E-02
  0.200000018       1.26471566E-02
  0.210000008       1.26514034E-02
  0.220000014      -3.29046994E-02
  0.230000019       4.30436805E-02
  0.240000010       2.78611518E-02
  0.250000030       2.53368309E-03
  0.260000020       7.60360807E-03
  0.270000011       1.01415552E-02
  0.280000031       4.05798741E-02
  0.290000021      -2.53709545E-03
  0.300000012      -1.52277043E-02
  0.310000032      -5.07761352E-03
  0.320000023       1.77776311E-02
  0.330000013       1.01620695E-02
  0.340000033      -4.32033725E-02
  0.350000024      -2.54223216E-02
  0.360000014      -5.08618122E-03
  0.370000035      -2.54394840E-02
  0.380000025      -1.27240401E-02
  0.390000015      -1.52740069E-02
  0.400000036       1.27326399E-02
  0.410000026       1.52843334E-02
  0.420000017       2.54825000E-02
  0.430000037       4.84331325E-02
  0.440000027       3.82496230E-02
  0.450000018      -2.55083782E-03
  0.460000038       1.27585093E-02
  0.470000029      -2.55256635E-03
  0.480000019      -4.34083343E-02
  0.490000039       1.53257819E-02
  0.500000060      -5.11032483E-03
  0.510000050       1.53361782E-02
  0.520000041      -2.55689630E-03
  0.530000031       1.02310590E-02
  0.540000021       2.55863369E-03
  0.550000012      -3.07140313E-02
  0.560000062       2.56037083E-03
  0.570000052      -2.56124209E-03
  0.580000043      -1.53726814E-02
  0.590000033      -1.53779089E-02
  0.600000024       3.84578556E-02
  0.610000014       1.28236488E-02
  0.620000064       1.79592203E-02
  0.630000055       3.84971499E-02
  0.640000045       0.00000000    
  0.650000036       5.13645262E-03
  0.660000026      -1.79837123E-02
  0.670000076       1.79898459E-02
  0.680000067      -2.31376942E-02
  0.690000057      -1.54303927E-02
  0.700000048      -1.28630521E-02
  0.710000038      -2.83083785E-02
  0.720000029       0.00000000    
  0.730000079      -2.57524792E-02
  0.740000069       1.03045134E-02
  0.750000060       2.57700915E-03
  0.760000050      -1.80452373E-02
  0.770000041      -4.89966944E-02
  0.780000031       1.80575941E-02
  0.790000081       2.32248586E-02
  0.800000072       3.09770852E-02
  0.810000062       4.38992418E-02
  0.820000052      -5.16638765E-03
  0.830000043       2.84248758E-02
  0.840000033       3.61895226E-02
  0.850000083      -7.75755849E-03
  0.860000074      -2.06939261E-02
  0.870000064      -4.38604958E-10
  0.880000055      -2.07081437E-02
  0.890000045      -1.29470360E-02
  0.900000036       1.81320831E-02
  0.910000086       0.00000000    
  0.920000076      -2.33287178E-02
  0.930000067       0.00000000    
  0.940000057       2.59386422E-03
  0.950000048      -7.78427208E-03
  0.960000038       1.03826057E-02
  0.970000088      -2.85620037E-02
  0.980000079      -2.59744073E-03
  0.990000069      -1.55900186E-02
   1.00000012      -2.19302479E-10
   1.01000011       0.00000000    
   1.02000010      -2.60102749E-03
   1.03000009       7.80577632E-03
   1.04000008      -2.60282401E-03
   1.05000007      -5.20744687E-03
   1.06000006       3.12554799E-02
   1.07000005       2.60552429E-02
   1.08000004      -1.30321262E-02
   1.09000003       1.04293087E-02
   1.10000002       1.04329195E-02
   1.11000013       1.04365312E-02
   1.12000012       1.30501846E-02
   1.13000011       5.22188237E-03
   1.14000010       7.83553813E-03
   1.15000010       2.61275144E-03
   1.16000009      -5.22731617E-03
   1.17000008      -5.22912946E-03
   1.18000007      -7.84641691E-03
   1.19000006       2.61638057E-03
   1.20000005      -1.04691582E-02
   1.21000004       7.85459671E-03
   1.22000003       5.23821730E-03
   1.23000014      -7.86005892E-03
   1.24000013      -2.88302377E-02
   1.25000012       1.31092137E-02
   1.26000011       1.57365315E-02
   1.27000010      -2.36130171E-02
   1.28000009       0.00000000    
   1.29000008       5.25099365E-03
   1.30000007      -2.10112948E-02
   1.31000006       1.05093103E-02
   1.32000005       1.05129769E-02
   1.33000004       1.31458044E-02
   1.34000015       2.63007893E-03
   1.35000014       1.05239898E-02
   1.36000013       1.05276657E-02
   1.37000012       1.31641785E-02
   1.38000011       1.05350241E-02
   1.39000010      -2.63467687E-03
   1.40000010       7.90679362E-03
   1.41000009      -5.27304113E-02
   1.42000008      -3.95616479E-02
   1.43000007      -3.95755060E-02
   1.44000006      -1.58357453E-02
   1.45000005      -2.37619411E-02
   1.46000016       0.00000000    
   1.47000015      -5.28413476E-03
   1.48000014       1.58579648E-02
   1.49000013      -5.28784422E-03
   1.50000012       2.64484924E-03
   1.51000011       1.85204465E-02
   1.52000010       4.49940264E-02
   1.53000009       4.76574749E-02
   1.54000008       1.85399763E-02
   1.55000007       7.94849731E-03
   1.56000006       2.12034490E-02
   1.57000005       1.32568190E-02
   1.58000016      -1.32614858E-02
   1.59000015       0.00000000    
   1.60000014      -1.32708279E-02
   1.61000013      -2.92061083E-02
   1.62000012       0.00000000    
   1.63000011      -2.12557856E-02
   1.64000010      -1.06316414E-02
   1.65000010       5.31769637E-03
   1.66000009       0.00000000    
   1.67000008       2.12858077E-02
   1.68000007       1.33083286E-02
   1.69000018      -1.33130327E-02
   1.70000017      -7.99064245E-03
   1.71000016       2.66448944E-03
   1.72000015      -2.66543170E-03
   1.73000014      -1.59982499E-02
   1.74000013       2.66731810E-03
   1.75000012      -8.00479017E-03
   1.76000011      -5.33841690E-03
   1.77000010       1.06806196E-02
   1.78000009       1.33555057E-02
   1.79000008      -2.67204805E-03
   1.80000007       2.94029582E-02
   1.81000018       1.33697232E-02
   1.82000017      -8.02468136E-03
   1.83000016      -1.07033756E-02
   1.84000015      -3.47983241E-02
   1.85000014      -1.07109826E-02
   1.86000013      -5.35739446E-03
   1.87000012      -3.21558006E-02
   1.88000011      -5.36120683E-03
   1.89000010       1.34077873E-02
   1.90000010      -2.68251193E-03
   1.91000009       2.14677379E-02
   1.92000008       2.95286551E-02
   1.93000019       2.68537994E-03
   1.94000018       1.61180235E-02
   1.95000017      -2.68729567E-03
   1.96000016       1.07530160E-02
   1.97000015      -5.37842652E-03
   1.98000014      -5.38034644E-03
   1.99000013      -1.07645355E-02
   2.00000024       1.34604787E-02
   2.01000023      -1.88514050E-02
   2.02000022       5.38804103E-03
   2.03000021       5.38996793E-03
   2.04000020       1.34797422E-02
   2.05000019      -1.07876519E-02
   2.06000018      -1.34893944E-02
   2.07000017      -1.34942252E-02
   2.08000016       1.34990606E-02
   2.09000015       1.08031193E-02
   2.10000014      -1.08069927E-02
   2.11000013       2.70271720E-03
   2.12000012       1.08147487E-02
   2.13000011       8.11397284E-03
   2.14000010       1.62337720E-02
   2.15000010       2.43594050E-02
   2.16000009      -5.41514624E-03
   2.17000008       1.35427313E-02
   2.18000007       1.35476012E-02
   2.19000006      -1.08419796E-02
   2.20000005      -1.08458810E-02
   2.21000004      -1.35622313E-02
   2.22000027       2.71342299E-03
   2.23000026      -2.98584085E-02
   2.24000025      -5.43075753E-03
   2.25000024      -1.62981451E-02
   2.26000023       2.17386968E-02
   2.27000022       8.15495197E-03
   2.28000021      -5.43859648E-03
   2.29000020       1.08811203E-02
   2.30000019       1.36063118E-02
   2.31000018       5.44449128E-03
   2.32000017       5.44645917E-03
   2.33000016       5.44842798E-03
   2.34000015       1.09007964E-02
   2.35000014       0.00000000    
   2.36000013      -2.45445482E-02
   2.37000012       0.00000000    
   2.38000011      -2.72914744E-03
   2.39000010       2.73013697E-03
   2.40000010       2.18490064E-02
   2.41000009      -5.46423206E-03
   2.42000008      -3.00641768E-02
   2.43000007      -5.46819717E-03
   2.44000006       0.00000000    
   2.45000029      -2.46247575E-02
   2.46000028       0.00000000    
   2.47000027       2.73807254E-03
   2.48000026       0.00000000    
   2.49000025      -2.46605743E-02
   2.50000024       0.00000000    
   2.51000023       2.74205813E-03
   2.52000022      -2.74305651E-03
   2.53000021      -1.37202758E-02
   2.54000020      -1.37252752E-02
   2.55000019       5.49211074E-03
   2.56000018       1.92293953E-02
   2.57000017       3.02286390E-02
   2.58000016       2.47415472E-02
   2.59000015       2.75006406E-02
   2.60000014       2.19302479E-10
   2.61000013      -1.92645099E-02
   2.62000012      -2.47777067E-02
   2.63000011       3.02949324E-02
   2.64000010      -8.26527551E-03
   2.65000010      -2.75609940E-02
   2.66000009       1.37855392E-02
   2.67000008      -1.10324686E-02
   2.68000031      -1.65547617E-02
   2.69000030       2.76013743E-03
   2.70000029      -5.52229863E-03
   2.71000028       0.00000000    
   2.72000027      -1.65790450E-02
   2.73000026      -3.04060653E-02
   2.74000025       1.65912136E-02
   2.75000024       5.53243421E-03
   2.76000023      -1.10689318E-02
   2.77000022      -2.76824972E-03
   2.78000021      -3.87697369E-02
   2.79000020      -8.31085630E-03
   2.80000019      -2.77130445E-03
   2.81000018      -2.77232379E-03
   2.82000017       3.32801305E-02
   2.83000016       0.00000000    
   2.84000015      -1.11015486E-02
   2.85000014       1.94348674E-02
   2.86000013       2.77743302E-02
   2.87000012       4.16768566E-02
   2.88000011      -5.55896387E-03
   2.89000010       1.66830458E-02
   2.90000010      -2.78153387E-03
   2.91000032       8.34768359E-03
   2.92000031      -2.78358883E-03
   2.93000031       1.67077072E-02
   2.94000030      -2.22851783E-02
   2.95000029      -8.36003292E-03
   2.96000028       0.00000000    
   2.97000027       2.78873974E-03
   2.98000026      -2.78977281E-03
   2.99000025      -1.67448353E-02
   3.00000024       5.58367977E-03
   3.01000023      -1.67572480E-02
   3.02000022      -2.79391091E-03
   3.03000021       1.11797862E-02
   3.04000020      -1.39799183E-02
   3.05000019       1.11880861E-02
   3.06000018       1.95864197E-02
   3.07000017      -1.11963982E-02
   3.08000016       1.12005584E-02
   3.09000015      -8.40354245E-03
   3.10000014      -2.80222227E-03
   3.11000013       1.12130595E-02
   3.12000012      -5.60861640E-03
   3.13000011      -1.12214088E-02
   3.14000010       5.61279338E-03
   3.15000033       1.12297703E-02
   3.16000032      -5.61697781E-03
   3.17000031      -2.80953594E-03
   3.18000031      -1.12423366E-02
   3.19000030      -8.43489822E-03
   3.20000029      -1.68760940E-02
   3.21000028      -2.25098617E-02
   3.22000027      -5.62956743E-03
   3.23000026      -1.12633426E-02
   3.24000025       1.12675531E-02
   3.25000024      -5.63588319E-03
   3.26000023      -8.45698826E-03
   3.27000022      -5.64010208E-03
   3.28000021       8.46331939E-03
   3.29000020       1.69329792E-02
   3.30000019       1.69393234E-02
   3.31000018       2.25942302E-02
   3.32000017      -8.77209916E-10
   3.33000016       2.54375786E-02
   3.34000015      -2.82745808E-03
   3.35000014       5.65703912E-03
   3.36000013       5.65916300E-03
   3.37000012       5.66128874E-03
   3.38000035       1.13268327E-02
   3.39000034      -5.66554535E-03
   3.40000033      -5.66767668E-03
   3.41000032       0.00000000    
   3.42000031      -1.70158278E-02
   3.43000031      -1.98592730E-02
   3.44000030      -1.13524310E-02
   3.45000029      -1.70350615E-02
   3.46000028       2.84024770E-03
   3.47000027       0.00000000    
   3.48000026      -1.70543399E-02
   3.49000025      -1.42173134E-02
   3.50000024      -2.56008282E-02
   3.51000023      -3.69929336E-02
   3.52000022       2.84668524E-02
   3.53000021       1.70865655E-02
   3.54000020       0.00000000    
   3.55000019       0.00000000    
   3.56000018       0.00000000    
   3.57000017      -5.70414541E-03
   3.58000016       5.70630515E-03
   3.59000015       3.13965641E-02
   3.60000014       5.71062975E-03
   3.61000037       8.56919214E-03
   3.62000036       0.00000000    
   3.63000035       2.85856402E-03
   3.64000034      -8.57894775E-03
   3.65000033       0.00000000    
   3.66000032       2.86182109E-03
   3.67000031      -1.43145444E-02
   3.68000031       1.43199852E-02
   3.69000030       8.59525800E-03
   3.70000029      -2.86617572E-03
   3.71000028       1.72035992E-02
   3.72000027      -2.58152187E-02
   3.73000026       5.73890051E-03
   3.74000025      -8.61162972E-03
   3.75000024      -2.29730960E-02
   3.76000023      -8.61819647E-03
   3.77000022      -2.87382794E-03
   3.78000021       1.43746193E-02
   3.79000020      -1.72561277E-02
   3.80000019      -5.75423939E-03
   3.81000018       1.43910926E-02
   3.82000017       1.43965911E-02
   3.83000016      -1.15216756E-02
   3.84000015      -1.44076012E-02
   3.85000038      -1.15304906E-02
   3.86000037       5.76745160E-03
   3.87000036       5.76966023E-03
   3.88000035       5.77186933E-03
   3.89000034       5.77408075E-03
   3.90000033       5.77629497E-03
   3.91000032       1.73355285E-02
   3.92000031      -1.44518139E-02
   3.93000031      -2.60232463E-02
   3.94000030      -1.44629087E-02
   3.95000029      -2.89369281E-02
   3.96000028      -1.15792174E-02
   3.97000027      -1.15836672E-02
   3.98000026      -2.31762417E-02
   3.99000025       1.15925781E-02
   4.00000048       8.69777892E-03
   4.01000023       1.45018781E-02
   4.02000046       3.19164172E-02
   4.03000021       5.80521999E-03
   4.04000044       2.90372875E-03
   4.05000019       1.16193919E-02
   4.06000042       1.45298420E-02
   4.07000017       5.81417885E-03
   4.08000040       8.72463454E-03
   4.09000015      -2.90933414E-03
   4.10000038       8.73137359E-03
   4.11000013       5.82316518E-03
   4.12000036      -1.45635419E-02
   4.13000011      -2.91383429E-03
   4.14000034      -1.45748081E-02
   4.15000010      -5.83217945E-03
   4.16000032      -1.45860929E-02
   4.17000008       2.04284396E-02
   4.18000031      -8.75843782E-03
   4.19000053       0.00000000    
   4.20000029       5.84348664E-03
   4.21000051      -1.16915070E-02
   4.22000027      -1.16960434E-02
   4.23000050      -1.75508764E-02
   4.24000025       0.00000000    
   4.25000048       5.85483760E-03
   4.26000023      -1.75713394E-02
   4.27000046       2.92969518E-03
   4.28000021      -2.93083466E-03
   4.29000044      -2.93197501E-02
   4.30000019       2.34649312E-02
   4.31000042       3.22768427E-02
   4.32000017       0.00000000    
   4.33000040       2.34923642E-02
   4.34000015       8.81307106E-03
   4.35000038       0.00000000    
   4.36000013       0.00000000    
   4.37000036       8.82339105E-03
   4.38000011      -2.64805071E-02
   4.39000034      -2.94342870E-03
   4.40000010       8.83373525E-03
   4.41000032      -2.94573046E-03
   4.42000008       8.84064473E-03
   4.43000031       1.17921373E-02
   4.44000053      -2.35935058E-02
   4.45000029      -2.95034293E-02
   4.46000051      -8.85449536E-03
   4.47000027      -3.24792080E-02
   4.48000050       1.18152499E-02
   4.49000025       2.95497058E-03
   4.50000048       3.25174332E-02
   4.51000023       3.54874842E-02
   4.52000046      -2.95845093E-03
   4.53000021       2.95961369E-03
   4.54000044       1.48038827E-02
   4.55000019       8.88582040E-03
   4.56000042       0.00000000    
   4.57000017       2.96427053E-03
   4.58000040      -8.89631175E-03
   4.59000015       5.93320932E-03
   4.60000038      -1.18710920E-02
   4.61000013      -1.78136546E-02
   4.62000036       5.94022544E-03
   4.63000011      -2.07989868E-02
   4.64000034       5.94491186E-03
   4.65000010       8.92088842E-03
   4.66000032      -2.97480333E-03
   4.67000055       1.19039109E-02
   4.68000031      -2.97715352E-03
   4.69000053      -1.48916524E-02
   4.70000029      -8.93852394E-03
   4.71000051       0.00000000    
   4.72000027       5.96373249E-03
   4.73000050      -1.49152335E-02
   4.74000025      -5.96845662E-03
   4.75000048      -2.98541039E-03
   4.76000023      -1.49329687E-02
   4.77000046       5.97555563E-03
   4.78000021      -3.58675569E-02
   4.79000044      -3.88719402E-02
   4.80000019       2.99133603E-02
   4.81000042       1.75441983E-09
   4.82000017       4.78994101E-02
   4.83000040       1.19796116E-02
   4.84000015       1.19843744E-02
   4.85000038       2.39782836E-02
   4.86000013      -1.49923917E-02
   4.87000036      -1.19986879E-02
   4.88000011       1.20034656E-02
   4.89000034      -6.00412441E-03
   4.90000057      -1.80195514E-02
   4.91000032       3.00445594E-02
   4.92000055      -6.01130910E-03
   4.93000031      -6.01370772E-03
   4.94000053      -6.01610821E-03
   4.95000029      -3.00925551E-03
   4.96000051      -1.50522888E-02
   4.97000027      -1.20466445E-02
   4.98000050       6.02573063E-03
   4.99000025       3.01407021E-03
   5.00000048       2.41222121E-02
   5.01000023      -3.01648360E-02
   5.02000046       2.71592252E-02
   5.03000021       3.62268090E-02
   5.04000044      -2.71809958E-02
   5.05000019       3.02132149E-03
   5.06000042      -9.06760059E-03
   5.07000017      -9.07123927E-03
   5.08000040       2.72246413E-02
   5.09000015      -3.02617508E-03
   5.10000038       0.00000000    
   5.11000013       2.42288616E-02
   5.12000036       9.08947643E-03
   5.13000059       6.06208853E-03
   5.14000034      -1.81935821E-02
   5.15000057       9.10045300E-03
   5.16000032      -2.12429427E-02
   5.17000055      -1.21437162E-02
   5.18000031      -1.21486122E-02
   5.19000053      -1.51918866E-02
   5.20000029      -3.03960289E-03
   5.21000051      -1.82449762E-02
   5.22000027       0.00000000    
   5.23000050      -6.08657207E-03
   5.24000025       1.82670932E-02
   5.25000048       3.04574613E-03
   5.26000023      -9.14093386E-03
   5.27000046       3.04821040E-03
   5.28000021      -1.82966646E-02
   5.29000044       1.83040705E-02
   5.30000019       1.83114856E-02
   5.31000042       2.13720556E-02
   5.32000017       1.52719403E-02
   5.33000040       9.16688051E-03
   5.34000015       3.05686658E-03
   5.35000038      -3.05810710E-03
   5.36000061      -2.14154422E-02
   5.37000036       1.22423656E-02
   5.38000059      -6.12366991E-03
   5.39000034      -1.22523177E-02
   5.40000057       9.19297617E-03
   5.41000032       3.06557235E-03
   5.42000055      -1.22672794E-02
   5.43000031       1.53403422E-02
   5.44000053      -9.20795370E-03
   5.45000029      -1.53528443E-02
   5.46000051      -2.76463870E-02
   5.47000027      -2.45845877E-02
   5.48000050      -9.22298152E-03
   5.49000025       0.00000000    
   5.50000048      -6.15367573E-03
   5.51000023       1.23123797E-02
   5.52000046       1.53967636E-02
   5.53000021       3.08061158E-03
   5.54000044       1.54093569E-02
   5.55000019       9.24939755E-03
   5.56000042      -9.25318524E-03
   5.57000017       2.15996038E-02
   5.58000040       1.23476870E-02
   5.59000063       9.26456042E-03
   5.60000038       2.16261726E-02
   5.61000061       1.54536003E-02
   5.62000036       1.54599426E-02
   5.63000059      -1.23730311E-02
   5.64000034      -1.54726412E-02
   5.65000057      -3.09579959E-03
   5.66000032      -1.23882871E-02
   5.67000055      -1.23933805E-02
   5.68000031      -1.23984804E-02
   5.69000053      -1.86053738E-02
   5.70000029       0.00000000    
   5.71000051       0.00000000    
   5.72000027      -3.10472841E-03
   5.73000050       6.21201657E-03
   5.74000025       9.32186656E-03
   5.75000048      -6.21714164E-03
   5.76000023       6.21970790E-03
   5.77000046       3.11113801E-02
   5.78000021       1.55621143E-02
   5.79000044       3.11370869E-03
   5.80000019       1.55749815E-02
   5.81000042       9.34885349E-03
   5.82000065       6.23514783E-03
   5.83000040      -1.24754570E-02
   5.84000063      -1.56007782E-02
   5.85000038      -3.12144822E-03
   5.86000061      -9.36822500E-03
   5.87000036      -2.18682550E-02
   5.88000059      -1.56266615E-02
   5.89000034      -9.37988702E-03
   5.90000057       0.00000000    
   5.91000032      -3.12922569E-03
   5.92000055       0.00000000    
   5.93000031       2.81864442E-02
   5.94000053       0.00000000    
   5.95000029       0.00000000    
   5.96000051       0.00000000    
   5.97000027      -3.13704228E-03
   5.98000050       6.27669832E-03
   5.99000025       9.41896997E-03
   6.00000048      -6.28193049E-03
   6.01000023       2.19959263E-02
   6.02000046      -1.57179311E-02
   6.03000021       2.51591839E-02
   6.04000044      -9.43863299E-03
   6.05000019      -2.51802038E-02
   6.06000042      -6.29768148E-03
   6.07000065      -6.30031433E-03
   6.08000040      -6.30294951E-03
   6.09000063      -6.30558655E-03
   6.10000038      -6.30822545E-03
   6.11000061      -6.31086761E-03
   6.12000036      -1.26270223E-02
   6.13000059       0.00000000    
   6.14000034       2.21158210E-02
   6.15000057       1.26429126E-02
   6.16000032       9.48616397E-03
   6.17000055       3.16338167E-02
   6.18000031      -9.49413236E-03
   6.19000053      -3.16604064E-03
   6.20000029       1.90042276E-02
   6.21000051      -1.90122183E-02
   6.22000027      -2.21902523E-02
   6.23000050      -9.51411109E-03
   6.24000025      -1.58635266E-02
   6.25000048      -2.85663772E-02
   6.26000023      -2.85784174E-02
   6.27000046      -6.35343650E-03
   6.28000021       2.22464073E-02
   6.29000044      -1.27175963E-02
   6.30000067      -3.18074133E-03
   6.31000042       3.50029282E-02
   6.32000065       0.00000000    
   6.33000040       2.22934205E-02
   6.34000063       2.23028474E-02
   6.35000038      -9.56240576E-03
   6.36000061      -3.18881753E-03
   6.37000036       9.57050268E-03
   6.38000059      -3.19151883E-03
   6.39000034       1.27714844E-02
   6.40000057      -9.58267320E-03
   6.41000032       6.39115833E-03
   6.42000055      -2.23785453E-02
   6.43000031       1.27931675E-02
   6.44000053      -3.19964997E-03
   6.45000029      -9.60302725E-03
   6.46000051      -2.88213287E-02
   6.47000027       0.00000000    
   6.48000050       3.20509402E-03
   6.49000025      -1.28258318E-02
   6.50000048       6.41564559E-03
   6.51000023       3.20918905E-03
   6.52000046       1.28422249E-02
   6.53000069       1.28477002E-02
   6.54000044       1.60664711E-02
   6.55000067       1.28586628E-02
   6.56000042      -1.28641501E-02
   6.57000065       3.21741053E-03
   6.58000040       1.28751397E-02
   6.59000063       2.25411244E-02
   6.60000038      -9.66461189E-03
   6.61000061      -6.44583022E-03
   6.62000036       1.93457659E-02
   6.63000059       9.67702363E-03
   6.64000034      -1.61352810E-02
   6.65000057      -2.58275084E-02
   6.66000032      -3.22982222E-02
   6.67000055      -1.29248304E-02
   6.68000031      -6.46518776E-03
   6.69000053      -3.55737917E-02
   6.70000029      -9.70610976E-03
   6.71000051      -3.23675945E-03
   6.72000027      -6.47630030E-03
   6.73000050       3.88745107E-02
   6.74000025       2.59274859E-02
   6.75000048       9.72699095E-03
   6.76000071       9.73117724E-03
   6.77000046      -2.27158628E-02
   6.78000069      -1.94791276E-02
   6.79000044      -6.49584131E-03
   6.80000067       1.29972855E-02
   6.81000042       1.62536148E-02
   6.82000065       9.75637790E-03
   6.83000040       3.25353025E-03
   6.84000063      -6.50987122E-03
   6.85000038      -6.51268382E-03
   6.86000061      -6.51550014E-03
   6.87000036      -1.30366366E-02
   6.88000059      -1.75441983E-09
   6.89000034       2.60958485E-02
   6.90000057       3.26339365E-03
   6.91000032       1.95888449E-02
   6.92000055      -3.26622277E-03
   6.93000031       6.53527863E-03
   6.94000053       1.30762272E-02
   6.95000029      -1.96228549E-02
   6.96000051       2.29032710E-02
   6.97000027       2.94598527E-02
   6.98000050      -3.27473991E-02
   6.99000072       1.96569823E-02
   7.00000048      -2.29431204E-02
   7.01000071      -1.63950752E-02
   7.02000046       0.00000000    
   7.03000069      -3.61005813E-02
   7.04000044       1.31332045E-02
   7.05000067       1.31389294E-02
   7.06000042       1.97169892E-02
   7.07000065      -3.28759849E-03
   7.08000040       3.28903459E-03
   7.09000063       9.87141021E-03
   7.10000038       2.63352599E-02
   7.11000061       6.58669230E-03
   7.12000036       1.31791448E-02
   7.13000059      -3.29622696E-03
   7.14000034      -9.89301037E-03
   7.15000057      -2.63929106E-02
   7.16000032      -6.60111802E-03
   7.17000055       0.00000000    
   7.18000031      -2.97310725E-02
   7.19000053      -6.60980353E-03
   7.20000029       1.32254073E-02
   7.21000051       1.98468193E-02
   7.22000074       0.00000000    
   7.23000050       0.00000000    
   7.24000072       0.00000000    
   7.25000048      -3.31362244E-03
   7.26000071       3.31507949E-03
   7.27000046       1.32661546E-02
   7.28000069       1.65899955E-02
   7.29000044       9.95838270E-03
   7.30000067       0.00000000    
   7.31000042      -6.64477563E-03
   7.32000065       3.32385339E-02
   7.33000040      -2.99278833E-02
   7.34000063      -1.99607294E-02
   7.35000038      -1.99695472E-02
   7.36000061      -2.66378280E-02
   7.37000036      -9.99360159E-03
   7.38000059      -3.33267404E-03
   7.39000034       6.66829711E-03
   7.40000057       6.67124894E-03
   7.41000032       1.33484071E-02
   7.42000055      -6.67716051E-03
   7.43000031      -1.00201806E-02
   7.44000053      -1.00246239E-02
   7.45000076       3.00872158E-02
   7.46000051       3.34450719E-03
   7.47000074      -1.67299658E-02
   7.48000050       2.00848747E-02
   7.49000072      -3.34896683E-03
   7.50000048       3.35045648E-03
   7.51000071       2.01116800E-02
   7.52000046       3.35343834E-03
   7.53000069      -6.70986297E-03
   7.54000044      -3.35642579E-03
   7.55000067      -1.00737642E-02
   7.56000042      -2.01565120E-02
   7.57000065      -2.01655012E-02
   7.58000040      -2.68993340E-02
   7.59000063      -6.72783563E-03
   7.60000038      -1.68271009E-02
   7.61000061       1.68346204E-02
   7.62000036       6.73685828E-03
   7.63000059       0.00000000    
   7.64000034       2.36001052E-02
   7.65000057       1.68647617E-02
   7.66000032       3.37446341E-03
   7.67000055       1.01279244E-02
   7.68000031       2.70199049E-02
   7.69000053       1.35160107E-02
   7.70000076      -6.76103728E-03
   7.71000051      -6.76407199E-03
   7.72000074       0.00000000    
   7.73000050      -2.03104466E-02
   7.74000072      -2.03195754E-02
   7.75000048      -2.71049496E-02
   7.76000071      -1.35585712E-02
   7.77000046       3.39116901E-03
   7.78000069       1.69634745E-02
   7.79000044       3.39422352E-03
   7.80000067       1.35830119E-02
   7.81000042       2.37809867E-02
   7.82000065      -1.35952653E-02
   7.83000040       6.80070044E-03
   7.84000063       6.80377055E-03
   7.85000038       6.80684391E-03
   7.86000061       1.02148792E-02
   7.87000036      -3.40649905E-03
   7.88000059       1.02241198E-02
   7.89000034       6.81916391E-03
   7.90000057      -1.70556251E-02
   7.91000032      -6.82534045E-03
   7.92000055      -3.41421668E-03
   7.93000078      -1.70788206E-02
   7.94000053      -3.41731333E-03
   7.95000076      -1.02565913E-02
   7.96000051      -2.73633264E-02
   7.97000074      -1.02659073E-02
   7.98000050      -3.42352386E-03
   7.99000072       1.37003185E-02
   8.00000095      -1.02799125E-02
   8.01000023       3.42819653E-03
   8.02000046      -1.02892704E-02
   8.03000069      -6.86263759E-03
   8.04000092       1.71644110E-02
   8.05000019       3.43444617E-03
   8.06000042       1.71800628E-02
   8.07000065       1.03127398E-02
   8.08000088       0.00000000    
   8.09000015       0.00000000    
   8.10000038      -3.44229094E-03
   8.11000061       1.37754586E-02
   8.12000084      -3.44543927E-03
   8.13000011      -1.37880621E-02
   8.14000034      -1.37943728E-02
   8.15000057      -1.38006890E-02
   8.16000080      -1.72587633E-02
   8.17000103      -6.90666912E-03
   8.18000031      -1.72745902E-02
   8.19000053       1.72825120E-02
   8.20000076       1.03742667E-02
   8.21000099      -3.45967640E-03
   8.22000027       1.03837978E-02
   8.23000050      -3.46285664E-03
   8.24000072       1.38577949E-02
   8.25000095      -1.03981271E-02
   8.26000023       0.00000000    
   8.27000046       6.93846773E-03
   8.28000069      -1.73541605E-02
   8.29000092      -1.04172938E-02
   8.30000019       3.47403251E-03
   8.31000042      -1.04269041E-02
   8.32000065       3.47723835E-03
   8.33000088      -1.04365312E-02
   8.34000015      -3.48045072E-03
   8.35000038       1.39282364E-02
   8.36000061      -1.39346756E-02
   8.37000084       3.48528032E-03
   8.38000107       1.74344648E-02
   8.39000034       6.97701471E-03
   8.40000057       1.04703698E-02
   8.41000080      -3.49174044E-03
   8.42000103       6.98671816E-03
   8.43000031       1.04849385E-02
   8.44000053       0.00000000    
   8.45000076       0.00000000    
   8.46000099       0.00000000    
   8.47000027       0.00000000    
   8.48000050       3.50310351E-03
   8.49000072      -7.00946618E-03
   8.50000095      -7.01272767E-03
   8.51000023      -7.01599242E-03
   8.52000046      -1.05288904E-02
   8.53000069       0.00000000    
   8.54000092      -3.51290242E-03
   8.55000019       1.40581634E-02
   8.56000042      -7.03236228E-03
   8.57000065      -1.40712904E-02
   8.58000088       1.05583966E-02
   8.59000015      -3.52111040E-03
   8.60000038       7.04551302E-03
   8.61000061       1.40976161E-02
   8.62000084      -1.05781592E-02
   8.63000107       3.52770416E-03
   8.64000034      -7.05871265E-03
   8.65000057      -1.05930306E-02
   8.66000080       0.00000000    
   8.67000103       0.00000000    
   8.68000031       0.00000000    
   8.69000053       0.00000000    
   8.70000076       0.00000000    
   8.71000099       7.08193239E-03
   8.72000027      -1.41705237E-02
   8.73000050      -1.77214853E-02
   8.74000072      -7.09193060E-03
   8.75000095      -1.06429039E-02
   8.76000023       0.00000000    
   8.77000046      -3.55097814E-03
   8.78000069       7.10530486E-03
   8.79000092       7.10865669E-03
   8.80000019       7.11201085E-03
   8.81000042       7.11536920E-03
   8.82000065       7.11872987E-03
   8.83000088       1.06831416E-02
   8.84000015       0.00000000    
   8.85000038       0.00000000    
   8.86000061       0.00000000    
   8.87000084       0.00000000    
   8.88000107       0.00000000    
   8.89000034       0.00000000    
   8.90000057       0.00000000    
   8.91000080       3.57456156E-03
   8.92000103      -7.15251639E-03
   8.93000031      -1.07338689E-02
   8.94000053       0.00000000    
   8.95000076      -3.58135742E-03
   8.96000099       7.16612069E-03
   8.97000027       1.07542947E-02
   8.98000050       0.00000000    
   8.99000072       0.00000000    
   9.00000095       0.00000000    
   9.01000023       0.00000000    
   9.02000046       0.00000000    
   9.03000069       3.59502668E-03
   9.04000092      -7.19348527E-03
   9.05000019      -7.19692046E-03
   9.06000042      -7.20035937E-03
   9.07000065      -7.20380107E-03
   9.08000088      -1.08108697E-02
   9.09000111      -3.60534736E-03
   9.10000038       7.21414620E-03
   9.11000061       7.21760141E-03
   9.12000084       7.22105941E-03
   9.13000107       7.22452160E-03
   9.14000034       1.08419796E-02
   9.15000057       0.00000000    
   9.16000080       0.00000000    
   9.17000103       0.00000000    
   9.18000031       0.00000000    
   9.19000053       0.00000000    
   9.20000076       3.62442317E-03
   9.21000099      -3.62616731E-03
   9.22000027      -1.81395654E-02
   9.23000050      -7.25932186E-03
   9.24000072      -7.26281991E-03
   9.25000095      -7.26632169E-03
   9.26000023      -1.09047405E-02
   9.27000046      -3.63666774E-03
   9.28000069       7.27684796E-03
   9.29000092       7.28036277E-03
   9.30000019       7.28388177E-03
   9.31000042       7.28740450E-03
   9.32000065       1.09363943E-02
   9.33000088       0.00000000    
   9.34000111       0.00000000    
   9.35000038       0.00000000    
   9.36000061       0.00000000    
   9.37000084       0.00000000    
   9.38000107       0.00000000    
   9.39000034       0.00000000    
   9.40000057       0.00000000    
   9.41000080       0.00000000    
   9.42000103       0.00000000    
   9.43000031       0.00000000    
   9.44000053       0.00000000    
   9.45000076       3.66853760E-03
   9.46000099      -3.67032434E-03
   9.47000027      -1.46884518E-02
   9.48000050      -1.46956136E-02
   9.49000072      -1.83784775E-02
   9.50000095      -7.35497894E-03
   9.51000023      -1.47171402E-02
   9.52000046       7.36216502E-03
   9.53000069       7.36576319E-03
   9.54000092       7.36936508E-03
   9.55000114       7.37297023E-03
   9.56000042       7.37657910E-03
   9.57000065       1.10702878E-02
   9.58000088       0.00000000    
   9.59000111       0.00000000    
   9.60000038       0.00000000    
   9.61000061       0.00000000    
   9.62000084       0.00000000    
   9.63000107       0.00000000    
   9.64000034       0.00000000    
   9.65000057       0.00000000    
   9.66000080       0.00000000    
   9.67000103       0.00000000    
   9.68000031       0.00000000    
   9.69000053       0.00000000    
   9.70000076       0.00000000    
   9.71000099       0.00000000    
   9.72000027       0.00000000    
   9.73000050       0.00000000    
   9.74000072       0.00000000    
   9.75000095       0.00000000    
   9.76000023       0.00000000    
   9.77000046       0.00000000    
   9.78000069       0.00000000    
   9.79000092       0.00000000    
   9.80000114       0.00000000    
   9.81000042       3.73398210E-03
   9.82000065      -7.47166714E-03
   9.83000088      -7.47537334E-03
   9.84000111      -7.47908326E-03
   9.85000038      -1.12241944E-02
   9.86000061       0.00000000    
   9.87000084      -3.74511699E-03
   9.88000107       7.49395881E-03
   9.89000034       7.49768782E-03
   9.90000057       1.12521295E-02
   9.91000080       3.75257782E-03
   9.92000103      -7.50889489E-03
   9.93000031      -1.12689575E-02
   9.94000053       0.00000000    
   9.95000076       0.00000000    
   9.96000099       0.00000000    
   9.97000027       0.00000000    
   9.98000050       0.00000000    
   9.99000072       0.00000000    
   10.0000010       0.00000000    
   10.0100012       0.00000000    
   10.0200005       0.00000000    
   10.0300007       0.00000000    
   10.0400009       0.00000000    
   10.0500011       0.00000000    
   10.0600004       0.00000000    
   10.0700006       0.00000000    
   10.0800009       0.00000000    
   10.0900011       0.00000000    
   10.1000004       0.00000000    
   10.1100006       0.00000000    
   10.1200008       0.00000000    
   10.1300011       0.00000000    
   10.1400003       0.00000000    
   10.1500006       0.00000000    
   10.1600008       0.00000000    
   10.1700010       0.00000000    
   10.1800003       0.00000000    
   10.1900005       0.00000000    
   10.2000008       0.00000000    
   10.2100010       0.00000000    
   10.2200003       0.00000000    
   10.2300005       0.00000000    
   10.2400007       0.00000000    
   10.2500010       0.00000000    
   10.2600012       0.00000000    
   10.2700005       0.00000000    
   10.2800007       0.00000000    
   10.2900009       0.00000000    
   10.3000011       0.00000000    
   10.3100004       0.00000000    
   10.3200006       0.00000000    
   10.3300009       0.00000000    
   10.3400011       0.00000000    
   10.3500004       0.00000000    
   10.3600006       3.83860222E-03
   10.3700008      -7.68111693E-03
   10.3800011      -7.68503454E-03
   10.3900003      -7.68895447E-03
   10.4000006      -7.69288000E-03
   10.4100008      -7.69680925E-03
   10.4200010      -1.15511129E-02
   10.4300003       0.00000000    
   10.4400005       0.00000000    
   10.4500008       0.00000000    
   10.4600010       0.00000000    
   10.4700003       0.00000000    
   10.4800005       0.00000000    
   10.4900007       0.00000000    
   10.5000010       0.00000000    
   10.5100012       0.00000000    
   10.5200005       0.00000000    
   10.5300007       0.00000000    
   10.5400009       0.00000000    
   10.5500011       0.00000000    
   10.5600004       0.00000000    
   10.5700006       0.00000000    
   10.5800009       0.00000000    
   10.5900011       0.00000000    
   10.6000004       0.00000000    
   10.6100006       0.00000000    
   10.6200008       0.00000000    
   10.6300011       0.00000000    
   10.6400003       0.00000000    
   10.6500006       0.00000000    
   10.6600008       0.00000000    
   10.6700010       0.00000000    
   10.6800003       0.00000000    
   10.6900005       0.00000000    
   10.7000008       0.00000000    
   10.7100010       0.00000000    
   10.7200012       0.00000000    
   10.7300005       0.00000000    
   10.7400007       0.00000000    
   10.7500010       0.00000000    
   10.7600012       0.00000000    
   10.7700005       0.00000000    
   10.7800007       0.00000000    
   10.7900009       0.00000000    
   10.8000011       0.00000000    
   10.8100004       0.00000000    
   10.8200006       0.00000000    
   10.8300009       0.00000000    
   10.8400011       0.00000000    
   10.8500004       0.00000000    
   10.8600006       0.00000000    
   10.8700008       0.00000000    
   10.8800011       0.00000000    
   10.8900003       3.94511828E-03
   10.9000006      -7.89436977E-03
   10.9100008      -7.89850671E-03
   10.9200010      -7.90264923E-03
   10.9300003      -7.90679455E-03
   10.9400005      -7.91094545E-03
   10.9500008      -1.18726511E-02
   10.9600010       0.00000000    
   10.9700012       0.00000000    
   10.9800005       0.00000000    
   10.9900007       0.00000000    
   11.0000010       0.00000000    
   11.0100012       0.00000000    
   11.0200005       0.00000000    
   11.0300007       0.00000000    
   11.0400009       0.00000000    
   11.0500011       0.00000000    
   11.0600004       0.00000000    
   11.0700006       0.00000000    
   11.0800009       0.00000000    
   11.0900011       0.00000000    
   11.1000004       3.98897612E-03
   11.1100006      -7.98217766E-03
   11.1200008      -1.19796116E-02
   11.1300011       0.00000000    
   11.1400003       0.00000000    
   11.1500006       0.00000000    
   11.1600008       0.00000000    
   11.1700010       0.00000000    
   11.1800013       0.00000000    
   11.1900005       0.00000000    
   11.2000008       0.00000000    
   11.2100010       0.00000000    
   11.2200012       0.00000000    
   11.2300005       0.00000000    
   11.2400007       4.01876029E-03
   11.2500010      -8.04180931E-03
   11.2600012      -8.04610271E-03
   11.2700005      -8.05040170E-03
   11.2800007      -4.02735220E-03
   11.2900009      -2.41770353E-02
   11.3000011       0.00000000    
   11.3100004       0.00000000    
   11.3200006       0.00000000    
   11.3300009       0.00000000    
   11.3400011       0.00000000    
   11.3500004       0.00000000    
   11.3600006       0.00000000    
   11.3700008       0.00000000    
   11.3800011       0.00000000    
   11.3900003       0.00000000    
   11.4000006       0.00000000    
   11.4100008       0.00000000    
   11.4200010       0.00000000    
   11.4300013       0.00000000    
   11.4400005       0.00000000    
   11.4500008       0.00000000    
   11.4600010       0.00000000    
   11.4700012       0.00000000    
   11.4800005       0.00000000    
   11.4900007       0.00000000    
   11.5000010       0.00000000    
   11.5100012       0.00000000    
   11.5200005       0.00000000    
   11.5300007       0.00000000    
   11.5400009       0.00000000    
   11.5500011       0.00000000    
   11.5600004       0.00000000    
   11.5700006       0.00000000    
   11.5800009       0.00000000    
   11.5900011       0.00000000    
   11.6000004       0.00000000    
   11.6100006       0.00000000    
   11.6200008       0.00000000    
   11.6300011       0.00000000    
   11.6400013       0.00000000    
   11.6500006       0.00000000    
   11.6600008       0.00000000    
   11.6700010       0.00000000    
   11.6800013       0.00000000    
   11.6900005       0.00000000    
   11.7000008       0.00000000    
   11.7100010       0.00000000    
   11.7200012       0.00000000    
   11.7300005       0.00000000    
   11.7400007       0.00000000    
   11.7500010       0.00000000    
   11.7600012       0.00000000    
   11.7700005       0.00000000    
   11.7800007       0.00000000    
   11.7900009       0.00000000    
   11.8000011       0.00000000    
   11.8100004       0.00000000    
   11.8200006       0.00000000    
   11.8300009       0.00000000    
   11.8400011       0.00000000    
   11.8500004       0.00000000    
   11.8600006       0.00000000    
   11.8700008       0.00000000    
   11.8800011       0.00000000    
   11.8900013       0.00000000    
   11.9000006       0.00000000    
   11.9100008       0.00000000    
   11.9200010       0.00000000    
   11.9300013       0.00000000    
   11.9400005       0.00000000    
   11.9500008       0.00000000    
   11.9600010       0.00000000    
   11.9700012       0.00000000    
   11.9800005       0.00000000    
   11.9900007       0.00000000    
   12.0000010       0.00000000    
   12.0100012       0.00000000    
   12.0200005       0.00000000    
   12.0300007       0.00000000    
   12.0400009       0.00000000    
   12.0500011       0.00000000    
   12.0600004       0.00000000    
   12.0700006       0.00000000    
   12.0800009       0.00000000    
   12.0900011       0.00000000    
   12.1000004       0.00000000    
   12.1100006       0.00000000    
   12.1200008       0.00000000    
   12.1300011       0.00000000    
   12.1400013       0.00000000    
   12.1500006       0.00000000    
   12.1600008       0.00000000    
   12.1700010       0.00000000    
   12.1800013       0.00000000    
   12.1900005       0.00000000    
   12.2000008       0.00000000    
   12.2100010       0.00000000    
   12.2200012       0.00000000    
   12.2300005       0.00000000    
   12.2400007       0.00000000    
   12.2500010       0.00000000    
   12.2600012       0.00000000    
   12.2700005       0.00000000    
   12.2800007       0.00000000    
   12.2900009       0.00000000    
   12.3000011       0.00000000    
   12.3100004       0.00000000    
   12.3200006       0.00000000    
   12.3300009       0.00000000    
   12.3400011       0.00000000    
   12.3500013       0.00000000    
   12.3600006       0.00000000    
   12.3700008       0.00000000    
   12.3800011       0.00000000    
   12.3900013       0.00000000    
   12.4000006       0.00000000    
   12.4100008       0.00000000    
   12.4200010       0.00000000    
   12.4300013       0.00000000    
   12.4400005       0.00000000    
   12.4500008       0.00000000    
   12.4600010       0.00000000    
   12.4700012       0.00000000    
   12.4800005       0.00000000    
   12.4900007       0.00000000    
   12.5000010       0.00000000    
   12.5100012       0.00000000    
   12.5200005       0.00000000    
   12.5300007       0.00000000    
   12.5400009       0.00000000    
   12.5500011       0.00000000    
   12.5600004       0.00000000    
   12.5700006       0.00000000    
   12.5800009       0.00000000    
   12.5900011       0.00000000    
   12.6000013       0.00000000    
   12.6100006       0.00000000    
   12.6200008       0.00000000    
   12.6300011       0.00000000    
   12.6400013       0.00000000    
   12.6500006       0.00000000    
   12.6600008       0.00000000    
   12.6700010       0.00000000    
   12.6800013       0.00000000    
   12.6900005       0.00000000    
   12.7000008       0.00000000    
   12.7100010       0.00000000    
   12.7200012       0.00000000    
   12.7300005       0.00000000    
   12.7400007       0.00000000    
   12.7500010       0.00000000    
   12.7600012       0.00000000    
   12.7700005       0.00000000    
   12.7800007       0.00000000    
   12.7900009       0.00000000    
   12.8000011       0.00000000    
   12.8100014       0.00000000    
   12.8200006       0.00000000    
   12.8300009       0.00000000    
   12.8400011       0.00000000    
   12.8500013       0.00000000    
   12.8600006       0.00000000    
   12.8700008       0.00000000    
   12.8800011       0.00000000    
   12.8900013       0.00000000    
   12.9000006       0.00000000    
   12.9100008       0.00000000    
   12.9200010       0.00000000    
   12.9300013       0.00000000    
   12.9400005       0.00000000    
   12.9500008       0.00000000    
   12.9600010       0.00000000    
   12.9700012       0.00000000    
   12.9800005       0.00000000    
   12.9900007       0.00000000    
   13.0000010       0.00000000    
   13.0100012       0.00000000    
   13.0200005       0.00000000    
   13.0300007       0.00000000    
   13.0400009       0.00000000    
   13.0500011       0.00000000    
   13.0600014       0.00000000    
   13.0700006       0.00000000    
   13.0800009       0.00000000    
   13.0900011       0.00000000    
   13.1000013       0.00000000    
   13.1100006       0.00000000    
   13.1200008       0.00000000    
   13.1300011       0.00000000    
   13.1400013       0.00000000    
   13.1500006       0.00000000    
   13.1600008       0.00000000    
   13.1700010       0.00000000    
   13.1800013       0.00000000    
   13.1900005       0.00000000    
   13.2000008       0.00000000    
   13.2100010       0.00000000    
   13.2200012       0.00000000    
   13.2300005       0.00000000    
   13.2400007       0.00000000    
   13.2500010       0.00000000    
   13.2600012       0.00000000    
   13.2700014       0.00000000    
   13.2800007       0.00000000    
   13.2900009       0.00000000    
   13.3000011       0.00000000    
   13.3100014       0.00000000    
   13.3200006       0.00000000    
   13.3300009       0.00000000    
   13.3400011       0.00000000    
   13.3500013       0.00000000    
   13.3600006       0.00000000    
   13.3700008       0.00000000    
   13.3800011       0.00000000    
   13.3900013       0.00000000    
   13.4000006       0.00000000    
   13.4100008       0.00000000    
   13.4200010       0.00000000    
   13.4300013       0.00000000    
   13.4400005       0.00000000    
   13.4500008       0.00000000    
   13.4600010       0.00000000    
   13.4700012       0.00000000    
   13.4800005       0.00000000    
   13.4900007       0.00000000    
   13.5000010       0.00000000    
   13.5100012       0.00000000    
   13.5200014       0.00000000    
   13.5300007       0.00000000    
   13.5400009       0.00000000    
   13.5500011       0.00000000    
   13.5600014       0.00000000    
   13.5700006       0.00000000    
   13.5800009       0.00000000    
   13.5900011       0.00000000    
   13.6000013       0.00000000    
   13.6100006       0.00000000    
   13.6200008       0.00000000    
   13.6300011       0.00000000    
   13.6400013       0.00000000    
   13.6500006       0.00000000    
   13.6600008       0.00000000    
   13.6700010       0.00000000    
   13.6800013       0.00000000    
   13.6900005       0.00000000    
   13.7000008       0.00000000    
   13.7100010       0.00000000    
   13.7200012       0.00000000    
   13.7300005       0.00000000    
   13.7400007       0.00000000    
   13.7500010       0.00000000    
   13.7600012       0.00000000    
   13.7700014       0.00000000    
   13.7800007       0.00000000    
   13.7900009       0.00000000    
   13.8000011       0.00000000    
   13.8100014       0.00000000    
   13.8200006       0.00000000    
   13.8300009       0.00000000    
   13.8400011       0.00000000    
   13.8500013       0.00000000    
   13.8600006       0.00000000    
   13.8700008       0.00000000    
   13.8800011       0.00000000    
   13.8900013       0.00000000    
   13.9000006       0.00000000    
   13.9100008       0.00000000    
   13.9200010       0.00000000    
   13.9300013       0.00000000    
   13.9400005       0.00000000    
   13.9500008       0.00000000    
   13.9600010       0.00000000    
   13.9700012       0.00000000    
   13.9800014       0.00000000    
   13.9900007       0.00000000    
   14.0000010       0.00000000    
   14.0100012       0.00000000    
   14.0200014       0.00000000    
   14.0300007       0.00000000    
   14.0400009       0.00000000    
   14.0500011       0.00000000    
   14.0600014       0.00000000    
   14.0700006       0.00000000    
   14.0800009       0.00000000    
   14.0900011       0.00000000    
   14.1000013       0.00000000    
   14.1100006       0.00000000    
   14.1200008       0.00000000    
   14.1300011       0.00000000    
   14.1400013       0.00000000    
   14.1500006       0.00000000    
   14.1600008       0.00000000    
   14.1700010       0.00000000    
   14.1800013       0.00000000    
   14.1900005       0.00000000    
   14.2000008       0.00000000    
   14.2100010       0.00000000    
   14.2200012       0.00000000    
   14.2300014       0.00000000    
   14.2400007       0.00000000    
   14.2500010       0.00000000    
   14.2600012       0.00000000    
   14.2700014       0.00000000    
   14.2800007       0.00000000    
   14.2900009       0.00000000    
   14.3000011       0.00000000    
   14.3100014       0.00000000    
   14.3200006       0.00000000    
   14.3300009       0.00000000    
   14.3400011       0.00000000    
   14.3500013       0.00000000    
   14.3600006       4.82096989E-03
   14.3700008      -9.64811258E-03
   14.3800011      -9.65429377E-03
   14.3900013      -9.66048241E-03
   14.4000006      -9.66667850E-03
   14.4100008      -1.45093249E-02
   14.4200010       0.00000000    
   14.4300013       0.00000000    
   14.4400015       0.00000000    
   14.4500008       0.00000000    
   14.4600010       0.00000000    
   14.4700012       0.00000000    
   14.4800014       0.00000000    
   14.4900007       0.00000000    
   14.5000010       0.00000000    
   14.5100012       0.00000000    
   14.5200014       0.00000000    
   14.5300007       0.00000000    
   14.5400009       0.00000000    
   14.5500011       0.00000000    
   14.5600014       0.00000000    
   14.5700006       0.00000000    
   14.5800009       0.00000000    
   14.5900011       0.00000000    
   14.6000013       0.00000000    
   14.6100006       0.00000000    
   14.6200008       0.00000000    
   14.6300011       0.00000000    
   14.6400013       0.00000000    
   14.6500006       0.00000000    
   14.6600008       0.00000000    
   14.6700010       0.00000000    
   14.6800013       0.00000000    
   14.6900015       0.00000000    
   14.7000008       0.00000000    
   14.7100010       0.00000000    
   14.7200012       0.00000000    
   14.7300014       0.00000000    
   14.7400007       0.00000000    
   14.7500010       0.00000000    
   14.7600012       0.00000000    
   14.7700014       0.00000000    
   14.7800007       4.95409360E-03
   14.7900009      -9.91470553E-03
   14.8000011      -9.92123224E-03
   14.8100014      -1.48916524E-02
   14.8200006       0.00000000    
   14.8300009       0.00000000    
   14.8400011       0.00000000    
   14.8500013       0.00000000    
   14.8600006       0.00000000    
   14.8700008       0.00000000    
   14.8800011       0.00000000    
   14.8900013       0.00000000    
   14.9000015       0.00000000    
   14.9100008       0.00000000    
   14.9200010       0.00000000    
   14.9300013       0.00000000    
   14.9400015       0.00000000    
   14.9500008       0.00000000    
   14.9600010       0.00000000    
   14.9700012       0.00000000    
   14.9800014       0.00000000    
   14.9900007       0.00000000    
   15.0000010       0.00000000    
   15.0100012       0.00000000    
   15.0200014       0.00000000    
   15.0300007       0.00000000    
   15.0400009       0.00000000    
   15.0500011       0.00000000    
   15.0600014       0.00000000    
   15.0700006       0.00000000    
   15.0800009       0.00000000    
   15.0900011       0.00000000    
   15.1000013       0.00000000    
   15.1100006       0.00000000    
   15.1200008       0.00000000    
   15.1300011       0.00000000    
   15.1400013       0.00000000    
   15.1500015       0.00000000    
   15.1600008       0.00000000    
   15.1700010       0.00000000    
   15.1800013       0.00000000    
   15.1900015       0.00000000    
   15.2000008       0.00000000    
   15.2100010       0.00000000    
   15.2200012       0.00000000    
   15.2300014       0.00000000    
   15.2400007       0.00000000    
   15.2500010       0.00000000    
   15.2600012       0.00000000    
   15.2700014       0.00000000    
   15.2800007       0.00000000    
   15.2900009       0.00000000    
   15.3000011       0.00000000    
   15.3100014       0.00000000    
   15.3200006       0.00000000    
   15.3300009       0.00000000    
   15.3400011       0.00000000    
   15.3500013       0.00000000    
   15.3600006       0.00000000    
   15.3700008       0.00000000    
   15.3800011       0.00000000    
   15.3900013       0.00000000    
   15.4000015       0.00000000    
   15.4100008       0.00000000    
   15.4200010       0.00000000    
   15.4300013       0.00000000    
   15.4400015       0.00000000    
   15.4500008       0.00000000    
   15.4600010       0.00000000    
   15.4700012       0.00000000    
   15.4800014       0.00000000    
   15.4900007       0.00000000    
   15.5000010       0.00000000    
   15.5100012       0.00000000    
   15.5200014       0.00000000    
   15.5300007       0.00000000    
   15.5400009       0.00000000    
   15.5500011       0.00000000    
   15.5600014       0.00000000    
   15.5700006       0.00000000    
   15.5800009       0.00000000    
   15.5900011       0.00000000    
   15.6000013       0.00000000    
   15.6100016       0.00000000    
   15.6200008       0.00000000    
   15.6300011       0.00000000    
   15.6400013       0.00000000    
   15.6500015       0.00000000    
   15.6600008       0.00000000    
   15.6700010       0.00000000    
   15.6800013       0.00000000    
   15.6900015       0.00000000    
   15.7000008       0.00000000    
   15.7100010       0.00000000    
   15.7200012       0.00000000    
   15.7300014       0.00000000    
   15.7400007       0.00000000    
   15.7500010       0.00000000    
   15.7600012       0.00000000    
   15.7700014       0.00000000    
   15.7800007       0.00000000    
   15.7900009       0.00000000    
   15.8000011       0.00000000    
   15.8100014       0.00000000    
   15.8200006       0.00000000    
   15.8300009       0.00000000    
   15.8400011       0.00000000    
   15.8500013       0.00000000    
   15.8600016       0.00000000    
   15.8700008       5.33652678E-03
   15.8800011      -1.06806178E-02
   15.8900013      -1.06881922E-02
   15.9000015      -1.06957788E-02
   15.9100008      -1.60550624E-02
   15.9200010       0.00000000    
   15.9300013       0.00000000    
   15.9400015       0.00000000    
   15.9500008       0.00000000    
   15.9600010       0.00000000    
   15.9700012       0.00000000    
   15.9800014       0.00000000    
   15.9900007       0.00000000    
   16.0000019       0.00000000    
   16.0100002       0.00000000    
   16.0200005       0.00000000    
   16.0300007       0.00000000    
   16.0400009       0.00000000    
   16.0500011       0.00000000    
   16.0600014       0.00000000    
   16.0700016       0.00000000    
   16.0800018       0.00000000    
   16.0900021       0.00000000    
   16.1000004       0.00000000    
   16.1100006       0.00000000    
   16.1200008       0.00000000    
   16.1300011       0.00000000    
   16.1400013       0.00000000    
   16.1500015       0.00000000    
   16.1600018       0.00000000    
   16.1700020       0.00000000    
   16.1800003       0.00000000    
   16.1900005       0.00000000    
   16.2000008       0.00000000    
   16.2100010       5.46819717E-03
   16.2200012      -1.09443367E-02
   16.2300014      -1.09522901E-02
   16.2400017      -1.09602557E-02
   16.2500019      -1.09682325E-02
   16.2600002      -1.09762214E-02
   16.2700005      -1.64763331E-02
   16.2800007       0.00000000    
   16.2900009       0.00000000    
   16.3000011       0.00000000    
   16.3100014       0.00000000    
   16.3200016       0.00000000    
   16.3300018       0.00000000    
   16.3400021       0.00000000    
   16.3500004       0.00000000    
   16.3600006       0.00000000    
   16.3700008       0.00000000    
   16.3800011       0.00000000    
   16.3900013       0.00000000    
   16.4000015       0.00000000    
   16.4100018       0.00000000    
   16.4200020       0.00000000    
   16.4300003       0.00000000    
   16.4400005       0.00000000    
   16.4500008       0.00000000    
   16.4600010       5.56923542E-03
   16.4700012      -1.11467103E-02
   16.4800014      -1.11549599E-02
   16.4900017      -1.11632235E-02
   16.5000019      -1.11714993E-02
   16.5100002      -1.67696793E-02
   16.5200005       0.00000000    
   16.5300007       0.00000000    
   16.5400009       0.00000000    
   16.5500011       0.00000000    
   16.5600014       0.00000000    
   16.5700016       0.00000000    
   16.5800018       0.00000000    
   16.5900021       0.00000000    
   16.6000004       0.00000000    
   16.6100006       0.00000000    
   16.6200008       0.00000000    
   16.6300011       0.00000000    
   16.6400013       5.64432656E-03
   16.6500015      -1.12971151E-02
   16.6600018      -1.13055902E-02
   16.6700020      -1.13140782E-02
   16.6800003      -1.13225784E-02
   16.6900005      -1.69966370E-02
   16.7000008       0.00000000    
   16.7100010       0.00000000    
   16.7200012       0.00000000    
   16.7300014       0.00000000    
   16.7400017       0.00000000    
   16.7500019       0.00000000    
   16.7600021       0.00000000    
   16.7700005       0.00000000    
   16.7800007       0.00000000    
   16.7900009       0.00000000    
   16.8000011       0.00000000    
   16.8100014       0.00000000    
   16.8200016       0.00000000    
   16.8300018       0.00000000    
   16.8400021       0.00000000    
   16.8500004       0.00000000    
   16.8600006       0.00000000    
   16.8700008       0.00000000    
   16.8800011       0.00000000    
   16.8900013       0.00000000    
   16.9000015       0.00000000    
   16.9100018       0.00000000    
   16.9200020       0.00000000    
   16.9300003       0.00000000    
   16.9400005       0.00000000    
   16.9500008       5.77850919E-03
   16.9600010      -1.15658874E-02
   16.9700012      -1.15747713E-02
   16.9800014      -1.15836672E-02
   16.9900017      -1.15925781E-02
   17.0000019      -1.16015021E-02
   17.0100021      -1.74156614E-02
   17.0200005       0.00000000    
   17.0300007       0.00000000    
   17.0400009       0.00000000    
   17.0500011       0.00000000    
   17.0600014       0.00000000    
   17.0700016       0.00000000    
   17.0800018       0.00000000    
   17.0900021       0.00000000    
   17.1000004       0.00000000    
   17.1100006       0.00000000    
   17.1200008       0.00000000    
   17.1300011       0.00000000    
   17.1400013       0.00000000    
   17.1500015       0.00000000    
   17.1600018       0.00000000    
   17.1700020       0.00000000    
   17.1800003       0.00000000    
   17.1900005       0.00000000    
   17.2000008       0.00000000    
   17.2100010       0.00000000    
   17.2200012       0.00000000    
   17.2300014       0.00000000    
   17.2400017       0.00000000    
   17.2500019       0.00000000    
   17.2600021       0.00000000    
   17.2700005       0.00000000    
   17.2800007       0.00000000    
   17.2900009       0.00000000    
   17.3000011       0.00000000    
   17.3100014       0.00000000    
   17.3200016       0.00000000    
   17.3300018       0.00000000    
   17.3400021       0.00000000    
   17.3500004       0.00000000    
   17.3600006       0.00000000    
   17.3700008       0.00000000    
   17.3800011       0.00000000    
   17.3900013       0.00000000    
   17.4000015       0.00000000    
   17.4100018       0.00000000    
   17.4200020       0.00000000    
   17.4300003       5.99934394E-03
   17.4400005      -1.20082488E-02
   17.4500008      -1.20178238E-02
   17.4600010      -1.20274154E-02
   17.4700012      -1.20370220E-02
   17.4800014      -1.20466445E-02
   17.4900017      -1.20562809E-02
   17.5000019      -1.80989001E-02
   17.5100021       6.03780104E-03
   17.5200005      -1.20852860E-02
   17.5300007      -1.81424785E-02
   17.5400009       6.05235016E-03
   17.5500011      -1.81716457E-02
   17.5600014       0.00000000    
   17.5700016       0.00000000    
   17.5800018       0.00000000    
   17.5900021       0.00000000    
   17.6000004       0.00000000    
   17.6100006       0.00000000    
   17.6200008       0.00000000    
   17.6300011       0.00000000    
   17.6400013       0.00000000    
   17.6500015       0.00000000    
   17.6600018       0.00000000    
   17.6700020       6.11621421E-03
   17.6800003      -1.22423656E-02
   17.6900005      -1.22523177E-02
   17.7000008      -1.22622875E-02
   17.7100010      -1.22722732E-02
   17.7200012      -1.22822747E-02
   17.7300014      -1.22922938E-02
   17.7400017      -1.23023279E-02
   17.7500019      -1.23123787E-02
   17.7600021      -1.84836686E-02
   17.7700005       0.00000000    
   17.7800007       0.00000000    
   17.7900009       0.00000000    
   17.8000011       0.00000000    
   17.8100014       0.00000000    
   17.8200016       0.00000000    
   17.8300018       0.00000000    
   17.8400021       0.00000000    
   17.8500004       0.00000000    
   17.8600006       0.00000000    
   17.8700008       0.00000000    
   17.8800011       0.00000000    
   17.8900013       0.00000000    
   17.9000015       0.00000000    
   17.9100018       0.00000000    
   17.9200020       0.00000000    
   17.9300022       0.00000000    
   17.9400005       0.00000000    
   17.9500008       0.00000000    
   17.9600010       0.00000000    
   17.9700012       0.00000000    
   17.9800014       0.00000000    
   17.9900017       0.00000000    
   18.0000019       0.00000000    
   18.0100021       0.00000000    
   18.0200005       0.00000000    
   18.0300007       0.00000000    
   18.0400009       0.00000000    
   18.0500011       0.00000000    
   18.0600014       0.00000000    
   18.0700016       0.00000000    
   18.0800018       0.00000000    
   18.0900021       0.00000000    
   18.1000004       1.26748122E-02
   18.1100006      -2.53709611E-02
   18.1200008      -3.17404196E-02
   18.1300011      -1.27068730E-02
   18.1400013      -1.27175963E-02
   18.1500015      -1.90925058E-02
   18.1600018       6.36954838E-03
   18.1700020      -1.27498740E-02
   18.1800022      -1.91410054E-02
   18.1900005       0.00000000    
   18.2000008       0.00000000    
   18.2100010       0.00000000    
   18.2200012       0.00000000    
   18.2300014       0.00000000    
   18.2400017       0.00000000    
   18.2500019       0.00000000    
   18.2600021       0.00000000    
   18.2700005       6.42933091E-03
   18.2800007      -1.93044636E-02
   18.2900009       0.00000000    
   18.3000011       0.00000000    
   18.3100014       0.00000000    
   18.3200016       0.00000000    
   18.3300018       0.00000000    
   18.3400021       0.00000000    
   18.3500004       0.00000000    
   18.3600006       0.00000000    
   18.3700008       0.00000000    
   18.3800011       0.00000000    
   18.3900013       0.00000000    
   18.4000015       0.00000000    
   18.4100018       0.00000000    
   18.4200020       0.00000000    
   18.4300022       0.00000000    
   18.4400005       0.00000000    
   18.4500008       0.00000000    
   18.4600010       0.00000000    
   18.4700012       0.00000000    
   18.4800014       0.00000000    
   18.4900017       0.00000000    
   18.5000019       6.55802945E-03
   18.5100021      -1.96912251E-02
   18.5200005       6.56946469E-03
   18.5300007      -1.97255909E-02
   18.5400009       0.00000000    
   18.5500011       0.00000000    
   18.5600014       0.00000000    
   18.5700016       0.00000000    
   18.5800018       0.00000000    
   18.5900021       0.00000000    
   18.6000004       0.00000000    
   18.6100006       0.00000000    
   18.6200008       0.00000000    
   18.6300011       0.00000000    
   18.6400013       0.00000000    
   18.6500015       0.00000000    
   18.6600018       0.00000000    
   18.6700020       0.00000000    
   18.6800022       0.00000000    
   18.6900005       0.00000000    
   18.7000008       0.00000000    
   18.7100010       0.00000000    
   18.7200012       0.00000000    
   18.7300014       0.00000000    
   18.7400017       0.00000000    
   18.7500019       0.00000000    
   18.7600021       0.00000000    
   18.7700005       0.00000000    
   18.7800007       0.00000000    
   18.7900009       0.00000000    
   18.8000011       0.00000000    
   18.8100014       0.00000000    
   18.8200016       0.00000000    
   18.8300018       0.00000000    
   18.8400021       0.00000000    
   18.8500004       0.00000000    
   18.8600006       0.00000000    
   18.8700008       0.00000000    
   18.8800011       0.00000000    
   18.8900013       0.00000000    
   18.9000015       0.00000000    
   18.9100018       0.00000000    
   18.9200020       0.00000000    
   18.9300022       0.00000000    
   18.9400005       0.00000000    
   18.9500008       0.00000000    
   18.9600010       0.00000000    
   18.9700012       0.00000000    
   18.9800014       0.00000000    
   18.9900017       0.00000000    
   19.0000019       0.00000000    
   19.0100021       0.00000000    
   19.0200005       0.00000000    
   19.0300007       0.00000000    
   19.0400009       0.00000000    
   19.0500011       0.00000000    
   19.0600014       0.00000000    
   19.0700016       0.00000000    
   19.0800018       0.00000000    
   19.0900021       0.00000000    
   19.1000023       0.00000000    
   19.1100006       0.00000000    
   19.1200008       0.00000000    
   19.1300011       0.00000000    
   19.1400013       0.00000000    
   19.1500015       0.00000000    
   19.1600018       0.00000000    
   19.1700020       0.00000000    
   19.1800022       0.00000000    
   19.1900005       0.00000000    
   19.2000008       6.98348088E-03
   19.2100010      -1.39799183E-02
   19.2200012      -1.39928982E-02
   19.2300014      -1.40059032E-02
   19.2400017      -1.40189324E-02
   19.2500019      -1.40319848E-02
   19.2600021      -2.10675932E-02
   19.2700005       0.00000000    
   19.2800007       0.00000000    
   19.2900009       0.00000000    
   19.3000011       0.00000000    
   19.3100014       0.00000000    
   19.3200016       0.00000000    
   19.3300018       0.00000000    
   19.3400021       0.00000000    
   19.3500023       0.00000000    
   19.3600006       0.00000000    
   19.3700008       0.00000000    
   19.3800011       0.00000000    
   19.3900013       0.00000000    
   19.4000015       0.00000000    
   19.4100018       0.00000000    
   19.4200020       0.00000000    
   19.4300022       0.00000000    
   19.4400005       0.00000000    
   19.4500008       7.14912312E-03
   19.4600010      -1.43118249E-02
   19.4700012      -1.43254297E-02
   19.4800014      -1.43390596E-02
   19.4900017      -2.15290729E-02
   19.5000019       0.00000000    
   19.5100021       0.00000000    
   19.5200005       0.00000000    
   19.5300007       0.00000000    
   19.5400009       0.00000000    
   19.5500011       0.00000000    
   19.5600014       0.00000000    
   19.5700016       0.00000000    
   19.5800018       7.23840110E-03
   19.5900021      -1.44907227E-02
   19.6000023      -1.45046692E-02
   19.6100006      -1.45186437E-02
   19.6200008      -1.45326434E-02
   19.6300011      -2.18200069E-02
   19.6400013       0.00000000    
   19.6500015       0.00000000    
   19.6600018       0.00000000    
   19.6700020       0.00000000    
   19.6800022       0.00000000    
   19.6900005       0.00000000    
   19.7000008       0.00000000    
   19.7100010       0.00000000    
   19.7200012       0.00000000    
   19.7300014       0.00000000    
   19.7400017       0.00000000    
   19.7500019       0.00000000    
   19.7600021       0.00000000    
   19.7700005       0.00000000    
   19.7800007       0.00000000    
   19.7900009       0.00000000    
   19.8000011       0.00000000    
   19.8100014       0.00000000    
   19.8200016       0.00000000    
   19.8300018       0.00000000    
   19.8400021       0.00000000    
   19.8500023       0.00000000    
   19.8600006       0.00000000    
   19.8700008       0.00000000    
   19.8800011       0.00000000    
   19.8900013       0.00000000    
   19.9000015       0.00000000    
   19.9100018       0.00000000    
   19.9200020       0.00000000    
   19.9300022       0.00000000    
   19.9400005       0.00000000    
   19.9500008       0.00000000    
   19.9600010       0.00000000    
   19.9700012       0.00000000    
   19.9800014       0.00000000    
   19.9900017       0.00000000    
   20.0000019       0.00000000    
   20.0100021       0.00000000    
   20.0200024       0.00000000    
   20.0300007       0.00000000    
   20.0400009       0.00000000    
   20.0500011       0.00000000    
   20.0600014       0.00000000    
   20.0700016       0.00000000    
   20.0800018       0.00000000    
   20.0900021       0.00000000    
   20.1000023       0.00000000    
   20.1100006       0.00000000    
   20.1200008       0.00000000    
   20.1300011       0.00000000    
   20.1400013       0.00000000    
   20.1500015       0.00000000    
   20.1600018       0.00000000    
   20.1700020       7.67329568E-03
   20.1800022      -1.53622339E-02
   20.1900005      -1.53779089E-02
   20.2000008      -1.53936185E-02
   20.2100010      -1.54093569E-02
   20.2200012      -1.54251298E-02
   20.2300014      -1.54409334E-02
   20.2400017      -1.54567705E-02
   20.2500019      -1.54726412E-02
   20.2600021      -1.54885426E-02
   20.2700024      -1.55044766E-02
   20.2800007      -1.55204451E-02
   20.2900009      -2.33046673E-02
   20.3000011       0.00000000    
   20.3100014       0.00000000    
   20.3200016       0.00000000    
   20.3300018       0.00000000    
   20.3400021       0.00000000    
   20.3500023       0.00000000    
   20.3600006       0.00000000    
   20.3700008       0.00000000    
   20.3800011       0.00000000    
   20.3900013       0.00000000    
   20.4000015       0.00000000    
   20.4100018       0.00000000    
   20.4200020       0.00000000    
   20.4300022       0.00000000    
   20.4400005       0.00000000    
   20.4500008       0.00000000    
   20.4600010       0.00000000    
   20.4700012       0.00000000    
   20.4800014       0.00000000    
   20.4900017       0.00000000    
   20.5000019       0.00000000    
   20.5100021       0.00000000    
   20.5200024       0.00000000    
   20.5300007       0.00000000    
   20.5400009       7.97373150E-03
   20.5500011      -2.39465330E-02
   20.5600014       0.00000000    
   20.5700016       0.00000000    
   20.5800018       0.00000000    
   20.5900021       0.00000000    
   20.6000023       0.00000000    
   20.6100006       0.00000000    
   20.6200008       0.00000000    
   20.6300011       0.00000000    
   20.6400013       0.00000000    
   20.6500015       0.00000000    
   20.6600018       0.00000000    
   20.6700020       0.00000000    
   20.6800022       0.00000000    
   20.6900005       0.00000000    
   20.7000008       0.00000000    
   20.7100010       0.00000000    
   20.7200012       0.00000000    
   20.7300014       0.00000000    
   20.7400017       0.00000000    
   20.7500019       0.00000000    
   20.7600021       0.00000000    
   20.7700024       0.00000000    
   20.7800007       0.00000000    
   20.7900009       0.00000000    
   20.8000011       0.00000000    
   20.8100014       0.00000000    
   20.8200016       0.00000000    
   20.8300018       0.00000000    
   20.8400021       0.00000000    
   20.8500023       0.00000000    
   20.8600006       0.00000000    
   20.8700008       0.00000000    
   20.8800011       0.00000000    
   20.8900013       0.00000000    
   20.9000015       0.00000000    
   20.9100018       0.00000000    
   20.9200020       0.00000000    
   20.9300022       0.00000000    
   20.9400005       0.00000000    
   20.9500008       8.33537150E-03
   20.9600010      -1.66892055E-02
   20.9700012      -1.67077072E-02
   20.9800014      -1.67262517E-02
   20.9900017      -2.51172539E-02
   21.0000019       0.00000000    
   21.0100021       0.00000000    
   21.0200024       0.00000000    
   21.0300007       0.00000000    
   21.0400009       0.00000000    
   21.0500011       0.00000000    
   21.0600014       0.00000000    
   21.0700016       0.00000000    
   21.0800018       0.00000000    
   21.0900021       0.00000000    
   21.1000023       8.47601332E-03
   21.1100006      -1.69711169E-02
   21.1200008      -1.69902500E-02
   21.1300011      -1.70094259E-02
   21.1400013      -1.70286465E-02
   21.1500015      -2.55718641E-02
   21.1600018       0.00000000    
   21.1700020       0.00000000    
   21.1800022       0.00000000    
   21.1900024       0.00000000    
   21.2000008       0.00000000    
   21.2100010       0.00000000    
   21.2200012       8.59199092E-03
   21.2300014      -1.72035974E-02
   21.2400017      -1.72232594E-02
   21.2500019      -1.72429644E-02
   21.2600021      -1.72627177E-02
   21.2700024      -2.59237699E-02
   21.2800007       8.65117740E-03
   21.2900009      -1.73222441E-02
   21.3000011      -1.73421763E-02
   21.3100014      -1.73621569E-02
   21.3200016      -1.73821822E-02
   21.3300018      -1.74022540E-02
   21.3400021      -1.74223725E-02
   21.3500023      -1.74425375E-02
   21.3600006      -2.61941217E-02
   21.3700008       0.00000000    
   21.3800011       0.00000000    
   21.3900013       0.00000000    
   21.4000015       0.00000000    
   21.4100018       0.00000000    
   21.4200020       8.79250374E-03
   21.4300022      -1.76055506E-02
   21.4400024      -1.76261421E-02
   21.4500008      -1.76467802E-02
   21.4600010      -2.65012048E-02
   21.4700012       0.00000000    
   21.4800014       0.00000000    
   21.4900017       0.00000000    
   21.5000019       0.00000000    
   21.5100021       0.00000000    
   21.5200024       0.00000000    
   21.5300007       0.00000000    
   21.5400009       0.00000000    
   21.5500011       0.00000000    
   21.5600014       0.00000000    
   21.5700016       0.00000000    
   21.5800018       0.00000000    
   21.5900021       8.97044782E-03
   21.6000023      -2.69434191E-02
   21.6100006       0.00000000    
   21.6200008       9.00259893E-03
   21.6300011      -1.80267356E-02
   21.6400013      -1.80483256E-02
   21.6500015      -1.80699658E-02
   21.6600018      -1.80916581E-02
   21.6700020      -1.81134045E-02
   21.6800022      -2.72027999E-02
   21.6900024       0.00000000    
   21.7000008       0.00000000    
   21.7100010       0.00000000    
   21.7200012       0.00000000    
   21.7300014       0.00000000    
   21.7400017       0.00000000    
   21.7500019       0.00000000    
   21.7600021       0.00000000    
   21.7700024       0.00000000    
   21.7800007       9.17804614E-03
   21.7900009      -1.83784775E-02
   21.8000011      -2.76013762E-02
   21.8100014       0.00000000    
   21.8200016       9.22298152E-03
   21.8300018      -1.84685681E-02
   21.8400021      -1.84912290E-02
   21.8500023      -1.85139459E-02
   21.8600006      -2.78050769E-02
   21.8700008       9.27977264E-03
   21.8800011      -1.85824335E-02
   21.8900013      -2.79080588E-02
   21.9000015       0.00000000    
   21.9100018       0.00000000    
   21.9200020       0.00000000    
   21.9300022       0.00000000    
   21.9400024       0.00000000    
   21.9500008       0.00000000    
   21.9600010       0.00000000    
   21.9700012       9.39548109E-03
   21.9800014      -1.88144203E-02
   21.9900017      -2.82569081E-02
   22.0000019       0.00000000    
   22.0100021       9.44257621E-03
   22.0200024      -1.89088471E-02
   22.0300007      -2.83989049E-02
   22.0400009       0.00000000    
   22.0500011       0.00000000    
   22.0600014       0.00000000    
   22.0700016       0.00000000    
   22.0800018       0.00000000    
   22.0900021       0.00000000    
   22.1000023       0.00000000    
   22.1100025       0.00000000    
   22.1200008       0.00000000    
   22.1300011       0.00000000    
   22.1400013       0.00000000    
   22.1500015       0.00000000    
   22.1600018       0.00000000    
   22.1700020       0.00000000    
   22.1800022       0.00000000    
   22.1900024       0.00000000    
   22.2000008       0.00000000    
   22.2100010       0.00000000    
   22.2200012       9.69778094E-03
   22.2300014      -1.94205549E-02
   22.2400017      -1.94456168E-02
   22.2500019      -1.94707401E-02
   22.2600021      -2.92438902E-02
   22.2700024       0.00000000    
   22.2800007       0.00000000    
   22.2900009       0.00000000    
   22.3000011       0.00000000    
   22.3100014       0.00000000    
   22.3200016       0.00000000    
   22.3300018       0.00000000    
   22.3400021       0.00000000    
   22.3500023       0.00000000    
   22.3600025       0.00000000    
   22.3700008       0.00000000    
   22.3800011       0.00000000    
   22.3900013       0.00000000    
   22.4000015       0.00000000    
   22.4100018       0.00000000    
   22.4200020       0.00000000    
   22.4300022       0.00000000    
   22.4400024       0.00000000    
   22.4500008       0.00000000    
   22.4600010       0.00000000    
   22.4700012       0.00000000    
   22.4800014       0.00000000    
   22.4900017       0.00000000    
   22.5000019       0.00000000    
   22.5100021       0.00000000    
   22.5200024       0.00000000    
   22.5300007       0.00000000    
   22.5400009       0.00000000    
   22.5500011       0.00000000    
   22.5600014       0.00000000    
   22.5700016       0.00000000    
   22.5800018       0.00000000    
   22.5900021       0.00000000    
   22.6000023       0.00000000    
   22.6100025       0.00000000    
   22.6200008       0.00000000    
   22.6300011       0.00000000    
   22.6400013       0.00000000    
   22.6500015       0.00000000    
   22.6600018       0.00000000    
   22.6700020       0.00000000    
   22.6800022       0.00000000    
   22.6900024       0.00000000    
   22.7000008       0.00000000    
   22.7100010       0.00000000    
   22.7200012       1.03647541E-02
   22.7300014      -2.07580607E-02
   22.7400017      -2.07866933E-02
   22.7500019      -2.08154041E-02
   22.7600021      -2.08441932E-02
   22.7700024      -2.08730623E-02
   22.7800007      -3.13530192E-02
   22.7900009       0.00000000    
   22.8000011       0.00000000    
   22.8100014       0.00000000    
   22.8200016       0.00000000    
   22.8300018       0.00000000    
   22.8400021       0.00000000    
   22.8500023       0.00000000    
   22.8600025       0.00000000    
   22.8700008       1.05831120E-02
   22.8800011      -2.11959928E-02
   22.8900013      -2.12258473E-02
   22.9000015      -2.12557856E-02
   22.9100018      -1.06429039E-02
   22.9200020      -5.32897860E-02
   22.9300022      -2.13461071E-02
   22.9400024      -2.13763844E-02
   22.9500008      -2.14067511E-02
   22.9600010      -2.14371998E-02
   22.9700012      -1.07338689E-02
   22.9800014      -4.29967269E-02
   22.9900017      -5.38226813E-02
   23.0000019      -2.15598736E-02
   23.0100021      -2.15907618E-02
   23.0200024      -2.16217395E-02
   23.0300007      -2.16528047E-02
   23.0400009      -3.25259417E-02
   23.0500011       0.00000000    
   23.0600014       0.00000000    
   23.0700016       0.00000000    
   23.0800018       0.00000000    
   23.0900021       0.00000000    
   23.1000023       0.00000000    
   23.1100025       0.00000000    
   23.1200008       0.00000000    
   23.1300011       0.00000000    
   23.1400013       0.00000000    
   23.1500015       0.00000000    
   23.1600018       0.00000000    
   23.1700020       0.00000000    
   23.1800022       0.00000000    
   23.1900024       0.00000000    
   23.2000008       0.00000000    
   23.2100010       0.00000000    
   23.2200012       0.00000000    
   23.2300014       0.00000000    
   23.2400017       1.11632235E-02
   23.2500019      -3.35393585E-02
   23.2600021       0.00000000    
   23.2700024       0.00000000    
   23.2800026       0.00000000    
   23.2900009       0.00000000    
   23.3000011       0.00000000    
   23.3100014       0.00000000    
   23.3200016       0.00000000    
   23.3300018       0.00000000    
   23.3400021       0.00000000    
   23.3500023       0.00000000    
   23.3600025       1.13652730E-02
   23.3700008      -2.27648821E-02
   23.3800011      -2.27993205E-02
   23.3900013      -2.28338651E-02
   23.4000015      -2.28685159E-02
   23.4100018      -2.29032710E-02
   23.4200020      -2.29381304E-02
   23.4300022      -2.29730960E-02
   23.4400024      -3.45122553E-02
   23.4500008       0.00000000    
   23.4600010       0.00000000    
   23.4700012       0.00000000    
   23.4800014       0.00000000    
   23.4900017       0.00000000    
   23.5000019       1.16104409E-02
   23.5100021      -2.32567154E-02
   23.5200024      -3.49389911E-02
   23.5300026       0.00000000    
   23.5400009       0.00000000    
   23.5500011       0.00000000    
   23.5600014       0.00000000    
   23.5700016       0.00000000    
   23.5800018       0.00000000    
   23.5900021       0.00000000    
   23.6000023       0.00000000    
   23.6100025       1.18106203E-02
   23.6200008      -2.36583240E-02
   23.6300011      -3.55432816E-02
   23.6400013       0.00000000    
   23.6500015       0.00000000    
   23.6600018       0.00000000    
   23.6700020       0.00000000    
   23.6800022       0.00000000    
   23.6900024       0.00000000    
   23.7000008       0.00000000    
   23.7100010       0.00000000    
   23.7200012       0.00000000    
   23.7300014       0.00000000    
   23.7400017       0.00000000    
   23.7500019       0.00000000    
   23.7600021       0.00000000    
   23.7700024       0.00000000    
   23.7800026       0.00000000    
   23.7900009       0.00000000    
   23.8000011       0.00000000    
   23.8100014       0.00000000    
   23.8200016       0.00000000    
   23.8300018       0.00000000    
   23.8400021       1.22523177E-02
   23.8500023      -2.45445464E-02
   23.8600025      -2.45845877E-02
   23.8700008      -2.46247575E-02
   23.8800011      -3.69975902E-02
   23.8900013       0.00000000    
   23.9000015       0.00000000    
   23.9100018       0.00000000    
   23.9200020       0.00000000    
   23.9300022       0.00000000    
   23.9400024       0.00000000    
   23.9500008       0.00000000    
   23.9600010       0.00000000    
   23.9700012       0.00000000    
   23.9800014       1.25377299E-02
