           3           8           9
           3           8          10
           3          11          12
           3          11          13
           3          14          15
           3          14          16
           3          17          18
           3          17          19
           3          20          21
           3          20          22
           3          23          24
           3          23          25
           3          26          27
           3          26          28
           3          29          30
           3          29          31
           3          32          33
           3          32          34
           3          35          36
           3          35          37
           3          38          39
           3          38          40
           3          41          42
           3          41          43
           3          44          45
           3          44          46
           3          47          48
           3          47          49
           3          50          51
           3          50          52
           3          53          54
           3          53          55
           3          56          57
           3          56          58
           3          59          60
           3          59          61
           3          62          63
           3          62          64
           3          65          66
           3          65          67
           3          68          69
           3          68          70
           3          71          72
           3          71          73
           3          74          75
           3          74          76
           3          77          78
           3          77          79
           3          80          81
           3          80          82
           3          83          84
           3          83          85
           3          86          87
           3          86          88
           3          89          90
           3          89          91
           3          92          93
           3          92          94
           3          95          96
           3          95          97
           3          98          99
           3          98         100
           3         101         102
           3         101         103
           3         104         105
           3         104         106
           3         107         108
           3         107         109
           3         110         111
           3         110         112
           3         113         114
           3         113         115
           3         116         117
           3         116         118
           3         119         120
           3         119         121
           3         122         123
           3         122         124
           3         125         126
           3         125         127
           3         128         129
           3         128         130
           3         131         132
           3         131         133
           3         134         135
           3         134         136
           3         137         138
           3         137         139
           3         140         141
           3         140         142
           3         143         144
           3         143         145
           3         146         147
           3         146         148
           3         149         150
           3         149         151
           3         152         153
           3         152         154
           3         155         156
           3         155         157
           3         158         159
           3         158         160
           3         161         162
           3         161         163
           3         164         165
           3         164         166
           3         167         168
           3         167         169
           3         170         171
           3         170         172
           3         173         174
           3         173         175
           3         176         177
           3         176         178
           3         179         180
           3         179         181
           3         182         183
           3         182         184
           3         185         186
           3         185         187
           3         188         189
           3         188         190
           3         191         192
           3         191         193
           3         194         195
           3         194         196
           3         197         198
           3         197         199
           3         200         201
           3         200         202
           3         203         204
           3         203         205
           3         206         207
           3         206         208
           3         209         210
           3         209         211
           3         212         213
           3         212         214
           3         215         216
           3         215         217
           3         218         219
           3         218         220
           3         221         222
           3         221         223
           3         224         225
           3         224         226
           3         227         228
           3         227         229
           3         230         231
           3         230         232
           3         233         234
           3         233         235
           3         236         237
           3         236         238
           3         239         240
           3         239         241
           3         242         243
           3         242         244
           3         245         246
           3         245         247
           3         248         249
           3         248         250
           3         251         252
           3         251         253
           3         254         255
           3         254         256
           3         257         258
           3         257         259
           3         260         261
           3         260         262
           3         263         264
           3         263         265
           3         266         267
           3         266         268
           3         269         270
           3         269         271
           3         272         273
           3         272         274
           3         275         276
           3         275         277
           3         278         279
           3         278         280
           3         281         282
           3         281         283
           3         284         285
           3         284         286
           3         287         288
           3         287         289
           3         290         291
           3         290         292
           3         293         294
           3         293         295
           3         296         297
           3         296         298
           3         299         300
           3         299         301
           3         302         303
           3         302         304
           3         305         306
           3         305         307
           3         308         309
           3         308         310
           3         311         312
           3         311         313
           3         314         315
           3         314         316
           3         317         318
           3         317         319
           3         320         321
           3         320         322
           3         323         324
           3         323         325
           3         326         327
           3         326         328
           3         329         330
           3         329         331
           3         332         333
           3         332         334
           3         335         336
           3         335         337
           3         338         339
           3         338         340
           3         341         342
           3         341         343
           3         344         345
           3         344         346
           3         347         348
           3         347         349
           3         350         351
           3         350         352
           3         353         354
           3         353         355
           3         356         357
           3         356         358
           4          11          12
           4          11          13
           4          14          15
           4          14          16
           4          17          18
           4          17          19
           4          20          21
           4          20          22
           4          23          24
           4          23          25
           4          26          27
           4          26          28
           4          29          30
           4          29          31
           4          32          33
           4          32          34
           4          35          36
           4          35          37
           4          38          39
           4          38          40
           4          41          42
           4          41          43
           4          44          45
           4          44          46
           4          47          48
           4          47          49
           4          50          51
           4          50          52
           4          53          54
           4          53          55
           4          56          57
           4          56          58
           4          59          60
           4          59          61
           4          62          63
           4          62          64
           4          65          66
           4          65          67
           4          68          69
           4          68          70
           4          71          72
           4          71          73
           4          74          75
           4          74          76
           4          77          78
           4          77          79
           4          80          81
           4          80          82
           4          83          84
           4          83          85
           4          86          87
           4          86          88
           4          89          90
           4          89          91
           4          92          93
           4          92          94
           4          95          96
           4          95          97
           4          98          99
           4          98         100
           4         101         102
           4         101         103
           4         104         105
           4         104         106
           4         107         108
           4         107         109
           4         110         111
           4         110         112
           4         113         114
           4         113         115
           4         116         117
           4         116         118
           4         119         120
           4         119         121
           4         122         123
           4         122         124
           4         125         126
           4         125         127
           4         128         129
           4         128         130
           4         131         132
           4         131         133
           4         134         135
           4         134         136
           4         137         138
           4         137         139
           4         140         141
           4         140         142
           4         143         144
           4         143         145
           4         146         147
           4         146         148
           4         149         150
           4         149         151
           4         152         153
           4         152         154
           4         155         156
           4         155         157
           4         158         159
           4         158         160
           4         161         162
           4         161         163
           4         164         165
           4         164         166
           4         167         168
           4         167         169
           4         170         171
           4         170         172
           4         173         174
           4         173         175
           4         176         177
           4         176         178
           4         179         180
           4         179         181
           4         182         183
           4         182         184
           4         185         186
           4         185         187
           4         188         189
           4         188         190
           4         191         192
           4         191         193
           4         194         195
           4         194         196
           4         197         198
           4         197         199
           4         200         201
           4         200         202
           4         203         204
           4         203         205
           4         206         207
           4         206         208
           4         209         210
           4         209         211
           4         212         213
           4         212         214
           4         215         216
           4         215         217
           4         218         219
           4         218         220
           4         221         222
           4         221         223
           4         224         225
           4         224         226
           4         227         228
           4         227         229
           4         230         231
           4         230         232
           4         233         234
           4         233         235
           4         236         237
           4         236         238
           4         239         240
           4         239         241
           4         242         243
           4         242         244
           4         245         246
           4         245         247
           4         248         249
           4         248         250
           4         251         252
           4         251         253
           4         254         255
           4         254         256
           4         257         258
           4         257         259
           4         260         261
           4         260         262
           4         263         264
           4         263         265
           4         266         267
           4         266         268
           4         269         270
           4         269         271
           4         272         273
           4         272         274
           4         275         276
           4         275         277
           4         278         279
           4         278         280
           4         281         282
           4         281         283
           4         284         285
           4         284         286
           4         287         288
           4         287         289
           4         290         291
           4         290         292
           4         293         294
           4         293         295
           4         296         297
           4         296         298
           4         299         300
           4         299         301
           4         302         303
           4         302         304
           4         305         306
           4         305         307
           4         308         309
           4         308         310
           4         311         312
           4         311         313
           4         314         315
           4         314         316
           4         317         318
           4         317         319
           4         320         321
           4         320         322
           4         323         324
           4         323         325
           4         326         327
           4         326         328
           4         329         330
           4         329         331
           4         332         333
           4         332         334
           4         335         336
           4         335         337
           4         338         339
           4         338         340
           4         341         342
           4         341         343
           4         344         345
           4         344         346
           4         347         348
           4         347         349
           4         350         351
           4         350         352
           4         353         354
           4         353         355
           4         356         357
           4         356         358
