   5.00000007E-02   1.90249896    
  0.100000001       2.33932471    
  0.150000006       1.54113483    
  0.200000003       1.29435241    
  0.250000000       1.19832325    
  0.300000012       1.13459218    
  0.349999994      0.978636205    
  0.400000006       1.00684977    
  0.450000018      0.811125875    
  0.500000000      0.878644347    
  0.550000012      0.787963152    
  0.600000024      0.808479011    
  0.650000036      0.752274275    
  0.699999988      0.752902746    
  0.750000000      0.724860847    
  0.800000012      0.678077877    
  0.850000024      0.689005315    
  0.900000036      0.684637070    
  0.949999988      0.629586518    
   1.00000000      0.644246817    
   1.05000007      0.620948195    
   1.10000002      0.641692042    
   1.14999998      0.585086048    
   1.20000005      0.577148378    
   1.25000000      0.573094964    
   1.30000007      0.563899398    
   1.35000002      0.593111753    
   1.39999998      0.568412721    
   1.45000005      0.555531263    
   1.50000000      0.525516212    
   1.55000007      0.516435802    
   1.60000002      0.506173313    
   1.64999998      0.494210273    
   1.70000005      0.515732110    
   1.75000000      0.489623994    
   1.80000007      0.496134996    
   1.85000002      0.452974260    
   1.89999998      0.440749496    
   1.95000005      0.488257200    
   2.00000000      0.405797690    
   2.04999995      0.479823560    
   2.10000014      0.423729748    
   2.15000010      0.432080150    
   2.20000005      0.452333540    
   2.25000000      0.406890035    
   2.29999995      0.427663296    
   2.35000014      0.382104248    
   2.40000010      0.402590603    
   2.45000005      0.426937550    
   2.50000000      0.368150204    
   2.54999995      0.378876299    
   2.60000014      0.382122815    
   2.65000010      0.392338544    
   2.70000005      0.405380130    
   2.75000000      0.322747350    
   2.79999995      0.395282775    
   2.85000014      0.334704667    
   2.90000010      0.368464112    
   2.95000005      0.354407072    
   3.00000000      0.313812345    
   3.04999995      0.379044563    
   3.10000014      0.287193567    
   3.15000010      0.372248679    
   3.20000005      0.315083086    
   3.25000000      0.356437713    
   3.29999995      0.291404188    
   3.35000014      0.323319227    
   3.40000010      0.316505462    
   3.45000005      0.316990525    
   3.50000000      0.271837115    
   3.54999995      0.333408237    
   3.60000014      0.289719701    
   3.65000010      0.298335254    
   3.70000005      0.268194586    
   3.75000000      0.311848760    
   3.79999995      0.274219185    
   3.85000014      0.283812284    
   3.90000010      0.245995700    
   3.95000005      0.286562741    
   4.00000000      0.296694905    
   4.05000019      0.236902490    
   4.09999990      0.280580640    
   4.15000010      0.296416372    
   4.20000029      0.202680260    
   4.25000000      0.288533270    
   4.30000019      0.232305601    
   4.34999990      0.240944311    
   4.40000010      0.301907808    
   4.45000029      0.223697796    
   4.50000000      0.234820500    
   4.55000019      0.261583567    
   4.59999990      0.242583618    
   4.65000010      0.260343164    
   4.70000029      0.239300296    
   4.75000000      0.224486575    
   4.80000019      0.204993263    
   4.84999990      0.285273254    
   4.90000010      0.198211819    
   4.95000029      0.226997748    
   5.00000000      0.213585570    
   5.05000019      0.263591707    
   5.09999990      0.225662008    
   5.15000010      0.190875292    
   5.20000029      0.236774355    
   5.25000000      0.231271669    
   5.30000019      0.210274577    
   5.34999990      0.217305228    
   5.40000010      0.231297180    
   5.45000029      0.240156412    
   5.50000000      0.180012479    
   5.55000019      0.175915167    
   5.59999990      0.232013971    
   5.65000010      0.159302860    
   5.70000029      0.184519425    
   5.75000000      0.171927795    
   5.80000019      0.182683066    
   5.84999990      0.184722617    
   5.90000010      0.170067519    
   5.95000029      0.215832144    
   6.00000000      0.178166285    
   6.05000019      0.158706695    
   6.09999990      0.179816768    
   6.15000010      0.179426804    
   6.20000029      0.160022125    
   6.25000000      0.149581358    
   6.30000019      0.182973072    
   6.34999990      0.145580083    
   6.40000010      0.153935909    
   6.45000029      0.157573402    
   6.50000000      0.154430494    
   6.55000019      0.156469688    
   6.59999990      0.143788323    
   6.65000010      0.172915146    
   6.70000029      0.134657875    
   6.75000000      0.155631006    
   6.80000019       9.52617303E-02
   6.84999990      0.181041181    
   6.90000010      0.150834084    
   6.95000029      0.155172989    
   7.00000000      0.114529014    
   7.05000019      0.130413949    
   7.09999990      0.150597751    
   7.15000010      0.147436514    
   7.20000029      0.157681331    
   7.25000000      0.138194889    
   7.30000019      0.117313430    
   7.34999990      0.130780473    
   7.40000010      0.159603208    
   7.45000029      0.127192557    
   7.50000000      0.148587346    
   7.55000019      0.125750780    
   7.59999990      0.121493787    
   7.65000010      0.149520889    
   7.70000029      0.139194548    
   7.75000000      0.100857370    
   7.80000019      0.127138481    
   7.84999990      0.154516950    
   7.90000010       9.95836928E-02
   7.95000029      0.101624094    
   8.00000000      0.163860902    
   8.05000019       8.79753754E-02
   8.10000038      0.107599340    
   8.15000057      0.104398891    
   8.19999981      0.145271227    
   8.25000000      0.107951388    
   8.30000019      0.110927358    
   8.35000038       9.08768103E-02
   8.40000057      0.104361624    
   8.44999981       7.77978972E-02
   8.50000000      0.139794588    
   8.55000019      0.106413305    
   8.60000038       9.68529209E-02
   8.65000057      0.110365503    
   8.69999981       9.39814746E-02
   8.75000000       8.33204538E-02
   8.80000019      0.124445997    
   8.85000038       8.41585323E-02
   8.90000057      0.105761297    
   8.94999981       6.97059631E-02
   9.00000000      0.128048897    
   9.05000019       8.77026245E-02
   9.10000038      0.119130671    
   9.15000057       8.90123099E-02
   9.19999981       7.55139142E-02
   9.25000000       9.74814519E-02
   9.30000019       8.49101320E-02
   9.35000038       8.18277374E-02
   9.40000057      0.110676497    
   9.44999981       9.50569212E-02
   9.50000000       7.48271197E-02
   9.55000019       9.28673670E-02
   9.60000038       6.71610758E-02
   9.65000057       9.89457518E-02
   9.69999981       7.81404302E-02
   9.75000000       7.83260390E-02
   9.80000019       9.77295712E-02
   9.85000038       6.97103366E-02
   9.90000057       9.70213637E-02
   9.94999981       6.07689619E-02
   10.0000000       7.43270591E-02
   10.0500002       9.70533490E-02
   10.1000004       8.17434117E-02
   10.1500006       7.88762793E-02
   10.1999998       9.08947513E-02
   10.2500000       4.98542562E-02
   10.3000002       8.95520970E-02
   10.3500004       6.06391616E-02
   10.4000006       9.86445993E-02
   10.4499998       5.92720658E-02
   10.5000000       5.92159554E-02
   10.5500002       6.96091354E-02
   10.6000004       7.52942562E-02
   10.6500006       5.70819266E-02
   10.6999998       8.26664716E-02
   10.7500000       8.04946125E-02
   10.8000002       4.97477166E-02
   10.8500004       6.18933998E-02
   10.9000006       7.03457445E-02
   10.9499998       6.80872276E-02
   11.0000000       4.92715910E-02
   11.0500002       6.90065995E-02
   11.1000004       9.48314145E-02
   11.1500006       5.65100871E-02
   11.1999998       4.50831465E-02
   11.2500000       6.67422786E-02
   11.3000002       5.26239537E-02
   11.3500004       6.84531480E-02
   11.4000006       7.70192742E-02
   11.4499998       5.98828159E-02
   11.5000000       5.38123287E-02
   11.5500002       5.63661866E-02
   11.6000004       7.57114664E-02
   11.6500006       4.00093570E-02
   11.6999998       7.60865211E-02
   11.7500000       7.57191479E-02
   11.8000002       3.81517038E-02
   11.8500004       7.21272230E-02
   11.9000006       6.45344555E-02
   11.9499998       6.51151389E-02
   12.0000000       5.75934239E-02
   12.0500002       8.20126906E-02
   12.1000004       5.08006141E-02
   12.1500006       6.56127557E-02
   12.1999998       4.98053282E-02
   12.2500000       4.64815646E-02
   12.3000002       4.78530265E-02
   12.3500004       6.65898100E-02
   12.4000006       5.29895611E-02
   12.4499998       5.51622249E-02
   12.5000000       5.55025302E-02
   12.5500002       5.39283268E-02
   12.6000004       4.26164977E-02
   12.6500006       5.12553789E-02
   12.6999998       7.46765509E-02
   12.7500000       4.97768857E-02
   12.8000002       4.88369428E-02
   12.8500004       5.37334010E-02
   12.9000006       7.04723522E-02
   12.9499998       3.74503471E-02
   13.0000000       6.48429990E-02
   13.0500002       3.35551947E-02
   13.1000004       6.30505085E-02
   13.1500006       5.50603457E-02
   13.1999998       5.19547015E-02
   13.2500000       4.94081751E-02
   13.3000002       4.57362533E-02
   13.3500004       6.35739416E-02
   13.4000006       3.94279398E-02
   13.4499998       7.35042170E-02
   13.5000000       4.64501195E-02
   13.5500002       5.55528179E-02
   13.6000004       3.82827371E-02
   13.6500006       5.00444472E-02
   13.6999998       4.54759933E-02
   13.7500000       4.56547402E-02
   13.8000002       4.07588519E-02
   13.8500004       6.39017969E-02
   13.9000006       5.44949472E-02
   13.9499998       5.55644892E-02
   14.0000000       6.06687553E-02
   14.0500002       1.16219576E-02
   14.1000004       5.34494743E-02
   14.1500006       5.04817329E-02
   14.1999998       4.84006181E-02
   14.2500000       5.11678867E-02
   14.3000002       5.29668853E-02
   14.3500004       4.21473905E-02
   14.4000006       4.13546115E-02
   14.4499998       1.10915564E-02
   14.5000000       6.79522902E-02
   14.5500002       4.97485660E-02
   14.6000004       4.50667739E-02
   14.6500006       3.98137495E-02
   14.6999998       4.59132418E-02
   14.7500000       4.52008322E-02
   14.8000002       4.09970507E-02
   14.8500004       3.93888839E-02
   14.9000006       5.81721105E-02
   14.9499998       2.90161669E-02
   15.0000000       6.60235435E-02
   15.0500002       2.35077832E-02
   15.1000004       4.47554700E-02
   15.1500006       4.41218466E-02
   15.1999998       6.30327314E-02
   15.2500000       4.35862988E-02
   15.3000002       1.03507135E-02
   15.3500004       7.00375140E-02
   15.4000006       2.37356704E-02
   15.4499998       5.18147610E-02
   15.5000000       4.05702181E-02
   15.5500002       3.48697901E-02
   15.6000004       5.98820858E-02
   15.6500006       5.58193810E-02
   15.6999998       2.88609192E-02
   15.7500000       6.33882657E-02
   15.8000002       3.18293497E-02
   15.8500004       4.34655026E-02
   15.9000006       3.43111828E-02
   15.9499998       3.62908468E-02
   16.0000000       5.56460954E-02
   16.0500011       3.97629663E-02
   16.1000004       5.47059625E-02
   16.1499996       2.74048299E-02
   16.2000008       2.62665208E-02
   16.2500000       5.60848787E-02
   16.3000011       3.96775454E-02
   16.3500004       2.86810379E-02
   16.3999996       4.37374264E-02
   16.4500008       3.48722488E-02
   16.5000000       4.55823392E-02
   16.5500011       3.22659798E-02
   16.6000004       4.38069329E-02
   16.6499996       3.98703329E-02
   16.7000008       4.13695127E-02
   16.7500000       4.07264866E-02
   16.8000011       4.23921384E-02
   16.8500004       4.80196029E-02
   16.8999996       2.72384379E-02
   16.9500008       5.18562570E-02
   17.0000000       4.51031849E-02
   17.0500011       2.33043078E-02
   17.1000004       5.15876487E-02
   17.1499996       3.77137363E-02
   17.2000008       4.18657213E-02
   17.2500000       3.63367237E-02
   17.3000011       1.62297059E-02
   17.3500004       5.68268187E-02
   17.3999996       4.15183157E-02
   17.4500008       3.73068415E-02
   17.5000000       4.36249785E-02
   17.5500011       3.15287933E-02
   17.6000004       5.01342192E-02
   17.6499996       3.05576064E-02
   17.7000008       4.41934057E-02
   17.7500000       3.47373299E-02
   17.8000011       2.26132572E-02
   17.8500004       3.36007997E-02
   17.8999996       2.82892641E-02
   17.9500008       2.73017678E-02
   18.0000000       3.94702666E-02
   18.0500011       4.04857509E-02
   18.1000004       1.51674515E-02
   18.1499996       4.41866741E-02
   18.2000008       1.78486146E-02
   18.2500000       4.08847779E-02
   18.3000011       1.07678762E-02
   18.3500004       4.14187461E-02
   18.3999996       2.43934523E-02
   18.4500008       3.69392559E-02
   18.5000000       3.21049131E-02
   18.5500011       2.70994995E-02
   18.6000004       2.86165867E-02
   18.6499996       4.34445105E-02
   18.7000008       2.07679681E-02
   18.7500000       3.71126086E-02
   18.8000011       2.59809699E-02
   18.8500004       1.54272085E-02
   18.8999996       3.79125960E-02
   18.9500008       2.71873008E-02
   19.0000000       3.76075283E-02
   19.0500011       2.60335747E-02
   19.1000004       2.15074494E-02
   19.1499996       3.70650254E-02
   19.2000008       2.32065618E-02
   19.2500000       1.83372293E-02
   19.3000011       2.95366570E-02
   19.3500004       1.87730771E-02
   19.3999996       4.09301333E-02
   19.4500008       4.51594070E-02
   19.5000000       6.82725571E-03
   19.5500011       4.01369072E-02
   19.6000004       2.15106737E-02
   19.6499996       3.57813053E-02
   19.7000008       2.74379179E-02
   19.7500000       2.65200380E-02
   19.8000011       2.59394124E-02
   19.8500004       2.85703689E-02
   19.8999996       3.99133004E-02
   19.9500008       2.84244567E-02
   20.0000000       2.44584307E-02
   20.0500011       4.89369035E-02
   20.1000004       1.38908718E-02
   20.1499996       2.50815731E-02
   20.2000008       1.33088566E-02
   20.2500000       3.50242183E-02
   20.3000011       8.22940748E-03
   20.3500004       4.26916033E-02
   20.3999996       7.13233091E-03
   20.4500008       2.95603666E-02
   20.5000000       2.46437583E-02
   20.5500011       3.66407409E-02
   20.6000004       1.64142903E-02
   20.6499996       2.62056142E-02
   20.7000008       2.52800602E-02
   20.7500000       9.11137089E-03
   20.8000011       2.65786592E-02
   20.8500004       2.26693489E-02
   20.8999996       3.10339797E-02
   20.9500008       2.86585111E-02
   21.0000000       1.86016131E-02
   21.0500011       4.20842320E-02
   21.1000004       1.41762048E-02
   21.1499996       4.87828106E-02
   21.2000008       5.72644500E-03
   21.2500000       1.55618181E-02
   21.3000011       3.13075483E-02
   21.3500004       3.49146761E-02
   21.3999996       1.14717884E-02
   21.4500008       2.75779869E-02
   21.5000000       2.77607199E-02
   21.5500011       1.06288893E-02
   21.6000004       2.92415041E-02
   21.6499996       3.15698795E-02
   21.7000008       1.99110061E-02
   21.7500000       1.18485112E-02
   21.8000011       2.00993028E-02
   21.8500004       1.79593861E-02
   21.8999996       3.13774832E-02
   21.9500008       1.66842658E-02
   22.0000000       2.78760213E-02
   22.0500011       2.22068224E-02
   22.1000004       1.16246594E-02
   22.1499996       3.73005345E-02
   22.2000008       1.02554504E-02
   22.2500000       5.06950617E-02
   22.3000011      -7.76268833E-04
   22.3500004       3.70175838E-02
   22.3999996       1.81280461E-03
   22.4500008       2.91896258E-02
   22.5000000       9.58994683E-03
   22.5500011       3.85486223E-02
   22.6000004       1.52183762E-02
   22.6499996       2.57782545E-02
   22.7000008       7.78862694E-03
   22.7500000       2.59729363E-02
   22.8000011       1.46375271E-02
   22.8500004       1.81095935E-02
   22.8999996       3.87482271E-02
   22.9500008       1.41355759E-02
   23.0000000       1.63972098E-02
   23.0500011       2.77740788E-02
   23.1000004       1.77134052E-02
   23.1499996       1.75470933E-02
   23.2000008       3.02423593E-02
   23.2500000       3.91228637E-03
   23.3000011       3.86174433E-02
   23.3500004       1.47921767E-03
   23.3999996       2.36774087E-02
   23.4500008       2.51678322E-02
   23.5000000       1.87313519E-02
   23.5500011       2.29228586E-02
   23.6000004       1.26433996E-02
   23.6499996       2.66931765E-02
   23.7000008       2.16427743E-02
   23.7500000       1.27466880E-02
   23.8000011       1.13545815E-02
   23.8500004       1.85244922E-02
   23.8999996       3.07706539E-02
   23.9500008       1.54359148E-09
   24.0000000       3.65710035E-02
   24.0500011       1.59299914E-02
   24.1000004       1.57615989E-02
   24.1499996       4.38007619E-03
   24.2000008       1.52491061E-02
   24.2500000       2.19189003E-02
   24.3000011       1.30691864E-02
   24.3500004       1.21972309E-02
   24.3999996       2.04543788E-02
   24.4500008       2.04630345E-02
   24.5000000       5.18381596E-03
   24.5500011       3.70054059E-02
   24.6000004       2.72601796E-03
   24.6499996       2.14655176E-02
   24.7000008       1.42577467E-02
   24.7500000       1.15343062E-02
   24.8000011       2.19333041E-02
   24.8500004       2.08851956E-02
   24.8999996       1.08437352E-02
   24.9500008       3.00755501E-02
   25.0000000       1.65000577E-02
   25.0500011       3.09839286E-02
   25.1000004       1.79270953E-02
   25.1499996       2.62395144E-02
   25.2000008       9.98764019E-03
   25.2500000       2.37860307E-02
   25.3000011       2.18500402E-02
   25.3500004       1.30094308E-02
   25.3999996       9.65056755E-03
   25.4500008       2.80783232E-02
   25.5000000       8.94992519E-03
   25.5500011       2.01237779E-02
   25.6000004       2.13740356E-02
   25.6499996       1.42850410E-02
   25.7000008       2.92036794E-02
   25.7500000       9.32431687E-03
   25.8000011       2.45201364E-02
   25.8500004       2.93301456E-02
   25.8999996       2.51635890E-02
   25.9500008       1.29875010E-02
   26.0000000       1.83327198E-02
   26.0500011       2.29702555E-02
   26.1000004       2.67210742E-03
   26.1499996       4.70492877E-02
   26.2000008       8.11236352E-03
   26.2500000       3.40687595E-02
   26.3000011       1.17775220E-02
   26.3500004       1.60671659E-02
   26.3999996       2.64329612E-02
   26.4500008       2.68017482E-02
   26.5000000       1.57304965E-02
   26.5500011       2.66460478E-02
   26.6000004       2.61208247E-02
   26.6499996       2.84589399E-02
   26.7000008       1.93389468E-02
   26.7500000       3.45743336E-02
   26.8000011       8.96093261E-04
   26.8500004       3.00321765E-02
   26.8999996       4.21529496E-03
   26.9500008       2.48541087E-02
   27.0000000       2.35184021E-02
   27.0500011       1.45482216E-02
   27.1000004       1.26678310E-02
   27.1499996       1.84257552E-02
   27.2000008       1.75345428E-02
   27.2500000       2.76176631E-02
   27.3000011       1.70997926E-03
   27.3500004       3.48446891E-02
   27.3999996       1.05390148E-02
   27.4500008       1.80232599E-02
   27.5000000       2.25388594E-02
   27.5500011       2.02938188E-02
   27.6000004       1.39862737E-02
   27.6499996       1.20966239E-02
   27.7000008       1.20116016E-02
   27.7500000       1.59923378E-02
   27.8000011       2.06092652E-02
   27.8500004       1.08516507E-03
   27.8999996       2.17129160E-02
   27.9500008       9.41304024E-03
   28.0000000       2.87947413E-02
   28.0500011       5.97888371E-03
   28.1000004       1.64944418E-02
   28.1499996       1.08802330E-03
   28.2000008       9.07081552E-03
   28.2500000       1.52456388E-02
   28.3000011       1.71588548E-02
   28.3500004       1.75296795E-02
   28.3999996       1.81734543E-02
   28.4500008       1.56360231E-02
   28.5000000       1.53700514E-02
   28.5500011       2.07450334E-02
   28.6000004       1.92066934E-02
   28.6499996       2.62272954E-02
   28.7000008       2.62388196E-02
   28.7500000       1.52215697E-02
   28.8000011       1.99700091E-02
   28.8500004       2.27156281E-02
   28.8999996       2.23605558E-02
   28.9500008       1.87180936E-02
   29.0000000       1.78128723E-02
   29.0500011       1.86432190E-02
   29.1000004       1.61828827E-02
   29.1499996       2.22269651E-02
   29.2000008       2.31518969E-02
   29.2500000       1.52888447E-02
   29.3000011       4.33222204E-02
   29.3500004      -1.19119661E-03
   29.3999996       1.97093748E-02
   29.4500008       1.53159034E-02
   29.5000000       2.11948510E-02
   29.5500011       1.20249018E-02
   29.6000004       1.12955635E-02
   29.6499996       3.20642367E-02
   29.7000008       1.70043558E-02
   29.7500000       5.60932467E-03
   29.8000011       3.96507420E-02
   29.8500004       1.15047432E-02
   29.8999996       2.56899707E-02
   29.9500008       1.66736580E-02
   30.0000000       1.75105557E-02
   30.0500011       2.62775049E-02
   30.1000004       3.12702991E-02
   30.1499996       4.61422227E-04
   30.2000008       2.85284296E-02
   30.2500000       1.20999673E-02
   30.3000011       8.03943165E-03
   30.3500004       2.94911023E-02
   30.3999996       5.27192047E-03
   30.4500008       3.08129173E-02
   30.5000000       1.10161323E-02
   30.5500011       1.34290187E-02
   30.6000004       1.93649773E-02
   30.6499996       1.99298114E-02
   30.7000008       1.95677672E-02
   30.7500000       2.66278181E-02
   30.8000011       3.99131561E-03
   30.8500004       1.60652995E-02
   30.8999996       2.48055495E-02
   30.9500008       1.86822116E-02
   31.0000000       2.66875569E-02
   31.0500011       1.44196237E-02
   31.1000004       2.55946927E-02
   31.1499996       2.61648539E-02
   31.2000008       1.33212171E-02
   31.2500000       2.09693555E-02
   31.3000011      -2.79716944E-04
   31.3500004       2.73313560E-02
   31.3999996       1.76380873E-02
   31.4500008       3.10906060E-02
   31.5000000       1.13022784E-02
   31.5500011       1.82226319E-02
   31.6000004       4.67456790E-04
   31.6499996       3.41398530E-02
   31.7000008       8.32825899E-03
   31.7500000       2.21875645E-02
   31.8000011       1.77018661E-02
   31.8500004       7.40253506E-03
   31.8999996       2.78423838E-02
   31.9500008       1.07856020E-02
   32.0000000       2.18624584E-02
   32.0499992       1.37993004E-02
   32.1000023       2.22579371E-02
   32.1500015       1.36239156E-02
   32.2000008       1.49460956E-02
   32.2500000       1.13792364E-02
   32.2999992       1.49596827E-02
   32.3500023       1.87316202E-02
   32.4000015       9.69966594E-03
   32.4500008       1.68643706E-02
   32.5000000       1.41385489E-03
   32.5499992       1.59367211E-02
   32.6000023       7.83047173E-03
   32.6500015       1.46298315E-02
   32.7000008       1.23702008E-02
   32.7500000       8.21906608E-03
   32.7999992       6.33251574E-03
   32.8500023       1.88171193E-02
   32.9000015       1.80688985E-02
   32.9500008       2.28093956E-02
   33.0000000       1.63810253E-02
   33.0499992       1.10835657E-02
   33.1000023       2.03765426E-02
   33.1500015       1.82998795E-02
   33.2000008       2.18181242E-03
   33.2500000       2.15434209E-02
   33.2999992       7.69081945E-03
   33.3500023       1.99482888E-02
   33.4000015       1.06439712E-02
   33.4500008       2.20583435E-02
   33.5000000       1.51245072E-02
   33.5499992       2.19834279E-02
   33.6000023       8.56893079E-04
   33.6500015       2.48612612E-02
   33.7000008       2.42056437E-02
   33.7500000       5.05310902E-03
   33.7999992       1.65970698E-02
   33.8500023       2.26167813E-02
   33.9000015       1.47029171E-02
   33.9500008       1.36589939E-02
   34.0000000       1.50987105E-02
   34.0499992       2.10332256E-02
   34.1000023       8.99108872E-03
   34.1500015       3.17703858E-02
   34.2000008       2.60407869E-02
   34.2500000       3.92707437E-03
   34.2999992       2.54898909E-02
   34.3500023       3.64309805E-03
   34.4000015       1.58260390E-02
   34.4500008       3.18586305E-02
   34.5000000       1.61287300E-02
   34.5499992       2.11307481E-02
   34.6000023       2.63295807E-02
   34.6500015       1.74971111E-02
   34.7000008       2.07754392E-02
   34.7500000       9.62273218E-03
   34.7999992       2.06022020E-02
   34.8500023       1.56033216E-02
   34.9000015       1.38760647E-02
   34.9500008       1.81244072E-02
   35.0000000       1.50464019E-02
   35.0499992       1.77553054E-02
   35.1000023       1.95013098E-02
   35.1500015       9.46544763E-03
   35.2000008       9.27659683E-03
   35.2500000       2.39757299E-02
   35.2999992       2.08918322E-02
   35.3500023       1.10313911E-02
   35.4000015       1.66516472E-02
   35.4500008       1.60782784E-02
   35.5000000       1.18221007E-02
   35.5499992       2.42369194E-02
   35.6000023       4.26769629E-03
   35.6500015       2.23188829E-02
   35.7000008       1.76693015E-02
   35.7500000       1.69005636E-02
   35.7999992       1.69084780E-02
   35.8500023       7.38877570E-03
   35.9000015       8.94850120E-03
   35.9500008       1.45968013E-02
   36.0000000      -2.53129704E-03
   36.0499992       2.82470286E-02
   36.1000023      -6.04185695E-03
   36.1500015       1.90115608E-02
   36.2000008       6.53525675E-03
   36.2500000       6.34315424E-03
   36.2999992       1.55236572E-02
   36.3500023       1.16238166E-02
   36.4000015       4.10445593E-03
   36.4500008       2.13141590E-02
   36.5000000       9.78174061E-03
   36.5499992       1.18414955E-02
   36.6000023       1.05742589E-02
   36.6500015       1.17547438E-02
   36.7000008       2.54806550E-03
   36.7500000       2.39239391E-02
   36.7999992       1.35371583E-02
   36.8500023       8.44019186E-03
   36.9000015      -1.76738598E-03
   36.9500008       4.91174543E-03
   37.0000000       6.68313447E-03
   37.0499992       3.73647269E-03
   37.1000023       3.26604061E-02
   37.1500015       1.37790083E-03
   37.2000008       8.27134401E-03
   37.2500000       1.39891449E-02
   37.2999992       1.91210527E-02
   37.3500023      -2.76104896E-03
   37.4000015       3.05832885E-02
   37.4500008       6.51438208E-03
   37.5000000      -1.77749945E-03
   37.5499992       1.01760831E-02
   37.6000023       1.57162156E-02
   37.6500015       9.98802669E-03
   37.7000008       1.37524540E-02
   37.7500000      -1.48478546E-03
   37.7999992       3.26809566E-03
   37.8500023       7.82735180E-03
   37.9000015       8.42587277E-03
   37.9500008       1.59672275E-02
   38.0000000       9.62461531E-03
   38.0499992       5.65841468E-03
   38.1000023       1.75792873E-02
   38.1500015       1.59978662E-02
   38.2000008       1.69002893E-03
   38.2500000       1.18358666E-02
   38.2999992       6.66708732E-03
   38.3500023       1.18472381E-02
   38.4000015       1.58371124E-02
   38.4500008      -3.38818319E-03
   38.5000000       6.18142774E-03
   38.5499992       1.19697873E-03
   38.6000023       1.11772018E-02
   38.6500015       1.05835190E-02
   38.7000008       4.49516205E-03
   38.7500000       2.69840378E-02
   38.7999992       1.19987014E-03
   38.8500023       3.40127107E-03
   38.9000015       7.60651333E-03
   38.9500008       7.81045109E-03
   39.0000000       7.11295754E-03
   39.0499992       1.25288526E-02
   39.1000023      -5.01397881E-04
   39.1500015       1.27416588E-02
   39.2000008       6.92598522E-03
   39.2500000       1.22518856E-02
   39.2999992       1.53725194E-02
   39.3500023       3.07599250E-02
   39.4000015       3.62057588E-03
   39.4500008       8.25087167E-03
   39.5000000       2.63753422E-02
   39.5499992       9.46750771E-03
   39.6000023       1.89442318E-02
   39.6500015       1.10897887E-02
   39.7000008       1.59367137E-02
   39.7500000       1.62472334E-02
   39.7999992       1.71638152E-03
   39.8500023      -1.51519396E-03
   39.9000015       1.23295812E-02
   39.9500008       1.96156166E-02
   40.0000000      -6.06964866E-04
   40.0499992       9.31133889E-03
   40.1000023       1.42776109E-02
   40.1500015       1.61081739E-02
   40.2000008       1.95622426E-02
   40.2500000       8.82253051E-03
   40.2999992       1.06530860E-02
   40.3500023       7.61308428E-03
   40.4000015       8.83550476E-03
   40.4500008       1.95086040E-02
   40.5000000       3.86297493E-03
   40.5499992       1.79004557E-02
   40.6000023       6.30893465E-03
   40.6500015       9.46805160E-03
   40.7000008       6.00956893E-03
   40.7500000       8.86592735E-03
   40.7999992       1.80464461E-02
   40.8500023       2.34617596E-03
   40.9000015       2.64329519E-02
   40.9500008       1.25593031E-02
   41.0000000       1.45064872E-02
   41.0499992       1.08341370E-02
   41.1000023       1.22711118E-02
   41.1500015       1.47326142E-02
   41.2000008       1.48422476E-02
   41.2500000       2.02773623E-02
   41.2999992       1.59840118E-02
   41.3500023       1.53768351E-02
   41.4000015       9.23067518E-03
   41.4500008       1.70338806E-02
   41.5000000       1.44757172E-02
   41.5499992       3.80047923E-03
   41.6000023       1.65454131E-02
   41.6500015       1.42916329E-02
   41.7000008       1.10069392E-02
   41.7500000       1.13211684E-02
   41.7999992       1.95644498E-02
   41.8500023       5.15109207E-03
   41.9000015       9.68889240E-03
   41.9500008       2.70186476E-02
   42.0000000       4.53974260E-03
   42.0499992       8.77430942E-03
   42.1000023       1.79705266E-02
   42.1500015      -1.75661594E-03
   42.2000008       1.14753917E-02
   42.2500000       2.05832608E-02
   42.2999992      -3.82895465E-03
   42.3500023       1.25279585E-02
   42.4000015       2.22715400E-02
   42.4500008       2.49773711E-02
   42.5000000       3.83662293E-03
   42.5499992       1.62878539E-02
   42.6000023       9.34167020E-03
   42.6500015       2.66889986E-02
   42.7000008       6.44181343E-03
   42.7500000       1.39296213E-02
   42.7999992       9.67243686E-03
   42.8500023       1.40476814E-02
   42.9000015       2.13423911E-02
   42.9500008      -2.39571719E-03
   43.0000000       2.62619220E-02
   43.0499992       7.61143491E-03
   43.1000023       9.49301850E-03
   43.1500015       2.41098087E-02
   43.2000008       2.61060079E-03
   43.2500000       2.47609783E-02
   43.2999992       1.39024109E-02
   43.3500023      -1.98706076E-03
   43.4000015       2.31243465E-02
   43.4500008       1.03641041E-02
   43.5000000       1.26736350E-02
   43.5499992       2.08539478E-02
   43.6000023       1.64609533E-02
   43.6500015       1.56300999E-02
   43.7000008       3.04363924E-03
   43.7500000       1.43858492E-02
   43.7999992       1.44982198E-02
   43.8500023       1.77640636E-02
   43.9000015       9.57012083E-03
   43.9500008       1.48359546E-02
   44.0000000       1.50540406E-02
   44.0499992       1.99067220E-02
   44.1000023       1.54908970E-02
   44.1500015       1.67639572E-02
   44.2000008       3.27011314E-03
   44.2500000       1.17150731E-02
   44.2999992       2.67155115E-02
   44.3500023       1.48964776E-02
   44.4000015       1.25786373E-02
   44.4500008       7.93175213E-03
   44.5000000       1.89401358E-02
   44.5499992       2.67838091E-02
   44.6000023       9.21494141E-03
   44.6500015       2.76589673E-02
   44.7000008       2.86274147E-03
   44.7500000       6.68314379E-03
   44.7999992       1.46467611E-02
   44.8500023       3.71666113E-03
   44.9000015       2.32675970E-02
   44.9500008       1.63700841E-02
   45.0000000       2.03135889E-02
   45.0499992       9.47034545E-03
   45.1000023       1.85245946E-02
   45.1500015       1.64037533E-02
   45.2000008       1.54530397E-02
   45.2500000       1.79134291E-02
   45.2999992       2.03763712E-02
   45.3500023       1.88925341E-02
   45.4000015       2.07177568E-02
   45.4500008       7.15879118E-03
   45.5000000       2.68325694E-02
   45.5499992       2.12845970E-02
   45.6000023       2.27937791E-02
   45.6500015      -5.13928477E-03
   45.7000008       3.05302478E-02
   45.7500000       1.59697048E-02
   45.7999992       1.94094609E-02
   45.8500023       2.73589883E-02
   45.9000015       2.13617887E-02
   45.9500008       1.43917818E-02
   46.0000000       1.42917968E-02
   46.0499992       1.73095930E-02
   46.1000023       2.57089119E-02
   46.1500015      -3.33636254E-03
   46.2000008       4.05955091E-02
   46.2500000       1.13123339E-02
   46.2999992       1.78935602E-02
   46.3500023       2.16775984E-02
   46.4000015       1.15458257E-02
   46.4500008       1.21996123E-02
   46.5000000       3.91022936E-02
   46.5499992       1.45899542E-02
   46.6000023       3.25471647E-02
   46.6500015       7.46487454E-03
   46.7000008       1.98084917E-02
   46.7500000       2.59919409E-02
   46.7999992       1.05105666E-02
   46.8500023       2.69948710E-02
   46.9000015       1.50772994E-02
   46.9500008       1.81239471E-02
   47.0000000       2.39969641E-02
   47.0499992       1.53182819E-02
   47.1000023       3.38049084E-02
   47.1500015       2.35997234E-02
   47.2000008       1.59953032E-02
   47.2500000       1.79633405E-02
   47.2999992       2.66868472E-02
   47.3500023       7.73781817E-03
   47.4000015       2.38799173E-02
   47.4500008       1.49464328E-02
   47.5000000       2.23768838E-02
   47.5499992       1.34331882E-02
   47.6000023       2.26190519E-02
   47.6500015       1.51966317E-02
   47.7000008       2.17678528E-02
   47.7500000       1.17104957E-02
   47.7999992       2.27763411E-02
   47.8500023       3.82363051E-02
   47.9000015       2.95966794E-03
   47.9500008       2.46770270E-02
   48.0000000       2.00812705E-02
   48.0499992       9.33231227E-03
   48.1000023       9.99634806E-03
   48.1500015       1.46178203E-02
   48.2000008       1.61651168E-02
   48.2500000       2.71762051E-02
   48.2999992       1.46411089E-02
   48.3500023       2.03763004E-02
   48.4000015       1.46567263E-02
   48.4500008       1.92953963E-02
   48.5000000      -5.51590056E-04
   48.5499992       3.60932089E-02
   48.6000023       1.46879535E-02
   48.6500015       1.69056766E-02
   48.7000008       2.22212672E-02
   48.7500000       8.07471946E-03
   48.7999992       1.60473846E-02
   48.8500023       1.11838151E-02
   48.9000015       1.49566559E-02
   48.9500008       7.64859514E-03
   49.0000000       1.91871896E-02
   49.0499992       2.11948883E-02
   49.1000023       1.60989892E-02
   49.1500015       3.54367532E-02
   49.2000008      -2.66751717E-03
   49.2500000       2.50213947E-02
   49.2999992       1.98053457E-02
   49.3500023       2.01499667E-02
   49.4000015       2.30568293E-02
   49.4500008       2.45180298E-02
   49.5000000       1.89559460E-02
   49.5499992       2.69988775E-02
   49.6000023       1.98693648E-02
   49.6500015       9.15825367E-03
   49.7000008       1.32977823E-02
   49.7500000       1.53174875E-02
   49.7999992       2.14784201E-02
   49.8500023       2.02588346E-02
   49.9000015       8.39907955E-03
   49.9500008       9.30001214E-03
   50.0000000       1.82737652E-02
   50.0499992       9.08574089E-03
   50.1000023       2.88432222E-02
   50.1500015       9.43246763E-03
   50.2000008       1.82010382E-02
   50.2500000      -1.91102142E-03
   50.2999992       1.31594734E-02
   50.3500023       1.60925463E-02
   50.4000015       9.57069080E-03
   50.4500008       1.72366109E-02
   50.5000000       9.35566053E-03
   50.5499992       1.36464108E-02
   50.6000023       9.47870221E-03
   50.6500015       1.54677294E-02
   50.7000008       1.88651066E-02
   50.7500000       5.99039905E-03
   50.7999992       1.28920432E-02
   50.8500023       2.29694117E-02
   50.9000015       8.03802721E-03
   50.9500008       9.06188414E-03
   51.0000000       1.30335819E-02
   51.0499992       1.55354729E-02
   51.1000023       1.30478693E-02
   51.1500015       1.69147551E-02
   51.2000008       1.71511862E-02
   51.2500000       1.44330943E-02
   51.2999992       3.29755433E-03
   51.3500023       2.03650370E-02
   51.4000015       1.49122160E-02
   51.4500008       1.19591057E-02
   51.5000000       1.92590673E-02
   51.5499992      -3.42066720E-04
   51.6000023       1.90521125E-02
   51.6500015       1.38118267E-02
   51.7000008       1.93015300E-02
   51.7500000       4.68519935E-03
   51.7999992       1.61213949E-02
   51.8500023       3.43198568E-04
   51.9000015       3.54834483E-03
   51.9500008       1.61481556E-02
   52.0000000       1.71883660E-03
   52.0499992       1.61660127E-02
   52.1000023      -5.73578931E-04
   52.1500015       1.38883451E-02
   52.2000008       1.02210557E-02
   52.2500000       1.13757942E-02
   52.2999992      -1.72456272E-03
   52.3500023       1.55296726E-02
   52.4000015       1.53081175E-02
   52.4500008       1.02494676E-02
   52.5000000       7.48973060E-03
   52.5499992       1.39501775E-02
   52.6000023       8.07482633E-04
   52.6500015       2.20450461E-02
   52.7000008       1.69760678E-02
   52.7500000       5.77739207E-03
   52.7999992       2.11570561E-02
   52.8500023       1.45752886E-02
   52.9000015       4.39817924E-03
   52.9500008       2.45509222E-02
   53.0000000       1.04283970E-02
   53.0499992       1.73903760E-02
   53.1000023       9.97607969E-03
   53.1500015       1.29993632E-02
   53.2000008       1.62583143E-02
   53.2500000       9.52807162E-03
   53.2999992       1.25561971E-02
   53.3500023       1.46571323E-02
   53.4000015       1.16391778E-02
   53.4500008       1.18786329E-02
   53.5000000       2.49358565E-02
   53.5499992       5.12988307E-03
   53.6000023       1.80813503E-02
   53.6500015       1.54069848E-02
   53.7000008       1.77513808E-02
   53.7500000      -5.37515664E-03
   53.7999992       1.82390902E-02
   53.8500023       1.96532086E-02
   53.9000015       1.14708384E-02
   53.9500008       9.36924294E-03
   54.0000000       1.12494472E-02
   54.0499992       2.01666690E-02
   54.1000023       1.45469941E-02
   54.1500015       1.80766601E-02
   54.2000008       1.87915587E-03
   54.2500000       2.46779583E-02
   54.2999992       2.35161535E-03
   54.3500023       1.88236106E-02
   54.4000015       1.03588747E-02
   54.4500008       1.53115857E-02
   54.5000000       1.39061119E-02
   54.5499992       1.03765521E-02
   54.6000023       1.43938763E-02
   54.6500015       1.84157509E-02
   54.7000008       8.03195965E-03
   54.7500000       6.14557834E-03
   54.7999992       2.10488327E-02
   54.8500023       3.78622231E-03
   54.9000015       1.04180630E-02
   54.9500008       9.95020662E-03
   55.0000000       1.92006323E-02
   55.0499992       6.16669748E-03
   55.1000023       1.16285114E-02
   55.1500015       1.92336310E-02
   55.2000008       1.06914947E-02
   55.2500000       9.74673033E-03
   55.2999992       2.44997237E-02
   55.3500023       3.80796986E-03
   55.4000015       2.02414393E-02
   55.4500008       2.62099132E-03
   55.5000000       2.98011396E-02
   55.5499992       1.01382062E-02
   55.6000023       1.38436472E-02
   55.6500015       1.00304820E-02
   55.7000008       1.03947148E-02
   55.7500000       2.16382593E-02
   55.7999992       2.05742009E-02
   55.8500023       8.01899284E-03
   55.9000015       1.59275047E-02
   55.9500008       2.40848344E-02
   56.0000000       2.12212820E-02
   56.0499992       8.51741713E-03
   56.1000023       3.22889574E-02
   56.1500015       1.59736890E-02
   56.2000008       2.29529310E-02
   56.2500000       1.21444762E-02
   56.2999992       1.01062022E-02
   56.3500023       2.34744865E-02
   56.4000015       1.19247353E-02
   56.4500008       2.83226892E-02
   56.5000000       2.08624639E-02
   56.5499992       9.77365673E-03
   56.6000023       2.16111597E-02
   56.6500015       1.48587767E-02
   56.7000008       1.46257095E-02
   56.7500000       6.41003996E-03
   56.7999992       2.40819417E-02
   56.8500023       1.27139762E-02
   56.9000015       1.27214175E-02
   56.9500008       7.87977781E-03
   57.0000000       1.27363140E-02
   57.0499992       2.82790251E-02
   57.1000023       8.62226542E-03
   57.1500015       1.39738414E-02
   57.2000008       5.95756155E-03
   57.2500000       2.68856026E-02
   57.2999992       8.39908235E-03
   57.3500023       8.64762720E-03
   57.4000015       2.79080067E-02
   57.4500008       1.35354204E-02
   57.5000000       1.35433916E-02
   57.5499992       1.40397055E-02
   57.6000023       3.18828262E-02
   57.6500015       9.90050659E-03
   57.7000008       1.87119972E-02
   57.7500000       2.92471219E-02
   57.7999992       1.57954339E-02
   57.8500023       2.34008748E-02
   57.9000015       6.49727276E-03
   57.9500008       4.67345081E-02
   58.0000000       5.03215427E-03
   58.0499992       3.10704578E-02
   58.1000023       1.56058781E-02
   58.1500015       2.12710369E-02
   58.2000008       1.56244207E-02
   58.2500000       2.44968962E-02
   58.2999992       1.44112585E-02
   58.3500023       1.81172360E-02
   58.4000015       1.83746498E-02
   58.4500008       1.59177352E-02
   58.5000000       2.25944314E-02
   58.5499992       1.69250518E-02
   58.6000023       2.08907947E-02
   58.6500015       2.06558928E-02
   58.7000008       2.43810657E-02
   58.7500000       6.31562527E-03
   58.7999992       1.22670773E-02
   58.8500023       1.69858187E-02
   58.9000015       1.60035193E-02
   58.9500008       1.37787163E-02
   59.0000000       2.42203828E-02
   59.0499992       1.92636326E-02
   59.1000023       2.02700384E-02
   59.1500015       2.35174187E-02
   59.2000008       1.73062962E-02
   59.2500000       2.03066226E-02
   59.2999992       2.18147021E-02
   59.3500023       1.90837756E-02
   59.4000015       9.85963922E-03
   59.4500008       2.68493835E-02
   59.5000000       8.37204978E-03
   59.5499992       1.73793975E-02
   59.6000023       2.71482337E-02
   59.6500015       6.13394985E-03
   59.7000008       2.51769330E-02
   59.7500000       1.79227926E-02
   59.7999992       6.89754775E-03
   59.8500023       1.54347727E-02
   59.9000015       2.19733603E-02
   59.9500008       2.70122271E-02
   60.0000000       3.89713980E-03
   60.0499992       1.49690975E-02
   60.1000023       1.34677906E-02
   60.1500015       1.34759750E-02
   60.2000008       1.29800895E-02
   60.2500000       1.62665080E-02
   60.2999992       8.95834249E-03
   60.3500023       1.55288307E-02
   60.4000015       1.35170640E-02
   60.4500008       1.84550863E-02
   60.5000000       3.66797461E-03
   60.5499992       2.74633318E-02
   60.6000023       1.51963755E-02
   60.6500015       1.01371165E-02
   60.7000008       1.09040672E-02
   60.7500000       1.99184641E-02
   60.7999992       1.80264656E-02
   60.8500023       1.37186795E-02
   60.9000015       1.62691399E-02
   60.9500008       1.37355225E-02
   61.0000000       9.41715296E-03
   61.0499992       2.01192517E-02
   61.1000023       1.72010697E-02
   61.1500015      -6.37467019E-04
   61.2000008       3.12552080E-02
   61.2500000       1.21268220E-02
   61.2999992       1.87762380E-02
   61.3500023       1.35476748E-02
   61.4000015       4.60393913E-03
   61.4500008       1.53559307E-02
   61.5000000       1.56215280E-02
   61.5499992       1.71686970E-02
   61.6000023       3.84611404E-03
   61.6500015       2.56566480E-02
   61.7000008       1.83558688E-02
   61.7500000       2.37618163E-02
   61.7999992       1.70934070E-02
   61.8500023      -4.62966179E-03
   61.9000015       2.21332293E-02
   61.9500008       1.44212823E-02
   62.0000000       9.92080569E-03
   62.0499992       1.31500252E-02
   62.1000023       1.16101876E-02
   62.1500015       1.23919081E-02
   62.2000008       1.85994729E-02
   62.2500000       1.42167863E-02
   62.2999992       1.18978266E-02
   62.3500023       2.29046848E-02
   62.4000015       2.97817611E-03
   62.4500008       1.76210850E-02
   62.5000000       3.24119814E-03
   62.5499992       1.90701820E-02
   62.6000023       1.42791392E-02
   62.6500015       2.41598506E-02
   62.7000008       1.96259487E-02
   62.7500000       1.59967542E-02
   62.7999992      -6.50683884E-04
   62.8500023       7.68287247E-03
   62.9000015       2.82751508E-02
   62.9500008      -2.08611670E-03
   63.0000000       2.21789367E-02
   63.0499992      -6.91896491E-03
   63.1000023       1.77655183E-02
   63.1500015       1.52932173E-02
   63.2000008       2.14502029E-02
   63.2500000       9.42309666E-03
   63.2999992       2.31797621E-02
   63.3500023       9.69711132E-03
   63.4000015       1.24568660E-02
   63.4500008       1.37768351E-02
   63.5000000       3.67615023E-03
   63.5499992       5.25497273E-03
   63.6000023       2.28736345E-02
   63.6500015       2.85444297E-02
   63.7000008      -3.02736601E-03
   63.7500000       2.17318963E-02
   63.7999992       1.58150587E-02
   63.8500023       8.17631837E-03
   63.9000015       1.87383331E-02
   63.9500008       6.07403228E-03
   64.0000000       2.11405475E-03
   64.0500031       1.56011069E-02
   64.0999985       8.20242707E-03
   64.1500015       1.85334347E-02
   64.2000046       8.21291190E-03
   64.2500000       1.85571313E-02
   64.3000031       1.61815826E-02
   64.3499985       1.96426995E-02
   64.4000015       6.64029876E-03
   64.4500046       1.38206808E-02
   64.5000000       1.54252760E-02
   64.5500031       1.94270331E-02
   64.5999985       1.59776788E-02
   64.6500015       7.72751309E-03
   64.7000046       1.97311677E-02
   64.7500000       2.84151975E-02
   64.8000031       8.00943351E-04
   64.8499985       1.69642270E-02
   64.9000015       1.93811208E-02
   64.9500046       1.20374169E-02
   65.0000000       1.48557369E-02
   65.0500031       1.09816045E-02
   65.0999985       2.38535292E-02
   65.1500015       1.13980947E-02
   65.2000046       1.51625751E-02
   65.2500000       2.16173418E-02
   65.3000031       2.35123392E-02
   65.3499985       5.24329161E-03
   65.4000015       2.83859801E-02
   65.4500046      -2.69236322E-03
   65.5000000       3.24640609E-02
   65.5500031       8.49198084E-03
   65.5999985       2.50878800E-02
   65.6500015      -6.74844079E-04
   65.7000046       2.71464400E-02
   65.7500000       1.79742854E-02
   65.8000031       9.06063057E-03
   65.8499985       3.09886336E-02
   65.9000015       8.26001074E-03
   65.9500046       9.75590292E-03
   66.0000000       8.94876383E-03
   66.0500031       1.39746321E-02
   66.0999985       6.92401407E-03
   66.1500015       1.12758614E-02
   66.2000046       2.29744110E-02
   66.2500000       4.76114172E-03
   66.3000031       1.34760570E-02
   66.3499985       1.07606910E-02
   66.4000015       1.43116023E-02
   66.4500046       9.82012041E-03
   66.5000000       2.36111321E-02
   66.5500031       9.96964239E-03
   66.5999985       8.88293050E-03
   66.6500015       6.70078630E-03
   66.7000046       1.62840821E-02
   66.7500000       1.71164423E-02
   66.8000031       9.72857140E-03
   66.8499985       1.11061316E-02
   66.9000015       3.15568154E-03
   66.9500046       1.52396858E-02
   67.0000000       1.74479634E-02
   67.0500031      -1.64971687E-03
   67.0999985       2.25611459E-02
   67.1500015       8.67254287E-03
   67.2000046       1.66678540E-02
   67.2500000       2.20548012E-03
   67.3000031       2.12418791E-02
   67.3499985      -3.86473560E-03
   67.4000015       2.34801061E-02
   67.4500046       1.02275657E-02
   67.5000000       1.10642100E-02
   67.5500031       1.90985370E-02
   67.5999985       1.21869063E-02
   67.6500015       6.65184949E-03
   67.7000046       2.77351006E-04
   67.7500000       7.49335159E-03
   67.8000031       1.52744688E-02
   67.8499985       6.66969502E-03
   67.9000015       1.97444148E-02
   67.9500046       2.22621742E-03
   68.0000000       1.28093576E-02
   68.0500031       1.33752683E-02
   68.0999985       6.41329540E-03
   68.1500015       5.58052957E-03
   68.2000046       7.81802367E-03
   68.2500000       1.87200010E-02
   68.3000031       1.11836595E-02
   68.3499985       1.31496768E-02
   68.4000015       5.31941745E-03
   68.4500046       1.20468242E-02
   68.5000000       8.69078934E-03
   68.5500031       1.29047455E-02
   68.5999985       5.33383526E-03
   68.6500015       1.88215375E-02
   68.7000046      -6.74662087E-03
   68.7500000       2.61608660E-02
   68.8000031      -1.04151666E-02
   68.8499985       1.74642950E-02
   68.9000015       1.66305620E-02
   68.9500046       2.82065501E-03
   69.0000000       3.38709773E-03
   69.0500031       1.41225141E-02
   69.0999985       5.08758472E-03
   69.1500015       1.55559797E-02
   69.2000046       5.37755247E-03
   69.2500000      -1.41611241E-03
   69.3000031       1.04864109E-02
   69.3499985       1.38969030E-02
   69.4000015       4.25707037E-03
   69.4500046       3.12399212E-02
   69.5000000       1.39254993E-02
   69.5500031       1.45038320E-02
   69.5999985       1.76442210E-02
   69.6500015       9.96729545E-03
   69.7000046       1.48187326E-02
   69.7500000       7.41447741E-03
   69.8000031       7.99031183E-03
   69.8499985       1.25648612E-02
   69.9000015       9.14437696E-03
   69.9500046       7.43494043E-03
   70.0000000       1.34493634E-02
   70.0500031       1.25995874E-02
   70.0999985       5.15794195E-03
   70.1500015       1.11832768E-02
   70.2000046       1.37735559E-02
   70.2500000       1.46445557E-02
   70.3000031       1.55167589E-02
   70.3499985      -8.62641900E-04
   70.4000015       2.47461945E-02
   70.4500046      -1.43973180E-03
   70.5000000       9.50883888E-03
   70.5500031       1.03804972E-02
   70.5999985       9.81062651E-03
   70.6500015       1.55924382E-02
   70.7000046      -2.88950250E-04
   70.7500000       9.25286021E-03
   70.8000031       1.82292927E-02
   70.8499985       6.37023244E-03
   70.9000015       6.08492922E-03
   70.9500046       1.34831993E-02
   71.0000000       1.47983823E-02
   71.0500031       3.62959667E-03
   71.0999985       9.73414443E-03
   71.1500015       1.67195816E-02
   71.2000046       1.35305421E-02
   71.2500000       4.36775759E-03
   71.3000031       1.15098441E-02
   71.3499985       1.53086688E-02
   71.4000015      -1.60489487E-03
   71.4500046       2.01483406E-02
   71.5000000      -2.92205426E-04
   71.5500031       4.67866752E-03
   71.5999985       4.68197139E-03
   71.6500015       2.04981044E-02
   71.7000046       5.56770805E-03
   71.7500000      -4.69191745E-03
   71.8000031       2.58237999E-02
   71.8499985      -3.81758041E-03
   71.9000015       2.02769302E-02
   71.9500046       5.58746327E-03
   72.0000000       1.50085855E-02
   72.0500031       1.76696945E-02
   72.0999985       1.70928705E-02
   72.1500015       3.24405706E-03
   72.2000046      -2.95123464E-04
   72.2500000       5.90669410E-03
   72.3000031       1.30040031E-02
   72.3499985       3.54907755E-03
   72.4000015       2.13096756E-02
   72.4500046      -8.88538547E-04
   72.5000000       2.13401560E-02
   72.5500031       8.45319126E-03
   72.5999985       1.75121278E-02
   72.6500015      -2.36362441E-09
   72.7000046       1.36731146E-02
   72.7500000       9.51855537E-03
   72.8000031       1.66694485E-02
   72.8499985      -7.44706951E-03
   72.9000015       2.08667740E-02
   72.9500046       1.07392138E-02
   73.0000000       1.49262918E-03
   73.0500031       5.82546368E-03
   73.0999985       1.06129916E-02
   73.1500015       3.14131984E-03
   73.2000046       5.98778250E-03
   73.2500000       1.13850217E-02
   73.3000031       8.69484991E-03
   73.3499985       2.52033379E-02
   73.4000015      -3.90334101E-03
   73.4500046       9.61519219E-03
   73.5000000      -9.02080268E-04
   73.5500031       1.98601354E-02
   73.5999985       3.01131455E-04
   73.6500015       5.42427460E-03
   73.7000046       2.47285999E-02
   73.7500000       1.11661498E-02
   73.8000031       1.32883433E-02
   73.8499985      -3.92896682E-03
   73.9000015       1.20979256E-03
   73.9500046       1.54361539E-02
   74.0000000      -2.72601843E-03
   74.0500031       5.15290955E-03
   74.0999985       3.03334463E-03
   74.1500015       1.69991665E-02
   74.2000046      -6.07556198E-04
   74.2500000       6.38402859E-03
   74.3000031       1.24732265E-02
   74.3499985       1.21779488E-02
   74.4000015       2.01083813E-02
   74.4500046       8.53710622E-03
   74.5000000       3.66145419E-03
   74.5500031       8.24435987E-03
   74.5999985       2.59735691E-03
   74.6500015       3.97535879E-03
   74.7000046       2.29516961E-02
   74.7500000       1.83749329E-02
   74.8000031      -3.67770693E-03
   74.8499985       1.47217074E-02
   74.9000015       7.05937343E-03
   74.9500046       1.47435321E-02
   75.0000000       8.29938985E-03
   75.0500031       2.03024596E-02
   75.0999985       4.61762305E-03
   75.1500015       1.97165217E-02
   75.2000046       1.84979979E-02
   75.2500000       8.02176166E-03
   75.3000031       2.00693309E-02
   75.3499985       7.41573842E-03
   75.4000015       2.22638417E-02
   75.4500046       1.91859491E-02
   75.5000000       1.05291959E-02
   75.5500031       1.33262947E-02
   75.5999985       1.92290414E-02
   75.6500015       8.69058538E-03
   75.7000046       1.21138189E-02
   75.7500000       9.94700100E-03
   75.8000031       1.86646283E-02
   75.8499985       2.30370071E-02
   75.9000015       1.68234147E-02
   75.9500046       1.12240575E-02
   76.0000000       1.96568742E-02
   76.0500031       6.86948048E-03
   76.0999985       1.99990179E-02
   76.1500015       1.84505265E-02
   76.2000046       3.16086486E-02
   76.2500000       3.13191587E-04
   76.3000031       1.75520852E-02
   76.3499985       1.97610538E-02
   76.4000015       1.72647741E-02
   76.4500046       2.29324289E-02
   76.5000000       1.94916632E-02
   76.5500031       2.70573217E-02
   76.5999985       3.46344570E-03
   76.6500015       2.74135787E-02
   76.7000046       1.13521861E-02
   76.7500000       2.65085995E-02
   76.8000031       1.20011233E-02
   76.8499985       2.56008711E-02
   76.9000015       7.90752750E-03
   76.9500046       2.72226799E-02
   77.0000000       2.56595854E-02
   77.0500031      -6.02351781E-03
   77.0999985       2.44297925E-02
   77.1500015      -9.52538161E-04
   77.2000046       1.97009221E-02
   77.2500000      -9.54000978E-04
   77.3000031       2.54596081E-02
   77.3499985       1.11471238E-02
   77.4000015       1.46617908E-02
   77.4500046       1.43540921E-02
   77.5000000       8.29986390E-03
   77.5500031       1.34178074E-02
   77.5999985       7.99294934E-03
   77.6500015       1.31185642E-02
   77.7000046       1.18478518E-02
   77.7500000       1.41002359E-02
   77.8000031       1.09040802E-02
   77.8499985       6.74008066E-03
   77.9000015       1.73450839E-02
   77.9500046       4.50035837E-03
   78.0000000       1.02945231E-02
   78.0500031       4.18540230E-03
   78.0999985       9.34393145E-03
   78.1500015      -9.67366621E-03
   78.2000046       1.74261313E-02
   78.2500000      -1.29183065E-02
   78.3000031       1.00194970E-02
   78.3499985       3.88154201E-03
   78.4000015       8.09285790E-03
   78.4500046       1.03669669E-02
   78.5000000      -3.40432278E-03
   78.5500031       3.24467459E-04
   78.5999985       2.71149036E-02
   78.6500015      -1.46243151E-03
   78.7000046      -2.60191318E-03
   78.7500000       1.00903437E-02
   78.8000031      -1.62875454E-03
   78.8499985       8.47617816E-03
   78.9000015       6.52526272E-04
   78.9500046       1.59995034E-02
   79.0000000       3.26778158E-03
   79.0500031       1.17732976E-02
   79.0999985       1.63647125E-03
   79.1500015       5.56840282E-03
   79.2000046       2.03243587E-02
   79.2500000       1.31228636E-03
   79.3000031       7.87997153E-03
   79.3499985      -7.22902548E-03
   79.4000015       1.47983823E-02
   79.4500046       1.64556894E-02
   79.5000000       3.95251531E-03
   79.5500031       2.20857337E-02
   79.5999985       1.35259042E-02
   79.6500015      -3.30162910E-03
   79.7000046       8.92151147E-03
   79.7500000       6.28311187E-03
   79.8000031       1.75405778E-02
   79.8499985      -5.96193457E-03
   79.9000015       8.28709267E-03
   79.9500046       1.09477267E-02
   80.0000000      -2.32410501E-03
   80.0500031       2.32596858E-03
   80.0999985       1.23042762E-02
   80.1500015       2.32970412E-03
   80.2000046       2.99774064E-03
   80.2500000       1.10005662E-02
   80.3000031       1.20102847E-02
   80.3499985      -2.33721454E-03
   80.4000015       2.67325970E-03
   80.4500046       9.69837606E-03
   80.5000000       9.03681759E-03
   80.5500031      -3.01470677E-03
   80.5999985       1.50857400E-02
   80.6500015       8.72325804E-03
   80.7000046      -2.01469380E-03
   80.7500000       7.39318738E-03
   80.8000031       2.01796158E-03
   80.8499985       6.05880003E-03
   80.9000015       1.07799536E-02
   80.9500046      -6.06866414E-03
   81.0000000       4.04906133E-03
   81.0500031      -5.74085675E-03
   81.0999985       5.40756527E-03
   81.1500015       7.44147226E-03
   81.2000046      -2.70820037E-03
   81.2500000       5.42083150E-03
   81.3000031       2.57699993E-02
   81.3499985      -3.39356647E-03
   81.4000015       1.25664920E-02
   81.4500046       1.22368867E-02
   81.5000000      -1.12263560E-02
   81.5500031       2.45139953E-02
   81.5999985      -3.40751978E-03
   81.6500015       6.13859110E-03
   81.7000046       1.02394084E-02
   81.7500000       1.02477975E-03
   81.8000031       1.29913241E-02
   81.8499985       3.42159532E-04
   81.9000015       2.05465145E-02
   81.9500046      -8.56812857E-03
   82.0000000       1.95515286E-02
   82.0500031       1.54481940E-02
   82.0999985       6.87154988E-03
   82.1500015      -3.43862688E-04
   82.2000046       1.78957116E-02
   82.2500000       1.20552108E-02
   82.3000031      -3.44721018E-04
   82.3499985       1.75954122E-02
   82.4000015       7.94179551E-03
   82.4500046       1.58968605E-02
   82.5000000       1.59101114E-02
   82.5500031       8.65402352E-03
   82.5999985       1.21257557E-02
   82.6500015       1.21358996E-02
   82.7000046       9.02279187E-03
   82.7500000       6.94643566E-03
   82.8000031       1.73806567E-02
   82.8499985       2.08742521E-03
   82.9000015       9.05312691E-03
   82.9500046       1.63790192E-02
   83.0000000      -5.06490960E-10
   83.0500031       3.03697027E-02
   83.0999985      -2.79497541E-03
   83.1500015       1.53853185E-02
   83.2000046       3.49962129E-03
   83.2500000       9.10670497E-03
   83.3000031       2.10332451E-03
   83.3499985       1.43848741E-02
   83.4000015       2.10689032E-03
   83.4500046       1.40577194E-03
   83.5000000       1.05523253E-02
   83.5500031       1.33776376E-02
   83.5999985      -5.98982116E-03
   83.6500015       9.52134561E-03
   83.7000046       4.94119199E-03
   83.7500000       1.41297281E-03
   83.8000031       2.82835844E-03
   83.8499985       1.09692561E-02
   83.9000015       1.59367174E-02
   83.9500046      -1.06335629E-03
   84.0000000       2.05758363E-02
   84.0500031       3.19553679E-03
   84.0999985       2.48755049E-03
   84.1500015       9.95874126E-03
   84.2000046       3.91572667E-03
   84.2500000      -2.85024545E-03
   84.3000031       1.92557313E-02
   84.3499985       3.56894429E-03
   84.4000015       1.07160909E-03
   84.4500046       1.85905546E-02
   84.5000000       7.87202362E-03
   84.5500031       8.23695399E-03
   84.5999985       7.52720516E-03
   84.6500015       4.66372911E-03
   84.7000046       1.11308452E-02
   84.7500000       6.10930240E-03
   84.8000031       1.22292247E-02
   84.8499985       7.91989639E-03
   84.9000015       1.54932700E-02
   84.9500046       1.58673655E-02
   85.0000000       2.16561556E-03
   85.0500031       1.19212763E-02
   85.0999985       1.08469827E-02
   85.1500015       1.08564575E-03
   85.2000046       1.30391354E-02
   85.2500000       8.33784509E-03
   85.3000031      -5.80532243E-03
   85.3499985       3.01414914E-02
   85.4000015      -7.26937968E-03
   85.4500046       1.74618252E-02
   85.5000000       1.67489573E-02
   85.5500031       1.34838363E-02
   85.5999985       1.24014756E-02
   85.6500015       5.11098327E-03
   85.7000046       7.30783958E-03
   85.7500000       6.58286177E-03
   85.8000031       6.95472164E-03
   85.8499985       1.31890103E-02
   85.9000015       1.50341131E-02
   85.9500046       7.34019151E-04
   86.0000000       6.97938353E-03
   86.0500031       6.25024503E-03
   86.0999985       1.36155663E-02
   86.1500015       9.57619026E-03
   86.2000046       1.84321392E-03
   86.2500000       1.91865005E-02
   86.3000031      -1.10790031E-02
   86.3499985       1.33066634E-02
   86.4000015       1.62782222E-02
   86.4500046       4.07318957E-03
   86.5000000       1.92723051E-02
   86.5500031       4.08048416E-03
   86.5999985       2.22771219E-03
   86.6500015       2.60132481E-03
   86.7000046       8.55490845E-03
   86.7500000       3.35057592E-03
   86.8000031       2.19846703E-02
   86.8499985      -1.11886766E-03
   86.9000015       1.64248757E-02
   86.9500046       1.12088420E-03
   87.0000000      -3.36569967E-03
   87.0500031       1.04805166E-02
   87.0999985      -6.74356380E-03
   87.1500015       1.61242075E-02
   87.2000046      -1.87660742E-03
   87.2500000       1.01428591E-02
   87.3000031       3.38402437E-03
   87.3499985       4.13977681E-03
   87.4000015       1.46907521E-02
   87.4500046       6.40948629E-03
   87.5000000       8.30218568E-03
   87.5500031       4.91030747E-03
   87.5999985       6.80509117E-03
   87.6500015       1.43794315E-02
   87.7000046       2.27251230E-03
   87.7500000       1.17520485E-02
   87.8000031       1.06244786E-02
   87.8499985       1.17736021E-02
   87.9000015       1.06439730E-02
   87.9500046      -1.14147260E-03
   88.0000000       1.78995170E-02
   88.0500031       1.10545354E-02
   88.0999985      -1.22093381E-02
   88.1500015       6.49219146E-03
   88.2000046       8.40940792E-03
   88.2500000      -2.48689204E-03
   88.3000031       7.08462019E-03
   88.3499985       7.66614033E-03
   88.4000015      -5.75492391E-04
   88.4500046      -1.72807742E-03
   88.5000000       8.26403312E-03
   88.5500031      -2.50074361E-03
   88.5999985       9.62720835E-04
   88.6500015       5.58897713E-03
   88.7000046       1.35031831E-03
   88.7500000       6.75788149E-03
   88.8000031      -4.44503734E-03
   88.8499985       1.74098590E-03
   88.9000015       2.12986325E-03
   88.9500046      -6.39555650E-03
   89.0000000       1.93986343E-03
   89.0500031       1.10675804E-02
   89.0999985       3.49829835E-03
   89.1500015       6.41958369E-03
   89.2000046       6.03618287E-03
   89.2500000       5.06736618E-03
   89.3000031      -9.36394650E-03
   89.3499985       9.37276892E-03
   89.4000015       1.25088114E-02
   89.4500046      -1.95634388E-03
   89.5000000       1.48822991E-02
   89.5500031       1.21523170E-02
   89.5999985       8.24000500E-03
   89.6500015       2.16014637E-03
   89.7000046       5.70031768E-03
   89.7500000       1.08212316E-02
   89.8000031       1.04376432E-02
   89.8499985      -5.32235065E-03
   89.9000015       9.86560830E-04
   89.9500046       1.04674893E-02
   90.0000000      -5.33758570E-03
   90.0500031       1.08832456E-02
   90.0999985       6.14005560E-03
   90.1500015       1.80412773E-02
   90.2000046      -5.95338119E-04
   90.2500000       1.56922359E-02
   90.3000031       5.36831329E-03
   90.3499985       9.35383234E-03
   90.4000015       2.19129864E-03
   90.4500046       9.37183481E-03
   90.5000000       4.98982286E-03
   90.5500031       2.33748630E-02
   90.5999985       5.39940130E-03
   90.6500015       1.34114809E-02
   90.7000046       1.62295662E-02
   90.7500000      -1.80503249E-03
   90.8000031       6.22334844E-03
   90.8499985       1.00473850E-03
   90.9000015       3.62057635E-03
   90.9500046       2.51673087E-02
   91.0000000      -2.01534131E-04
   91.0500031       1.71470996E-02
   91.0999985       6.66359859E-03
   91.1500015       1.63720623E-02
   91.2000046       2.02321622E-04
   91.2500000       1.74166616E-02
   91.3000031       8.31141975E-03
   91.3499985       2.17120275E-02
   91.4000015      -9.54640750E-03
   91.4500046       2.78540701E-02
   91.5000000      -9.97220166E-03
   91.5500031       2.50568464E-02
   91.5999985       6.72918512E-03
   91.6500015       8.36874079E-03
   91.7000046       1.40978582E-02
   91.7500000       1.86111797E-02
   91.8000031       7.57467048E-03
   91.8499985       1.22954063E-02
   91.9000015       4.92302887E-03
   91.9500046       2.05329992E-03
   92.0000000       1.66481789E-02
   92.0500031      -3.90900625E-03
   92.0999985       2.32714042E-02
   92.1500015       2.47375970E-03
   92.2000046       5.57150226E-03
   92.2500000       4.54426557E-03
   92.3000031       1.03381863E-02
   92.3499985       1.77994519E-02
   92.4000015      -4.55790292E-03
   92.4500046       4.97723464E-03
   92.5000000       1.16251912E-02
   92.5500031       1.16368337E-02
   92.5999985      -1.08164819E-02
   92.6500015       1.83232129E-02
   92.7000046      -1.16719631E-02
   92.7500000       2.54538115E-02
   92.8000031       4.59465804E-03
   92.8499985      -3.34494351E-03
   92.9000015       1.92528535E-02
   92.9500046       1.63395628E-02
   93.0000000      -1.25816476E-03
   93.0500031       5.45755960E-03
   93.0999985       2.47940514E-02
   93.1500015       7.57195987E-03
   93.2000046       9.68511868E-03
   93.2500000       9.27345548E-03
   93.3000031       1.56121422E-02
   93.3499985       1.81623287E-02
   93.4000015      -5.49654523E-03
   93.4500046       1.43902553E-02
   93.5000000      -7.62616284E-03
   93.5500031       4.24109492E-03
   93.5999985       1.01890452E-02
   93.6500015      -5.94970724E-03
   93.7000046       1.99945215E-02
   93.7500000      -7.66535802E-03
   93.8000031       2.55774148E-03
   93.8499985       3.84056824E-03
   93.9000015       8.54334852E-04
   93.9500046      -5.13132662E-03
   94.0000000       5.99273294E-03
   94.0500031       2.57097417E-03
   94.0999985       4.71832417E-03
   94.1500015       7.29951449E-03
   94.2000046       4.29828418E-03
   94.2500000       8.60551081E-04
   94.3000031       3.01505602E-03
   94.3499985       5.60521055E-03
   94.4000015      -8.63240042E-04
   94.4500046       1.08017381E-02
   94.5000000      -3.89268599E-03
   94.5500031       4.76269750E-03
   94.5999985       4.33425372E-03
   94.6500015       9.97922663E-03
   94.7000046       8.68667848E-03
   94.7500000       1.65220127E-02
   94.8000031      -1.30573958E-02
   94.8499985       7.40696909E-03
   94.9000015      -1.74465124E-03
   94.9500046       9.60569736E-03
   95.0000000       1.74833112E-03
   95.0500031      -1.35638751E-02
   95.0999985       1.27022080E-02
   95.1500015      -1.31540757E-03
   95.2000046       5.70615428E-03
   95.2500000       8.34860839E-03
   95.3000031      -6.59800693E-03
   95.3499985       5.28401090E-03
   95.4000015      -6.61202567E-03
   95.4500046       1.41207147E-02
   95.5000000      -1.72279738E-02
   95.5500031      -1.76885515E-03
   95.5999985      -2.65612104E-03
   95.6500015      -5.76107157E-03
   95.7000046      -1.50835747E-02
   95.7500000      -1.06586330E-02
   95.8000031       8.00256059E-03
   95.8499985      -2.00278871E-02
   95.9000015      -1.51484394E-02
   95.9500046       7.58237997E-03
   96.0000000       9.82305873E-03
   96.0500031      -8.93969648E-03
   96.0999985      -1.25290873E-02
   96.1500015       4.47946775E-04
   96.2000046      -9.41715296E-03
   96.2500000       1.79568504E-03
   96.3000031      -5.84231038E-03
   96.3499985       5.39875915E-03
   96.4000015      -1.17100263E-02
   96.4500046       2.70525017E-03
   96.5000000      -1.44437356E-02
   96.5500031       1.17483307E-02
   96.5999985      -1.58323236E-02
   96.6500015       8.58622773E-09
   96.7000046       4.08008043E-03
   96.7500000       7.26142153E-03
   96.8000031       1.36300791E-02
   96.8499985      -1.36450119E-03
   96.9000015       1.45707130E-02
   96.9500046       4.55837086E-04
   97.0000000       1.32337948E-02
   97.0500031      -2.28420086E-03
   97.0999985       2.33245939E-02
   97.1500015      -2.74711149E-03
   97.2000046       9.62549541E-03
   97.2500000      -1.14716068E-02
   97.3000031       1.74561888E-02
   97.3499985       1.01174274E-02
   97.4000015       5.98511705E-03
   97.4500046       1.42881051E-02
   97.5000000       3.69135709E-03
   97.5500031      -4.61933902E-03
   97.5999985       3.69959511E-03
   97.6500015       6.01855991E-03
   97.7000046      -4.63482342E-04
   97.7500000      -4.64002427E-04
   97.8000031      -7.89690111E-03
   97.8499985       1.39513391E-03
   97.9000015       2.79339985E-03
   97.9500046       1.86436402E-03
   98.0000000       4.19953279E-03
   98.0500031       1.21456869E-02
   98.0999985      -8.88571050E-03
   98.1500015      -5.15017519E-03
   98.2000046      -7.03090383E-03
   98.2500000       9.38516518E-04
   98.3000031       8.92599951E-03
   98.3499985      -1.88129093E-03
   98.4000015       1.41257355E-02
   98.4500046      -5.18532656E-03
   98.5000000       1.65175609E-02
   98.5500031      -8.97690374E-03
   98.5999985       2.03393251E-02
   98.6500015      -4.73547168E-03
   98.7000046      -9.00770631E-03
   98.7500000       1.47136254E-02
   98.8000031       1.37801478E-02
   98.8499985      -9.03873611E-03
   98.9000015       3.81016219E-03
   98.9500046       3.33772483E-03
   99.0000000       6.20577484E-03
   99.0500031      -1.43374968E-03
   99.0999985       1.14832707E-02
   99.1500015      -1.43706822E-03
   99.2000046       2.20605358E-02
   99.2500000      -1.68046746E-02
   99.3000031       7.69103877E-03
   99.3499985      -5.29372739E-03
   99.4000015       7.70892436E-03
   99.4500046       9.64736287E-03
   99.5000000       3.85897869E-10
   99.5500031       1.88562907E-02
   99.5999985      -8.22899491E-03
   99.6500015       1.26002617E-02
   99.7000046      -5.82232187E-03
   99.7500000       8.74371082E-03
   99.8000031       1.45899749E-03
   99.8499985      -2.92141968E-03
   99.9000015      -4.87475796E-03
   99.9500046       3.41635384E-03
   100.000000      -1.95451570E-03
   100.050003      -7.82724097E-03
   100.099998      -1.51832057E-02
   100.150002       1.17686512E-02
   100.200005      -3.43658961E-03
   100.250000      -1.96609437E-03
   100.300003      -5.90528874E-03
   100.349998       9.85385757E-03
   100.400002      -2.46639713E-03
   100.450005      -9.87734064E-04
   100.500000       9.88916145E-04
   100.550003      -9.40589793E-03
   100.599998       1.13997012E-02
   100.650002      -1.48869967E-02
   100.700005      -4.82372309E-10
   100.750000      -9.94848739E-03
   100.800003      -1.39446212E-02
   100.849998       1.09696798E-02
   100.900002      -1.49766600E-03
   100.950005       1.49947079E-03
   101.000000      -4.50385595E-03
   101.050003      -4.50929301E-03
   101.099998       8.02625064E-03
   101.150002       1.55696981E-02
   101.200005      -2.51429132E-03
   101.250000       1.25867128E-02
   101.300003       1.36101991E-02
   101.349998      -5.04689990E-04
   101.400002      -1.51593136E-02
   101.450005       9.10669565E-03
   101.500000      -2.53272778E-03
   101.550003       6.59316173E-03
   101.599998       4.57009021E-03
   101.650002      -4.57570190E-03
   101.700005      -3.05421767E-03
   101.750000       8.66424479E-03
   101.800003       1.02057820E-03
   101.849998      -4.59826924E-03
   101.900002       1.63695663E-02
   101.950005       3.58526758E-03
   102.000000       5.64097287E-03
   102.050003       4.62105731E-03
   102.099998      -1.64006597E-09
   102.150002       1.23534193E-02
   102.200005       1.54609850E-03
   102.250000       9.28814895E-03
   102.300003      -6.19981950E-03
   102.349998       1.50016118E-02
   102.400002       8.28708801E-03
   102.450005       5.18591749E-03
   102.500000       2.07696087E-03
   102.550003       1.81962568E-02
   102.599998      -2.08218442E-03
   102.650002      -2.08480400E-03
   102.700005      -4.69671516E-03
   102.750000      -7.71795738E-10
   102.800003       1.20330267E-02
   102.849998       4.71452950E-03
   102.900002       8.39199685E-03
   102.950005      -1.41794495E-02
   103.000000       4.73247608E-03
   103.050003       1.57949813E-02
   103.099998      -1.10705495E-02
   103.150002       1.84744131E-02
   103.200005      -5.81363589E-03
   103.250000       2.01091673E-02
   103.300003       9.53757111E-03
   103.349998      -1.37941372E-02
   103.400002       1.54054966E-02
   103.450005      -1.38295619E-02
   103.500000       1.81080587E-02
   103.550003       4.26620618E-03
   103.599998      -1.38830170E-02
   103.650002      -1.22969951E-02
   103.700005       3.21205519E-03
   103.750000      -1.07206870E-03
   103.800003       3.22037074E-03
   103.849998       1.61226932E-03
   103.900002      -4.84310836E-03
   103.950005       7.54352752E-03
   104.000000      -2.53576338E-02
   104.050003       9.18387156E-03
   104.099998       2.70466600E-03
   104.150002      -1.84157640E-02
   104.200005       3.25409230E-03
   104.250000      -3.25835566E-03
   104.300003      -3.80641362E-03
   104.349998      -7.07834493E-03
   104.400002       9.81365796E-03
   104.450005       3.82144633E-03
   104.500000       1.03861978E-02
   104.550003      -1.47788282E-02
   104.599998      -1.91830918E-02
   104.650002       3.29288491E-03
   104.700005      -1.48376469E-02
   104.750000       3.85190290E-03
   104.800003      -1.37750879E-02
   104.849998       1.10347448E-02
   104.900002      -1.38118220E-02
   104.950005      -5.53216611E-04
   105.000000       1.10789984E-02
   105.050003      -6.10160176E-03
   105.099998      -1.99956726E-02
   105.150002      -6.75321243E-10
   105.200005      -1.33662783E-02
   105.250000      -5.01910597E-03
   105.300003      -5.58424217E-04
   105.349998       1.67754781E-03
   105.400002       1.11987174E-03
   105.450005      -5.60696842E-03
   105.500000       7.86039419E-03
   105.550003      -3.93553637E-03
   105.599998      -1.12596562E-03
   105.650002       8.45621713E-03
   105.700005       2.82257888E-03
   105.750000      -9.04456060E-03
   105.800003      -5.66050818E-04
   105.849998       3.40099772E-03
   105.900002       6.24369457E-03
   105.950005       1.13677550E-02
   106.000000      -1.13834161E-03
   106.050003       1.08290678E-02
   106.099998      -3.42441606E-03
   106.150002      -1.14304749E-02
   106.200005       4.57850285E-03
   106.250000      -8.02346691E-03
   106.300003       2.06603445E-02
   106.349998      -2.58612521E-02
   106.400002       1.43873133E-02
   106.450005       2.30516912E-03
   106.500000       8.07933509E-03
   106.550003      -1.67591088E-02
   106.599998       1.38889737E-02
   106.650002      -1.27493674E-02
   106.700005      -1.45082166E-02
   106.750000       1.56908575E-02
   106.800003      -2.32782890E-03
   106.849998       1.86488703E-02
   106.900002       7.58677442E-03
   106.950005       1.28572714E-02
   107.000000       2.92622950E-03
   107.050003       2.34429212E-03
   107.099998      -5.86904911E-03
   107.150002       1.23424847E-02
   107.200005      -2.35428684E-03
   107.250000       5.89410309E-03
   107.300003      -3.85897847E-09
   107.349998       2.36436282E-03
   107.400002       2.30854712E-02
   107.450005       2.96390289E-03
   107.500000       5.93631237E-04
   107.550003       1.72400102E-02
   107.599998       2.38134572E-03
   107.650002       1.13276802E-02
   107.700005       3.58230760E-03
   107.750000       8.96872208E-03
   107.800003       1.85621325E-02
   107.849998       7.79539067E-03
   107.900002      -1.80154026E-03
   107.950005       1.32304849E-02
   108.000000       1.20451266E-03
   108.050003       1.68878175E-02
   108.099998       9.06023290E-03
   108.150002       1.90542638E-02
   108.200005       2.75630802E-02
   108.250000       5.46002528E-03
   108.300003       2.15683077E-02
   108.349998       5.47605474E-03
   108.400002       1.94990374E-02
   108.450005      -1.37304515E-02
   108.500000       5.80585189E-03
   108.550003      -7.65057188E-03
   108.599998       5.82302781E-03
   108.650002       1.53464358E-03
   108.700005       1.32175423E-02
   108.750000      -4.61762166E-03
   108.800003       1.26402834E-02
   108.849998       2.77883559E-03
   108.900002       1.39148952E-02
   108.950005       9.29049915E-04
   109.000000       1.05449613E-02
   109.050003       4.03793948E-03
   109.099998       9.33242089E-04
   109.150002       2.80390563E-03
   109.200005      -1.65367648E-02
   109.250000       1.40618095E-02
   109.300003      -6.57209242E-03
   109.349998      -2.19401182E-03
   109.400002      -1.56952057E-03
   109.450005       8.48829467E-03
   109.500000       9.76062752E-03
   109.550003       2.20737373E-03
   109.599998      -7.26384204E-03
   109.650002       5.37711754E-03
   109.700005       9.18676145E-03
   109.750000      -2.06225514E-02
   109.800003       4.76635247E-03
   109.849998      -1.62305087E-02
   109.900002       1.43430475E-02
   109.950005      -1.30882449E-02
   110.000000       2.87746172E-03
   110.050003      -4.16275905E-03
   110.099998      -9.94194765E-03
   110.150002       7.38772005E-03
   110.200005      -1.19030541E-02
   110.250000      -5.47747454E-03
   110.300003      -9.35847033E-03
   110.349998      -1.61604618E-03
   110.400002      -1.61857507E-03
   110.450005      -2.69103292E-02
   110.500000      -9.74188966E-04
   110.550003      -1.07328976E-02
   110.599998      -9.77254822E-04
   110.650002      -1.53343836E-02
   110.700005      -9.47657693E-03
   110.750000       2.29105516E-03
   110.800003      -1.80296637E-02
   110.849998      -1.08349286E-02
   110.900002      -9.53673571E-03
   110.950005      -4.28188313E-03
   111.000000      -1.88043173E-02
   111.050003      -6.93895062E-03
   111.099998       3.64049152E-03
   111.150002      -8.95006023E-03
   111.200005      -1.12885097E-02
   111.250000      -1.29693700E-02
   111.300003      -1.03255594E-02
   111.349998      -4.33704583E-03
   111.400002      -7.01729488E-03
   111.450005      -2.30940916E-02
   111.500000      -3.35239689E-04
   111.550003      -1.64533090E-02
   111.599998      -7.73551501E-03
   111.650002      -1.78543087E-02
   111.700005      -9.11040511E-03
   111.750000      -2.39960700E-02
   111.800003      -1.01557630E-03
   111.849998      -5.76435169E-03
   111.900002      -1.93591919E-02
   111.950005      -1.12263532E-02
   112.000000      -3.40748782E-04
   112.050003      -1.53591176E-02
   112.099998      -1.74357109E-02
   112.150002      -3.08197597E-03
   112.200005      -7.20319059E-03
   112.250000      -1.61481481E-02
   112.300003      -7.22711673E-03
   112.349998      -1.27546778E-02
   112.400002       1.72648276E-03
   112.450005      -1.21055236E-02
   112.500000      -1.48973605E-02
   112.550003       1.35341948E-02
   112.599998      -1.07760001E-02
   112.650002      -1.42760864E-02
   112.700005       2.47636177E-02
   112.750000      -3.38890105E-02
   112.800003      -1.15487352E-02
   112.849998       2.55904570E-02
   112.900002      -4.56492230E-03
   112.950005      -2.46220920E-03
   113.000000       1.76171411E-03
   113.050003      -1.44706564E-02
   113.099998      -3.88898957E-03
   113.150002      -4.60394192E-03
   113.200005      -2.48328107E-03
   113.250000      -1.77682191E-03
   113.300003       1.06792338E-03
   113.349998      -1.60464477E-02
   113.400002      -8.93005822E-03
   113.450005      -1.10923927E-02
   113.500000      -1.25453500E-02
   113.550003      -9.69460141E-03
   113.599998      -6.83398126E-03
   113.650002      -2.52216076E-03
   113.700005       3.24842427E-03
   113.750000      -1.77167356E-02
   113.800003      -1.81099132E-03
   113.849998      -1.48761356E-02
