   0.00000000      0.632723093    
   1.00000007E-02  0.441794902    
   2.00000014E-02  0.302261055    
   3.00000012E-02  0.191266850    
   4.00000028E-02  0.210807517    
   5.00000045E-02  0.111169346    
   6.00000024E-02  0.100888349    
   7.00000077E-02   4.47268263E-02
   8.00000057E-02   2.52389517E-02
   9.00000036E-02   3.90186980E-02
  0.100000009       2.29598545E-02
  0.110000007       1.95224080E-02
  0.120000005      -1.26363756E-02
  0.130000010      -8.04402214E-03
  0.140000015      -1.14953099E-02
  0.150000006      -1.49489110E-02
  0.160000011      -6.90181041E-03
  0.170000017      -4.60274937E-03
  0.180000007       8.05751421E-03
  0.190000013       1.95748173E-02
  0.200000018       1.15184626E-03
  0.210000008      -1.84357315E-02
  0.220000014      -1.15262019E-02
  0.230000019      -1.26830786E-02
  0.240000010      -1.03805568E-02
  0.250000030      -1.38453934E-02
  0.260000020       1.03875389E-02
  0.270000011      -1.27001526E-02
  0.280000031       3.34934890E-02
  0.290000021       1.15533667E-02
  0.300000012       8.09008162E-03
  0.310000032      -3.46834608E-03
  0.320000023      -5.78252412E-03
  0.330000013       8.09826329E-03
  0.340000033       2.54602712E-02
  0.350000024       6.94605382E-03
  0.360000014       3.47419968E-03
  0.370000035      -1.04261143E-02
  0.380000025       1.15884934E-03
  0.390000015      -4.63696057E-03
  0.400000036       3.47889494E-03
  0.410000026      -4.64009540E-03
  0.420000017       1.74062401E-02
  0.430000037      -1.16080865E-02
  0.440000027       6.96720788E-03
  0.450000018      -9.29275528E-03
  0.460000038      -5.80993900E-03
  0.470000029       6.97428873E-03
  0.480000019       3.48832645E-03
  0.490000039      -1.74475424E-02
  0.500000060       1.97805855E-02
  0.510000050       1.04756299E-02
  0.520000041      -1.74653046E-02
  0.530000031      -1.39769875E-02
  0.540000021      -1.16514438E-03
  0.550000012       2.79729627E-02
  0.560000062       1.39912348E-02
  0.570000052       2.09939871E-02
  0.580000043       5.83364535E-03
  0.590000033      -1.16712572E-02
  0.600000024      -9.34018381E-03
  0.610000014      -1.75188072E-02
  0.620000064      -2.21980438E-02
  0.630000055       1.05184438E-02
  0.640000045      -2.22131703E-02
  0.650000036       3.50853824E-03
  0.660000026      -3.50973429E-03
  0.670000076      -2.34062015E-03
  0.680000067       2.92677432E-02
  0.690000057       3.04488391E-02
  0.700000048      -4.68603615E-03
  0.710000038      -5.85954543E-03
  0.720000029      -3.99461741E-10
  0.730000079      -1.40725207E-02
  0.740000069       7.03866687E-03
  0.750000060       5.86756179E-03
  0.760000050       1.40869636E-02
  0.770000041       1.17431604E-03
  0.780000031       0.00000000    
  0.790000081      -1.17511991E-02
  0.800000072       7.05313543E-03
  0.810000062      -1.17592502E-03
  0.820000052      -3.05845421E-02
  0.830000043       7.06039090E-03
  0.840000033      -2.35427171E-03
  0.850000083       1.17753949E-02
  0.860000074      -7.06766266E-03
  0.870000064      -9.42678750E-03
  0.880000055      -3.65413427E-02
  0.890000045      -1.17915845E-03
  0.900000036       9.43650771E-03
  0.910000086       1.41596291E-02
  0.920000076      -7.08225043E-03
  0.930000067       2.12540627E-02
  0.940000057       1.18118734E-03
  0.950000048      -4.72637732E-03
  0.960000038       3.54600418E-03
  0.970000088       1.18240830E-03
  0.980000079      -2.36563175E-03
  0.990000069      -1.18322403E-03
   1.00000012      -1.06526911E-02
   1.01000011       9.47232731E-03
   1.02000010       5.92224766E-03
   1.03000009      -5.92429237E-03
   1.04000008      -3.55580379E-03
   1.05000007      -1.18567748E-03
   1.06000006      -1.18608738E-03
   1.07000005       1.30514707E-02
   1.08000004       1.99730876E-09
   1.09000003       8.31122883E-03
   1.10000002       7.12637650E-03
   1.11000013       4.75256238E-03
   1.12000012      -1.66397300E-02
   1.13000011       8.32274836E-03
   1.14000010       3.56812798E-03
   1.15000010      -1.54672526E-02
   1.16000009      -1.78530179E-02
   1.17000008      -4.76245582E-03
   1.18000007       7.14616524E-03
   1.19000006       1.78716164E-02
   1.20000005       9.53483954E-03
   1.21000004       3.57680721E-03
   1.22000003      -3.57805029E-03
   1.23000014       4.77239257E-03
   1.24000013       1.55156702E-02
   1.25000012       8.35749786E-03
   1.26000011      -1.19434402E-03
   1.27000010      -8.36331956E-03
   1.28000009      -1.19517592E-03
   1.29000008       1.55427009E-02
   1.30000007       1.19600876E-03
   1.31000006      -5.98213030E-03
   1.32000005      -2.39368696E-02
   1.33000004      -2.39452231E-03
   1.34000015       1.19767897E-03
   1.35000014      -1.07828742E-02
   1.36000013      -1.55807026E-02
   1.37000012       7.19360588E-03
   1.38000011       1.79903004E-02
   1.39000010       1.07979551E-02
   1.40000010       2.40038452E-03
   1.41000009      -3.60183697E-03
   1.42000008      -4.80413111E-03
   1.43000007      -1.80217978E-02
   1.44000006       3.60562187E-03
   1.45000005      -1.56298354E-02
   1.46000016       1.20271649E-02
   1.47000015       1.20313819E-02
   1.48000014      -9.62848309E-03
   1.49000013      -2.40796525E-03
   1.50000012      -2.89057214E-02
   1.51000011      -2.16869060E-02
   1.52000010      -1.20525155E-03
   1.53000009       1.20567426E-03
   1.54000008       6.03049155E-03
   1.55000007       9.65218060E-03
   1.56000006      -2.17250437E-02
   1.57000005       1.20737159E-03
   1.58000016       1.81169491E-02
   1.59000015       2.89973263E-02
   1.60000014       4.83458955E-03
   1.61000013       1.57179534E-02
   1.62000012       7.25699728E-03
   1.63000011       0.00000000    
   1.64000010      -3.63105838E-03
   1.65000010       1.21077988E-02
   1.66000009       0.00000000    
   1.67000008      -6.05817465E-03
   1.68000007      -6.06031483E-03
   1.69000018      -2.18248405E-02
   1.70000017       1.21292006E-03
   1.71000016      -2.79070232E-02
   1.72000015      -2.42755581E-02
   1.73000014      -8.49945284E-03
   1.74000013       1.57902837E-02
   1.75000012      -1.21506851E-03
   1.76000011       1.21549773E-03
   1.77000010      -2.79663578E-02
   1.78000009       1.21635862E-03
   1.79000008       6.08395413E-03
   1.80000007       2.79961154E-02
   1.81000018       1.09588895E-02
   1.82000017       4.62872945E-02
   1.83000016      -1.09666735E-02
   1.84000015       9.75161698E-03
   1.85000014      -1.21938693E-03
   1.86000013       1.09783681E-02
   1.87000012       1.46430302E-02
   1.88000011      -7.32411956E-03
   1.89000010      -3.66336340E-03
   1.90000010      -2.19880044E-02
   1.91000009       3.66597227E-03
   1.92000008      -1.10018356E-02
   1.93000019       2.44572363E-03
   1.94000018       3.66989337E-03
   1.95000017      -2.44746823E-02
   1.96000016      -1.46900471E-02
   1.97000015      -2.93905791E-02
   1.98000014      -3.67513346E-03
   1.99000013      -1.83822326E-02
   2.00000024      -9.80735943E-03
   2.01000023      -1.22635802E-02
   2.02000022       2.33091339E-02
   2.03000021       1.10451179E-02
   2.04000020      -1.10490704E-02
   2.05000019      -2.45622778E-03
   2.06000018       3.68566113E-03
   2.07000017       7.37396209E-03
   2.08000016       7.37660332E-03
   2.09000015       9.83899832E-03
   2.10000014      -6.15157885E-03
   2.11000013       2.58458965E-02
   2.12000012       1.10807857E-02
   2.13000011      -1.23164034E-03
   2.14000010       3.69624770E-03
   2.15000010       6.16262620E-03
   2.16000009      -1.72615517E-02
   2.17000008      -6.16705697E-03
   2.18000007       1.35724023E-02
   2.19000006      -1.97487772E-02
   2.20000005       6.17371406E-03
   2.21000004      -7.41112325E-03
   2.22000027       3.70689621E-03
   2.23000026      -1.35968495E-02
   2.24000025       8.65565799E-03
   2.25000024      -3.71090369E-03
   2.26000023       3.71224340E-03
   2.27000022      -8.66502523E-03
   2.28000021      -6.19153725E-03
   2.29000020      -1.23875483E-03
   2.30000019      -3.71760572E-03
   2.31000018      -1.61154456E-02
   2.32000017       9.92078055E-03
   2.33000016       1.11649139E-02
   2.34000015       7.44596729E-03
   2.35000014       1.36558805E-02
   2.36000013       2.48378585E-03
   2.37000012      -2.98162196E-02
   2.38000011      -3.72837763E-03
   2.39000010       1.24324281E-02
   2.40000010       1.24369329E-03
   2.41000009      -1.24414433E-02
   2.42000008      -1.24459565E-02
   2.43000007       1.12054255E-02
   2.44000006       9.96399298E-03
   2.45000029       8.72166082E-03
   2.46000028      -1.62032507E-02
   2.47000027       1.24685711E-03
   2.48000026       7.48385955E-03
   2.49000025       6.23881863E-03
   2.50000024      -2.49643512E-02
   2.51000023       1.37353893E-02
   2.52000022       9.99301020E-03
   2.53000021       1.37453936E-02
   2.54000020       2.50007329E-03
   2.55000019       8.75344500E-03
   2.56000018      -1.25094801E-02
   2.57000017      -1.00112334E-02
   2.58000016       5.00744209E-03
   2.59000015       1.37754921E-02
   2.60000014      -1.62860714E-02
   2.61000013      -2.50646425E-03
   2.62000012      -1.37905935E-02
   2.63000011      -3.76244541E-03
   2.64000010       3.76382121E-03
   2.65000010      -1.00405272E-02
   2.66000009      -1.25552500E-02
   2.67000008       2.26077251E-02
   2.68000031       1.25644458E-02
   2.69000030      -1.25690573E-03
   2.70000029      -6.28682692E-03
   2.71000028      -6.28913147E-03
   2.72000027       7.54972594E-03
   2.73000026       3.77624808E-03
   2.74000025      -1.25921108E-02
   2.75000024      -1.99730871E-10
   2.76000023       1.51216332E-02
   2.77000022      -6.30299421E-03
   2.78000021      -1.51327448E-02
   2.79000020       1.26152695E-03
   2.80000019      -6.30994886E-03
   2.81000018       7.57472450E-03
   2.82000017      -2.52583809E-03
   2.83000016       1.64239891E-02
   2.84000015      -3.03323790E-02
   2.85000014       1.01145180E-02
   2.86000013       1.26478134E-03
   2.87000012       7.59148272E-03
   2.88000011      -3.79714114E-03
   2.89000010       7.59708555E-03
   2.90000010       8.86653736E-03
   2.91000032       3.80134815E-03
   2.92000031       1.26758413E-02
   2.93000031      -2.53610499E-03
   2.94000030       0.00000000    
   2.95000029      -1.01519236E-02
   2.96000028      -1.26946019E-03
   2.97000027      -8.88950750E-03
   2.98000026       7.62239937E-03
   2.99000025      -8.89609288E-03
   3.00000024      -6.35670638E-03
   3.01000023      -1.27181271E-03
   3.02000022      -2.54456839E-03
   3.03000021      -1.52730709E-02
   3.04000020       5.09291282E-03
   3.05000019      -1.65581144E-02
   3.06000018       7.64504308E-03
   3.07000017      -1.01971766E-02
   3.08000016      -2.55024154E-03
   3.09000015      -6.37797406E-03
   3.10000014       6.38034567E-03
   3.11000013       2.55308859E-03
   3.12000012      -1.27701880E-03
   3.13000011       1.02199558E-02
   3.14000010       1.27797024E-02
   3.15000033       8.94912519E-03
   3.16000032      -6.39461540E-03
   3.17000031       5.11759846E-03
   3.18000031       3.83963087E-03
   3.19000030       7.68212695E-03
   3.20000029       1.02466596E-02
   3.21000028       5.12524322E-03
   3.22000027       1.99730871E-10
   3.23000026      -7.69361062E-03
   3.24000025      -1.53929731E-02
   3.25000024       1.02658197E-02
   3.26000023       1.28370745E-03
   3.27000022       7.70512782E-03
   3.28000021       2.56933738E-03
   3.29000020      -7.71089923E-03
   3.30000019       1.28563086E-03
   3.31000018      -5.14445174E-03
   3.32000017       5.14638191E-03
   3.33000016       2.57415627E-03
   3.34000015      -1.67382937E-02
   3.35000014      -9.01631080E-03
   3.36000013       6.44263951E-03
   3.37000012      -2.57802312E-03
   3.38000035      -1.03159714E-02
   3.39000034      -9.02986899E-03
   3.40000033      -1.16141969E-02
   3.41000032      -2.06552316E-02
   3.42000031      -1.03315022E-02
   3.43000031       3.87577177E-03
   3.44000030       1.80937480E-02
   3.45000029      -1.68076698E-02
   3.46000028      -2.58676964E-03
   3.47000027      -1.55264717E-02
   3.48000026       0.00000000    
   3.49000025      -1.99730871E-10
   3.50000024       2.59067584E-03
   3.51000023      -1.03666168E-02
   3.52000022       5.18526649E-03
   3.53000021       1.29680661E-03
   3.54000020       1.42702674E-02
   3.55000019       1.68712381E-02
   3.56000018      -6.49139239E-03
   3.57000017       7.79261952E-03
   3.58000016      -5.19704679E-03
   3.59000015       1.16977850E-02
   3.60000014       1.17022172E-02
   3.61000037       1.30073924E-03
   3.62000036      -1.30123226E-03
   3.63000035      -9.11208335E-03
   3.64000034       1.17199831E-02
   3.65000033      -2.08434332E-02
   3.66000032      -9.12246481E-03
   3.67000031       5.21481782E-03
   3.68000031      -2.60839961E-03
   3.69000030      -1.30469562E-03
   3.70000029      -3.91557673E-03
   3.71000028      -1.17511991E-02
   3.72000027      -1.30618678E-03
   3.73000026       1.04534654E-02
   3.74000025      -2.61436198E-02
   3.75000024       1.56921502E-02
   3.76000023       1.56981312E-02
   3.77000022      -5.23470668E-03
   3.78000021      -1.30917579E-02
   3.79000020      -1.57161094E-02
   3.80000019      -1.17915804E-02
   3.81000018       3.99461741E-10
   3.82000017      -1.99730871E-10
   3.83000016       1.31167832E-03
   3.84000015       5.99192584E-10
   3.85000038      -9.18877311E-03
   3.86000037      -9.19228885E-03
   3.87000036       1.31368649E-03
   3.88000035       5.25676040E-03
   3.89000034       3.94408079E-03
   3.90000033       7.89118558E-03
   3.91000032       6.57850876E-03
   3.92000031       1.18458578E-02
   3.93000031       1.44838253E-02
   3.94000030      -7.90330116E-03
   3.95000029       1.31772284E-03
   3.96000028      -3.95468855E-03
   3.97000027       1.31873542E-03
   3.98000026       0.00000000    
   3.99000025      -1.05580017E-02
   4.00000048      -1.05620632E-02
   4.01000023       2.37737875E-02
   4.02000046      -9.24892258E-03
   4.03000021      -6.60891784E-03
   4.04000044      -1.05783436E-02
   4.05000019       1.58736315E-02
   4.06000042       1.05865030E-02
   4.07000017       1.32382335E-03
   4.08000040       5.29733719E-03
   4.09000015       5.29938145E-03
   4.10000038       5.30142942E-03
   4.11000013       1.06069557E-02
   4.12000036      -5.30552771E-03
   4.13000011      -1.06151579E-02
   4.14000034       3.98222497E-03
   4.15000010       7.96753075E-03
   4.16000032       1.72696672E-02
   4.17000008      -1.32895047E-02
   4.18000031      -1.06357234E-02
   4.19000053       1.19698262E-02
   4.20000029      -5.32198464E-03
   4.21000051      -2.12961994E-02
   4.22000027       7.98917376E-03
   4.23000050      -7.99227599E-03
   4.24000025      -1.73233226E-02
   4.25000048       9.33156628E-03
   4.26000023       1.86703857E-02
   4.27000046       2.66823499E-03
   4.28000021      -1.33463636E-03
   4.29000044       1.60218682E-02
   4.30000019      -1.33567536E-03
   4.31000042       2.67239101E-03
   4.32000017       2.67343223E-03
   4.33000040       2.67447368E-03
   4.34000015       9.36430786E-03
   4.35000038      -1.07062403E-02
   4.36000013      -2.00820342E-02
   4.37000036       9.37527325E-03
   4.38000011       1.20586297E-02
   4.39000034      -8.04222748E-03
   4.40000010      -9.38626472E-03
   4.41000032      -2.68283812E-03
   4.42000008      -1.34194372E-02
   4.43000031      -8.05481244E-03
   4.44000053       3.99461741E-10
   4.45000029      -2.68704002E-03
   4.46000051       8.06427933E-03
   4.47000027       1.34457287E-03
   4.48000050      -5.38039999E-03
   4.49000025       0.00000000    
   4.50000048       1.07692443E-02
   4.51000023       5.38673485E-03
   4.52000046      -5.38884941E-03
   4.53000021       2.69548339E-03
   4.54000044       2.69654253E-03
   4.55000019       6.74400618E-03
   4.56000042      -4.04799450E-03
   4.57000017      -8.09917413E-03
   4.58000040      -8.10236111E-03
   4.59000015      -1.08074024E-02
   4.60000038      -1.35145732E-03
   4.61000013       4.05596895E-03
   4.62000036      -2.84029786E-02
   4.63000011      -2.02958398E-02
   4.64000034      -8.12153891E-03
   4.65000010      -1.21871158E-02
   4.66000032       2.70931772E-03
   4.67000055      -1.21967420E-02
   4.68000031      -1.35572918E-03
   4.69000053       3.11940946E-02
   4.70000029       2.17088200E-02
   4.71000051       1.62880551E-02
   4.72000027       9.50512476E-03
   4.73000050       6.79206289E-03
   4.74000025       6.79475302E-03
   4.75000048      -8.15693382E-03
   4.76000023       0.00000000    
   4.77000046       2.72113364E-03
   4.78000021      -5.44442702E-03
   4.79000044      -5.44658815E-03
   4.80000019      -9.53531172E-03
   4.81000042       4.08818526E-03
   4.82000017       2.72653974E-03
   4.83000040      -8.18286929E-03
   4.84000015       5.45741571E-03
   4.85000038      -1.91085525E-02
   4.86000013       4.09631943E-03
   4.87000036       1.22938501E-02
   4.88000011       8.19916278E-03
   4.89000034      -2.87085064E-02
   4.90000057       5.47046633E-03
   4.91000032       2.18905900E-02
   4.92000055       0.00000000    
   4.93000031      -1.50617929E-02
   4.94000053       1.09584033E-02
   4.95000029      -6.85173692E-03
   4.96000051      -1.37089472E-03
   4.97000027      -2.74288584E-03
   4.98000050      -1.50919035E-02
   4.99000025      -8.23524036E-03
   5.00000048       5.49235661E-03
   5.01000023       1.51100280E-02
   5.02000046       1.09935133E-02
   5.03000021       1.09979184E-02
   5.04000044       1.23776160E-02
   5.05000019       1.37584209E-02
   5.06000042      -1.37639372E-03
   5.07000017      -5.50778536E-03
   5.08000040      -4.13249712E-03
   5.09000015      -8.26831255E-03
   5.10000038      -8.27163551E-03
   5.11000013      -9.65411961E-03
   5.12000036      -9.65800229E-03
   5.13000059      -1.38026953E-03
   5.14000034       9.66577511E-03
   5.15000057       1.65765714E-02
   5.16000032       8.29162356E-03
   5.17000055       1.24424472E-02
   5.18000031       5.53220510E-03
   5.19000053      -9.68526211E-03
   5.20000029      -1.93783399E-02
   5.21000051      -6.92362804E-03
   5.22000027       4.15585469E-03
   5.23000050       8.31506494E-03
   5.24000025       1.66368484E-02
   5.25000048      -6.93482254E-03
   5.26000023      -1.24877281E-02
   5.27000046      -1.24927796E-02
   5.28000021      -1.38864841E-03
   5.29000044       8.33526347E-03
   5.30000019      -1.25079583E-02
   5.31000042       4.17100918E-03
   5.32000017      -9.73629951E-03
   5.33000040      -1.25231752E-02
   5.34000015       1.25282574E-02
   5.35000038       5.57037303E-03
   5.36000061      -1.25384284E-02
   5.37000036      -1.39372470E-02
   5.38000059       1.39429083E-03
   5.39000034       5.57943061E-03
   5.40000057       1.25588253E-02
   5.41000032      -1.11679416E-02
   5.42000055      -5.58624370E-03
   5.43000031       4.19138884E-03
   5.44000053       4.19309642E-03
   5.45000029      -6.99134078E-03
   5.46000051      -1.39883831E-02
   5.47000027      -4.19822615E-03
   5.48000050      -9.79985762E-03
   5.49000025      -5.60220471E-03
   5.50000048      -8.40673782E-03
   5.51000023       2.80339108E-03
   5.52000046      -9.81587730E-03
   5.53000021       1.12227313E-02
   5.54000044      -1.54375657E-02
   5.55000019      -1.26359062E-02
   5.56000042      -1.12365130E-02
   5.57000017       1.40513934E-03
   5.58000040      -1.82742942E-02
   5.59000063       5.62516460E-03
   5.60000038      -5.62747056E-03
   5.61000061       1.40744471E-03
   5.62000036       1.26722008E-02
   5.63000059      -1.26774022E-02
   5.64000034       1.40917872E-03
   5.65000057      -4.22927318E-03
   5.66000032       4.23101056E-03
   5.67000055      -1.12873362E-02
   5.68000031      -8.46898463E-03
   5.69000053       8.47246964E-03
   5.70000029       7.06329755E-03
   5.71000051       1.97853819E-02
   5.72000027      -7.06911832E-03
   5.73000050      -4.24321927E-03
   5.74000025       4.24496923E-03
   5.75000048      -9.90901422E-03
   5.76000023      -5.66463079E-03
   5.77000046      -4.25022747E-03
   5.78000021      -1.13386204E-02
   5.79000044       2.83582672E-03
   5.80000019      -2.26959903E-02
   5.81000042       4.25725803E-03
   5.82000065      -2.83934642E-03
   5.83000040       8.52156710E-03
   5.84000063      -1.42084889E-03
   5.85000038       4.26431326E-03
   5.86000061      -4.26607952E-03
   5.87000036       9.95831378E-03
   5.88000059       7.11603137E-03
   5.89000034       4.27139038E-03
   5.90000057       1.42438780E-03
   5.91000032      -7.12489709E-03
   5.92000055       4.27671475E-03
   5.93000031       1.14093106E-02
   5.94000053       4.28027054E-03
   5.95000029       2.85470043E-03
   5.96000051      -5.71177714E-03
   5.97000027      -7.14269374E-03
   5.98000050      -1.42913382E-03
   5.99000025      -4.28918703E-03
   6.00000048      -7.15162558E-03
   6.01000023      -1.71710607E-02
   6.02000046      -1.43151870E-03
   6.03000021       2.86423275E-03
   6.04000044       4.29814216E-03
   6.05000019      -4.29993728E-03
   6.06000042       7.16955680E-03
   6.07000065       2.00831518E-02
   6.08000040      -7.17555406E-03
   6.09000063      -7.17855664E-03
   6.10000038       7.18156155E-03
   6.11000061       2.87382747E-03
   6.12000036       0.00000000    
   6.13000059       1.29430639E-02
   6.14000034       2.87744240E-03
   6.15000057      -1.43932458E-03
   6.16000032      -1.43992882E-02
   6.17000055      -1.72863975E-02
   6.18000031      -8.64682999E-03
   6.19000053      -7.20871938E-03
   6.20000029      -1.00964485E-02
   6.21000051      -1.58725195E-02
   6.22000027      -1.73227601E-02
   6.23000050      -4.33251262E-03
   6.24000025       7.22389482E-03
   6.25000048       1.01177134E-02
   6.26000023       1.73519589E-02
   6.27000046       1.15728509E-02
   6.28000021       1.44721603E-03
   6.29000044       8.68696254E-03
   6.30000067       0.00000000    
   6.31000042       0.00000000    
   6.32000065       1.44966226E-03
   6.33000040      -2.90054968E-03
   6.34000063      -4.35266411E-03
   6.35000038      -2.90300348E-03
   6.36000061       8.71269591E-03
   6.37000036       1.45273074E-03
   6.38000059      -2.90669245E-03
   6.39000034      -2.90792412E-03
   6.40000057      -1.45457825E-03
   6.41000032      -1.01863658E-02
   6.42000055       1.45581248E-03
   6.43000031       8.73858295E-03
   6.44000053       2.91409763E-03
   6.45000029      -7.28833908E-03
   6.46000051      -2.91657471E-03
   6.47000027      -2.91781477E-03
   6.48000050      -2.91905622E-03
   6.49000025      -1.46014895E-03
   6.50000048      -1.16861649E-02
   6.51000023       4.38417820E-03
   6.52000046       1.60821695E-02
   6.53000069      -5.85055444E-03
   6.54000044      -8.77957325E-03
   6.55000067      -1.46388658E-03
   6.56000042       2.92902277E-03
   6.57000065       4.39540995E-03
   6.58000040      -1.46576250E-03
   6.59000063      -1.46638893E-03
   6.60000038       2.05382220E-02
   6.61000061      -8.80585983E-03
   6.62000036      -1.46827137E-03
   6.63000059       7.34449923E-03
   6.64000034      -5.87811600E-03
   6.65000057      -7.35079264E-03
   6.66000032      -5.88315492E-03
   6.67000055       0.00000000    
   6.68000031       1.32484566E-02
   6.69000053       1.47268246E-03
   6.70000029       0.00000000    
   6.71000051      -1.32655287E-02
   6.72000027       0.00000000    
   6.73000050       4.42564534E-03
   6.74000025      -1.32826455E-02
   6.75000048      -1.47648458E-03
   6.76000071       4.43136133E-03
   6.77000046       1.47775596E-03
   6.78000069      -5.91357239E-03
   6.79000044       1.47903024E-03
   6.80000067       8.87800846E-03
   6.81000042       0.00000000    
   6.82000065       1.48094527E-03
   6.83000040      -2.96316925E-03
   6.84000063      -1.48222514E-03
   6.85000038      -5.93146123E-03
   6.86000061      -4.45051910E-03
   6.87000036      -1.03890365E-02
   6.88000059      -4.45437059E-03
   6.89000034      -8.91259871E-03
   6.90000057      -1.63468402E-02
   6.91000032       4.46016062E-03
   6.92000055       1.63610093E-02
   6.93000031      -5.95203834E-03
   6.94000053      -8.93193111E-03
   6.95000029       1.48930121E-03
   6.96000051      -2.97989533E-03
   6.97000027      -2.98119057E-03
   6.98000050      -4.47372906E-03
   6.99000072      -1.49189145E-03
   7.00000048       4.47762106E-03
   7.01000071      -1.49318972E-03
   7.02000046       0.00000000    
   7.03000069       1.19559243E-02
   7.04000044       7.47570815E-03
   7.05000067      -4.48737992E-03
   7.06000042      -1.34680122E-02
   7.07000065       2.99419742E-03
   7.08000040      -1.49775215E-03
   7.09000063      -1.94792822E-02
   7.10000038      -8.99436511E-03
   7.11000061       1.49971596E-03
   7.12000036      -6.00148691E-03
   7.13000059       3.00205592E-03
   7.14000034       0.00000000    
   7.15000057       9.01405420E-03
   7.16000032       9.01800394E-03
   7.17000055       7.51829566E-03
   7.18000031       1.80518199E-02
   7.19000053       0.00000000    
   7.20000029       1.50563847E-03
   7.21000051      -3.01259896E-03
   7.22000074      -3.01392190E-03
   7.23000050       0.00000000    
   7.24000072      -1.35745723E-02
   7.25000048       7.98923483E-10
   7.26000071       1.50961278E-03
   7.27000046       1.51027774E-03
   7.28000069      -1.51094245E-02
   7.29000044      -1.36044715E-02
   7.30000067       1.05859200E-02
   7.31000042       6.05176436E-03
   7.32000065       9.08165053E-03
   7.33000040       0.00000000    
   7.34000063      -4.54483414E-03
   7.35000038       1.51561387E-02
   7.36000061       0.00000000    
   7.37000036      -9.10172425E-03
   7.38000059      -1.21410005E-02
   7.39000034      -4.55488963E-03
   7.40000057      -3.03793722E-03
   7.41000032       4.55892412E-03
   7.42000055       1.36828311E-02
   7.43000031      -3.04197706E-03
   7.44000053       7.60831498E-03
   7.45000076       4.56701452E-03
   7.46000051       1.52301393E-03
   7.47000074      -1.52369007E-03
   7.48000050      -9.14620236E-03
   7.49000072       4.57513332E-03
   7.50000048      -1.06800580E-02
   7.51000071      -6.10560505E-03
   7.52000046      -6.10832218E-03
   7.53000069      -9.16656386E-03
   7.54000044      -3.05688195E-03
   7.55000067       4.58736671E-03
   7.56000042       1.22384317E-02
   7.57000065       1.99730871E-10
   7.58000040       1.22493543E-02
   7.59000063       3.06370575E-03
   7.60000038       7.66268419E-03
   7.61000061      -7.66610866E-03
   7.62000036      -3.06781428E-03
   7.63000059      -1.53459318E-03
   7.64000034      -6.14111871E-03
   7.65000057      -9.21580195E-03
   7.66000032       0.00000000    
   7.67000055      -1.53734325E-03
   7.68000031       4.61409707E-03
   7.69000053       0.00000000    
   7.70000076      -1.99730871E-10
   7.71000051      -4.62030992E-03
   7.72000074       1.38671547E-02
   7.73000050      -1.54148682E-03
   7.74000072       3.08435946E-03
   7.75000048       4.62861964E-03
   7.76000071       1.54356740E-03
   7.77000046      -3.08852410E-03
   7.78000069      -4.63487208E-03
   7.79000044       0.00000000    
   7.80000067      -1.54634949E-03
   7.81000042       0.00000000    
   7.82000065       1.39297033E-02
   7.83000040       0.00000000    
   7.84000063      -1.54914230E-03
   7.85000038       4.64952597E-03
   7.86000061       3.10108461E-03
   7.87000036      -7.75621645E-03
   7.88000059      -4.65583475E-03
   7.89000034       1.55264745E-03
   7.90000057      -6.21339958E-03
   7.91000032       4.66216030E-03
   7.92000055       1.55475736E-03
   7.93000078       1.55546248E-03
   7.94000053      -1.55616803E-02
   7.95000076      -9.34124365E-03
   7.96000051      -1.55758066E-03
   7.97000074       3.11657600E-03
   7.98000050       7.79497949E-03
   7.99000072      -1.24776363E-02
   8.00000095       3.12082772E-03
   8.01000023       2.18557343E-02
   8.02000046      -1.09328413E-02
   8.03000069       4.68763663E-03
   8.04000092       0.00000000    
   8.05000019      -1.99730871E-10
   8.06000042       0.00000000    
   8.07000065       0.00000000    
   8.08000088       0.00000000    
   8.09000015       1.56682648E-03
   8.10000038       0.00000000    
   8.11000061      -1.09778112E-02
   8.12000084      -1.09828310E-02
   8.13000011       4.70908033E-03
   8.14000034      -3.14082415E-03
   8.15000057       7.85565563E-03
   8.16000080       3.14370147E-03
   8.17000103       3.14514246E-03
   8.18000031       4.71987668E-03
   8.19000053       0.00000000    
   8.20000076      -3.14947264E-03
   8.21000099       6.30183658E-03
   8.22000027       6.30473159E-03
   8.23000050       7.88453687E-03
   8.24000072       6.31052908E-03
   8.25000095      -3.15671577E-03
   8.26000023      -3.15816863E-03
   8.27000046      -4.73943399E-03
   8.28000069       1.58053893E-03
   8.29000092      -3.16253467E-03
   8.30000019      -4.74598911E-03
   8.31000042       0.00000000    
   8.32000065      -1.58345653E-03
   8.33000088       4.75256238E-03
   8.34000015       0.00000000    
   8.35000038       1.58565165E-03
   8.36000061      -3.17276944E-03
   8.37000084      -4.76135546E-03
   8.38000107       6.35141181E-03
   8.39000034      -1.74744688E-02
   8.40000057      -7.94661883E-03
   8.41000080       7.95030221E-03
   8.42000103       6.36319024E-03
   8.43000031      -3.18307057E-03
   8.44000053      -4.77682194E-03
   8.45000076       0.00000000    
   8.46000099       0.00000000    
   8.47000027       1.59449351E-03
   8.48000050      -7.97617342E-03
   8.49000072       6.38390752E-03
   8.50000095       7.98359700E-03
   8.51000023       6.38985122E-03
   8.52000046      -3.19641363E-03
   8.53000069      -4.79685469E-03
   8.54000092       0.00000000    
   8.55000019       3.20088631E-03
   8.56000042      -8.00594967E-03
   8.57000065      -4.80581261E-03
   8.58000088       0.00000000    
   8.59000015       0.00000000    
   8.60000038       0.00000000    
   8.61000061       1.60493457E-03
   8.62000084      -8.02842807E-03
   8.63000107       9.63862427E-03
   8.64000034       0.00000000    
   8.65000057       1.60794298E-03
   8.66000080      -4.82609030E-03
   8.67000103      -4.82835388E-03
   8.68000031       1.61020663E-02
   8.69000053      -1.61096256E-03
   8.70000076      -6.44687703E-03
   8.71000099      -9.67485923E-03
   8.72000027       0.00000000    
   8.73000050       0.00000000    
   8.74000072       0.00000000    
   8.75000095      -3.23102647E-03
   8.76000023       6.46509696E-03
   8.77000046       9.70221497E-03
   8.78000069       1.61779823E-03
   8.79000092      -4.85568447E-03
   8.80000019       0.00000000    
   8.81000042       1.62008975E-03
   8.82000065      -3.24171013E-03
   8.83000088      -4.86486312E-03
   8.84000015      -1.62238791E-03
   8.85000038       4.86946572E-03
   8.86000061       0.00000000    
   8.87000084      -1.62469235E-03
   8.88000107       6.50184788E-03
   8.89000034      -3.25246458E-03
   8.90000057      -8.13501701E-03
   8.91000080       1.13944262E-02
   8.92000103      -6.51419116E-03
   8.93000031       4.88796318E-03
   8.94000053       1.63009507E-03
   8.95000076      -6.52347924E-03
   8.96000099       3.26329074E-03
   8.97000027       3.26484302E-03
   8.98000050       6.53279386E-03
   8.99000072      -4.90192883E-03
   9.00000095      -1.63475471E-03
   9.01000023       4.90660174E-03
   9.02000046       0.00000000    
   9.03000069      -1.63709454E-03
   9.04000092       4.91362764E-03
   9.05000019       0.00000000    
   9.06000042       0.00000000    
   9.07000065       0.00000000    
   9.08000088       0.00000000    
   9.09000111       1.64179434E-03
   9.10000038      -4.92774090E-03
   9.11000061       0.00000000    
   9.12000084      -1.64415408E-03
   9.13000107       6.57977024E-03
   9.14000034      -3.29146301E-03
   9.15000057      -6.58608461E-03
   9.16000080       3.29462346E-03
   9.17000103       4.94430866E-03
   9.18000031       0.00000000    
   9.19000053       0.00000000    
   9.20000076       0.00000000    
   9.21000099       0.00000000    
   9.22000027       0.00000000    
   9.23000050       0.00000000    
   9.24000072       1.65366277E-03
   9.25000095      -3.30892019E-03
   9.26000023      -3.31051624E-03
   9.27000046      -4.96817101E-03
   9.28000069       0.00000000    
   9.29000092       0.00000000    
   9.30000019       0.00000000    
   9.31000042       1.65926025E-03
   9.32000065      -3.32012610E-03
   9.33000088      -4.98259952E-03
   9.34000111      -3.32334149E-03
   9.35000038       1.16373310E-02
   9.36000061      -3.32656340E-03
   9.37000084      -4.99226479E-03
   9.38000107      -1.66489580E-03
   9.39000034       3.33140790E-03
   9.40000057       4.99953888E-03
   9.41000080       0.00000000    
   9.42000103       0.00000000    
   9.43000031       1.66894461E-03
   9.44000053      -5.00927027E-03
   9.45000076       0.00000000    
   9.46000099       0.00000000    
   9.47000027      -1.67219795E-03
   9.48000050       6.69205282E-03
   9.49000072      -6.69531757E-03
   9.50000095       5.02393860E-03
   9.51000023       1.67546398E-03
   9.52000046      -3.35256499E-03
   9.53000069      -3.35420342E-03
   9.54000092      -3.35584371E-03
   9.55000114      -3.35748540E-03
   9.56000042      -5.03869308E-03
   9.57000065       1.68038695E-03
   9.58000088      -5.04363095E-03
   9.59000111       0.00000000    
   9.60000038       0.00000000    
   9.61000061       0.00000000    
   9.62000084       0.00000000    
   9.63000107       0.00000000    
   9.64000034       0.00000000    
   9.65000057       0.00000000    
   9.66000080       0.00000000    
   9.67000103       0.00000000    
   9.68000031       1.68948807E-03
   9.69000053      -3.38064064E-03
   9.70000076      -3.38230678E-03
   9.71000099      -3.38397454E-03
   9.72000027      -6.77128788E-03
   9.73000050       3.38731520E-03
   9.74000072       3.38898785E-03
   9.75000095       3.39066237E-03
   9.76000023       6.78467611E-03
   9.77000046      -5.09102410E-03
   9.78000069       0.00000000    
   9.79000092       0.00000000    
   9.80000114       0.00000000    
   9.81000042       1.70037174E-03
   9.82000065      -1.70121482E-03
   9.83000088      -1.02123525E-02
   9.84000111       0.00000000    
   9.85000038       1.70374883E-03
   9.86000061      -5.11378562E-03
   9.87000084       1.70544232E-03
   9.88000107      -3.41258082E-03
   9.89000034      -5.12141827E-03
   9.90000057       1.70798937E-03
   9.91000080      -5.12651913E-03
   9.92000103       0.00000000    
   9.93000031       0.00000000    
   9.94000053       0.00000000    
   9.95000076      -1.71225052E-03
   9.96000099       5.13931597E-03
   9.97000027      -1.71396101E-03
   9.98000050       5.14445314E-03
   9.99000072       0.00000000    
   10.0000010      -1.71653344E-03
   10.0100012       3.43478518E-03
   10.0200005       5.15475729E-03
   10.0300007       0.00000000    
   10.0400009       0.00000000    
   10.0500011       0.00000000    
   10.0600004       1.72170100E-03
   10.0700006      -6.89026108E-03
   10.0800009       5.17029176E-03
   10.0900011       1.72429660E-03
   10.1000004      -3.45032685E-03
   10.1100006      -5.17809391E-03
   10.1200008       3.45379976E-03
   10.1300011      -1.03666168E-02
   10.1400003       0.00000000    
   10.1500006      -1.72951107E-03
   10.1600008       3.46076675E-03
   10.1700010       5.19376900E-03
   10.1800003       0.00000000    
   10.1900005      -1.73300516E-03
   10.2000008       5.20164240E-03
   10.2100010       0.00000000    
   10.2200003       0.00000000    
   10.2300005       0.00000000    
   10.2400007       0.00000000    
   10.2500010       0.00000000    
   10.2600012       0.00000000    
   10.2700005       0.00000000    
   10.2800007       0.00000000    
   10.2900009       0.00000000    
   10.3000011       0.00000000    
   10.3100004       0.00000000    
   10.3200006       1.74445857E-03
   10.3300009      -5.23603754E-03
   10.3400011      -1.74623413E-03
   10.3500004       6.98849373E-03
   10.3600006      -3.49602685E-03
   10.3700008      -6.99561695E-03
   10.3800011       3.49959242E-03
   10.3900003       5.25206653E-03
   10.4000006       0.00000000    
   10.4100008       0.00000000    
   10.4200010       1.75337261E-03
   10.4300003      -3.50853801E-03
   10.4400005      -1.75516633E-03
   10.4500008      -7.02425791E-03
   10.4600010      -8.78481846E-03
   10.4700003      -1.75786368E-03
   10.4800005      -8.79382435E-03
   10.4900007      -8.79833288E-03
   10.5000010       8.80284887E-03
   10.5100012       1.76147348E-03
   10.5200005       8.81189108E-03
   10.5300007       5.28985122E-03
   10.5400009      -3.52838077E-03
   10.5500011       1.05905868E-02
   10.5600004       0.00000000    
   10.5700006       0.00000000    
   10.5800009       0.00000000    
   10.5900011       0.00000000    
   10.6000004       0.00000000    
   10.6100006       0.00000000    
   10.6200008       0.00000000    
   10.6300011       0.00000000    
   10.6400003       0.00000000    
   10.6500006       1.77422445E-03
   10.6600008      -5.32542681E-03
   10.6700010       0.00000000    
   10.6800003      -1.77698093E-03
   10.6900005       7.11160665E-03
   10.7000008      -5.33646997E-03
   10.7100010       0.00000000    
   10.7200012       0.00000000    
   10.7300005       0.00000000    
   10.7400007       1.78251951E-03
   10.7500010      -3.56689165E-03
   10.7600012      -5.35312016E-03
   10.7700005      -1.78530195E-03
   10.7800007       3.57246259E-03
   10.7900009       5.36148483E-03
   10.8000011       0.00000000    
   10.8100004      -1.78902515E-03
   10.8200006       7.15983286E-03
   10.8300009      -5.37267746E-03
   10.8400011       0.00000000    
   10.8500004      -1.79276383E-03
   10.8600006       7.17480388E-03
   10.8700008      -3.58927832E-03
   10.8800011      -5.38673485E-03
   10.8900003       0.00000000    
   10.9000006      -1.79745920E-03
   10.9100008       5.39520429E-03
   10.9200010      -1.79934467E-03
   10.9300003       5.40086580E-03
   10.9400005       1.80123362E-03
   10.9500008       0.00000000    
   10.9600010      -1.44250141E-02
   10.9700012      -5.41222375E-03
   10.9800005       0.00000000    
   10.9900007       0.00000000    
   11.0000010       0.00000000    
   11.0100012       1.80787710E-03
   11.0200005      -3.61765968E-03
   11.0300007      -3.61956749E-03
   11.0400009      -1.81073882E-03
   11.0500011      -1.08701698E-02
   11.0600004       0.00000000    
   11.0700006       1.81361020E-03
   11.0800009      -5.44370711E-03
   11.0900011       0.00000000    
   11.1000004       3.63298063E-03
   11.1100006      -7.26980949E-03
   11.1200008      -9.09207854E-03
   11.1300011      -1.81937986E-03
   11.1400003      -9.10172425E-03
   11.1500006      -3.64262168E-03
   11.1600008      -5.46683511E-03
   11.1700010       0.00000000    
   11.1800013      -1.82421587E-03
   11.1900005       3.65037238E-03
   11.2000008       5.47847245E-03
   11.2100010       1.82712998E-03
   11.2200012      -1.82810344E-03
   11.2300005      -1.09744677E-02
   11.2400007      -3.66010680E-03
   11.2500010       7.32411956E-03
   11.2600012       9.16003808E-03
   11.2700005       3.66597250E-03
   11.2800007       7.33586401E-03
   11.2900009      -7.33978674E-03
   11.3000011       7.34371319E-03
   11.3100004      -5.51073346E-03
   11.3200006       0.00000000    
   11.3300009       0.00000000    
   11.3400011       1.83986605E-03
   11.3500004      -3.68170626E-03
   11.3600006      -5.52552380E-03
   11.3700008       1.84283045E-03
   11.3800011      -5.53146144E-03
   11.3900003       1.84481195E-03
   11.4000006      -3.69160832E-03
   11.4100008      -7.38719059E-03
   11.4200010       3.69558460E-03
   11.4300013       3.69757554E-03
   11.4400005       5.54935355E-03
   11.4500008      -1.85078208E-03
   11.4600010       1.85178092E-03
   11.4700012       1.11166853E-02
   11.4800005       0.00000000    
   11.4900007       5.56435157E-03
   11.5000010      -1.29905082E-02
   11.5100012      -1.11407470E-02
   11.5200005      -3.71559337E-03
   11.5300007       9.29401442E-03
   11.5400009       3.71962064E-03
   11.5500011       3.72163788E-03
   11.5600004       5.58548607E-03
   11.5700006       0.00000000    
   11.5800009       0.00000000    
   11.5900011       0.00000000    
   11.6000004       0.00000000    
   11.6100006       1.86689338E-03
   11.6200008      -5.60372928E-03
   11.6300011       1.86892704E-03
   11.6400013      -1.86994567E-03
   11.6500006      -1.12257907E-02
   11.6600008       0.00000000    
   11.6700010       0.00000000    
   11.6800013       0.00000000    
   11.6900005       0.00000000    
   11.7000008      -1.87607983E-03
   11.7100010       3.75421252E-03
   11.7200012       3.75626725E-03
   11.7300005       3.75832454E-03
   11.7400007       5.64057520E-03
   11.7500010       0.00000000    
   11.7600012       0.00000000    
   11.7700005       0.00000000    
   11.7800007       0.00000000    
   11.7900009       0.00000000    
   11.8000011       0.00000000    
   11.8100004       0.00000000    
   11.8200006       1.88847014E-03
   11.8300009      -5.66853024E-03
   11.8400011       0.00000000    
   11.8500004       0.00000000    
   11.8600006       0.00000000    
   11.8700008       1.89368112E-03
   11.8800011      -5.68418019E-03
   11.8900013      -1.89577346E-03
   11.9000006       5.69046475E-03
   11.9100008       0.00000000    
   11.9200010       1.89892086E-03
   11.9300013       0.00000000    
   11.9400005      -9.50512569E-03
   11.9500008      -1.71187092E-02
   11.9600010      -1.33219361E-02
   11.9700012      -5.71256969E-03
   11.9800005      -1.33367302E-02
   11.9900007      -7.62522267E-03
   12.0000010      -9.53682605E-03
   12.0100012      -5.72527852E-03
   12.0200005       0.00000000    
   12.0300007       0.00000000    
   12.0400009       0.00000000    
   12.0500011      -1.91268115E-03
   12.0600004       5.74124418E-03
   12.0700006      -1.91481598E-03
   12.0800009       5.74765494E-03
   12.0900011       1.91695534E-03
   12.1000004      -5.75408107E-03
   12.1100006       0.00000000    
   12.1200008       0.00000000    
   12.1300011       0.00000000    
   12.1400013       0.00000000    
   12.1500006      -1.92340265E-03
   12.1600008       5.77344419E-03
   12.1700010       1.92556100E-03
   12.1800013      -3.85328499E-03
   12.1900005      -3.85544961E-03
   12.2000008      -3.85761680E-03
   12.2100010      -3.85978655E-03
   12.2200012      -3.86195839E-03
   12.2300005      -3.86413326E-03
   12.2400007      -3.86631023E-03
   12.2500010      -3.86848929E-03
   12.2600012      -1.93533581E-03
   12.2700005      -1.16185676E-02
   12.2800007       1.93752127E-03
   12.2900009      -5.81584778E-03
   12.3000011       0.00000000    
   12.3100004       0.00000000    
   12.3200006       0.00000000    
   12.3300009      -1.94300688E-03
   12.3400011       5.83232287E-03
   12.3500013       0.00000000    
   12.3600006       0.00000000    
   12.3700008       0.00000000    
   12.3800011       0.00000000    
   12.3900013       0.00000000    
   12.4000006       0.00000000    
   12.4100008       0.00000000    
   12.4200010       0.00000000    
   12.4300013       0.00000000    
   12.4400005       0.00000000    
   12.4500008      -1.95629988E-03
   12.4600010       5.87224774E-03
   12.4700012       0.00000000    
   12.4800005       1.95965171E-03
   12.4900007      -3.92154278E-03
   12.5000010      -1.96189247E-03
   12.5100012      -1.17780901E-02
   12.5200005       1.96413859E-03
   12.5300007      -3.93052725E-03
   12.5400009      -5.89916948E-03
   12.5500011       0.00000000    
   12.5600004       1.96864619E-03
   12.5700006      -5.90932835E-03
   12.5800009       0.00000000    
   12.5900011      -3.94408079E-03
   12.6000013       1.57853942E-02
   12.6100006      -7.89723825E-03
   12.6200008      -1.38281239E-02
   12.6300011       3.95316817E-03
   12.6400013       3.95544712E-03
   12.6500006       3.95772839E-03
   12.6600008       5.94001776E-03
   12.6700010       1.98114896E-03
   12.6800013      -5.94688067E-03
   12.6900005      -1.98343932E-03
   12.7000008       5.95375989E-03
   12.7100010      -1.98573503E-03
   12.7200012       5.96065447E-03
   12.7300005       5.96410781E-03
   12.7400007      -1.79026965E-02
   12.7500010       1.99034205E-03
   12.7600012      -3.98299471E-03
   12.7700005      -3.98530765E-03
   12.7800007      -5.98143553E-03
   12.7900009       0.00000000    
   12.8000011       0.00000000    
   12.8100014       0.00000000    
   12.8200006      -1.99845666E-03
   12.8300009       5.99886384E-03
   12.8400011      -3.99461741E-10
   12.8500013       0.00000000    
   12.8600006       0.00000000    
   12.8700008       4.00858652E-03
   12.8800011      -1.60437170E-02
   12.8900013       1.20398244E-02
   12.9000006      -2.00781180E-03
   12.9100008       8.03594850E-03
   12.9200010      -6.03049248E-03
   12.9300013       0.00000000    
   12.9400005       0.00000000    
   12.9500008       0.00000000    
   12.9600010      -2.01488566E-03
   12.9700012       6.04820810E-03
   12.9800005       0.00000000    
   12.9900007       4.03688243E-03
   13.0000010      -1.21177752E-02
   13.0100012       4.04163776E-03
   13.0200005      -8.08803737E-03
   13.0300007      -1.21392105E-02
   13.0400009       0.00000000    
   13.0500011      -2.02559051E-03
   13.0600014       6.08036062E-03
   13.0700006       0.00000000    
   13.0800009       0.00000000    
   13.0900011       0.00000000    
   13.1000013       2.03158683E-03
   13.1100006      -4.06558113E-03
   13.1200008      -8.13598186E-03
   13.1300011       4.07040305E-03
   13.1400013       8.14563874E-03
   13.1500006      -2.03761901E-03
   13.1600008      -1.22329770E-02
   13.1700010      -2.04004138E-03
   13.1800013       4.08251071E-03
   13.1900005       8.16988200E-03
   13.2000008      -6.13106042E-03
   13.2100010       0.00000000    
   13.2200012       0.00000000    
   13.2300005       2.04734504E-03
   13.2400007      -4.09713434E-03
   13.2500010      -4.09958186E-03
   13.2600012      -8.20406526E-03
   13.2700014       4.10448620E-03
   13.2800007       4.10694210E-03
   13.2900009       4.10940126E-03
   13.3000011       4.11186321E-03
   13.3100014       6.17149333E-03
   13.3200006       0.00000000    
   13.3300009       2.05963384E-03
   13.3400011      -6.18261285E-03
   13.3500013       0.00000000    
   13.3600006      -2.06334959E-03
   13.3700008       6.19377289E-03
   13.3800011       0.00000000    
   13.3900013       0.00000000    
   13.4000006       0.00000000    
   13.4100008       4.13914397E-03
   13.4200010      -8.28328356E-03
   13.4300013      -1.03603564E-02
   13.4400005      -6.21997006E-03
   13.4500008       0.00000000    
   13.4600010       4.15166374E-03
   13.4700012      -1.24625312E-02
   13.4800005       2.07834668E-03
   13.4900007      -6.23881863E-03
   13.5000010       2.08086730E-03
   13.5100012      -6.24638982E-03
   13.5200014      -2.08339398E-03
   13.5300007       6.25397963E-03
   13.5400009       0.00000000    
   13.5500011       0.00000000    
   13.5600014       0.00000000    
   13.5700006       0.00000000    
   13.5800009       0.00000000    
   13.5900011       4.18457342E-03
   13.6000013      -1.04678161E-02
   13.6100006      -6.28452422E-03
   13.6200008       0.00000000    
   13.6300011       0.00000000    
   13.6400013       0.00000000    
   13.6500006       2.09996942E-03
   13.6600008      -4.20251070E-03
   13.6700010      -4.20508627E-03
   13.6800013      -4.20766417E-03
   13.6900005      -4.21024580E-03
   13.7000008      -4.21283022E-03
   13.7100010      -4.21541790E-03
   13.7200012      -4.21800883E-03
   13.7300005      -2.11030152E-03
   13.7400007      -1.26696005E-02
   13.7500010       0.00000000    
   13.7600012       0.00000000    
   13.7700014       2.11550575E-03
   13.7800007       0.00000000    
   13.7900009      -1.90630555E-02
   13.8000011      -2.11942568E-03
   13.8100014       6.36220677E-03
   13.8200006       2.12204712E-03
   13.8300009      -6.37008063E-03
   13.8400011      -2.12467508E-03
   13.8500013       1.06299575E-02
   13.8600006      -1.27638569E-02
   13.8700008       0.00000000    
   13.8800011       0.00000000    
   13.8900013       0.00000000    
   13.9000006       0.00000000    
   13.9100008      -2.13392428E-03
   13.9200010       4.27050376E-03
   13.9300013       6.40974520E-03
   13.9400005       0.00000000    
   13.9500008       0.00000000    
   13.9600010       0.00000000    
   13.9700012       0.00000000    
   13.9800014       0.00000000    
   13.9900007       2.14459375E-03
   14.0000010      -6.43780502E-03
   14.0100012       0.00000000    
   14.0200014       0.00000000    
   14.0300007       2.14996864E-03
   14.0400009      -4.30263346E-03
   14.0500011      -8.61066487E-03
   14.0600014       6.46205293E-03
   14.0700006       0.00000000    
   14.0800009       0.00000000    
   14.0900011      -2.15808186E-03
   14.1000013       4.31887992E-03
   14.1100006       1.08039984E-02
   14.1200008      -1.29729686E-02
   14.1300011       0.00000000    
   14.1400013      -2.16488959E-03
   14.1500006       6.49876939E-03
   14.1600008      -2.16762465E-03
   14.1700010       6.50698505E-03
   14.1800013       0.00000000    
   14.1900005       2.17174063E-03
   14.2000008      -4.34623193E-03
   14.2100010      -4.34898632E-03
   14.2200012      -6.52761618E-03
   14.2300014       2.17725267E-03
   14.2400007      -4.35726997E-03
   14.2500010      -4.36003832E-03
   14.2600012      -6.54421514E-03
   14.2700014       0.00000000    
   14.2800007       0.00000000    
   14.2900009       0.00000000    
   14.3000011       0.00000000    
   14.3100014       0.00000000    
   14.3200006       0.00000000    
   14.3300009       0.00000000    
   14.3400011       0.00000000    
   14.3500013       0.00000000    
   14.3600006       0.00000000    
   14.3700008       2.19676713E-03
   14.3800011      -4.39634873E-03
   14.3900013      -4.39916691E-03
   14.4000006      -6.60298299E-03
   14.4100008       2.20240699E-03
   14.4200010      -4.40764334E-03
   14.4300013      -8.82095192E-03
   14.4400015       8.82662367E-03
   14.4500008      -2.20807595E-03
   14.4600010      -1.10474899E-02
   14.4700012      -4.42184275E-03
   14.4800014      -8.84938799E-03
   14.4900007       4.42754896E-03
   14.5000010       6.64561056E-03
   14.5100012       0.00000000    
   14.5200014       0.00000000    
   14.5300007       0.00000000    
   14.5400009      -2.22093845E-03
   14.5500011       8.88950750E-03
   14.5600014      -4.44763433E-03
   14.5700006      -2.22525955E-03
   14.5800009      -1.11335181E-02
   14.5900011      -6.68444857E-03
   14.6000013       2.22959719E-03
   14.6100006      -8.92418716E-03
   14.6200008       6.69749547E-03
   14.6300011      -2.23395182E-03
   14.6400013       8.94162897E-03
   14.6500006      -6.71059359E-03
   14.6600008       0.00000000    
   14.6700010       0.00000000    
   14.6800013       0.00000000    
   14.6900015       0.00000000    
   14.7000008       2.24417914E-03
   14.7100010      -6.73694350E-03
   14.7200012       0.00000000    
   14.7300014       2.24859081E-03
   14.7400007      -4.50013159E-03
   14.7500010      -4.50308435E-03
   14.7600012      -4.50604083E-03
   14.7700014      -6.76350249E-03
   14.7800007       0.00000000    
   14.7900009       0.00000000    
   14.8000011       0.00000000    
   14.8100014       0.00000000    
   14.8200006       0.00000000    
   14.8300009       0.00000000    
   14.8400011       0.00000000    
   14.8500013       0.00000000    
   14.8600006       0.00000000    
   14.8700008       4.53882292E-03
   14.8800011      -9.08365380E-03
   14.8900013      -9.08966921E-03
   14.9000015      -6.82177022E-03
   14.9100008      -1.36525854E-02
   14.9200010      -1.59385875E-02
   14.9300013      -9.11381189E-03
   14.9400015      -1.13998344E-02
   14.9500008      -4.56296559E-03
   14.9600010      -4.56600124E-03
   14.9700012      -4.56904108E-03
   14.9800014      -4.57208557E-03
   14.9900007      -4.57513332E-03
   15.0000010      -4.57818573E-03
   15.0100012      -4.58124187E-03
   15.0200014      -4.58430219E-03
   15.0300007      -2.29368336E-03
   15.0400009      -1.14760865E-02
   15.0500011      -4.59350739E-03
   15.0600014      -9.19316802E-03
   15.0700006       4.59966529E-03
   15.0800009       6.90412475E-03
   15.0900011       0.00000000    
   15.1000013       0.00000000    
   15.1100006      -2.30601500E-03
   15.1200008       6.92269718E-03
   15.1300011       0.00000000    
   15.1400013       0.00000000    
   15.1500015       0.00000000    
   15.1600008       0.00000000    
   15.1700010       2.31535081E-03
   15.1800013      -4.63382900E-03
   15.1900015      -4.63695964E-03
   15.2000008      -9.28018987E-03
   15.2100010       9.28646792E-03
   15.2200012      -4.64637810E-03
   15.2300014      -2.32476252E-03
   15.2400007      -1.16316965E-02
   15.2500010       0.00000000    
   15.2600012      -1.39769875E-02
   15.2700014      -1.86486430E-02
   15.2800007      -4.66533005E-03
   15.2900009      -4.66850353E-03
   15.3000011      -9.34336334E-03
   15.3100014       7.01229600E-03
   15.3200006       0.00000000    
   15.3300009       0.00000000    
   15.3400011       0.00000000    
   15.3500013      -2.34381808E-03
   15.3600006       7.03626126E-03
   15.3700008       2.34702486E-03
   15.3800011      -4.69726231E-03
   15.3900013      -4.70047956E-03
   15.4000015      -4.70370147E-03
   15.4100008      -4.70692711E-03
   15.4200010      -4.71015787E-03
   15.4300013      -7.07009016E-03
   15.4400015       0.00000000    
   15.4500008       0.00000000    
   15.4600010      -2.36156234E-03
   15.4700012       7.08956597E-03
   15.4800014       0.00000000    
   15.4900007       0.00000000    
   15.5000010       0.00000000    
   15.5100012       0.00000000    
   15.5200014       0.00000000    
   15.5300007       0.00000000    
   15.5400009       0.00000000    
   15.5500011       0.00000000    
   15.5600014       2.37792800E-03
   15.5700006      -4.75915428E-03
   15.5800009      -4.76245675E-03
   15.5900011      -7.14864675E-03
   15.6000013       0.00000000    
   15.6100016       0.00000000    
   15.6200008      -2.38785683E-03
   15.6300011       4.77903895E-03
   15.6400013       4.78236936E-03
   15.6500015       1.19642606E-02
   15.6600008      -9.57808830E-03
   15.6700010      -7.18858233E-03
   15.6800013      -1.67850815E-02
   15.6900015      -9.59818251E-03
   15.7000008      -1.20061236E-02
   15.7100010       0.00000000    
   15.7200012      -1.44275399E-02
   15.7300014      -1.44376587E-02
   15.7400007      -2.16716845E-02
   15.7500010       0.00000000    
   15.7600012       4.82269889E-03
   15.7700014      -1.68913137E-02
   15.7800007       2.41474318E-03
   15.7900009       1.20822182E-02
   15.8000011       7.25443987E-03
   15.8100014       0.00000000    
   15.8200006       2.42155977E-03
   15.8300009      -2.42326991E-03
   15.8400011      -9.69992951E-03
   15.8500013      -9.70679056E-03
   15.8600016      -1.21420743E-02
   15.8700008      -4.86026937E-03
   15.8800011      -1.21592842E-02
   15.8900013       1.21679083E-02
   15.9000015       4.87061776E-03
   15.9100008       4.87407716E-03
   15.9200010       4.87754121E-03
   15.9300013       4.88100993E-03
   15.9400015       7.32672680E-03
   15.9500008       0.00000000    
   15.9600010       0.00000000    
   15.9700012       0.00000000    
   15.9800014       0.00000000    
   15.9900007       0.00000000    
   16.0000019       0.00000000    
   16.0100002       2.45447084E-03
   16.0200005      -4.91245557E-03
   16.0300007      -7.37396115E-03
   16.0400009       0.00000000    
   16.0500011       0.00000000    
   16.0600014       2.46328069E-03
   16.0700016      -9.86020174E-03
   16.0800018       4.93364502E-03
   16.0900021       4.93719429E-03
   16.1000004       9.88149736E-03
   16.1100006      -4.94430866E-03
   16.1200008      -7.42180971E-03
   16.1300011       0.00000000    
   16.1400013       0.00000000    
   16.1500015       0.00000000    
   16.1600018       0.00000000    
   16.1700020       0.00000000    
   16.1800003       0.00000000    
   16.1900005       2.48648576E-03
   16.2000008      -4.97657713E-03
   16.2100010      -2.49009440E-03
   16.2200012      -1.24595137E-02
   16.2300014      -7.48114148E-03
   16.2400017      -2.49552727E-03
   16.2500019       4.99468716E-03
   16.2600002       4.99832490E-03
   16.2700005       5.00196824E-03
   16.2800007       7.50842504E-03
   16.2900009       0.00000000    
   16.3000011       2.50646472E-03
   16.3100014      -7.52489083E-03
   16.3200016       5.02026314E-03
   16.3300018      -1.25598470E-02
   16.3400021      -7.54142925E-03
   16.3500004       2.51565268E-03
   16.3600006      -5.03499666E-03
   16.3700008      -5.03869308E-03
   16.3800011      -5.04239555E-03
   16.3900013      -2.52305157E-03
   16.4000015      -1.26245404E-02
   16.4100018      -7.58030266E-03
   16.4200020      -2.52862950E-03
   16.4300003       7.59148272E-03
   16.4400005       2.53236201E-03
   16.4500008      -5.06846374E-03
   16.4600010      -5.07220998E-03
   16.4700012      -5.07596182E-03
   16.4800014      -5.07971877E-03
   16.4900017      -7.62522267E-03
   16.5000019       0.00000000    
   16.5100002       0.00000000    
   16.5200005       0.00000000    
   16.5300007       2.54929438E-03
   16.5400009      -5.10237925E-03
   16.5500011      -5.10617578E-03
   16.5600014      -5.10997791E-03
   16.5700016      -5.11378562E-03
   16.5800018      -2.55879946E-03
   16.5900021      -1.28035452E-02
   16.6000004      -7.68786483E-03
   16.6100006      -2.56453664E-03
   16.6200008       7.69936433E-03
   16.6300011       2.56837602E-03
   16.6400013      -1.02811987E-02
   16.6500015       5.14445314E-03
   16.6600018       5.14831254E-03
   16.6700020       7.72826653E-03
   16.6800003       0.00000000    
   16.6900005       0.00000000    
   16.7000008       0.00000000    
   16.7100010      -2.58384785E-03
   16.7200012       7.75738526E-03
   16.7300014       0.00000000    
   16.7400017       0.00000000    
   16.7500019       0.00000000    
   16.7600021       0.00000000    
   16.7700005       0.00000000    
   16.7800007       5.19507984E-03
   16.7900009      -1.55970454E-02
   16.8000011       0.00000000    
   16.8100014      -2.60345219E-03
   16.8200016       7.81628769E-03
   16.8300018       0.00000000    
   16.8400021       2.60939170E-03
   16.8500004      -5.22275502E-03
   16.8600006      -2.61336658E-03
   16.8700008      -1.30767915E-02
   16.8800011      -5.23470668E-03
   16.8900013      -5.23870252E-03
   16.9000015      -5.24270488E-03
   16.9100018      -2.62335641E-03
   16.9200020      -1.05014546E-02
   16.9300003      -1.31368693E-02
   16.9400005      -1.05175488E-02
   16.9500008       1.05256140E-02
   16.9600010       2.63342261E-03
   16.9700012      -2.89899036E-02
   16.9800014      -7.91241415E-03
   16.9900017      -7.91850034E-03
   17.0000019       1.84907243E-02
   17.0100021       1.85049698E-02
   17.0200005      -5.29121049E-03
   17.0300007      -5.29529341E-03
   17.0400009      -7.94907380E-03
   17.0500011       5.30347787E-03
   17.0600014      -1.32689485E-02
   17.0700016      -5.31168748E-03
   17.0800018      -5.31580206E-03
   17.0900021      -7.97988381E-03
   17.1000004      -2.66202493E-03
   17.1100006       5.32818353E-03
   17.1200008       1.06646474E-02
   17.1300011      -5.33646997E-03
   17.1400013      -1.33515568E-02
   17.1500015       1.06895640E-02
   17.1600018       1.33723700E-02
   17.1700020       8.02967977E-03
   17.1800003       0.00000000    
   17.1900005       0.00000000    
   17.2000008       0.00000000    
   17.2100010       0.00000000    
   17.2200012       2.68704002E-03
   17.2300014      -5.37829148E-03
   17.2400017      -2.69125472E-03
   17.2500019      -1.07734697E-02
   17.2600021      -1.34774158E-02
   17.2700005      -1.34880124E-02
   17.2800007       1.07988995E-02
   17.2900009       1.35092521E-02
   17.3000011       8.11193883E-03
   17.3100014       0.00000000    
   17.3200016       0.00000000    
   17.3300018       0.00000000    
   17.3400021       2.71252962E-03
   17.3500004      -5.42935170E-03
   17.3600006      -5.43365022E-03
   17.3700008      -8.15693382E-03
   17.3800011       0.00000000    
   17.3900013       5.44658769E-03
   17.4000015      -1.09018274E-02
   17.4100018      -1.36381155E-02
   17.4200020      -1.09191732E-02
   17.4300003       5.46393357E-03
   17.4400005       8.20243079E-03
   17.4500008      -5.47264749E-03
   17.4600010       1.36925383E-02
   17.4700012       8.22208449E-03
   17.4800014       0.00000000    
   17.4900017       0.00000000    
   17.5000019       0.00000000    
   17.5100021       0.00000000    
   17.5200005       0.00000000    
   17.5300007       0.00000000    
   17.5400009       0.00000000    
   17.5500011       0.00000000    
   17.5600014       0.00000000    
   17.5700016       2.76276190E-03
   17.5800018      -5.52997598E-03
   17.5900021      -8.30165390E-03
   17.6000004       0.00000000    
   17.6100006       2.77168839E-03
   17.6200008      -2.77392892E-03
   17.6300011      -1.38808666E-02
   17.6400013      -2.77842116E-03
   17.6500015      -1.66840367E-02
   17.6600018       2.78292759E-03
   17.6700020      -1.11407470E-02
   17.6800003       1.11497976E-02
   17.6900005      -5.57943108E-03
   17.7000008      -1.95438992E-02
   17.7100010       2.51483303E-02
   17.7200012       2.23722924E-02
   17.7300014       2.79881735E-03
   17.7400017       1.68066118E-02
   17.7500019       0.00000000    
   17.7600021       2.80568283E-03
   17.7700005      -8.42393655E-03
   17.7800007       2.81027867E-03
   17.7900009      -5.62516414E-03
   17.8000011      -2.81488942E-03
   17.8100014      -1.40860016E-02
   17.8200016      -1.12780612E-02
   17.8300018       2.82183406E-03
   17.8400021       1.12966262E-02
   17.8500004       1.97853800E-02
   17.8600006      -8.48643947E-03
   17.8700008      -2.83114705E-03
   17.8800011       8.50045495E-03
   17.8900013       0.00000000    
   17.9000015       0.00000000    
   17.9100018       0.00000000    
   17.9200020       0.00000000    
   17.9300022       2.84523237E-03
   17.9400005      -5.69518702E-03
   17.9500008      -1.13998344E-02
   17.9600010       5.70465531E-03
   17.9700012       1.14188017E-02
   17.9800014      -5.71415527E-03
   17.9900017      -2.85945856E-03
   18.0000019      -1.43092163E-02
   18.0100021      -5.72846411E-03
   18.0200005      -8.59987456E-03
   18.0300007       2.86902208E-03
   18.0400009      -5.74284559E-03
   18.0500011      -8.62148311E-03
   18.0600014       0.00000000    
   18.0700016      -2.87864916E-03
   18.0800018       5.76213235E-03
   18.0900021       2.88348761E-03
   18.1000004       1.44295627E-02
   18.1100006       1.15533676E-02
   18.1200008       0.00000000    
   18.1300011      -2.31457017E-02
   18.1400013      -2.89565418E-03
   18.1500015      -1.44904982E-02
   18.1600018      -8.70164949E-03
   18.1700020      -5.80600696E-03
   18.1800022       1.45273078E-02
   18.1900005       1.16316946E-02
   18.2000008      -1.45519515E-02
   18.2100010       1.74771659E-02
   18.2200012       0.00000000    
   18.2300014       0.00000000    
   18.2400017       0.00000000    
   18.2500019       0.00000000    
   18.2600021       0.00000000    
   18.2700005       0.00000000    
   18.2800007       0.00000000    
   18.2900009       5.86555572E-03
   18.3000011      -1.46764331E-02
   18.3100014      -2.93779979E-03
   18.3200016      -1.47015871E-02
   18.3300018      -8.82851612E-03
   18.3400021      -2.94536492E-03
   18.3500004       5.89579064E-03
   18.3600006       5.90086030E-03
   18.3700008       5.90593787E-03
   18.3800011       1.18220504E-02
   18.3900013      -8.87418166E-03
   18.4000015       0.00000000    
   18.4100018      -2.96316948E-03
   18.4200020       1.48286521E-02
   18.4300022      -1.18731847E-02
   18.4400005      -1.18834637E-02
   18.4500008      -1.18937613E-02
   18.4600010      -1.78561155E-02
   18.4700012      -2.97860242E-03
   18.4800014       8.94357078E-03
   18.4900017       0.00000000    
   18.5000019       0.00000000    
   18.5100021       0.00000000    
   18.5200005      -2.99158692E-03
   18.5300007       1.19767897E-02
   18.5400009      -5.99362468E-03
   18.5500011      -1.19977277E-02
   18.5600014       9.00616869E-03
   18.5700016       3.00468481E-03
   18.5800018      -6.01463672E-03
   18.5900021      -6.01991266E-03
   18.6000004      -6.02519792E-03
   18.6100006      -6.03049248E-03
   18.6200008      -3.01789795E-03
   18.6300011      -6.04110910E-03
   18.6400013      -2.72089429E-02
   18.6500015      -2.72329394E-02
   18.6600018      -6.05710549E-03
   18.6700020       1.51561406E-02
   18.6800022       1.21356342E-02
   18.6900005      -6.07318617E-03
   18.7000008      -6.07856503E-03
   18.7100010      -6.08395413E-03
   18.7200012      -1.52233811E-02
   18.7300014       1.52369021E-02
   18.7400017       9.15026665E-03
   18.7500019       6.10560458E-03
   18.7600021      -1.52776055E-02
   18.7700005      -9.17473342E-03
   18.7800007       9.18291695E-03
   18.7900009      -2.45096441E-02
   18.8000011      -6.13288721E-03
   18.8100014      -1.22767445E-02
   18.8200016       3.07193375E-03
   18.8300018       1.84481200E-02
   18.8400021      -6.15488784E-03
   18.8500004       1.84812397E-02
   18.8600006       0.00000000    
   18.8700008       0.00000000    
   18.8800011      -3.08852410E-03
   18.8900013       6.18261285E-03
   18.9000015       9.28228162E-03
   18.9100018       0.00000000    
   18.9200020       6.19936828E-03
   18.9300022      -1.24099469E-02
   18.9400005      -1.55264717E-02
   18.9500008      -6.21621404E-03
   18.9600010      -3.11092497E-03
   18.9700012      -1.24549922E-02
   18.9800014      -1.55828809E-02
   18.9900017      -9.35822725E-03
   19.0000019      -3.12224752E-03
   19.0100021       6.25018217E-03
   19.0200005       9.38382000E-03
   19.0300007       3.13079380E-03
   19.0400009      -3.13365296E-03
   19.0500011      -1.25460709E-02
   19.0600014      -1.56969354E-02
   19.0700016      -1.25690484E-02
   19.0800018       9.43542644E-03
   19.0900021      -3.14802770E-03
   19.1000023       1.26036732E-02
   19.1100006      -6.30762940E-03
   19.1200008      -9.47014801E-03
   19.1300011       0.00000000    
   19.1400013       0.00000000    
   19.1500015       0.00000000    
   19.1600018      -3.16837500E-03
   19.1700020       9.51390993E-03
   19.1800022       0.00000000    
   19.1900005       3.17717600E-03
   19.2000008      -9.54036228E-03
   19.2100010       0.00000000    
   19.2200012      -3.18602612E-03
   19.2300014       1.59449354E-02
   19.2400017      -9.57586151E-03
   19.2500019      -2.55594049E-02
   19.2600021      -9.59370937E-03
   19.2700005      -6.40177261E-03
   19.2800007       1.28155006E-02
   19.2900009       1.28274774E-02
   19.3000011       1.92592144E-02
   19.3100014       3.21287476E-03
   19.3200016      -6.43177191E-03
   19.3300018      -3.21890251E-03
   19.3400021      -1.28877005E-02
   19.3500023      -1.28998132E-02
   19.3600006      -1.61399357E-02
   19.3700008      -3.23102647E-03
   19.3800011      -1.61703583E-02
   19.3900013      -6.47424581E-03
   19.4000015      -1.29607180E-02
   19.4100018       1.29729686E-02
   19.4200020      -9.73893143E-03
   19.4300022      -3.24938470E-03
   19.4400005       0.00000000    
   19.4500008       2.92999558E-02
   19.4600010       3.25864204E-03
   19.4700012      -3.26173962E-03
   19.4800014      -1.63242146E-02
   19.4900017      -1.30718099E-02
   19.5000019       9.81320348E-03
   19.5100021       0.00000000    
   19.5200005       0.00000000    
   19.5300007       1.99730871E-10
   19.5400009      -3.28358891E-03
   19.5500011       6.57346752E-03
   19.5600014       6.57977024E-03
   19.5700016       9.87912621E-03
   19.5800018       6.59241108E-03
   19.5900021      -1.31975012E-02
   19.6000023      -1.32102026E-02
   19.6100006      -1.32229291E-02
   19.6200008      -1.65446009E-02
   19.6300011      -6.62422832E-03
   19.6400013      -6.63062837E-03
   19.6500015      -6.63704099E-03
   19.6600018      -3.32173309E-03
   19.6700020      -1.66247580E-02
   19.6800022      -6.65635336E-03
   19.6900005      -1.33256316E-02
   19.7000008       1.00039355E-02
   19.7100010       6.67577842E-03
   19.7200012      -1.00234188E-02
   19.7300014      -3.00995633E-02
   19.7400017      -3.34765879E-03
   19.7500019       0.00000000    
   19.7600021       3.35420333E-02
   19.7700005      -1.00724567E-02
   19.7800007      -3.36077390E-03
   19.7900009       1.34562757E-02
   19.8000011       0.00000000    
   19.8100014      -3.03361025E-02
   19.8200016      -3.37399193E-03
   19.8300018       1.01319393E-02
   19.8400021       3.38064064E-03
   19.8500023      -6.76794909E-03
   19.8600006      -3.38731520E-03
   19.8700008      -1.69533119E-02
   19.8800011      -1.01820491E-02
   19.8900013      -3.39737651E-03
   19.9000015       3.40074394E-03
   19.9100018       2.04247050E-02
   19.9200020       3.40749812E-03
   19.9300022      -1.02326553E-02
   19.9400005       3.41427885E-03
   19.9500008      -6.83535915E-03
   19.9600010      -1.02632605E-02
   19.9700012       3.42450105E-03
   19.9800014      -3.42792179E-03
   19.9900017      -1.02940509E-02
   20.0000019      -3.09130661E-02
   20.0100021       0.00000000    
   20.0200024      -3.44167510E-03
   20.0300007       1.37805240E-02
   20.0400009      -6.89718639E-03
   20.0500011      -3.45206237E-03
   20.0600014      -2.07332335E-02
   20.0700016       0.00000000    
   20.0800018      -3.46251274E-03
   20.0900021       1.03980303E-02
   20.1000023       3.46951489E-03
   20.1100006      -6.94605289E-03
   20.1200008      -1.04296356E-02
   20.1300011       0.00000000    
   20.1400013       0.00000000    
   20.1500015       3.48714436E-03
   20.1600018      -1.39627680E-02
   20.1700020       6.98849373E-03
   20.1800022       6.99561695E-03
   20.1900005       1.40055101E-02
   20.2000008      -1.05148628E-02
   20.2100010      -3.50853801E-03
   20.2200012       7.02425791E-03
   20.2300014       1.05471835E-02
   20.2400017       3.51933343E-03
   20.2500019      -3.52294696E-03
   20.2600021      -1.41062690E-02
   20.2700024      -1.76509768E-02
   20.2800007      -1.06014935E-02
   20.2900009       0.00000000    
   20.3000011       3.54112522E-03
   20.3100014      -1.77239161E-02
   20.3200016       1.41937956E-02
   20.3300018       1.77606121E-02
   20.3400021       1.06674097E-02
   20.3500023       0.00000000    
   20.3600006       3.56318825E-03
   20.3700008      -7.13378424E-03
   20.3800011      -1.07118115E-02
   20.3900013       7.14864675E-03
   20.4000015      -1.78902522E-02
   20.4100018      -1.07453559E-02
   20.4200020       0.00000000    
   20.4300022       7.17855664E-03
   20.4400005      -1.43721476E-02
   20.4500008      -2.51776204E-02
   20.4600010       3.60057619E-03
   20.4700012       1.80217978E-02
   20.4800014       1.80407465E-02
   20.4900017      -2.16716845E-02
   20.5000019      -3.61575419E-03
   20.5100021       7.23913498E-03
   20.5200024       1.44935595E-02
   20.5300007      -1.08816605E-02
   20.5400009       0.00000000    
   20.5500011       3.63490474E-03
   20.5600014      -7.27751944E-03
   20.5700016      -3.64262238E-03
   20.5800018      -2.55254526E-02
   20.5900021       7.30074476E-03
   20.6000023       7.30851991E-03
   20.6100006       1.46326236E-02
   20.6200008      -7.32411956E-03
   20.6300011      -3.66597250E-03
   20.6400013      -1.46795735E-02
   20.6500015      -2.20429339E-02
   20.6600018       0.00000000    
   20.6700020      -3.68170626E-03
   20.6800022       1.10569829E-02
   20.6900005       3.68962390E-03
   20.7000008      -3.69359530E-03
   20.7100010      -1.84878781E-02
   20.7200012      -3.70156416E-03
   20.7300014      -2.22333688E-02
   20.7400017       3.70956771E-03
   20.7500019      -1.11407470E-02
   20.7600021       7.43521145E-03
   20.7700024      -2.23298278E-02
   20.7800007       3.72567889E-03
   20.7900009      -1.11891851E-02
   20.8000011       0.00000000    
   20.8100014      -7.47570908E-03
   20.8200016       1.49677210E-02
   20.8300018       3.37141380E-02
   20.8400021      -3.00008766E-02
   20.8500023      -3.75421252E-03
   20.8600006      -1.50332982E-02
   20.8700008      -2.25746725E-02
   20.8800011      -3.76657536E-03
   20.8900013       7.54142832E-03
   20.9000015       1.13245882E-02
   20.9100018       0.00000000    
   20.9200020       3.78318620E-03
   20.9300022      -3.78736225E-03
   20.9400005      -1.51661877E-02
   20.9500008      -1.51829654E-02
   20.9600010      -1.51997795E-02
   20.9700012      -1.14124734E-02
   20.9800014      -2.28502788E-02
   20.9900017      -2.28756685E-02
   21.0000019      -2.67179664E-02
   21.0100021      -1.52844107E-02
   21.0200024      -1.53014492E-02
   21.0300007      -2.29777917E-02
   21.0400009       0.00000000    
   21.0500011       0.00000000    
   21.0600014       0.00000000    
   21.0700016       0.00000000    
   21.0800018       0.00000000    
   21.0900021       0.00000000    
   21.1000023       0.00000000    
   21.1100006       0.00000000    
   21.1200008       3.86848929E-03
   21.1300011      -1.16185676E-02
   21.1400013      -3.87723185E-03
   21.1500015       7.76323583E-03
   21.1600018       1.94300711E-02
   21.1700020      -1.16712591E-02
   21.1800022      -2.72638518E-02
   21.1900024      -2.72948295E-02
   21.2000008       1.17110927E-02
   21.2100010       0.00000000    
   21.2200012       0.00000000    
   21.2300014       0.00000000    
   21.2400017      -3.92154278E-03
   21.2500019       7.85205979E-03
   21.2600021       7.86105450E-03
   21.2700024       1.18051041E-02
   21.2800007       0.00000000    
   21.2900009       0.00000000    
   21.3000011       3.94861912E-03
   21.3100014      -1.18595054E-02
   21.3200016       3.95772792E-03
   21.3300018      -7.92459585E-03
   21.3400021      -7.93375727E-03
   21.3500023      -3.97147005E-03
   21.3600006      -1.59042869E-02
   21.3700008      -1.19420541E-02
   21.3800011      -3.58677730E-02
   21.3900013       3.98994191E-03
   21.4000015      -3.99458688E-03
   21.4100018      -1.59969684E-02
   21.4200020      -2.40234565E-02
   21.4300022       4.00858652E-03
   21.4400024       0.00000000    
   21.4500008      -2.81258188E-02
   21.4600010      -1.20680537E-02
   21.4700012      -3.22192498E-02
   21.4800014      -1.20964162E-02
   21.4900017       1.59784697E-09
   21.5000019       4.04163729E-03
   21.5100021      -8.09280667E-03
   21.5200024      -1.21535417E-02
   21.5300007      -4.05596942E-03
   21.5400009       1.62430778E-02
   21.5500011      -4.06558113E-03
   21.5600014      -2.84928251E-02
   21.5700016       4.07523802E-03
   21.5800018       1.63203329E-02
   21.5900021       2.85945833E-02
   21.6000023      -8.17961991E-03
   21.6100006      -1.22840703E-02
   21.6200008       4.09958186E-03
   21.6300011      -4.10448574E-03
   21.6400013      -2.46564075E-02
   21.6500015       4.11432888E-03
   21.6600018      -4.11926769E-03
   21.6700020      -2.06210949E-02
   21.6800022      -8.25836416E-03
   21.6900024      -8.26831348E-03
   21.7000008      -1.24174310E-02
   21.7100010       4.14414285E-03
   21.7200012      -4.14915383E-03
   21.7300014      -2.07708851E-02
   21.7400017      -1.24776373E-02
   21.7500019      -4.16425988E-03
   21.7600021       1.25079602E-02
   21.7700024       0.00000000    
   21.7800007      -1.25384293E-02
   21.7900009       2.51074396E-02
   21.8000011       2.93277800E-02
   21.8100014       2.51688287E-02
   21.8200016       8.39987770E-03
   21.8300018      -2.52305157E-02
   21.8400021       0.00000000    
   21.8500023      -4.21541790E-03
   21.8600006       8.44120607E-03
   21.8700008       1.26774022E-02
   21.8800011       0.00000000    
   21.8900013       0.00000000    
   21.9000015       4.24147118E-03
   21.9100018      -8.49344116E-03
   21.9200020      -8.50396603E-03
   21.9300022      -1.27717750E-02
   21.9400024       0.00000000    
   21.9500008       0.00000000    
   21.9600010       0.00000000    
   21.9700012       0.00000000    
   21.9800014      -4.28383332E-03
   21.9900017       1.28675625E-02
   22.0000019       4.29455610E-03
   22.0100021      -4.29993728E-03
   22.0200024      -2.58319955E-02
   22.0300007       0.00000000    
   22.0400009       8.63232650E-03
   22.0500011      -1.29647991E-02
   22.0600014      -2.59622969E-02
   22.0700016      -3.89926173E-02
   22.0800018       0.00000000    
   22.0900021       0.00000000    
   22.1000023      -4.34898632E-03
   22.1100025       8.70901067E-03
   22.1200008       1.30801145E-02
   22.1300011       4.36558528E-03
   22.1400013      -8.74229334E-03
   22.1500015      -8.75344407E-03
   22.1600018      -4.38231183E-03
   22.1700020      -1.75516624E-02
   22.1800022      -1.75741371E-02
   22.1900024      -1.31975012E-02
   22.2000008      -3.52385119E-02
   22.2100010      -1.32314283E-02
   22.2200012       4.41615190E-03
   22.2300014      -4.42184275E-03
   22.2400017      -1.77101959E-02
   22.2500019      -3.10328845E-02
   22.2600021       8.87800846E-03
   22.2700024       1.77790150E-02
   22.2800007      -1.33515568E-02
   22.2900009       0.00000000    
   22.3000011       0.00000000    
   22.3100014      -1.34037118E-02
   22.3200016       3.13161016E-02
   22.3300018       1.79182775E-02
   22.3400021       2.69125514E-02
   22.3500023       8.98259226E-03
   22.3600025      -2.24859118E-02
   22.3700008      -4.50308435E-03
   22.3800011      -2.70540100E-02
   22.3900013       4.51493450E-03
   22.4000015      -9.04176664E-03
   22.4100018      -1.35805421E-02
   22.4200020       4.53282753E-03
   22.4300022      -4.53882385E-03
   22.4400024      -2.72690095E-02
   22.4500008       0.00000000    
   22.4600010      -4.55690594E-03
   22.4700012       9.12593119E-03
   22.4800014       1.82761643E-02
   22.4900017      -1.83005352E-02
   22.5000019       0.00000000    
   22.5100021       3.21115665E-02
   22.5200024       2.75610443E-02
   22.5300007       4.59966529E-03
   22.5400009      -1.84233580E-02
   22.5500011       9.22405999E-03
   22.5600014       1.84729490E-02
   22.5700016      -9.24892165E-03
   22.5800018      -1.38921058E-02
   22.5900021       4.63695964E-03
   22.6000023      -9.28646792E-03
   22.6100025      -1.39485775E-02
   22.6200008       4.65583475E-03
   22.6300011      -4.66216076E-03
   22.6400013      -2.33425181E-02
   22.6500015      -1.86994560E-02
   22.6600018       1.40437242E-02
   22.6700020       4.68763663E-03
   22.6800022      -9.38809942E-03
   22.6900024      -9.40095913E-03
   22.7000008      -1.41207818E-02
   22.7100010       0.00000000    
   22.7200012       4.71987668E-03
   22.7300014      -1.41791319E-02
   22.7400017       0.00000000    
   22.7500019       0.00000000    
   22.7600021       0.00000000    
   22.7700024       9.50512476E-03
   22.7800007      -2.37957705E-02
   22.7900009      -9.53152869E-03
   22.8000011      -1.90895703E-02
   22.8100014       4.77903895E-03
   22.8200016       1.91428177E-02
   22.8300018       2.87543330E-02
   22.8400021      -4.79909126E-03
   22.8500023       1.44174388E-02
   22.8600025       0.00000000    
   22.8700008      -9.63862427E-03
   22.8800011       1.93043612E-02
   22.8900013       3.38302143E-02
   22.9000015      -9.67940874E-03
   22.9100018      -9.69307963E-03
   22.9200020      -1.94135793E-02
   22.9300022       1.45808067E-02
   22.9400024      -4.86716302E-03
   22.9500008       1.46222310E-02
   22.9600010       0.00000000    
   22.9700012       4.88796318E-03
   22.9800014      -4.89493599E-03
   22.9900017      -2.94115711E-02
   23.0000019      -4.90894169E-03
   23.0100021       1.47479242E-02
   23.0200024       9.84605588E-03
   23.0300007      -3.45107056E-02
   23.0400009       1.48115838E-02
   23.0500011       0.00000000    
   23.0600014       9.90288612E-03
   23.0700016      -2.97515895E-02
   23.0800018       0.00000000    
   23.0900021      -4.97297011E-03
   23.1000023       1.49405673E-02
   23.1100025       0.00000000    
   23.1200008       0.00000000    
   23.1300011       0.00000000    
   23.1400013       0.00000000    
   23.1500015       0.00000000    
   23.1600018       0.00000000    
   23.1700020       0.00000000    
   23.1800022      -1.00773862E-02
   23.1900024       3.53227220E-02
   23.2000008      -2.52676737E-02
   23.2100010       3.54269184E-02
   23.2200012      -2.02738550E-02
   23.2300014       3.04557718E-02
   23.2400017      -4.06678542E-02
   23.2500019      -1.01820482E-02
   23.2600021      -2.03943551E-02
   23.2700024       2.04247050E-02
   23.2800026      -1.02275712E-02
   23.2900009      -1.02428365E-02
   23.3000011      -2.05162931E-02
   23.3100014       1.02735041E-02
   23.3200016       2.05778126E-02
   23.3300018      -1.54565331E-02
   23.3400021      -1.03198504E-02
   23.3500023       2.06707828E-02
   23.3600025       2.58774534E-02
   23.3700008       1.03666168E-02
   23.3800011       1.03822993E-02
   23.3900013       1.03980303E-02
   23.4000015       2.08276175E-02
   23.4100018      -1.56444535E-02
   23.4200020       1.04455100E-02
   23.4300022      -1.56921502E-02
   23.4400024      -3.14322151E-02
   23.4500008      -4.19736989E-02
   23.4600010      -1.05094947E-02
   23.4700012      -1.57884210E-02
   23.4800014       5.27089136E-03
   23.4900017      -1.58370007E-02
   23.5000019      -5.28713455E-03
   23.5100021       1.58858802E-02
   23.5200024       0.00000000    
   23.5300026       0.00000000    
   23.5400009       0.00000000    
   23.5500011       0.00000000    
   23.5600014      -5.33646997E-03
   23.5700016       1.60343461E-02
   23.5800018       0.00000000    
   23.5900021       0.00000000    
   23.6000023      -5.36987558E-03
   23.6100025       2.68914569E-02
   23.6200008      -3.23204100E-02
   23.6300011      -5.39520429E-03
   23.6400013       0.00000000    
   23.6500015       4.87100184E-02
   23.6600018       5.42077422E-03
   23.6700020      -1.62880551E-02
   23.6800022      -5.43795479E-03
   23.6900024       1.08931754E-02
   23.7000008       1.63657386E-02
   23.7100010       0.00000000    
   23.7200012       5.47264749E-03
   23.7300014      -1.09627796E-02
   23.7400017      -1.09803202E-02
   23.7500019      -1.64968763E-02
   23.7600021       0.00000000    
   23.7700024       0.00000000    
   23.7800026       5.52552380E-03
   23.7900009      -5.53443562E-03
   23.8000011      -2.21735071E-02
   23.8100014      -2.22093873E-02
   23.8200016      -2.78067291E-02
   23.8300018      -1.67111196E-02
   23.8400021       0.00000000    
   23.8500023       5.58851799E-03
   23.8600025      -1.67929046E-02
   23.8700008       0.00000000    
   23.8800011      -5.61595801E-03
   23.8900013       1.12503283E-02
   23.9000015       1.12688020E-02
   23.9100018       1.12873362E-02
   23.9200020       1.13059310E-02
   23.9300022       1.69868823E-02
   23.9400024       5.67165297E-03
   23.9500008      -1.13620870E-02
   23.9600010      -1.13809295E-02
   23.9700012      -1.13998344E-02
   23.9800014      -1.14188017E-02
