   0.00000000            -Infinity
   1.00000007E-02  -2.46658349    
   2.00000014E-02  -2.11982489    
   3.00000012E-02  -1.96507668    
   4.00000028E-02  -1.90188611    
   5.00000045E-02  -1.86819398    
   6.00000024E-02  -1.83868158    
   7.00000077E-02  -1.80402374    
   8.00000057E-02  -1.77106154    
   9.00000036E-02  -1.73215330    
  0.100000009      -1.70243812    
  0.110000007      -1.67288899    
  0.120000005      -1.65668726    
  0.130000010      -1.63795042    
  0.140000015      -1.62472284    
  0.150000006      -1.60854149    
  0.160000011      -1.59491467    
  0.170000017      -1.58139205    
  0.180000007      -1.57123482    
  0.190000013      -1.56103587    
  0.200000018      -1.55296218    
  0.210000008      -1.54273379    
  0.220000014      -1.53247094    
  0.230000019      -1.52383018    
  0.240000010      -1.51475060    
  0.250000030      -1.50787652    
  0.260000020      -1.49848652    
  0.270000011      -1.49010026    
  0.280000031      -1.47926533    
  0.290000021      -1.47150683    
  0.300000012      -1.46144986    
  0.310000032      -1.45758045    
  0.320000023      -1.45169151    
  0.330000013      -1.44701922    
  0.340000033      -1.43817365    
  0.350000024      -1.43284857    
  0.360000014      -1.42515767    
  0.370000035      -1.41475022    
  0.380000025      -1.40632212    
  0.390000015      -1.40147936    
  0.400000036      -1.39495480    
  0.410000026      -1.39094412    
  0.420000017      -1.38593447    
  0.430000037      -1.37804413    
  0.440000027      -1.36971056    
  0.450000018      -1.36374271    
  0.460000038      -1.35813284    
  0.470000029      -1.35249329    
  0.480000019      -1.34666491    
  0.490000039      -1.34005558    
  0.500000060      -1.33385754    
  0.510000050      -1.33227587    
  0.520000041      -1.32936037    
  0.530000031      -1.32316077    
  0.540000021      -1.31915498    
  0.550000012      -1.31563640    
  0.560000062      -1.30871844    
  0.570000052      -1.30319512    
  0.580000043      -1.30065191    
  0.590000033      -1.29671466    
  0.600000024      -1.29407823    
  0.610000014      -1.28840995    
  0.620000064      -1.28179741    
  0.630000055      -1.27964759    
  0.640000045      -1.27816296    
  0.650000036      -1.27499986    
  0.660000026      -1.27138829    
  0.670000076      -1.26622128    
  0.680000067      -1.26308537    
  0.690000057      -1.26196468    
  0.700000048      -1.25758338    
  0.710000038      -1.25291789    
  0.720000029      -1.24906397    
  0.730000079      -1.24447942    
  0.740000069      -1.23946655    
  0.750000060      -1.23717463    
  0.760000050      -1.23272693    
  0.770000041      -1.22844267    
  0.780000031      -1.22387969    
  0.790000081      -1.21894550    
  0.800000072      -1.21446490    
  0.810000062      -1.21067107    
  0.820000052      -1.20779860    
  0.830000043      -1.20550454    
  0.840000033      -1.20101929    
  0.850000083      -1.19711900    
  0.860000074      -1.19275677    
  0.870000064      -1.18883359    
  0.880000055      -1.18581426    
  0.890000045      -1.18148828    
  0.900000036      -1.17988682    
  0.910000086      -1.17735302    
  0.920000076      -1.17659533    
  0.930000067      -1.17262101    
  0.940000057      -1.17051554    
  0.950000048      -1.16817963    
  0.960000038      -1.16538477    
  0.970000088      -1.16342556    
  0.980000079      -1.16077602    
  0.990000069      -1.15854549    
   1.00000012      -1.15622461    
   1.01000011      -1.15326595    
   1.02000010      -1.14675152    
   1.03000009      -1.14449358    
   1.04000008      -1.14142323    
   1.05000007      -1.13826716    
   1.06000006      -1.13647246    
   1.07000005      -1.13495016    
   1.08000004      -1.13131177    
   1.09000003      -1.12669408    
   1.10000002      -1.12321103    
   1.11000013      -1.12111950    
   1.12000012      -1.11889482    
   1.13000011      -1.11520684    
   1.14000010      -1.11489832    
   1.15000010      -1.11210501    
   1.16000009      -1.11028981    
   1.17000008      -1.10860872    
   1.18000007      -1.10679662    
   1.19000006      -1.10502982    
   1.20000005      -1.10075533    
   1.21000004      -1.09816098    
   1.22000003      -1.09447658    
   1.23000014      -1.09206605    
   1.24000013      -1.09000683    
   1.25000012      -1.08860373    
   1.26000011      -1.08611310    
   1.27000010      -1.08314919    
   1.28000009      -1.08066773    
   1.29000008      -1.07836199    
   1.30000007      -1.07412112    
   1.31000006      -1.07341444    
   1.32000005      -1.07227743    
   1.33000004      -1.07083952    
   1.34000015      -1.06884432    
   1.35000014      -1.06509864    
   1.36000013      -1.06345046    
   1.37000012      -1.06278646    
   1.38000011      -1.06207907    
   1.39000010      -1.06064570    
   1.40000010      -1.06057572    
   1.41000009      -1.05769598    
   1.42000008      -1.05528688    
   1.43000007      -1.05262589    
   1.44000006      -1.04912436    
   1.45000005      -1.04888189    
   1.46000016      -1.04661024    
   1.47000015      -1.04531109    
   1.48000014      -1.04363430    
   1.49000013      -1.03972960    
   1.50000012      -1.03617001    
   1.51000011      -1.03295469    
   1.52000010      -1.03057837    
   1.53000009      -1.02679229    
   1.54000008      -1.02388620    
   1.55000007      -1.02102649    
   1.56000006      -1.01895511    
   1.57000005      -1.01717520    
   1.58000016      -1.01383305    
   1.59000015      -1.01213920    
   1.60000014      -1.00995457    
   1.61000013      -1.00728202    
   1.62000012      -1.00383830    
   1.63000011      -1.00117433    
   1.64000010      -1.00071168    
   1.65000010     -0.999475181    
   1.66000009     -0.996694922    
   1.67000008     -0.995419323    
   1.68000007     -0.992928445    
   1.69000018     -0.990279615    
   1.70000017     -0.989570916    
   1.71000016     -0.988096356    
   1.72000015     -0.985574722    
   1.73000014     -0.981248558    
   1.74000013     -0.979098380    
   1.75000012     -0.978349924    
   1.76000011     -0.976520300    
   1.77000010     -0.975452662    
   1.78000009     -0.972348213    
   1.79000008     -0.970763087    
   1.80000007     -0.968861103    
   1.81000018     -0.964777291    
   1.82000017     -0.963434756    
   1.83000016     -0.961895287    
   1.84000015     -0.961542487    
   1.85000014     -0.959607422    
   1.86000013     -0.959887087    
   1.87000012     -0.957990944    
   1.88000011     -0.954914629    
   1.89000010     -0.951608479    
   1.90000010     -0.950505972    
   1.91000009     -0.947795212    
   1.92000008     -0.947046459    
   1.93000019     -0.945631862    
   1.94000018     -0.942420125    
   1.95000017     -0.938903272    
   1.96000016     -0.937725902    
   1.97000015     -0.936161339    
   1.98000014     -0.935295403    
   1.99000013     -0.933614969    
   2.00000024     -0.932089031    
   2.01000023     -0.929481089    
   2.02000022     -0.929118931    
   2.03000021     -0.928561926    
   2.04000020     -0.926729083    
   2.05000019     -0.926133931    
   2.06000018     -0.923569381    
   2.07000017     -0.921931624    
   2.08000016     -0.921181977    
   2.09000015     -0.919930458    
   2.10000014     -0.918255746    
   2.11000013     -0.917082906    
   2.12000012     -0.915947437    
   2.13000011     -0.912970901    
   2.14000010     -0.910574138    
   2.15000010     -0.909669816    
   2.16000009     -0.908230245    
   2.17000008     -0.909429133    
   2.18000007     -0.907452822    
   2.19000006     -0.907272875    
   2.20000005     -0.904917479    
   2.21000004     -0.903249562    
   2.22000027     -0.901961625    
   2.23000026     -0.900715709    
   2.24000025     -0.899316132    
   2.25000024     -0.898638546    
   2.26000023     -0.896669090    
   2.27000022     -0.895004749    
   2.28000021     -0.893417299    
   2.29000020     -0.891981363    
   2.30000019     -0.891417086    
   2.31000018     -0.889790595    
   2.32000017     -0.889264703    
   2.33000016     -0.888282776    
   2.34000015     -0.886696398    
   2.35000014     -0.885375321    
   2.36000013     -0.883300722    
   2.37000012     -0.882205665    
   2.38000011     -0.881450653    
   2.39000010     -0.879152298    
   2.40000010     -0.878771901    
   2.41000009     -0.876588702    
   2.42000008     -0.875007153    
   2.43000007     -0.873500943    
   2.44000006     -0.871509671    
   2.45000029     -0.869706869    
   2.46000028     -0.866896868    
   2.47000027     -0.866290271    
   2.48000026     -0.864191353    
   2.49000025     -0.863286436    
   2.50000024     -0.862232089    
   2.51000023     -0.861213863    
   2.52000022     -0.859824538    
   2.53000021     -0.859512925    
   2.54000020     -0.858790934    
   2.55000019     -0.858441174    
   2.56000018     -0.856532216    
   2.57000017     -0.855883181    
   2.58000016     -0.853752613    
   2.59000015     -0.851587236    
   2.60000014     -0.849349558    
   2.61000013     -0.846487761    
   2.62000012     -0.844514549    
   2.63000011     -0.844821870    
   2.64000010     -0.843841612    
   2.65000010     -0.843596995    
   2.66000009     -0.841989696    
   2.67000008     -0.839685559    
   2.68000031     -0.839769602    
   2.69000030     -0.838971257    
   2.70000029     -0.837256074    
   2.71000028     -0.835321069    
   2.72000027     -0.834888756    
   2.73000026     -0.834274113    
   2.74000025     -0.831973195    
   2.75000024     -0.831284106    
   2.76000023     -0.829425454    
   2.77000022     -0.827530861    
   2.78000021     -0.826694608    
   2.79000020     -0.825311959    
   2.80000019     -0.825022399    
   2.81000018     -0.822619200    
   2.82000017     -0.820111752    
   2.83000016     -0.817750871    
   2.84000015     -0.816769898    
   2.85000014     -0.815028131    
   2.86000013     -0.813684821    
   2.87000012     -0.813137472    
   2.88000011     -0.812807024    
   2.89000010     -0.811643779    
   2.90000010     -0.810951054    
   2.91000032     -0.810474336    
   2.92000031     -0.810105383    
   2.93000031     -0.808146954    
   2.94000030     -0.806297719    
   2.95000029     -0.803658009    
   2.96000028     -0.802926540    
   2.97000027     -0.801944017    
   2.98000026     -0.801068902    
   2.99000025     -0.799834013    
   3.00000024     -0.798599064    
   3.01000023     -0.796324253    
   3.02000022     -0.795484364    
   3.03000021     -0.793712437    
   3.04000020     -0.791620553    
   3.05000019     -0.790601373    
   3.06000018     -0.788261652    
   3.07000017     -0.787600279    
   3.08000016     -0.785690248    
   3.09000015     -0.783639491    
   3.10000014     -0.780915976    
   3.11000013     -0.779365778    
   3.12000012     -0.777108312    
   3.13000011     -0.774533987    
   3.14000010     -0.772599757    
   3.15000033     -0.771830022    
   3.16000032     -0.771306872    
   3.17000031     -0.769020855    
   3.18000031     -0.767651916    
   3.19000030     -0.765017688    
   3.20000029     -0.763123930    
   3.21000028     -0.762493253    
   3.22000027     -0.761686981    
   3.23000026     -0.759899259    
   3.24000025     -0.758917511    
   3.25000024     -0.757901192    
   3.26000023     -0.756638706    
   3.27000022     -0.753769875    
   3.28000021     -0.751358926    
   3.29000020     -0.751840949    
   3.30000019     -0.749813497    
   3.31000018     -0.748309493    
   3.32000017     -0.747258306    
   3.33000016     -0.745129943    
   3.34000015     -0.743766189    
   3.35000014     -0.742332637    
   3.36000013     -0.742703736    
   3.37000012     -0.740992963    
   3.38000035     -0.738971055    
   3.39000034     -0.737814784    
   3.40000033     -0.735691845    
   3.41000032     -0.734641016    
   3.42000031     -0.733554542    
   3.43000031     -0.732812583    
   3.44000030     -0.731105864    
   3.45000029     -0.729881167    
   3.46000028     -0.728726029    
   3.47000027     -0.728362501    
   3.48000026     -0.726552784    
   3.49000025     -0.725981593    
   3.50000024     -0.723758757    
   3.51000023     -0.722776353    
   3.52000022     -0.722444296    
   3.53000021     -0.719779015    
   3.54000020     -0.719549000    
   3.55000019     -0.717914045    
   3.56000018     -0.715868235    
   3.57000017     -0.713381410    
   3.58000016     -0.712089479    
   3.59000015     -0.712197065    
   3.60000014     -0.711894691    
   3.61000037     -0.711557925    
   3.62000036     -0.709173381    
   3.63000035     -0.708528459    
   3.64000034     -0.706589162    
   3.65000033     -0.705092847    
   3.66000032     -0.705093384    
   3.67000031     -0.705605328    
   3.68000031     -0.704174876    
   3.69000030     -0.702779353    
   3.70000029     -0.700500607    
   3.71000028     -0.700124502    
   3.72000027     -0.699408710    
   3.73000026     -0.698013186    
   3.74000025     -0.696448624    
   3.75000024     -0.695020258    
   3.76000023     -0.693557382    
   3.77000022     -0.690744281    
   3.78000021     -0.689958990    
   3.79000020     -0.689173520    
   3.80000019     -0.687172532    
   3.81000018     -0.685375571    
   3.82000017     -0.684623301    
   3.83000016     -0.682591796    
   3.84000015     -0.680965066    
   3.85000038     -0.679875374    
   3.86000037     -0.679288983    
   3.87000036     -0.678636372    
   3.88000035     -0.678083241    
   3.89000034     -0.675651014    
   3.90000033     -0.674159408    
   3.91000032     -0.673236609    
   3.92000031     -0.671845198    
   3.93000031     -0.669985592    
   3.94000030     -0.669096410    
   3.95000029     -0.669275105    
   3.96000028     -0.667649627    
   3.97000027     -0.666091442    
   3.98000026     -0.665901303    
   3.99000025     -0.664309025    
   4.00000048     -0.664118171    
   4.01000023     -0.662658572    
   4.02000046     -0.662533998    
   4.03000021     -0.660940826    
   4.04000044     -0.660647571    
   4.05000019     -0.658455908    
   4.06000042     -0.658294261    
   4.07000017     -0.657035112    
   4.08000040     -0.654943764    
   4.09000015     -0.654714167    
   4.10000038     -0.654351413    
   4.11000013     -0.653389990    
   4.12000036     -0.652694464    
   4.13000011     -0.653161347    
   4.14000034     -0.651932180    
   4.15000010     -0.650105596    
   4.16000032     -0.648942828    
   4.17000008     -0.648046076    
   4.18000031     -0.646551907    
   4.19000053     -0.644826174    
   4.20000029     -0.643232703    
   4.21000051     -0.641806722    
   4.22000027     -0.640512288    
   4.23000050     -0.639448404    
   4.24000025     -0.638451636    
   4.25000048     -0.637287915    
   4.26000023     -0.635202944    
   4.27000046     -0.634204566    
   4.28000021     -0.633667290    
   4.29000044     -0.632537365    
   4.30000019     -0.632196426    
   4.31000042     -0.630934536    
   4.32000017     -0.628324091    
   4.33000040     -0.628211379    
   4.34000015     -0.625865221    
   4.35000038     -0.626606643    
   4.36000013     -0.625408471    
   4.37000036     -0.624670863    
   4.38000011     -0.623997152    
   4.39000034     -0.622667670    
   4.40000010     -0.621404052    
   4.41000032     -0.620500088    
   4.42000008     -0.619727552    
   4.43000031     -0.619249403    
   4.44000053     -0.618770897    
   4.45000029     -0.618226349    
   4.46000051     -0.618501127    
   4.47000027     -0.617759228    
   4.48000050     -0.617081881    
   4.49000025     -0.616766095    
   4.50000048     -0.615792215    
   4.51000023     -0.613967538    
   4.52000046     -0.613223314    
   4.53000021     -0.614019275    
   4.54000044     -0.615047634    
   4.55000019     -0.613547087    
   4.56000042     -0.612078428    
   4.57000017     -0.610741854    
   4.58000040     -0.609438360    
   4.59000015     -0.607773960    
   4.60000038     -0.607189953    
   4.61000013     -0.605230927    
   4.62000036     -0.604384840    
   4.63000011     -0.603865981    
   4.64000034     -0.603738070    
   4.65000010     -0.602727294    
   4.66000032     -0.600964069    
   4.67000055     -0.599790096    
   4.68000031     -0.599920988    
   4.69000053     -0.598581672    
   4.70000029     -0.597699463    
   4.71000051     -0.596751690    
   4.72000027     -0.596359253    
   4.73000050     -0.595247865    
   4.74000025     -0.593842268    
   4.75000048     -0.593512416    
   4.76000023     -0.592824459    
   4.77000046     -0.593049526    
   4.78000021     -0.592261732    
   4.79000044     -0.591767609    
   4.80000019     -0.590783596    
   4.81000042     -0.589211881    
   4.82000017     -0.588324904    
   4.83000040     -0.587079525    
   4.84000015     -0.586810768    
   4.85000038     -0.586933851    
   4.86000013     -0.586469233    
   4.87000036     -0.584601700    
   4.88000011     -0.582572937    
   4.89000034     -0.580838382    
   4.90000057     -0.579591990    
   4.91000032     -0.578702152    
   4.92000055     -0.578559518    
   4.93000031     -0.579521358    
   4.94000053     -0.578792751    
   4.95000029     -0.576112628    
   4.96000051     -0.575512946    
   4.97000027     -0.574717760    
   4.98000050     -0.574637413    
   4.99000025     -0.573223948    
   5.00000048     -0.572135568    
   5.01000023     -0.571306050    
   5.02000046     -0.570962906    
   5.03000021     -0.569193006    
   5.04000044     -0.567584336    
   5.05000019     -0.566365302    
   5.06000042     -0.565501511    
   5.07000017     -0.562407494    
   5.08000040     -0.561285019    
   5.09000015     -0.560646832    
   5.10000038     -0.559555948    
   5.11000013     -0.557917178    
   5.12000036     -0.557374716    
   5.13000059     -0.556282818    
   5.14000034     -0.555191100    
   5.15000057     -0.553198874    
   5.16000032     -0.552782118    
   5.17000055     -0.551818430    
   5.18000031     -0.550854564    
   5.19000053     -0.548990488    
   5.20000029     -0.547544718    
   5.21000051     -0.546771884    
   5.22000027     -0.545678437    
   5.23000050     -0.545226276    
   5.24000025     -0.543394506    
   5.25000048     -0.542941391    
   5.26000023     -0.541493773    
   5.27000046     -0.539374590    
   5.28000021     -0.538695276    
   5.29000044     -0.538720071    
   5.30000019     -0.538391829    
   5.31000042     -0.537230670    
   5.32000017     -0.535270989    
   5.33000040     -0.535677135    
   5.34000015     -0.535122871    
   5.35000038     -0.533928335    
   5.36000061     -0.534398198    
   5.37000036     -0.533554673    
   5.38000059     -0.532710731    
   5.39000034     -0.530970335    
   5.40000057     -0.529583156    
   5.41000032     -0.527971387    
   5.42000055     -0.526901841    
   5.43000031     -0.526662886    
   5.44000053     -0.526551366    
   5.45000029     -0.526216090    
   5.46000051     -0.525208831    
   5.47000027     -0.524520516    
   5.48000050     -0.524439573    
   5.49000025     -0.523718476    
   5.50000048     -0.522645533    
   5.51000023     -0.521412671    
   5.52000046     -0.520690441    
   5.53000021     -0.520063519    
   5.54000044     -0.519659221    
   5.55000019     -0.520118654    
   5.56000042     -0.520130694    
   5.57000017     -0.519661784    
   5.58000040     -0.517464697    
   5.59000063     -0.514758646    
   5.60000038     -0.513459086    
   5.61000061     -0.512573302    
   5.62000036     -0.511017323    
   5.63000059     -0.510480940    
   5.64000034     -0.510422349    
   5.65000057     -0.510204077    
   5.66000032     -0.509634197    
   5.67000055     -0.509223700    
   5.68000031     -0.508589745    
   5.69000053     -0.507029712    
   5.70000029     -0.507159650    
   5.71000051     -0.507705688    
   5.72000027     -0.506973922    
   5.73000050     -0.506018043    
   5.74000025     -0.504773319    
   5.75000048     -0.504583359    
   5.76000023     -0.503179193    
   5.77000046     -0.501583397    
   5.78000021     -0.500179231    
   5.79000044     -0.499921381    
   5.80000019     -0.498675972    
   5.81000042     -0.497557789    
   5.82000065     -0.496757090    
   5.83000040     -0.496560514    
   5.84000063     -0.496651709    
   5.85000038     -0.496614873    
   5.86000061     -0.495939910    
   5.87000036     -0.495264709    
   5.88000059     -0.493791252    
   5.89000034     -0.492572665    
   5.90000057     -0.492436886    
   5.91000032     -0.492111295    
   5.92000055     -0.491879374    
   5.93000031     -0.491519660    
   5.94000053     -0.490297794    
   5.95000029     -0.489523023    
   5.96000051     -0.488141119    
   5.97000027     -0.488800645    
   5.98000050     -0.489237726    
   5.99000025     -0.488716573    
   6.00000048     -0.487651020    
   6.01000023     -0.487159103    
   6.02000046     -0.487052381    
   6.03000021     -0.486208409    
   6.04000044     -0.485012293    
   6.05000019     -0.483337522    
   6.06000042     -0.481216818    
   6.07000065     -0.479510844    
   6.08000040     -0.478601128    
   6.09000063     -0.478838772    
   6.10000038     -0.478662133    
   6.11000061     -0.478229612    
   6.12000036     -0.477955997    
   6.13000059     -0.476565510    
   6.14000034     -0.475397348    
   6.15000057     -0.475026160    
   6.16000032     -0.475293308    
   6.17000055     -0.473230630    
   6.18000031     -0.471614838    
   6.19000053     -0.470794737    
   6.20000029     -0.470389277    
   6.21000051     -0.469632447    
   6.22000027     -0.469034791    
   6.23000050     -0.468053848    
   6.24000025     -0.466754228    
   6.25000048     -0.466122478    
   6.26000023     -0.465872169    
   6.27000046     -0.465558916    
   6.28000021     -0.465340555    
   6.29000044     -0.463432312    
   6.30000067     -0.462702125    
   6.31000042     -0.461398840    
   6.32000065     -0.459363461    
   6.33000040     -0.459714234    
   6.34000063     -0.458027393    
   6.35000038     -0.456373930    
   6.36000061     -0.456689328    
   6.37000036     -0.455956131    
   6.38000059     -0.455795079    
   6.39000034     -0.454233915    
   6.40000057     -0.453307152    
   6.41000032     -0.452286303    
   6.42000055     -0.451836586    
   6.43000031     -0.451322228    
   6.44000053     -0.451761872    
   6.45000029     -0.451629192    
   6.46000051     -0.450254500    
   6.47000027     -0.448528349    
   6.48000050     -0.447058558    
   6.49000025     -0.446922690    
   6.50000048     -0.446691304    
   6.51000023     -0.445632070    
   6.52000046     -0.445430875    
   6.53000069     -0.443925649    
   6.54000044     -0.443850875    
   6.55000067     -0.442439616    
   6.56000042     -0.442078024    
   6.57000065     -0.441206008    
   6.58000040     -0.440206707    
   6.59000063     -0.439429164    
   6.60000038     -0.439255834    
   6.61000061     -0.438477635    
   6.62000036     -0.437571704    
   6.63000059     -0.436156183    
   6.64000034     -0.435598850    
   6.65000057     -0.435104162    
   6.66000032     -0.434768617    
   6.67000055     -0.434909850    
   6.68000031     -0.434764117    
   6.69000053     -0.433280468    
   6.70000029     -0.433389425    
   6.71000051     -0.432191521    
   6.72000027     -0.432138920    
   6.73000050     -0.430876493    
   6.74000025     -0.429357857    
   6.75000048     -0.429622531    
   6.76000071     -0.429791808    
   6.77000046     -0.428494632    
   6.78000069     -0.428121060    
   6.79000044     -0.426567256    
   6.80000067     -0.425618768    
   6.81000042     -0.425275445    
   6.82000065     -0.424198270    
   6.83000040     -0.423375815    
   6.84000063     -0.422201872    
   6.85000038     -0.421314389    
   6.86000061     -0.421254873    
   6.87000036     -0.420748174    
   6.88000059     -0.420432299    
   6.89000034     -0.419892907    
   6.90000057     -0.419480920    
   6.91000032     -0.418844700    
   6.92000055     -0.418527633    
   6.93000031     -0.418369561    
   6.94000053     -0.417891741    
   6.95000029     -0.416326821    
   6.96000051     -0.415943831    
   6.97000027     -0.414761424    
   6.98000050     -0.414696366    
   6.99000072     -0.413161457    
   7.00000048     -0.412520349    
   7.01000071     -0.412421197    
   7.02000046     -0.412801921    
   7.03000069     -0.412415445    
   7.04000044     -0.411803514    
   7.05000067     -0.410008132    
   7.06000042     -0.409779847    
   7.07000065     -0.408558965    
   7.08000040     -0.407593071    
   7.09000063     -0.408098727    
   7.10000038     -0.407708228    
   7.11000061     -0.406932503    
   7.12000036     -0.405324370    
   7.13000059     -0.404451638    
   7.14000034     -0.403961927    
   7.15000057     -0.403248727    
   7.16000032     -0.402245879    
   7.17000055     -0.401626348    
   7.18000031     -0.402319610    
   7.19000053     -0.401924133    
   7.20000029     -0.401015013    
   7.21000051     -0.400489897    
   7.22000074     -0.399932444    
   7.23000050     -0.398444057    
   7.24000072     -0.397179544    
   7.25000048     -0.395531833    
   7.26000071     -0.395323217    
   7.27000046     -0.395755380    
   7.28000069     -0.395258158    
   7.29000044     -0.393605322    
   7.30000067     -0.394197792    
   7.31000042     -0.394791096    
   7.32000065     -0.394838601    
   7.33000040     -0.393535256    
   7.34000063     -0.392359793    
   7.35000038     -0.392019838    
   7.36000061     -0.391518295    
   7.37000036     -0.391016483    
   7.38000059     -0.390352756    
   7.39000034     -0.389431328    
   7.40000057     -0.388541758    
   7.41000032     -0.388037205    
   7.42000055     -0.387210131    
   7.43000031     -0.387219816    
   7.44000053     -0.386166096    
   7.45000076     -0.385852337    
   7.46000051     -0.384862959    
   7.47000074     -0.384773254    
   7.48000050     -0.383942425    
   7.49000072     -0.383466095    
   7.50000048     -0.382472754    
   7.51000071     -0.382478178    
   7.52000046     -0.382000089    
   7.53000069     -0.381456584    
   7.54000044     -0.380331397    
   7.55000067     -0.379916281    
   7.56000042     -0.378402740    
   7.57000065     -0.377275616    
   7.58000040     -0.377244920    
   7.59000063     -0.377278984    
   7.60000038     -0.376860201    
   7.61000061     -0.376279891    
   7.62000036     -0.374761760    
   7.63000059     -0.373501211    
   7.64000034     -0.373144746    
   7.65000057     -0.372335613    
   7.66000032     -0.371299893    
   7.67000055     -0.370681942    
   7.68000031     -0.369935364    
   7.69000053     -0.370059967    
   7.70000076     -0.368762225    
   7.71000051     -0.368660182    
   7.72000074     -0.368622363    
   7.73000050     -0.367645800    
   7.74000072     -0.367315888    
   7.75000048     -0.365787685    
   7.76000071     -0.364260763    
   7.77000046     -0.363734007    
   7.78000069     -0.362625420    
   7.79000044     -0.362582088    
   7.80000067     -0.361633748    
   7.81000042     -0.360070616    
   7.82000065     -0.359346420    
   7.83000040     -0.357782513    
   7.84000063     -0.357735544    
   7.85000038     -0.357074320    
   7.86000061     -0.357706487    
   7.87000036     -0.357594997    
   7.88000059     -0.357806563    
   7.89000034     -0.357629865    
   7.90000057     -0.356414437    
   7.91000032     -0.357210368    
   7.92000055     -0.357391149    
   7.93000078     -0.356887937    
   7.94000053     -0.355538428    
   7.95000076     -0.353507221    
   7.96000051     -0.352546930    
   7.97000074     -0.352722466    
   7.98000050     -0.351729125    
   7.99000072     -0.350636303    
   8.00000095     -0.351266623    
   8.01000023     -0.351018667    
   8.02000046     -0.350216925    
   8.03000069     -0.350001305    
   8.04000092     -0.349947006    
   8.05000019     -0.349077642    
   8.06000042     -0.348240733    
   8.07000065     -0.348087579    
   8.08000088     -0.347542346    
   8.09000015     -0.346507937    
   8.10000038     -0.345503986    
   8.11000061     -0.344566077    
   8.12000084     -0.344181359    
   8.13000011     -0.344057411    
   8.14000034     -0.343475401    
   8.15000057     -0.342762887    
   8.16000080     -0.343487650    
   8.17000103     -0.342773795    
   8.18000031     -0.342026114    
   8.19000053     -0.340590745    
   8.20000076     -0.339286149    
   8.21000099     -0.338634312    
   8.22000027     -0.339454532    
   8.23000050     -0.339719713    
   8.24000072     -0.339164913    
   8.25000095     -0.338413060    
   8.26000023     -0.337364078    
   8.27000046     -0.337857217    
   8.28000069     -0.338385224    
   8.29000092     -0.337859958    
   8.30000019     -0.337400645    
   8.31000042     -0.336414397    
   8.32000065     -0.335722297    
   8.33000088     -0.334701627    
   8.34000015     -0.333646953    
   8.35000038     -0.332493305    
   8.36000061     -0.332226396    
   8.37000084     -0.331663013    
   8.38000107     -0.330605477    
   8.39000034     -0.329942197    
   8.40000057     -0.329442084    
   8.41000080     -0.328612894    
   8.42000103     -0.328210354    
   8.43000031     -0.327643603    
   8.44000053     -0.327141404    
   8.45000076     -0.326572537    
   8.46000099     -0.325739384    
   8.47000027     -0.325169235    
   8.48000050     -0.324269146    
   8.49000072     -0.323070049    
   8.50000095     -0.321970224    
   8.51000023     -0.321199566    
   8.52000046     -0.320658386    
   8.53000069     -0.320414126    
   8.54000092     -0.319904983    
   8.55000019     -0.318965316    
   8.56000042     -0.318058908    
   8.57000065     -0.316821158    
   8.58000088     -0.315880716    
   8.59000015     -0.315797091    
   8.60000038     -0.315315515    
   8.61000061     -0.315132618    
   8.62000084     -0.315113813    
   8.63000107     -0.314599276    
   8.64000034     -0.312891245    
   8.65000057     -0.311382741    
   8.66000080     -0.310534954    
   8.67000103     -0.310379654    
   8.68000031     -0.309959680    
   8.69000053     -0.309109062    
   8.70000076     -0.308555722    
   8.71000099     -0.306710541    
   8.72000027     -0.306320280    
   8.73000050     -0.305864215    
   8.74000072     -0.305340886    
   8.75000095     -0.304617614    
   8.76000023     -0.304258555    
   8.77000046     -0.303998321    
   8.78000069     -0.303306580    
   8.79000092     -0.302049696    
   8.80000019     -0.301323533    
   8.81000042     -0.300529510    
   8.82000065     -0.300663859    
   8.83000088     -0.300234199    
   8.84000015     -0.300501168    
   8.85000038     -0.299870670    
   8.86000061     -0.299372584    
   8.87000084     -0.298774362    
   8.88000107     -0.298508316    
   8.89000034     -0.298007548    
   8.90000057     -0.297807634    
   8.91000080     -0.296939433    
   8.92000103     -0.297605902    
   8.93000031     -0.296869814    
   8.94000053     -0.295999467    
   8.95000076     -0.295762777    
   8.96000099     -0.295994014    
   8.97000027     -0.294954777    
   8.98000050     -0.293913513    
   8.99000072     -0.292838752    
   9.00000095     -0.292665511    
   9.01000023     -0.292493224    
   9.02000046     -0.292219430    
   9.03000069     -0.291911811    
   9.04000092     -0.291771740    
   9.05000019     -0.291328818    
   9.06000042     -0.290515482    
   9.07000065     -0.290608883    
   9.08000088     -0.290837497    
   9.09000111     -0.289954871    
   9.10000038     -0.289171934    
   9.11000061     -0.288860470    
   9.12000084     -0.288177311    
   9.13000107     -0.287730008    
   9.14000034     -0.286977887    
   9.15000057     -0.286326468    
   9.16000080     -0.287699491    
   9.17000103     -0.287589103    
   9.18000031     -0.286428064    
   9.19000053     -0.286315829    
   9.20000076     -0.286134750    
   9.21000099     -0.284869283    
   9.22000027     -0.285128385    
   9.23000050     -0.284166187    
   9.24000072     -0.283541948    
   9.25000095     -0.282510728    
   9.26000023     -0.282428354    
   9.27000046     -0.282107681    
   9.28000069     -0.281956434    
   9.29000092     -0.282213032    
   9.30000019     -0.280700654    
   9.31000042     -0.280174315    
   9.32000065     -0.279612064    
   9.33000088     -0.279084176    
   9.34000111     -0.279235691    
   9.35000038     -0.278842866    
   9.36000061     -0.277630001    
   9.37000084     -0.277201533    
   9.38000107     -0.277147293    
   9.39000034     -0.276854306    
   9.40000057     -0.276287347    
   9.41000080     -0.275206834    
   9.42000103     -0.273954183    
   9.43000031     -0.274102658    
   9.44000053     -0.274079680    
   9.45000076     -0.274330348    
   9.46000099     -0.274205059    
   9.47000027     -0.273735970    
   9.48000050     -0.273095071    
   9.49000072     -0.273929954    
   9.50000095     -0.273838013    
   9.51000023     -0.273745298    
   9.52000046     -0.272964209    
   9.53000069     -0.271699101    
   9.54000092     -0.271536440    
   9.55000114     -0.271131068    
   9.56000042     -0.270657063    
   9.57000065     -0.270215899    
   9.58000088     -0.269360483    
   9.59000111     -0.269021869    
   9.60000038     -0.268993944    
   9.61000061     -0.269277364    
   9.62000084     -0.268452615    
   9.63000107     -0.267938823    
   9.64000034     -0.268152744    
   9.65000057     -0.268088758    
   9.66000080     -0.268094778    
   9.67000103     -0.266814232    
   9.68000031     -0.266679823    
   9.69000053     -0.266127378    
   9.70000076     -0.266166121    
   9.71000099     -0.265507668    
   9.72000027     -0.266313910    
   9.73000050     -0.265793443    
   9.74000072     -0.265203804    
   9.75000095     -0.265834808    
   9.76000023     -0.266189128    
   9.77000046     -0.264826208    
   9.78000069     -0.264164388    
   9.79000092     -0.264200717    
   9.80000114     -0.263607264    
   9.81000042     -0.263572752    
   9.82000065     -0.263223082    
   9.83000088     -0.263364404    
   9.84000111     -0.263999701    
   9.85000038     -0.264142126    
   9.86000061     -0.263967633    
   9.87000084     -0.263192296    
   9.88000107     -0.262522787    
   9.89000034     -0.260933638    
   9.90000057     -0.260262311    
   9.91000080     -0.259730339    
   9.92000103     -0.259869128    
   9.93000031     -0.259159058    
   9.94000053     -0.258342773    
   9.95000076     -0.257631063    
   9.96000099     -0.257201761    
   9.97000027     -0.257090598    
   9.98000050     -0.257014602    
   9.99000072     -0.256441593    
   10.0000010     -0.255832314    
   10.0100012     -0.254795909    
   10.0200005     -0.254114270    
   10.0300007     -0.254248142    
   10.0400009     -0.253955424    
   10.0500011     -0.253840476    
   10.0600004     -0.254473895    
   10.0700006     -0.254144758    
   10.0800009     -0.253600568    
   10.0900011     -0.253914177    
   10.1000004     -0.253297597    
   10.1100006     -0.253647059    
   10.1200008     -0.252670318    
   10.1300011     -0.252016246    
   10.1400003     -0.251145601    
   10.1500006     -0.250561237    
   10.1600008     -0.250513047    
   10.1700010     -0.250788987    
   10.1800003     -0.250273556    
   10.1900005     -0.249434724    
   10.2000008     -0.249925300    
   10.2100010     -0.250670135    
   10.2200003     -0.249432042    
   10.2300005     -0.249202371    
   10.2400007     -0.249008685    
   10.2500010     -0.248236373    
   10.2600012     -0.249307215    
   10.2700005     -0.250018686    
   10.2800007     -0.249970227    
   10.2900009     -0.249194875    
   10.3000011     -0.249180883    
   10.3100004     -0.247932121    
   10.3200006     -0.247444659    
   10.3300009     -0.247429624    
   10.3400011     -0.246977419    
   10.3500004     -0.247034431    
   10.3600006     -0.246362150    
   10.3700008     -0.245543346    
   10.3800011     -0.245379463    
   10.3900003     -0.245654598    
   10.4000006     -0.244905964    
   10.4100008     -0.243790761    
   10.4200010     -0.243040547    
   10.4300003     -0.242837191    
   10.4400005     -0.242377728    
   10.4500008     -0.243163303    
   10.4600010     -0.242923290    
   10.4700003     -0.242829889    
   10.4800005     -0.241486132    
   10.4900007     -0.241942838    
   10.5000010     -0.242437199    
   10.5100012     -0.241236955    
   10.5200005     -0.240698829    
   10.5300007     -0.240676239    
   10.5400009     -0.240321293    
   10.5500011     -0.239670113    
   10.5600004     -0.238980964    
   10.5700006     -0.238179296    
   10.5800009     -0.238080293    
   10.5900011     -0.237721816    
   10.6000004     -0.237806946    
   10.6100006     -0.237076625    
   10.6200008     -0.235714152    
   10.6300011     -0.234944358    
   10.6400003     -0.234804139    
   10.6500006     -0.234552249    
   10.6600008     -0.234783709    
   10.6700010     -0.234307125    
   10.6800003     -0.234203473    
   10.6900005     -0.234322950    
   10.7000008     -0.234292746    
   10.7100010     -0.233927473    
   10.7200012     -0.232999742    
   10.7300005     -0.233118340    
   10.7400007     -0.232450992    
   10.7500010     -0.232043996    
   10.7600012     -0.231375128    
   10.7700005     -0.231567159    
   10.7800007     -0.231383905    
   10.7900009     -0.231087968    
   10.8000011     -0.231167361    
   10.8100004     -0.230644837    
   10.8200006     -0.229857311    
   10.8300009     -0.229520813    
   10.8400011     -0.229297310    
   10.8500004     -0.228656933    
   10.8600006     -0.227790669    
   10.8700008     -0.227149382    
   10.8800011     -0.226279259    
   10.8900003     -0.226316407    
   10.9000006     -0.226466790    
   10.9100008     -0.226276785    
   10.9200010     -0.226313710    
   10.9300003     -0.225743294    
   10.9400005     -0.225399658    
   10.9500008     -0.225435719    
   10.9600010     -0.224063963    
   10.9700012     -0.224593803    
   10.9800005     -0.223142192    
   10.9900007     -0.222109556    
   11.0000010     -0.221570238    
   11.0100012     -0.221755266    
   11.0200005     -0.220947430    
   11.0300007     -0.221093670    
   11.0400009     -0.221277937    
   11.0500011     -0.221271321    
   11.0600004     -0.221265078    
   11.0700006     -0.221603945    
   11.0800009     -0.221020967    
   11.0900011     -0.220322341    
   11.1000004     -0.219853193    
   11.1100006     -0.219882444    
   11.1200008     -0.219528198    
   11.1300011     -0.219211042    
   11.1400003     -0.218970537    
   11.1500006     -0.218961418    
   11.1600008     -0.218255848    
   11.1700010     -0.217549220    
   11.1800013     -0.217035472    
   11.1900005     -0.216404587    
   11.2000008     -0.216430575    
   11.2100010     -0.216263101    
   11.2200012     -0.216406152    
   11.2300005     -0.216471866    
   11.2400007     -0.216187045    
   11.2500010     -0.215512484    
   11.2600012     -0.214758515    
   11.2700005     -0.214666381    
   11.2800007     -0.214730591    
   11.2900009     -0.213855997    
   11.3000011     -0.212941661    
   11.3100004     -0.212886646    
   11.3200006     -0.212439775    
   11.3300009     -0.211638853    
   11.3400011     -0.210289687    
   11.3500004     -0.209917501    
   11.3600006     -0.209505022    
   11.3700008     -0.208974808    
   11.3800011     -0.208050996    
   11.3900003     -0.207557499    
   11.4000006     -0.206827387    
   11.4100008     -0.205939233    
   11.4200010     -0.206150830    
   11.4300013     -0.205890089    
   11.4400005     -0.205589667    
   11.4500008     -0.204263195    
   11.4600010     -0.204591736    
   11.4700012     -0.204288781    
   11.4800005     -0.204183280    
   11.4900007     -0.202811286    
   11.5000010     -0.202386633    
   11.5100012     -0.201724306    
   11.5200005     -0.200387433    
   11.5300007     -0.199405149    
   11.5400009     -0.198422015    
   11.5500011     -0.197952494    
   11.5600004     -0.197720334    
   11.5700006     -0.197248966    
   11.5800009     -0.197293609    
   11.5900011     -0.196781307    
   11.6000004     -0.197103992    
   11.6100006     -0.197507381    
   11.6200008     -0.197871938    
   11.6300011     -0.197517842    
   11.6400013     -0.196642280    
   11.6500006     -0.196365803    
   11.6600008     -0.195888475    
   11.6700010     -0.194648862    
   11.6800013     -0.195252612    
   11.6900005     -0.194411084    
   11.7000008     -0.194412902    
   11.7100010     -0.193488836    
   11.7200012     -0.192965597    
   11.7300005     -0.192562371    
   11.7400007     -0.191835821    
   11.7500010     -0.191147834    
   11.7600012     -0.191025093    
   11.7700005     -0.191507399    
   11.7800007     -0.190412730    
   11.7900009     -0.189518645    
   11.8000011     -0.189352244    
   11.8100004     -0.189469293    
   11.8200006     -0.188815251    
   11.8300009     -0.187389329    
   11.8400011     -0.187625945    
   11.8500004     -0.187456548    
   11.8600006     -0.186554104    
   11.8700008     -0.185649902    
   11.8800011     -0.185641006    
   11.8900013     -0.185386926    
   11.9000006     -0.184805810    
   11.9100008     -0.184632018    
   11.9200010     -0.185398698    
   11.9300013     -0.185348183    
   11.9400005     -0.185297325    
   11.9500008     -0.185492754    
   11.9600010     -0.184989899    
   11.9700012     -0.184238657    
   11.9800005     -0.182992220    
   11.9900007     -0.181909323    
   12.0000010     -0.181648612    
   12.0100012     -0.180892020    
   12.0200005     -0.181165472    
   12.0300007     -0.180984810    
   12.0400009     -0.180266470    
   12.0500011     -0.180084974    
   12.0600004     -0.180317223    
   12.0700006     -0.180799037    
   12.0800009     -0.181656405    
   12.0900011     -0.180642501    
   12.1000004     -0.181043446    
   12.1100006     -0.180694908    
   12.1200008     -0.180386469    
   12.1300011     -0.179701462    
   12.1400013     -0.179057047    
   12.1500006     -0.179206356    
   12.1600008     -0.179272309    
   12.1700010     -0.179254338    
   12.1800013     -0.179279014    
   12.1900005     -0.178924531    
   12.2000008     -0.177685469    
   12.2100010     -0.177960813    
   12.2200012     -0.177392408    
   12.2300005     -0.177709892    
   12.2400007     -0.177521169    
   12.2500010     -0.177288502    
   12.2600012     -0.177353829    
   12.2700005     -0.176484287    
   12.2800007     -0.175953731    
   12.2900009     -0.175294757    
   12.3000011     -0.174633250    
   12.3100004     -0.174737304    
   12.3200006     -0.174329937    
   12.3300009     -0.174135178    
   12.3400011     -0.173129216    
   12.3500013     -0.171865612    
   12.3600006     -0.171539217    
   12.3700008     -0.170399740    
   12.3800011     -0.169259220    
   12.3900013     -0.169698507    
   12.4000006     -0.169839352    
   12.4100008     -0.170151964    
   12.4200010     -0.169907227    
   12.4300013     -0.170478970    
   12.4400005     -0.169414893    
   12.4500008     -0.169125736    
   12.4600010     -0.169008285    
   12.4700012     -0.167637363    
   12.4800005     -0.166481331    
   12.4900007     -0.165927708    
   12.5000010     -0.164767966    
   12.5100012     -0.165292606    
   12.5200005     -0.164779201    
   12.5300007     -0.165262237    
   12.5400009     -0.164660648    
   12.5500011     -0.163971081    
   12.5600004     -0.162844822    
   12.5700006     -0.161804184    
   12.5800009     -0.160892248    
   12.5900011     -0.159891963    
   12.6000013     -0.159978554    
   12.6100006     -0.160632610    
   12.6200008     -0.159889385    
   12.6300011     -0.159232795    
   12.6400013     -0.158837289    
   12.6500006     -0.158177972    
   12.6600008     -0.156947747    
   12.6700010     -0.155540749    
   12.6800013     -0.154832944    
   12.6900005     -0.154825076    
   12.7000008     -0.154729545    
   12.7100010     -0.154633731    
   12.7200012     -0.154845953    
   12.7300005     -0.154309228    
   12.7400007     -0.152800098    
   12.7500010     -0.152745306    
   12.7600012     -0.153132796    
   12.7700005     -0.152856633    
   12.7800007     -0.152270168    
   12.7900009     -0.151770696    
   12.8000011     -0.151137158    
   12.8100014     -0.151391357    
   12.8200006     -0.151334152    
   12.8300009     -0.150697708    
   12.8400011     -0.149970546    
   12.8500013     -0.149286121    
   12.8600006     -0.149136856    
   12.8700008     -0.148584113    
   12.8800011     -0.148343906    
   12.8900013     -0.148506239    
   12.9000006     -0.149298161    
   12.9100008     -0.148607478    
   12.9200010     -0.148951098    
   12.9300013     -0.149385914    
   12.9400005     -0.148963898    
   12.9500008     -0.148585841    
   12.9600010     -0.147709087    
   12.9700012     -0.147872433    
   12.9800005     -0.147264853    
   12.9900007     -0.146792024    
   13.0000010     -0.146908760    
   13.0100012     -0.145979896    
   13.0200005     -0.145958990    
   13.0300007     -0.145665079    
   13.0400009     -0.145461008    
   13.0500011     -0.144800186    
   13.0600014     -0.142948985    
   13.0700006     -0.142923549    
   13.0800009     -0.141159430    
   13.0900011     -0.140399441    
   13.1000013     -0.141103968    
   13.1100006     -0.141076162    
   13.1200008     -0.140588626    
   13.1300011     -0.138582796    
   13.1400013     -0.138597175    
   13.1500006     -0.138519615    
   13.1600008     -0.139226168    
   13.1700010     -0.139518812    
   13.1800013     -0.138562188    
   13.1900005     -0.137326926    
   13.2000008     -0.136042640    
   13.2100010     -0.135497421    
   13.2200012     -0.136250198    
   13.2300005     -0.135563761    
   13.2400007     -0.136086270    
   13.2500010     -0.135630935    
   13.2600012     -0.134754479    
   13.2700014     -0.134763688    
   13.2800007     -0.133977607    
   13.2900009     -0.132722050    
   13.3000011     -0.132072583    
   13.3100014     -0.131890103    
   13.3200006     -0.132223666    
   13.3300009     -0.132464126    
   13.3400011     -0.131810397    
   13.3500013     -0.131061494    
   13.3600006     -0.130545810    
   13.3700008     -0.129415780    
   13.3800011     -0.129039064    
   13.3900013     -0.128614441    
   13.4000006     -0.128093302    
   13.4100008     -0.127098069    
   13.4200010     -0.127047718    
   13.4300013     -0.126333684    
   13.4400005     -0.125759795    
   13.4500008     -0.125564873    
   13.4600010     -0.125131190    
   13.4700012     -0.124935240    
   13.4800005     -0.124404408    
   13.4900007     -0.123156019    
   13.5000010     -0.123099327    
   13.5100012     -0.122516513    
   13.5200014     -0.122411415    
   13.5300007     -0.122833617    
   13.5400009     -0.122583956    
   13.5500011     -0.121900439    
   13.5600014     -0.121311992    
   13.5700006     -0.120963141    
   13.5800009     -0.120467834    
   13.5900011     -0.119585015    
   13.6000013     -0.119039088    
   13.6100006     -0.118249439    
   13.6200008     -0.118426427    
   13.6300011     -0.118653715    
   13.6400013     -0.119367860    
   13.6500006     -0.118963093    
   13.6600008     -0.119387001    
   13.6700010     -0.119959593    
   13.6800013     -0.120092861    
   13.6900005     -0.118950672    
   13.7000008     -0.118591636    
   13.7100010     -0.119214810    
   13.7200012     -0.119002834    
   13.7300005     -0.118395634    
   13.7400007     -0.118378788    
   13.7500010     -0.118362688    
   13.7600012     -0.119337842    
   13.7700014     -0.118875690    
   13.7800007     -0.118809968    
   13.7900009     -0.118345715    
   13.8000011     -0.117630892    
   13.8100014     -0.117962956    
   13.8200006     -0.118997060    
   13.8300009     -0.118780836    
   13.8400011     -0.118613720    
   13.8500013     -0.118496485    
   13.8600006     -0.119034596    
   13.8700008     -0.118160754    
   13.8800011     -0.118750229    
   13.8900013     -0.118734188    
   13.9000006     -0.118921064    
   13.9100008     -0.117737032    
   13.9200010     -0.116956644    
   13.9300013     -0.116784871    
   13.9400005     -0.116255872    
   13.9500008     -0.115521133    
   13.9600010     -0.115602091    
   13.9700012     -0.114966452    
   13.9800014     -0.114841625    
   13.9900007     -0.114459932    
   14.0000010     -0.114230655    
   14.0100012     -0.113744214    
   14.0200014     -0.113050424    
   14.0300007     -0.113024399    
   14.0400009     -0.112998165    
   14.0500011     -0.112455159    
   14.0600014     -0.112842150    
   14.0700006     -0.113126911    
   14.0800009     -0.113464557    
   14.0900011     -0.113022462    
   14.1000013     -0.111016832    
   14.1100006     -0.110361539    
   14.1200008     -0.110434890    
   14.1300011     -0.110143051    
   14.1400013     -0.109849691    
   14.1500006     -0.110132731    
   14.1600008     -0.110731214    
   14.1700010     -0.111069381    
   14.1800013     -0.111092031    
   14.1900005     -0.110797927    
   14.2000008     -0.110185236    
   14.2100010     -0.109094255    
   14.2200012     -0.108531363    
   14.2300014     -0.107647337    
   14.2400007     -0.107186973    
   14.2500010     -0.107149221    
   14.2600012     -0.106739417    
   14.2700014     -0.106807865    
   14.2800007     -0.105328023    
   14.2900009     -0.104806900    
   14.3000011     -0.104069613    
   14.3100014     -0.103705503    
   14.3200006     -0.102750421    
   14.3300009     -0.102544151    
   14.3400011     -0.102014244    
   14.3500013     -0.103045329    
   14.3600006     -0.102676377    
   14.3700008     -0.102576844    
   14.3800011     -0.101826936    
   14.3900013     -0.101454474    
   14.4000006      -9.97789428E-02
   14.4100008      -9.90220457E-02
   14.4200010      -9.89692733E-02
   14.4300013      -9.79371890E-02
   14.4400015      -9.65210870E-02
   14.4500008      -9.59734991E-02
   14.4600010      -9.58064720E-02
   14.4700012      -9.48733166E-02
   14.4800014      -9.43203419E-02
   14.4900007      -9.45329815E-02
   14.5000010      -9.49108079E-02
   14.5100012      -9.46305394E-02
   14.5200014      -9.41291675E-02
   14.5300007      -9.30740610E-02
   14.5400009      -9.40596908E-02
   14.5500011      -9.41632241E-02
   14.5600014      -9.29361656E-02
   14.5700006      -9.34824273E-02
   14.5800009      -9.31961387E-02
   14.5900011      -9.34660658E-02
   14.6000013      -9.38489884E-02
   14.6100006      -9.32257771E-02
   14.6200008      -9.22644436E-02
   14.6300011      -9.20296088E-02
   14.6400013      -9.17935893E-02
   14.6500006      -9.22888890E-02
   14.6600008      -9.06433165E-02
   14.6700010      -9.00655389E-02
   14.6800013      -8.99375826E-02
   14.6900015      -8.94135311E-02
   14.7000008      -8.92843530E-02
   14.7100010      -8.94948766E-02
   14.7200012      -8.92512500E-02
   14.7300014      -8.91775414E-02
   14.7400007      -8.95045251E-02
   14.7500010      -8.92017186E-02
   14.7600012      -8.93000588E-02
   14.7700014      -8.91110748E-02
   14.7800007      -8.95551145E-02
   14.7900009      -8.93659517E-02
   14.8000011      -8.92917812E-02
   14.8100014      -8.85229856E-02
   14.8200006      -8.78672972E-02
   14.8300009      -8.89511853E-02
   14.8400011      -8.84102061E-02
   14.8500013      -8.81003067E-02
   14.8600006      -8.73229280E-02
   14.8700008      -8.67765844E-02
   14.8800011      -8.68716985E-02
   14.8900013      -8.65572691E-02
   14.9000015      -8.63587335E-02
   14.9100008      -8.58064219E-02
   14.9200010      -8.55471268E-02
   14.9300013      -8.56999829E-02
   14.9400015      -8.52619410E-02
   14.9500008      -8.56519267E-02
   14.9600010      -8.70536193E-02
   14.9700012      -8.72111917E-02
   14.9800014      -8.79666135E-02
   14.9900007      -8.76473561E-02
   15.0000010      -8.61284062E-02
   15.0100012      -8.51448476E-02
   15.0200014      -8.45188051E-02
   15.0300007      -8.44922811E-02
   15.0400009      -8.50079134E-02
   15.0500011      -8.47402066E-02
   15.0600014      -8.42901990E-02
   15.0700006      -8.38381276E-02
   15.0800009      -8.39918852E-02
   15.0900011      -8.36592466E-02
   15.1000013      -8.31427500E-02
   15.1100006      -8.28079954E-02
   15.1200008      -8.13100785E-02
   15.1300011      -8.08477178E-02
   15.1400013      -8.07516947E-02
   15.1500015      -8.12695399E-02
   15.1600008      -8.16668347E-02
   15.1700010      -8.18184540E-02
   15.1800013      -8.11048895E-02
   15.1900015      -8.13178346E-02
   15.2000008      -8.22777674E-02
   15.2100010      -8.27435032E-02
   15.2200012      -8.25244933E-02
   15.2300014      -8.29931349E-02
   15.2400007      -8.35895836E-02
   15.2500010      -8.30562189E-02
   15.2600012      -8.34662095E-02
   15.2700014      -8.36887285E-02
   15.2800007      -8.39748308E-02
   15.2900009      -8.41996074E-02
   15.3000011      -8.37249607E-02
   15.3100014      -8.38225037E-02
   15.3200006      -8.34097713E-02
   15.3300009      -8.24837163E-02
   15.3400011      -8.27071816E-02
   15.3500013      -8.17121118E-02
   15.3600006      -8.12922344E-02
   15.3700008      -8.14498737E-02
   15.3800011      -8.20598230E-02
   15.3900013      -8.29317421E-02
   15.4000015      -8.33534077E-02
   15.4100008      -8.37776512E-02
   15.4200010      -8.31601694E-02
   15.4300013      -8.16917345E-02
   15.4400015      -8.17215517E-02
   15.4500008      -8.14896375E-02
   15.4600010      -8.06661397E-02
   15.4700012      -8.08917955E-02
   15.4800014      -8.05244595E-02
   15.4900007      -8.11466500E-02
   15.5000010      -8.05802792E-02
   15.5100012      -8.00111294E-02
   15.5200014      -7.97725692E-02
   15.5300007      -7.84016699E-02
   15.5400009      -7.76922777E-02
   15.5500011      -7.69802406E-02
   15.5600014      -7.70003870E-02
   15.5700006      -7.73559362E-02
   15.5800009      -7.67723322E-02
   15.5900011      -7.66573250E-02
   15.6000013      -7.67442733E-02
   15.6100016      -7.68318698E-02
   15.6200008      -7.68522099E-02
   15.6300011      -7.68043846E-02
   15.6400013      -7.65524358E-02
   15.6500015      -7.68445507E-02
   15.6600008      -7.70700499E-02
   15.6700010      -7.69539103E-02
   15.6800013      -7.66305551E-02
   15.6900015      -7.72020370E-02
   15.7000008      -7.74301216E-02
   15.7100010      -7.68985525E-02
   15.7200012      -7.75431618E-02
   15.7300014      -7.83306286E-02
   15.7400007      -7.85640702E-02
   15.7500010      -7.89386183E-02
   15.7600012      -7.81931430E-02
   15.7700014      -7.73751885E-02
   15.7800007      -7.70457089E-02
   15.7900009      -7.69259110E-02
   15.8000011      -7.68762156E-02
   15.8100014      -7.59066045E-02
   15.8200006      -7.58544579E-02
   15.8300009      -7.56597668E-02
   15.8400011      -7.66046271E-02
   15.8500013      -7.62679353E-02
   15.8600016      -7.63595477E-02
   15.8700008      -7.65949711E-02
   15.8800011      -7.63274431E-02
   15.8900013      -7.51938447E-02
   15.9000015      -7.39834830E-02
   15.9100008      -7.34919682E-02
   15.9200010      -7.32155219E-02
   15.9300013      -7.27197751E-02
   15.9400015      -7.12042376E-02
   15.9500008      -7.09202960E-02
   15.9600010      -7.07814544E-02
   15.9700012      -7.12271482E-02
   15.9800014      -7.11618066E-02
   15.9900007      -7.05813542E-02
