0.00000000 0.699638
1.00000007E-02 0.583047
2.00000014E-02 0.533598
3.00000012E-02 0.509153
4.00000028E-02 0.499059
5.00000045E-02 0.492355
6.00000024E-02 0.488201
7.00000077E-02 0.480022
8.00000057E-02 0.472857
9.00000036E-02 0.464264
0.100000009 0.457446
0.110000007 0.45221
0.120000005 0.447184
0.130000010 0.442817
0.140000015 0.439807
0.150000006 0.435865
0.160000011 0.433376
0.170000017 0.43003
0.180000007 0.42677
0.190000013 0.423943
0.200000018 0.423182
0.210000008 0.420695
0.220000014 0.417386
0.230000019 0.413939
0.240000010 0.411933
0.250000030 0.410435
0.260000020 0.408374
0.270000011 0.405562
0.280000031 0.403585
0.290000021 0.401891
0.300000012 0.399196
0.310000032 0.397628
0.320000023 0.39568
0.330000013 0.394315
0.340000033 0.393473
0.350000024 0.391024
0.360000014 0.39003
0.370000035 0.388318
0.380000025 0.386192
0.390000015 0.384164
0.400000036 0.382496
0.410000026 0.381709
0.420000017 0.379641
0.430000037 0.3778
0.440000027 0.375613
0.450000018 0.37369
0.460000038 0.371813
0.470000029 0.370717
0.480000019 0.369722
0.490000039 0.367587
0.500000060 0.366435
0.510000050 0.364729
0.520000041 0.362442
0.530000031 0.361244
0.540000021 0.360752
0.550000012 0.359846
0.560000062 0.358525
0.570000052 0.356811
0.580000043 0.355154
0.590000033 0.353668
0.600000024 0.351869
0.610000014 0.350714
0.620000064 0.349202
0.630000055 0.348344
0.640000045 0.346503
0.650000036 0.345055
0.660000026 0.344186
0.670000076 0.344115
0.680000067 0.342716
0.690000057 0.34139
0.700000048 0.33979
0.710000038 0.339579
0.720000029 0.338929
0.730000079 0.337897
0.740000069 0.335999
0.750000060 0.334698
0.760000050 0.334012
0.770000041 0.333999
0.780000031 0.332081
0.790000081 0.330821
0.800000072 0.329099
0.810000062 0.32786
0.820000052 0.326551
0.830000043 0.325728
0.840000033 0.324725
0.850000083 0.323939
0.860000074 0.322029
0.870000064 0.320353
0.880000055 0.319482
0.890000045 0.318564
0.900000036 0.317558
0.910000086 0.316755
0.920000076 0.316194
0.930000067 0.314698
0.940000057 0.313456
0.950000048 0.312074
0.960000038 0.310807
0.970000088 0.31103
0.980000079 0.310514
0.990000069 0.309361
1.00000012 0.307954
1.01000011 0.307445
1.02000010 0.306372
1.03000009 0.305565
1.04000008 0.304635
1.05000007 0.303507
1.06000006 0.301911
1.07000005 0.300658
1.08000004 0.29952
1.09000003 0.298992
1.10000002 0.297692
1.11000013 0.296463
1.12000012 0.294814
1.13000011 0.295288
1.14000010 0.294721
1.15000010 0.293228
1.16000009 0.292443
1.17000008 0.291825
1.18000007 0.29081
1.19000006 0.290382
1.20000005 0.288901
1.21000004 0.288316
1.22000003 0.286601
1.23000014 0.285577
1.24000013 0.28503
1.25000012 0.285139
1.26000011 0.283558
1.27000010 0.283431
1.28000009 0.283247
1.29000008 0.281761
1.30000007 0.27964
1.31000006 0.2791
1.32000005 0.279026
1.33000004 0.278563
1.34000015 0.277624
1.35000014 0.27605
1.36000013 0.275657
1.37000012 0.274683
1.38000011 0.273758
1.39000010 0.27166
1.40000010 0.270108
1.41000009 0.270131
1.42000008 0.270319
1.43000007 0.269925
1.44000006 0.269302
1.45000005 0.268315
1.46000016 0.267618
1.47000015 0.266244
1.48000014 0.265537
1.49000013 0.263923
1.50000012 0.263749
1.51000011 0.263852
1.52000010 0.262083
1.53000009 0.261903
1.54000008 0.260129
1.55000007 0.258706
1.56000006 0.257906
1.57000005 0.257781
1.58000016 0.257257
1.59000015 0.256214
1.60000014 0.254826
1.61000013 0.253605
1.62000012 0.252466
1.63000011 0.250379
1.64000010 0.249852
1.65000010 0.249333
1.66000009 0.248193
1.67000008 0.246843
1.68000007 0.245934
1.69000018 0.24498
1.70000017 0.243863
1.71000016 0.243687
1.72000015 0.242382
1.73000014 0.241012
1.74000013 0.240892
1.75000012 0.241841
1.76000011 0.241581
1.77000010 0.241302
1.78000009 0.239312
1.79000008 0.238865
1.80000007 0.238225
1.81000018 0.238152
1.82000017 0.238396
1.83000016 0.236827
1.84000015 0.235606
1.85000014 0.235239
1.86000013 0.235295
1.87000012 0.235265
1.88000011 0.234111
1.89000010 0.232905
1.90000010 0.232394
1.91000009 0.231364
1.92000008 0.230681
1.93000019 0.230856
1.94000018 0.230035
1.95000017 0.228638
1.96000016 0.227778
1.97000015 0.226394
1.98000014 0.225408
1.99000013 0.225332
2.00000024 0.225127
2.01000023 0.223597
2.02000022 0.222178
2.03000021 0.221624
2.04000020 0.221549
2.05000019 0.220484
2.06000018 0.219997
2.07000017 0.219836
2.08000016 0.219852
2.09000015 0.217868
2.10000014 0.217684
2.11000013 0.217525
2.12000012 0.217881
2.13000011 0.217518
2.14000010 0.216577
2.15000010 0.216888
2.16000009 0.215626
2.17000008 0.214287
2.18000007 0.214625
2.19000006 0.214988
2.20000005 0.213463
2.21000004 0.211184
2.22000027 0.210942
2.23000026 0.210195
2.24000025 0.209301
2.25000024 0.209444
2.26000023 0.209212
2.27000022 0.207475
2.28000021 0.206757
2.29000020 0.205466
2.30000019 0.205846
2.31000018 0.204554
2.32000017 0.203149
2.33000016 0.202422
2.34000015 0.201828
2.35000014 0.200009
2.36000013 0.198669
2.37000012 0.198216
2.38000011 0.197717
2.39000010 0.196616
2.40000010 0.195779
2.41000009 0.195144
2.42000008 0.194178
2.43000007 0.19288
2.44000006 0.193181
2.45000029 0.191876
2.46000028 0.190786
2.47000027 0.189318
2.48000026 0.188978
2.49000025 0.188662
2.50000024 0.187882
2.51000023 0.187314
2.52000022 0.187735
2.53000021 0.187367
2.54000020 0.186569
2.55000019 0.186207
2.56000018 0.184639
2.57000017 0.184177
2.58000016 0.182779
2.59000015 0.182041
2.60000014 0.18165
2.61000013 0.181057
2.62000012 0.180477
2.63000011 0.179656
2.64000010 0.177886
2.65000010 0.176697
2.66000009 0.175726
2.67000008 0.175545
2.68000031 0.175858
2.69000030 0.174791
2.70000029 0.174482
2.71000028 0.173603
2.72000027 0.173317
2.73000026 0.172443
2.74000025 0.171597
2.75000024 0.170833
2.76000023 0.169999
2.77000022 0.169118
2.78000021 0.168432
2.79000020 0.168675
2.80000019 0.16796
2.81000018 0.167537
2.82000017 0.166496
2.83000016 0.164355
2.84000015 0.163875
2.85000014 0.163297
2.86000013 0.162523
2.87000012 0.160974
2.88000011 0.159704
2.89000010 0.158546
2.90000010 0.157668
2.91000032 0.157289
2.92000031 0.15614
2.93000031 0.155566
2.94000030 0.154422
2.95000029 0.153279
2.96000028 0.15227
2.97000027 0.151791
2.98000026 0.151247
2.99000025 0.151384
3.00000024 0.150211
3.01000023 0.150281
3.02000022 0.148991
3.03000021 0.148325
3.04000020 0.147188
3.05000019 0.146891
3.06000018 0.146886
3.07000017 0.145775
3.08000016 0.144443
3.09000015 0.143146
3.10000014 0.142816
3.11000013 0.142393
3.12000012 0.141979
3.13000011 0.141806
3.14000010 0.140968
3.15000033 0.139538
3.16000032 0.138795
3.17000031 0.138618
3.18000031 0.138475
3.19000030 0.13715
3.20000029 0.13649
3.21000028 0.13454
3.22000027 0.133764
3.23000026 0.13412
3.24000025 0.131934
3.25000024 0.131163
3.26000023 0.130816
3.27000022 0.130476
3.28000021 0.130041
3.29000020 0.130068
3.30000019 0.129921
3.31000018 0.129671
3.32000017 0.129084
3.33000016 0.128444
3.34000015 0.128088
3.35000014 0.126685
3.36000013 0.126101
3.37000012 0.125476
3.38000035 0.125157
3.39000034 0.125097
3.40000033 0.123563
3.41000032 0.122452
3.42000031 0.121549
3.43000031 0.12061
3.44000030 0.120445
3.45000029 0.120223
3.46000028 0.119233
3.47000027 0.117291
3.48000026 0.116849
3.49000025 0.116777
3.50000024 0.116373
3.51000023 0.115005
3.52000022 0.114815
3.53000021 0.113871
3.54000020 0.11253
3.55000019 0.111783
3.56000018 0.111117
3.57000017 0.110049
3.58000016 0.110025
3.59000015 0.108616
3.60000014 0.108491
3.61000037 0.107454
3.62000036 0.107316
3.63000035 0.106747
3.64000034 0.105686
3.65000033 0.1049
3.66000032 0.105392
3.67000031 0.104712
3.68000031 0.103894
3.69000030 0.104035
3.70000029 0.103706
3.71000028 0.102455
3.72000027 0.102819
3.73000026 0.102461
3.74000025 0.101365
3.75000024 0.0998943
3.76000023 0.0982723
3.77000022 0.0984469
3.78000021 0.0980717
3.79000020 0.0962867
3.80000019 0.0944876
3.81000018 0.094258
3.82000017 0.0938022
3.83000016 0.0926065
3.84000015 0.0923416
3.85000038 0.091881
3.86000037 0.0903212
3.87000036 0.0895321
3.88000035 0.0889636
3.89000034 0.0886664
3.90000033 0.0888595
3.91000032 0.0877933
3.92000031 0.0870299
3.93000031 0.0864447
3.94000030 0.0859178
3.95000029 0.0850772
3.96000028 0.0848853
3.97000027 0.0856275
3.98000026 0.0845909
3.99000025 0.0837418
4.00000048 0.0841754
4.01000023 0.0832415
4.02000046 0.0815634
4.03000021 0.0805091
4.04000044 0.0796006
4.05000019 0.0792039
4.06000042 0.0781698
4.07000017 0.0781482
4.08000040 0.0773272
4.09000015 0.0764676
4.10000038 0.076178
4.11000013 0.0755375
4.12000036 0.0750739
4.13000011 0.073224
4.14000034 0.0733094
4.15000010 0.0721729
4.16000032 0.072742
4.17000008 0.0726199
4.18000031 0.0727724
4.19000053 0.0709292
4.20000029 0.0700729
4.21000051 0.0685614
4.22000027 0.0679993
4.23000050 0.0685328
4.24000025 0.067672
4.25000048 0.067168
4.26000023 0.067157
4.27000046 0.066119
4.28000021 0.0650679
4.29000044 0.0654037
4.30000019 0.0650449
4.31000042 0.0638345
4.32000017 0.0627969
4.33000040 0.061855
4.34000015 0.0618367
4.35000038 0.0613876
4.36000013 0.0601357
4.37000036 0.0599571
4.38000011 0.0593077
4.39000034 0.0595012
4.40000010 0.0593298
4.41000032 0.0586131
4.42000008 0.0582901
4.43000031 0.0578889
4.44000053 0.0577327
4.45000029 0.0565514
4.46000051 0.0556304
4.47000027 0.0555642
4.48000050 0.0551133
4.49000025 0.0545065
4.50000048 0.0546122
4.51000023 0.0535426
4.52000046 0.0535324
4.53000021 0.0529387
4.54000044 0.0530057
4.55000019 0.0522307
4.56000042 0.0513514
4.57000017 0.0514429
4.58000040 0.0514272
4.59000015 0.0499782
4.60000038 0.0488522
4.61000013 0.0481808
4.62000036 0.047752
4.63000011 0.0468896
4.64000034 0.046239
4.65000010 0.0451443
4.66000032 0.0447584
4.67000055 0.0442548
4.68000031 0.0445658
4.69000053 0.0433955
4.70000029 0.0425423
4.71000051 0.0415692
4.72000027 0.0410817
4.73000050 0.0407734
4.74000025 0.0412028
4.75000048 0.0411833
4.76000023 0.0409865
4.77000046 0.0401985
4.78000021 0.0390767
4.79000044 0.0386809
4.80000019 0.0375811
4.81000042 0.0366108
4.82000017 0.0365933
4.83000040 0.0358536
4.84000015 0.035439
4.85000038 0.0348823
4.86000013 0.0332456
4.87000036 0.0323007
4.88000011 0.0321043
4.89000034 0.0320059
4.90000057 0.0315137
4.91000032 0.0307359
4.92000055 0.0294925
4.93000031 0.0290445
4.94000053 0.0277944
4.95000029 0.0266941
4.96000051 0.026907
4.97000027 0.0262353
4.98000050 0.0248987
4.99000025 0.0237041
5.00000048 0.0230428
5.01000023 0.0233079
5.02000046 0.023347
5.03000021 0.0224028
5.04000044 0.0213394
5.05000019 0.0212315
5.06000042 0.0204361
5.07000017 0.0201403
5.08000040 0.0192322
5.09000015 0.0194498
5.10000038 0.0187503
5.11000013 0.0173165
5.12000036 0.0164668
5.13000059 0.0168132
5.14000034 0.0167043
5.15000057 0.0169238
5.16000032 0.0166701
5.17000055 0.0163971
5.18000031 0.015682
5.19000053 0.0157327
5.20000029 0.0151509
5.21000051 0.0139239
5.22000027 0.0133048
5.23000050 0.0123627
5.24000025 0.0123836
5.25000048 0.012335
5.26000023 0.0123486
5.27000046 0.0117627
5.28000021 0.0118861
5.29000044 0.0114369
5.30000019 0.0106626
5.31000042 0.00992005
5.32000017 0.00868676
5.33000040 0.0073542
5.34000015 0.00627756
5.35000038 0.00576685
5.36000061 0.00569479
5.37000036 0.00544067
5.38000059 0.00480895
5.39000034 0.00400215
5.40000057 0.00273886
5.41000032 0.0022871
5.42000055 0.00151693
5.43000031 0.00162049
5.44000053 0.00162512
5.45000029 0.000992474
5.46000051 0.000511786
5.47000027 0.000501394
5.48000050 0.000353932
5.49000025 0.000342303
5.50000048 -6.37741e-05
5.51000023 -0.000478476
5.52000046 -0.00134245
5.53000021 -0.00166536
5.54000044 -0.00192705
5.55000019 -0.00189188
5.56000042 -0.00255028
5.57000017 -0.00252152
5.58000040 -0.00331045
5.59000063 -0.0039169
5.60000038 -0.00526652
5.61000061 -0.00547619
5.62000036 -0.00567754
5.63000059 -0.00649983
5.64000034 -0.00699265
5.65000057 -0.0077009
5.66000032 -0.00818647
5.67000055 -0.00915673
5.68000031 -0.00968168
5.69000053 -0.00928412
5.70000029 -0.00918603
5.71000051 -0.00986503
5.72000027 -0.0103595
5.73000050 -0.010161
5.74000025 -0.0109639
5.75000048 -0.0112352
5.76000023 -0.0107272
5.77000046 -0.0119322
5.78000021 -0.0109914
5.79000044 -0.0114477
5.80000019 -0.0120281
5.81000042 -0.0129337
5.82000065 -0.0132279
5.83000040 -0.0135848
5.84000063 -0.0141656
5.85000038 -0.015134
5.86000061 -0.015437
5.87000036 -0.0158954
5.88000059 -0.0162447
5.89000034 -0.0168961
5.90000057 -0.0181784
5.91000032 -0.019283
5.92000055 -0.0195401
5.93000031 -0.0189897
5.94000053 -0.0192559
5.95000029 -0.0201986
5.96000051 -0.0205498
5.97000027 -0.0216731
5.98000050 -0.0227355
5.99000025 -0.0225649
6.00000048 -0.0227925
6.01000023 -0.0229415
6.02000046 -0.0235362
6.03000021 -0.0244069
6.04000044 -0.0248005
6.05000019 -0.0252322
6.06000042 -0.0256101
6.07000065 -0.0260178
6.08000040 -0.0260445
6.09000063 -0.0261627
6.10000038 -0.0268844
6.11000061 -0.026783
6.12000036 -0.0267528
6.13000059 -0.0281478
6.14000034 -0.0291102
6.15000057 -0.0295605
6.16000032 -0.0297495
6.17000055 -0.0292778
6.18000031 -0.0296221
6.19000053 -0.0310111
6.20000029 -0.0327803
6.21000051 -0.033704
6.22000027 -0.0341157
6.23000050 -0.0345257
6.24000025 -0.035734
6.25000048 -0.0362496
6.26000023 -0.0364342
6.27000046 -0.037338
6.28000021 -0.0381936
6.29000044 -0.0386952
6.30000067 -0.038766
6.31000042 -0.0392987
6.32000065 -0.0397211
6.33000040 -0.0396404
6.34000063 -0.0394743
6.35000038 -0.0399756
6.36000061 -0.0408515
6.37000036 -0.0417712
6.38000059 -0.0424177
6.39000034 -0.0424771
6.40000057 -0.0430456
6.41000032 -0.0439635
6.42000055 -0.0449098
6.43000031 -0.045182
6.44000053 -0.045842
6.45000029 -0.0473928
6.46000051 -0.0484404
6.47000027 -0.0487668
6.48000050 -0.0489902
6.49000025 -0.0496884
6.50000048 -0.0503297
6.51000023 -0.0498157
6.52000046 -0.051292
6.53000069 -0.0519405
6.54000044 -0.0519697
6.55000067 -0.051695
6.56000042 -0.0522395
6.57000065 -0.0528537
6.58000040 -0.0533701
6.59000063 -0.0534858
6.60000038 -0.0538645
6.61000061 -0.0548781
6.62000036 -0.056285
6.63000059 -0.056474
6.64000034 -0.0574798
6.65000057 -0.0584369
6.66000032 -0.0593774
6.67000055 -0.060542
6.68000031 -0.0615973
6.69000053 -0.0626394
6.70000029 -0.0634972
6.71000051 -0.0637518
6.72000027 -0.0641636
6.73000050 -0.0656096
6.74000025 -0.0663911
6.75000048 -0.066724
6.76000071 -0.0664511
6.77000046 -0.0673511
6.78000069 -0.0671186
6.79000044 -0.0679683
6.80000067 -0.0691789
6.81000042 -0.0692271
6.82000065 -0.0697372
6.83000040 -0.0705813
6.84000063 -0.0715867
6.85000038 -0.0722832
6.86000061 -0.0718562
6.87000036 -0.0723887
6.88000059 -0.0727384
6.89000034 -0.0729333
6.90000057 -0.0736273
6.91000032 -0.0742913
6.92000055 -0.0744872
6.93000031 -0.0750431
6.94000053 -0.0752055
6.95000029 -0.0754432
6.96000051 -0.0762993
6.97000027 -0.0776215
6.98000050 -0.078204
6.99000072 -0.0789256
7.00000048 -0.0800337
7.01000071 -0.0799882
7.02000046 -0.079633
7.03000069 -0.079539
7.04000044 -0.0803884
7.05000067 -0.0813868
7.06000042 -0.0825619
7.07000065 -0.0826977
7.08000040 -0.0824517
7.09000063 -0.0820829
7.10000038 -0.0822282
7.11000061 -0.0834237
7.12000036 -0.084481
7.13000059 -0.0855526
7.14000034 -0.0865166
7.15000057 -0.0871074
7.16000032 -0.0881682
7.17000055 -0.0883663
7.18000031 -0.0891831
7.19000053 -0.0891508
7.20000029 -0.0900641
7.21000051 -0.0915523
7.22000074 -0.0908649
7.23000050 -0.0912
7.24000072 -0.0915763
7.25000048 -0.0925397
7.26000071 -0.0934811
7.27000046 -0.0949553
7.28000069 -0.0947949
7.29000044 -0.0941399
7.30000067 -0.0947084
7.31000042 -0.0953133
7.32000065 -0.0953199
7.33000040 -0.0956154
7.34000063 -0.0959646
7.35000038 -0.0966961
7.36000061 -0.0966889
7.37000036 -0.0974269
7.38000059 -0.097773
7.39000034 -0.098777
7.40000057 -0.0991276
7.41000032 -0.0984613
7.42000055 -0.0990808
7.43000031 -0.0994243
7.44000053 -0.0993071
7.45000076 -0.100372
7.46000051 -0.101103
7.47000074 -0.102198
7.48000050 -0.102336
7.49000072 -0.102038
7.50000048 -0.102101
7.51000071 -0.103524
7.52000046 -0.104
7.53000069 -0.105034
7.54000044 -0.105657
7.55000067 -0.107542
7.56000042 -0.107543
7.57000065 -0.108133
7.58000040 -0.108428
7.59000063 -0.109459
7.60000038 -0.109729
7.61000061 -0.109303
7.62000036 -0.111109
7.63000059 -0.113146
7.64000034 -0.113758
7.65000057 -0.113847
7.66000032 -0.114883
7.67000055 -0.115866
7.68000031 -0.116656
7.69000053 -0.117447
7.70000076 -0.11772
7.71000051 -0.118082
7.72000074 -0.119164
7.73000050 -0.120039
7.74000072 -0.120307
7.75000048 -0.120657
7.76000071 -0.121588
7.77000046 -0.12217
7.78000069 -0.123415
7.79000044 -0.12362
7.80000067 -0.123458
7.81000042 -0.12393
7.82000065 -0.124414
7.83000040 -0.125554
7.84000063 -0.125999
7.85000038 -0.125433
7.86000061 -0.125532
7.87000036 -0.125788
7.88000059 -0.126334
7.89000034 -0.127478
7.90000057 -0.127704
7.91000032 -0.126822
7.92000055 -0.126374
7.93000078 -0.126669
7.94000053 -0.127467
7.95000076 -0.129008
7.96000051 -0.129753
7.97000074 -0.129831
7.98000050 -0.13003
7.99000072 -0.130772
8.00000095 -0.130089
8.01000023 -0.130504
8.02000046 -0.131015
8.03000069 -0.132029
8.04000092 -0.132858
8.05000019 -0.133448
8.06000042 -0.134782
8.07000065 -0.134856
8.08000088 -0.135186
8.09000015 -0.135531
8.10000038 -0.1371
8.11000061 -0.137434
8.12000084 -0.136733
8.13000011 -0.136483
8.14000034 -0.13742
8.15000057 -0.138215
8.16000080 -0.137888
8.17000103 -0.138877
8.18000031 -0.13873
8.19000053 -0.139132
8.20000076 -0.138318
8.21000099 -0.138886
8.22000027 -0.139202
8.23000050 -0.140729
8.24000072 -0.139903
8.25000095 -0.141246
8.26000023 -0.141134
8.27000046 -0.141786
8.28000069 -0.142918
8.29000092 -0.142255
8.30000019 -0.143035
8.31000042 -0.143812
8.32000065 -0.144538
8.33000088 -0.145114
8.34000015 -0.144976
8.35000038 -0.145206
8.36000061 -0.146003
8.37000084 -0.146363
8.38000107 -0.147312
8.39000034 -0.147102
8.40000057 -0.148072
8.41000080 -0.148532
8.42000103 -0.148981
8.43000031 -0.14972
8.44000053 -0.150513
8.45000076 -0.151521
8.46000099 -0.151743
8.47000027 -0.152457
8.48000050 -0.152821
8.49000072 -0.152821
8.50000095 -0.153648
8.51000023 -0.154062
8.52000046 -0.154145
8.53000069 -0.154348
8.54000092 -0.154551
8.55000019 -0.154984
8.56000042 -0.15516
8.57000065 -0.155305
8.58000088 -0.155912
8.59000015 -0.156231
8.60000038 -0.157151
8.61000061 -0.15762
8.62000084 -0.157986
8.63000107 -0.158271
8.64000034 -0.158282
8.65000057 -0.157707
8.66000080 -0.15839
8.67000103 -0.158241
8.68000031 -0.158509
8.69000053 -0.159185
8.70000076 -0.160087
8.71000099 -0.160284
8.72000027 -0.160193
8.73000050 -0.161256
8.74000072 -0.162413
8.75000095 -0.163249
8.76000023 -0.163536
8.77000046 -0.164349
8.78000069 -0.164944
8.79000092 -0.165854
8.80000019 -0.165532
8.81000042 -0.166074
8.82000065 -0.16615
8.83000088 -0.167225
8.84000015 -0.167741
8.85000038 -0.167787
8.86000061 -0.168012
8.87000084 -0.168953
8.88000107 -0.169725
8.89000034 -0.170787
8.90000057 -0.17167
8.91000080 -0.171976
8.92000103 -0.172514
8.93000031 -0.173755
8.94000053 -0.17431
8.95000076 -0.175084
8.96000099 -0.175468
8.97000027 -0.175031
8.98000050 -0.176082
8.99000072 -0.177713
9.00000095 -0.178618
9.01000023 -0.17903
9.02000046 -0.17857
9.03000069 -0.178787
9.04000092 -0.179477
9.05000019 -0.181091
9.06000042 -0.181605
9.07000065 -0.181495
9.08000088 -0.181704
9.09000111 -0.18165
9.10000038 -0.183302
9.11000061 -0.184356
9.12000084 -0.185651
9.13000107 -0.185494
9.14000034 -0.185753
9.15000057 -0.186019
9.16000080 -0.185635
9.17000103 -0.185687
9.18000031 -0.186644
9.19000053 -0.187311
9.20000076 -0.187787
9.21000099 -0.188588
9.22000027 -0.188828
9.23000050 -0.189793
9.24000072 -0.190616
9.25000095 -0.19014
9.26000023 -0.190191
9.27000046 -0.189739
9.28000069 -0.190479
9.29000092 -0.190961
9.30000019 -0.19134
9.31000042 -0.192483
9.32000065 -0.192307
9.33000088 -0.192695
9.34000111 -0.193588
9.35000038 -0.194031
9.36000061 -0.193761
9.37000084 -0.194741
9.38000107 -0.194266
9.39000034 -0.194854
9.40000057 -0.195035
9.41000080 -0.19588
9.42000103 -0.196115
9.43000031 -0.196347
9.44000053 -0.196429
9.45000076 -0.197013
9.46000099 -0.196954
9.47000027 -0.198201
9.48000050 -0.198073
9.49000072 -0.19864
9.50000095 -0.198144
9.51000023 -0.198544
9.52000046 -0.199399
9.53000069 -0.200527
9.54000092 -0.201676
9.55000114 -0.202382
9.56000042 -0.203147
9.57000065 -0.203611
9.58000088 -0.204037
9.59000111 -0.204789
9.60000038 -0.205069
9.61000061 -0.20551
9.62000084 -0.206613
9.63000107 -0.207173
9.64000034 -0.207288
9.65000057 -0.207872
9.66000080 -0.207726
9.67000103 -0.208015
9.68000031 -0.208759
9.69000053 -0.209689
9.70000076 -0.209485
9.71000099 -0.209969
9.72000027 -0.211531
9.73000050 -0.212467
9.74000072 -0.212967
9.75000095 -0.213347
9.76000023 -0.213776
9.77000046 -0.214272
9.78000069 -0.214755
9.79000092 -0.214725
9.80000114 -0.215555
9.81000042 -0.21583
9.82000065 -0.215568
9.83000088 -0.216491
9.84000111 -0.217193
9.85000038 -0.216956
9.86000061 -0.217178
9.87000084 -0.218188
9.88000107 -0.219038
9.89000034 -0.218739
9.90000057 -0.219455
9.91000080 -0.220524
9.92000103 -0.221661
9.93000031 -0.222147
9.94000053 -0.222669
9.95000076 -0.22284
9.96000099 -0.224118
9.97000027 -0.225238
9.98000050 -0.224771
9.99000072 -0.223198
10.0000010 -0.223666
10.0100012 -0.224033
10.0200005 -0.225159
10.0300007 -0.226178
10.0400009 -0.226592
10.0500011 -0.226361
10.0600004 -0.226657
10.0700006 -0.227637
10.0800009 -0.228625
10.0900011 -0.22963
10.1000004 -0.230285
10.1100006 -0.230804
10.1200008 -0.23066
10.1300011 -0.230326
10.1400003 -0.230891
10.1500006 -0.230885
10.1600008 -0.231069
10.1700010 -0.231812
10.1800003 -0.23327
10.1900005 -0.232469
10.2000008 -0.232743
10.2100010 -0.234245
10.2200003 -0.234482
10.2300005 -0.234968
10.2400007 -0.235487
10.2500010 -0.23572
10.2600012 -0.235824
10.2700005 -0.235973
10.2800007 -0.235888
10.2900009 -0.236673
10.3000011 -0.236995
10.3100004 -0.237759
10.3200006 -0.238577
10.3300009 -0.238506
10.3400011 -0.238146
10.3500004 -0.237899
10.3600006 -0.239176
10.3700008 -0.23963
10.3800011 -0.240261
10.3900003 -0.240884
10.4000006 -0.240859
10.4100008 -0.240748
10.4200010 -0.240882
10.4300003 -0.24186
10.4400005 -0.242802
10.4500008 -0.243014
10.4600010 -0.242634
10.4700003 -0.243184
10.4800005 -0.243065
10.4900007 -0.243339
10.5000010 -0.243751
10.5100012 -0.243114
10.5200005 -0.242854
10.5300007 -0.243026
10.5400009 -0.243793
10.5500011 -0.24433
10.5600004 -0.244557
10.5700006 -0.245234
10.5800009 -0.245888
10.5900011 -0.246272
10.6000004 -0.246291
10.6100006 -0.246286
10.6200008 -0.246366
10.6300011 -0.246773
10.6400003 -0.247702
10.6500006 -0.248601
10.6600008 -0.248059
10.6700010 -0.248562
10.6800003 -0.248783
10.6900005 -0.248461
10.7000008 -0.248714
10.7100010 -0.249051
10.7200012 -0.2499
10.7300005 -0.250388
10.7400007 -0.250784
10.7500010 -0.251155
10.7600012 -0.252159
10.7700005 -0.252446
10.7800007 -0.252375
10.7900009 -0.252526
10.8000011 -0.253206
10.8100004 -0.252996
10.8200006 -0.253372
10.8300009 -0.254395
10.8400011 -0.255398
10.8500004 -0.255528
10.8600006 -0.25612
10.8700008 -0.256642
10.8800011 -0.256908
10.8900003 -0.257624
10.9000006 -0.257137
10.9100008 -0.256536
10.9200010 -0.256619
10.9300003 -0.256285
10.9400005 -0.256069
10.9500008 -0.256607
10.9600010 -0.256856
10.9700012 -0.257452
10.9800005 -0.257527
10.9900007 -0.257493
11.0000010 -0.258428
11.0100012 -0.259345
11.0200005 -0.26002
11.0300007 -0.260594
11.0400009 -0.261651
11.0500011 -0.261949
11.0600004 -0.261237
11.0700006 -0.26189
11.0800009 -0.262835
11.0900011 -0.262725
11.1000004 -0.263521
11.1100006 -0.263774
11.1200008 -0.264656
11.1300011 -0.265646
11.1400003 -0.265843
11.1500006 -0.266316
11.1600008 -0.266528
11.1700010 -0.266074
11.1800013 -0.26709
11.1900005 -0.266401
11.2000008 -0.267435
11.2100010 -0.268385
11.2200012 -0.26876
11.2300005 -0.268837
11.2400007 -0.269608
11.2500010 -0.270149
11.2600012 -0.270508
11.2700005 -0.270794
11.2800007 -0.271338
11.2900009 -0.271252
11.3000011 -0.272037
11.3100004 -0.272887
11.3200006 -0.272605
11.3300009 -0.272945
11.3400011 -0.273257
11.3500004 -0.273208
11.3600006 -0.274012
11.3700008 -0.273664
11.3800011 -0.274661
11.3900003 -0.27502
11.4000006 -0.275585
11.4100008 -0.275891
11.4200010 -0.275741
11.4300013 -0.275523
11.4400005 -0.275932
11.4500008 -0.276791
11.4600010 -0.276485
11.4700012 -0.278098
11.4800005 -0.27883
11.4900007 -0.27939
11.5000010 -0.278737
11.5100012 -0.279092
11.5200005 -0.278813
11.5300007 -0.279505
11.5400009 -0.279909
11.5500011 -0.280875
11.5600004 -0.280758
11.5700006 -0.280491
11.5800009 -0.280701
11.5900011 -0.280058
11.6000004 -0.280058
11.6100006 -0.280747
11.6200008 -0.281165
11.6300011 -0.281776
11.6400013 -0.282529
11.6500006 -0.282865
11.6600008 -0.282827
11.6700010 -0.282882
11.6800013 -0.283646
11.6900005 -0.284602
11.7000008 -0.285213
11.7100010 -0.286508
11.7200012 -0.287419
11.7300005 -0.287455
11.7400007 -0.28731
11.7500010 -0.286962
11.7600012 -0.286819
11.7700005 -0.287346
11.7800007 -0.287686
11.7900009 -0.288827
11.8000011 -0.288531
11.8100004 -0.289037
11.8200006 -0.289732
11.8300009 -0.290542
11.8400011 -0.29092
11.8500004 -0.291135
11.8600006 -0.291088
11.8700008 -0.291165
11.8800011 -0.291338
11.8900013 -0.292346
11.9000006 -0.293232
11.9100008 -0.293864
11.9200010 -0.294124
11.9300013 -0.295266
11.9400005 -0.295605
11.9500008 -0.295509
11.9600010 -0.296518
11.9700012 -0.296713
11.9800005 -0.296576
11.9900007 -0.296418
12.0000010 -0.297128
12.0100012 -0.296977
12.0200005 -0.297873
12.0300007 -0.29865
12.0400009 -0.299285
12.0500011 -0.29942
12.0600004 -0.299146
12.0700006 -0.300075
12.0800009 -0.299805
12.0900011 -0.299989
12.1000004 -0.300983
12.1100006 -0.301799
12.1200008 -0.301876
12.1300011 -0.301486
12.1400013 -0.301929
12.1500006 -0.303284
12.1600008 -0.303524
12.1700010 -0.303452
12.1800013 -0.303208
12.1900005 -0.303626
12.2000008 -0.303309
12.2100010 -0.303338
12.2200012 -0.304118
12.2300005 -0.304514
12.2400007 -0.305078
12.2500010 -0.305143
12.2600012 -0.306626
12.2700005 -0.306338
12.2800007 -0.306992
12.2900009 -0.307743
12.3000011 -0.307408
12.3100004 -0.308292
12.3200006 -0.308595
12.3300009 -0.308722
12.3400011 -0.308699
12.3500013 -0.308815
12.3600006 -0.309123
12.3700008 -0.30938
12.3800011 -0.309395
12.3900013 -0.309536
12.4000006 -0.310082
12.4100008 -0.310124
12.4200010 -0.309832
12.4300013 -0.309328
12.4400005 -0.310106
12.4500008 -0.310863
12.4600010 -0.311207
12.4700012 -0.311469
12.4800005 -0.310818
12.4900007 -0.311458
12.5000010 -0.311729
12.5100012 -0.311554
12.5200005 -0.31163
12.5300007 -0.311474
12.5400009 -0.312187
12.5500011 -0.312024
12.5600004 -0.311444
12.5700006 -0.312286
12.5800009 -0.3122
12.5900011 -0.312334
12.6000013 -0.312295
12.6100006 -0.313252
12.6200008 -0.313763
12.6300011 -0.31503
12.6400013 -0.315817
12.6500006 -0.316049
12.6600008 -0.316845
12.6700010 -0.316559
12.6800013 -0.316717
12.6900005 -0.318084
12.7000008 -0.318166
12.7100010 -0.318568
12.7200012 -0.317749
12.7300005 -0.316876
12.7400007 -0.316363
12.7500010 -0.317196
12.7600012 -0.317961
12.7700005 -0.318353
12.7800007 -0.317961
12.7900009 -0.317987
12.8000011 -0.317952
12.8100014 -0.318276
12.8200006 -0.31926
12.8300009 -0.32013
12.8400011 -0.320802
12.8500013 -0.321314
12.8600006 -0.322004
12.8700008 -0.322394
12.8800011 -0.323008
12.8900013 -0.321993
12.9000006 -0.322414
12.9100008 -0.323115
12.9200010 -0.322506
12.9300013 -0.321391
12.9400005 -0.320933
12.9500008 -0.321984
12.9600010 -0.323449
12.9700012 -0.32445
12.9800005 -0.324123
12.9900007 -0.324306
13.0000010 -0.323094
13.0100012 -0.323368
13.0200005 -0.322491
13.0300007 -0.322088
13.0400009 -0.323453
13.0500011 -0.322695
13.0600014 -0.322717
13.0700006 -0.322557
13.0800009 -0.322504
13.0900011 -0.323749
13.1000013 -0.324523
13.1100006 -0.325139
13.1200008 -0.326225
13.1300011 -0.326152
13.1400013 -0.325625
13.1500006 -0.326067
13.1600008 -0.327838
13.1700010 -0.328871
13.1800013 -0.328533
13.1900005 -0.329587
13.2000008 -0.330659
13.2100010 -0.330562
13.2200012 -0.331434
13.2300005 -0.331048
13.2400007 -0.331167
13.2500010 -0.331196
13.2600012 -0.332423
13.2700014 -0.333197
13.2800007 -0.334174
13.2900009 -0.334598
13.3000011 -0.334805
13.3100014 -0.335063
13.3200006 -0.335601
13.3300009 -0.336562
13.3400011 -0.337595
13.3500013 -0.3379
13.3600006 -0.338195
13.3700008 -0.338598
13.3800011 -0.338767
13.3900013 -0.338512
13.4000006 -0.338694
13.4100008 -0.339271
13.4200010 -0.339934
13.4300013 -0.340281
13.4400005 -0.340104
13.4500008 -0.339874
13.4600010 -0.339674
13.4700012 -0.339398
13.4800005 -0.339232
13.4900007 -0.339558
13.5000010 -0.340549
13.5100012 -0.340433
13.5200014 -0.340512
13.5300007 -0.340808
13.5400009 -0.341298
13.5500011 -0.341876
13.5600014 -0.341446
13.5700006 -0.341784
13.5800009 -0.34218
13.5900011 -0.342572
13.6000013 -0.342995
13.6100006 -0.343316
13.6200008 -0.343641
13.6300011 -0.343778
13.6400013 -0.344246
13.6500006 -0.34506
13.6600008 -0.345626
13.6700010 -0.344475
13.6800013 -0.34433
13.6900005 -0.344806
13.7000008 -0.344562
13.7100010 -0.344065
13.7200012 -0.343687
13.7300005 -0.344785
13.7400007 -0.344678
13.7500010 -0.344746
13.7600012 -0.344769
13.7700014 -0.346139
13.7800007 -0.345825
13.7900009 -0.345449
13.8000011 -0.345642
13.8100014 -0.346271
13.8200006 -0.346972
13.8300009 -0.346765
13.8400011 -0.347579
13.8500013 -0.34775
13.8600006 -0.34733
13.8700008 -0.347385
13.8800011 -0.348352
13.8900013 -0.348892
13.9000006 -0.348202
13.9100008 -0.350771
13.9200010 -0.350469
13.9300013 -0.34943
13.9400005 -0.349028
13.9500008 -0.349103
13.9600010 -0.350167
13.9700012 -0.350592
13.9800014 -0.351071
13.9900007 -0.351477
14.0000010 -0.351958
14.0100012 -0.351555
14.0200014 -0.351643
14.0300007 -0.352575
14.0400009 -0.353087
14.0500011 -0.352617
14.0600014 -0.351617
14.0700006 -0.351442
14.0800009 -0.351678
14.0900011 -0.351719
14.1000013 -0.353392
14.1100006 -0.353455
14.1200008 -0.354247
14.1300011 -0.353424
14.1400013 -0.353992
14.1500006 -0.35506
14.1600008 -0.355351
14.1700010 -0.355469
14.1800013 -0.355875
14.1900005 -0.355497
14.2000008 -0.35502
14.2100010 -0.355051
14.2200012 -0.354769
14.2300014 -0.356043
14.2400007 -0.356663
14.2500010 -0.356909
14.2600012 -0.357087
14.2700014 -0.355821
14.2800007 -0.356143
14.2900009 -0.35554
14.3000011 -0.35559
14.3100014 -0.355138
14.3200006 -0.355095
14.3300009 -0.355469
14.3400011 -0.356185
14.3500013 -0.355745
14.3600006 -0.355948
14.3700008 -0.356549
14.3800011 -0.357785
14.3900013 -0.357889
14.4000006 -0.358542
14.4100008 -0.359925
14.4200010 -0.35938
14.4300013 -0.358635
14.4400015 -0.35851
14.4500008 -0.358327
14.4600010 -0.359568
14.4700012 -0.360307
14.4800014 -0.361268
14.4900007 -0.362501
14.5000010 -0.362409
14.5100012 -0.362181
14.5200014 -0.362583
14.5300007 -0.363106
14.5400009 -0.363758
14.5500011 -0.363305
14.5600014 -0.363348
14.5700006 -0.364354
14.5800009 -0.36543
14.5900011 -0.365005
14.6000013 -0.365646
14.6100006 -0.365723
14.6200008 -0.365738
14.6300011 -0.366627
14.6400013 -0.366755
14.6500006 -0.366953
14.6600008 -0.367036
14.6700010 -0.366597
14.6800013 -0.366895
14.6900015 -0.368307
14.7000008 -0.368191
14.7100010 -0.368541
14.7200012 -0.368965
14.7300014 -0.368939
14.7400007 -0.368041
14.7500010 -0.36761
14.7600012 -0.368021
14.7700014 -0.369098
14.7800007 -0.369727
14.7900009 -0.370279
14.8000011 -0.369395
14.8100014 -0.36959
14.8200006 -0.370151
14.8300009 -0.371526
14.8400011 -0.372648
14.8500013 -0.373212
14.8600006 -0.373304
14.8700008 -0.37311
14.8800011 -0.372675
14.8900013 -0.374059
14.9000015 -0.374147
14.9100008 -0.374432
14.9200010 -0.375147
14.9300013 -0.374856
14.9400015 -0.374301
14.9500008 -0.374599
14.9600010 -0.374582
14.9700012 -0.374975
14.9800014 -0.375161
14.9900007 -0.374965
15.0000010 -0.376386
15.0100012 -0.376959
15.0200014 -0.376911
15.0300007 -0.37776
15.0400009 -0.378299
15.0500011 -0.378752
15.0600014 -0.379563
15.0700006 -0.379143
15.0800009 -0.379539
15.0900011 -0.379419
15.1000013 -0.379973
15.1100006 -0.379859
15.1200008 -0.379932
15.1300011 -0.379575
15.1400013 -0.379662
15.1500015 -0.379642
15.1600008 -0.379918
15.1700010 -0.379654
15.1800013 -0.379322
15.1900015 -0.379742
15.2000008 -0.380674
15.2100010 -0.380385
15.2200012 -0.380876
15.2300014 -0.380408
15.2400007 -0.381008
15.2500010 -0.381517
15.2600012 -0.382422
15.2700014 -0.382222
15.2800007 -0.380377
15.2900009 -0.380335
15.3000011 -0.381741
15.3100014 -0.381528
15.3200006 -0.382135
15.3300009 -0.381695
15.3400011 -0.381431
15.3500013 -0.381764
15.3600006 -0.383112
15.3700008 -0.382882
15.3800011 -0.38378
15.3900013 -0.384277
15.4000015 -0.38536
15.4100008 -0.386574
15.4200010 -0.38726
15.4300013 -0.389099
15.4400015 -0.388447
15.4500008 -0.389281
15.4600010 -0.390584
15.4700012 -0.390913
15.4800014 -0.391534
15.4900007 -0.392345
15.5000010 -0.393416
15.5100012 -0.393068
15.5200014 -0.392889
15.5300007 -0.392754
15.5400009 -0.392606
15.5500011 -0.392468
15.5600014 -0.392192
15.5700006 -0.39196
15.5800009 -0.391814
15.5900011 -0.391728
15.6000013 -0.392384
15.6100016 -0.393389
15.6200008 -0.393682
15.6300011 -0.394209
15.6400013 -0.394496
15.6500015 -0.394881
15.6600008 -0.395563
15.6700010 -0.395449
15.6800013 -0.394766
15.6900015 -0.39423
15.7000008 -0.392257
15.7100010 -0.392048
15.7200012 -0.392342
15.7300014 -0.392788
15.7400007 -0.392969
15.7500010 -0.393063
15.7600012 -0.392226
15.7700014 -0.391081
15.7800007 -0.391348
15.7900009 -0.391144
15.8000011 -0.392011
15.8100014 -0.392181
15.8200006 -0.392027
15.8300009 -0.393142
15.8400011 -0.394541
15.8500013 -0.394451
15.8600016 -0.394504
15.8700008 -0.394876
15.8800011 -0.394921
15.8900013 -0.395937
15.9000015 -0.395876
15.9100008 -0.395491
15.9200010 -0.396336
15.9300013 -0.396583
15.9400015 -0.396443
15.9500008 -0.396472
15.9600010 -0.396112
15.9700012 -0.396964
15.9800014 -0.397079
15.9900007 -0.397224
