   0.00000000       12.9203634    
   1.00000007E-02   11.1442480    
   2.00000014E-02   9.34802151    
   3.00000012E-02   7.60221529    
   4.00000028E-02   5.80775833    
   5.00000045E-02   4.06089067    
   6.00000024E-02   2.24969530    
   7.00000077E-02   1.48821712    
   8.00000057E-02   1.04459453    
   9.00000036E-02  0.917217791    
  0.100000009      0.810783744    
  0.110000007      0.818383038    
  0.120000005      0.752354383    
  0.130000010      0.732023060    
  0.140000015      0.646011114    
  0.150000006      0.593077242    
  0.160000011      0.490868181    
  0.170000017      0.457202524    
  0.180000007      0.426188499    
  0.190000013      0.431331605    
  0.200000018      0.422208786    
  0.210000008      0.435324848    
  0.220000014      0.395954013    
  0.230000019      0.387811184    
  0.240000010      0.358917147    
  0.250000030      0.360269040    
  0.260000020      0.376514167    
  0.270000011      0.357251674    
  0.280000031      0.346355796    
  0.290000021      0.317310512    
  0.300000012      0.345479578    
  0.310000032      0.303598642    
  0.320000023      0.305567533    
  0.330000013      0.295619428    
  0.340000033      0.286173880    
  0.350000024      0.259884387    
  0.360000014      0.248216450    
  0.370000035      0.211971715    
  0.380000025      0.217577949    
  0.390000015      0.218400136    
  0.400000036      0.247451484    
  0.410000026      0.209683746    
  0.420000017      0.233314812    
  0.430000037      0.205288649    
  0.440000027      0.203649715    
  0.450000018      0.211557925    
  0.460000038      0.200511217    
  0.470000029      0.193182692    
  0.480000019      0.212345168    
  0.490000039      0.208656356    
  0.500000060      0.203279585    
  0.510000050      0.182866395    
  0.520000041      0.164639413    
  0.530000031      0.151435077    
  0.540000021      0.165618658    
  0.550000012      0.175797403    
  0.560000062      0.160416871    
  0.570000052      0.181725919    
  0.580000043      0.178504109    
  0.590000033      0.165880859    
  0.600000024      0.163684607    
  0.610000014      0.166025519    
  0.620000064      0.179378897    
  0.630000055      0.191477194    
  0.640000045      0.183863103    
  0.650000036      0.164566904    
  0.660000026      0.162855327    
  0.670000076      0.171837866    
  0.680000067      0.181371391    
  0.690000057      0.192193449    
  0.700000048      0.183127880    
  0.710000038      0.203644186    
  0.720000029      0.186144680    
  0.730000079      0.159174919    
  0.740000069      0.164713815    
  0.750000060      0.178972691    
  0.760000050      0.186894074    
  0.770000041      0.185266107    
  0.780000031      0.174112558    
  0.790000081      0.173630670    
  0.800000072      0.142816007    
  0.810000062      0.163432002    
  0.820000052      0.155624583    
  0.830000043      0.176954955    
  0.840000033      0.216072783    
  0.850000083      0.201880321    
  0.860000074      0.201579005    
  0.870000064      0.203263104    
  0.880000055      0.178260773    
  0.890000045      0.193565890    
  0.900000036      0.162632406    
  0.910000086      0.176790893    
  0.920000076      0.162278205    
  0.930000067      0.159688339    
  0.940000057      0.154712379    
  0.950000048      0.126979724    
  0.960000038      0.119398452    
  0.970000088       9.54187661E-02
  0.980000079       8.83570164E-02
  0.990000069      0.115788944    
   1.00000012      0.113513581    
   1.01000011      0.137927219    
   1.02000010      0.128512844    
   1.03000009      0.126491085    
   1.04000008      0.119683869    
   1.05000007      0.113602616    
   1.06000006      0.141505688    
   1.07000005      0.154700637    
   1.08000004      0.165583760    
   1.09000003      0.158964410    
   1.10000002      0.152271926    
   1.11000013      0.132003084    
   1.12000012      0.113915890    
   1.13000011      0.132264510    
   1.14000010      0.145373285    
   1.15000010      0.135643497    
   1.16000009      0.134337083    
   1.17000008      0.116610289    
   1.18000007      0.118886426    
   1.19000006      0.134645477    
   1.20000005      0.123831086    
   1.21000004      0.120228961    
   1.22000003      0.148972049    
   1.23000014      0.145582095    
   1.24000013      0.126904950    
   1.25000012      0.118043967    
   1.26000011      0.143362746    
   1.27000010      0.149670765    
   1.28000009      0.152304232    
   1.29000008      0.163836449    
   1.30000007      0.144542873    
   1.31000006      0.151229545    
   1.32000005      0.149072424    
   1.33000004      0.140414685    
   1.34000015      0.159428343    
   1.35000014      0.157239079    
   1.36000013      0.170315161    
   1.37000012      0.160668984    
   1.38000011      0.145305902    
   1.39000010      0.128239423    
   1.40000010      0.113443755    
   1.41000009      0.143889531    
   1.42000008      0.165504619    
   1.43000007      0.140875980    
   1.44000006      0.135751396    
   1.45000005      0.125458971    
   1.46000016      0.124314256    
   1.47000015      0.109802820    
   1.48000014       9.95058790E-02
   1.49000013      0.109695502    
   1.50000012      0.139311567    
   1.51000011      0.135825709    
   1.52000010       9.54240263E-02
   1.53000009       9.00010392E-02
   1.54000008      0.102818966    
   1.55000007      0.105056264    
   1.56000006      0.102713771    
   1.57000005      0.110278994    
   1.58000016       9.65636000E-02
   1.59000015       9.70327631E-02
   1.60000014      0.104647689    
   1.61000013      0.100835584    
   1.62000012      0.102167584    
   1.63000011      0.123194523    
   1.64000010      0.122679494    
   1.65000010      0.105796546    
   1.66000009       9.13934708E-02
   1.67000008       9.92019102E-02
   1.68000007      0.103391081    
   1.69000018      0.106638759    
   1.70000017      0.125552863    
   1.71000016      0.112856738    
   1.72000015       9.65112969E-02
   1.73000014      0.102422468    
   1.74000013       9.17442515E-02
   1.75000012       8.80688131E-02
   1.76000011      0.119082019    
   1.77000010      0.125954807    
   1.78000009      0.141265959    
   1.79000008      0.104193360    
   1.80000007       9.60286781E-02
   1.81000018      0.105787486    
   1.82000017      0.118049718    
   1.83000016      0.110136159    
   1.84000015      0.119835518    
   1.85000014      0.130900577    
   1.86000013      0.111204289    
   1.87000012      0.119274259    
   1.88000011      0.100377657    
   1.89000010      0.105901055    
   1.90000010      0.128036171    
   1.91000009      0.153239295    
   1.92000008      0.121726364    
   1.93000019      0.116342455    
   1.94000018      0.130644336    
   1.95000017      0.108680062    
   1.96000016      0.110857636    
   1.97000015      0.143766075    
   1.98000014      0.121972270    
   1.99000013      0.147702873    
   2.00000024      0.133774519    
   2.01000023      0.137643829    
   2.02000022      0.113585569    
   2.03000021      0.125319004    
   2.04000020      0.149710864    
   2.05000019      0.130017057    
   2.06000018      0.134006515    
   2.07000017      0.133110985    
   2.08000016      0.106274851    
   2.09000015      0.109372132    
   2.10000014       9.54969004E-02
   2.11000013       9.89283547E-02
   2.12000012      0.105509922    
   2.13000011      0.131253421    
   2.14000010      0.125126109    
   2.15000010      0.106670521    
   2.16000009      0.101977304    
   2.17000008      0.116258830    
   2.18000007      0.130724892    
   2.19000006      0.135322168    
   2.20000005      0.144256964    
   2.21000004      0.133891955    
   2.22000027      0.113361739    
   2.23000026      0.126169115    
   2.24000025      0.115905955    
   2.25000024      0.111715555    
   2.26000023      0.111829661    
   2.27000022      0.135292828    
   2.28000021      0.133172184    
   2.29000020      0.106457189    
   2.30000019      0.107634999    
   2.31000018       7.86395594E-02
   2.32000017      0.112047069    
   2.33000016      0.119009659    
   2.34000015      0.104661778    
   2.35000014      0.110466331    
   2.36000013      0.102059670    
   2.37000012      0.104877613    
   2.38000011       8.71740729E-02
   2.39000010       7.33031109E-02
   2.40000010       8.41515958E-02
   2.41000009       7.25913122E-02
   2.42000008      0.103870824    
   2.43000007       7.35218301E-02
   2.44000006       6.20316230E-02
   2.45000029       6.06247149E-02
   2.46000028       4.25081812E-02
   2.47000027       4.96234559E-02
   2.48000026       6.33545592E-02
   2.49000025       7.29778856E-02
   2.50000024       7.39060044E-02
   2.51000023       5.84448576E-02
   2.52000022       5.17357215E-02
   2.53000021       4.11382131E-02
   2.54000020       7.22583979E-02
   2.55000019       7.33645931E-02
   2.56000018       6.82973117E-02
   2.57000017       7.15916902E-02
   2.58000016       7.79993609E-02
   2.59000015       5.88365905E-02
   2.60000014       6.85819387E-02
   2.61000013       6.07316047E-02
   2.62000012       6.36928007E-02
   2.63000011       7.88422301E-02
   2.64000010       8.27476904E-02
   2.65000010       5.80820814E-02
   2.66000009       7.56887645E-02
   2.67000008       9.00313407E-02
   2.68000031       9.47431624E-02
   2.69000030       7.81802312E-02
   2.70000029       6.69206232E-02
   2.71000028       4.90036570E-02
   2.72000027       5.74820153E-02
   2.73000026       7.10568428E-02
   2.74000025       8.36394355E-02
   2.75000024       8.41422006E-02
   2.76000023       8.50707591E-02
   2.77000022       7.87062868E-02
   2.78000021       7.53628537E-02
   2.79000020       8.05964917E-02
   2.80000019      0.104796439    
   2.81000018      0.114411637    
   2.82000017      0.117873959    
   2.83000016      0.105417378    
   2.84000015       9.84576419E-02
   2.85000014       9.45325196E-02
   2.86000013       9.23777074E-02
   2.87000012       8.86823758E-02
   2.88000011       9.33684781E-02
   2.89000010       6.87479675E-02
   2.90000010       7.30042458E-02
   2.91000032       5.15138619E-02
   2.92000031       4.27716188E-02
   2.93000031       6.00027069E-02
   2.94000030       7.35690519E-02
   2.95000029       5.82518689E-02
   2.96000028       4.78678606E-02
   2.97000027       6.51538223E-02
   2.98000026       7.51750171E-02
   2.99000025       6.14806786E-02
   3.00000024       8.23205188E-02
   3.01000023       7.64657333E-02
   3.02000022       7.63269141E-02
   3.03000021       8.57218429E-02
   3.04000020       7.18045756E-02
   3.05000019       8.99984986E-02
   3.06000018      0.107766703    
   3.07000017      0.106042571    
   3.08000016       6.28895834E-02
   3.09000015       6.67014644E-02
   3.10000014       7.84386471E-02
   3.11000013       6.72249496E-02
   3.12000012       6.09407909E-02
   3.13000011       7.42165968E-02
   3.14000010       6.93679824E-02
   3.15000033       7.94232339E-02
   3.16000032       6.20144606E-02
   3.17000031       4.28554900E-02
   3.18000031       2.18684096E-02
   3.19000030       6.48412481E-02
   3.20000029       6.29123673E-02
   3.21000028       7.63410628E-02
   3.22000027       8.56861249E-02
   3.23000026       7.69514367E-02
   3.24000025       6.49325326E-02
   3.25000024       5.43304309E-02
   3.26000023       4.86251935E-02
   3.27000022       5.73328398E-02
   3.28000021       7.77012855E-02
   3.29000020       8.75674561E-02
   3.30000019       8.08177665E-02
   3.31000018       8.75475630E-02
   3.32000017       6.40157089E-02
   3.33000016       5.72862849E-02
   3.34000015       6.50013611E-02
   3.35000014       7.32145458E-02
   3.36000013       9.34949592E-02
   3.37000012       9.60714296E-02
   3.38000035       7.47898519E-02
   3.39000034       5.88509291E-02
   3.40000033       6.56188354E-02
   3.41000032       6.88325241E-02
   3.42000031       4.47556674E-02
   3.43000031       6.83612302E-02
   3.44000030       7.43712038E-02
   3.45000029       6.58731535E-02
   3.46000028       5.36685139E-02
   3.47000027       4.50314432E-02
   3.48000026       4.68010046E-02
   3.49000025       5.13318405E-02
   3.50000024       7.12802932E-02
   3.51000023       6.76632449E-02
   3.52000022       4.59802710E-02
   3.53000021       4.94290367E-02
   3.54000020       2.96835769E-02
   3.55000019       3.71018834E-02
   3.56000018       4.60022464E-02
   3.57000017       4.77730744E-02
   3.58000016       5.51027209E-02
   3.59000015       3.81415226E-02
   3.60000014       5.99254258E-02
   3.61000037       4.19817120E-02
   3.62000036       4.97105569E-02
   3.63000035       5.96355237E-02
   3.64000034       9.03172493E-02
   3.65000033       9.04647484E-02
   3.66000032       8.98416042E-02
   3.67000031       6.48165643E-02
   3.68000031       7.08696470E-02
   3.69000030       5.13936542E-02
   3.70000029       7.12349415E-02
   3.71000028       5.93063086E-02
   3.72000027       5.56333624E-02
   3.73000026       4.95542996E-02
   3.74000025       4.28839736E-02
   3.75000024       2.98710037E-02
   3.76000023       2.10949648E-02
   3.77000022       3.17189246E-02
   3.78000021       5.58106266E-02
   3.79000020       6.24361038E-02
   3.80000019       6.40220568E-02
   3.81000018       4.58681248E-02
   3.82000017       5.54986633E-02
   3.83000016       6.35642558E-02
   3.84000015       6.21942915E-02
   3.85000038       8.94902647E-02
   3.86000037       8.60185549E-02
   3.87000036      0.100142904    
   3.88000035       8.11025724E-02
   3.89000034       9.03636515E-02
   3.90000033       9.32565853E-02
   3.91000032       8.11656564E-02
   3.92000031       9.14117992E-02
   3.93000031       7.78207928E-02
   3.94000030       7.53639787E-02
   3.95000029       7.64495656E-02
   3.96000028       6.53726757E-02
   3.97000027       7.10198358E-02
   3.98000026       7.79016316E-02
   3.99000025       7.01336116E-02
   4.00000048       6.98420405E-02
   4.01000023       5.15392311E-02
   4.02000046       6.72405660E-02
   4.03000021       7.87473619E-02
   4.04000044       7.77836069E-02
   4.05000019       7.80317485E-02
   4.06000042       9.63238776E-02
   4.07000017       7.11322129E-02
   4.08000040       7.06210285E-02
   4.09000015       6.22464567E-02
   4.10000038       5.79924434E-02
   4.11000013       6.91939965E-02
   4.12000036       7.22701475E-02
   4.13000011       7.79293850E-02
   4.14000034       7.19422027E-02
   4.15000010       7.22178891E-02
   4.16000032       9.00205895E-02
   4.17000008       8.04681778E-02
   4.18000031       9.40885469E-02
   4.19000053       7.62369260E-02
   4.20000029       6.79967403E-02
   4.21000051      0.103172906    
   4.22000027       9.94299576E-02
   4.23000050       9.76381525E-02
   4.24000025       9.98485535E-02
   4.25000048       8.14212859E-02
   4.26000023       7.28693679E-02
   4.27000046       6.52942210E-02
   4.28000021       6.95034638E-02
   4.29000044       8.24303553E-02
   4.30000019       8.98780376E-02
   4.31000042       8.79768804E-02
   4.32000017       6.33635595E-02
   4.33000040       5.46254367E-02
   4.34000015       6.11778833E-02
   4.35000038       4.75579649E-02
   4.36000013       7.07718208E-02
   4.37000036       7.40422979E-02
   4.38000011       7.37340301E-02
   4.39000034       6.80797622E-02
   4.40000010       6.64227530E-02
   4.41000032       6.36579469E-02
   4.42000008       6.49164543E-02
   4.43000031       5.58974892E-02
   4.44000053       5.45654856E-02
   4.45000029       6.81072995E-02
   4.46000051       8.31751525E-02
   4.47000027       6.89956546E-02
   4.48000050       8.54923204E-02
   4.49000025       7.44242221E-02
   4.50000048       7.34300315E-02
   4.51000023       5.91851473E-02
   4.52000046       7.04928190E-02
   4.53000021       9.15387347E-02
   4.54000044      0.103457861    
   4.55000019      0.105963022    
   4.56000042       8.70280936E-02
   4.57000017       8.50647613E-02
   4.58000040       7.91824833E-02
   4.59000015       6.11192957E-02
   4.60000038       7.41367787E-02
   4.61000013       8.38388503E-02
   4.62000036       8.26895908E-02
   4.63000011       5.96602932E-02
   4.64000034       5.88991009E-02
   4.65000010       5.64990677E-02
   4.66000032       5.91697358E-02
   4.67000055       6.53538406E-02
   4.68000031       6.43992722E-02
   4.69000053       5.73944412E-02
   4.70000029       6.33440539E-02
   4.71000051       5.29095866E-02
   4.72000027       4.02662046E-02
   4.73000050       5.45774661E-02
   4.74000025       6.14088401E-02
   4.75000048       6.40226454E-02
   4.76000023       6.54973537E-02
   4.77000046       4.56470624E-02
   4.78000021       4.29171324E-02
   4.79000044       4.87386100E-02
   4.80000019       6.99854866E-02
   4.81000042       6.79152161E-02
   4.82000017       6.98890612E-02
   4.83000040       7.29030594E-02
   4.84000015       7.98243061E-02
   4.85000038       7.63988048E-02
   4.86000013       5.71435839E-02
   4.87000036       7.66234547E-02
   4.88000011       8.70889872E-02
   4.89000034       9.31257755E-02
   4.90000057       9.86377671E-02
   4.91000032       7.51825646E-02
   4.92000055       8.57255980E-02
   4.93000031       9.24728438E-02
   4.94000053       8.73544887E-02
   4.95000029       6.62681535E-02
   4.96000051       6.12077154E-02
   4.97000027       6.21519834E-02
   4.98000050       4.38353233E-02
   4.99000025       5.18083535E-02
   5.00000048       5.27700298E-02
   5.01000023       3.67660969E-02
   5.02000046       5.14152795E-02
   5.03000021       5.72047941E-02
   5.04000044       5.62185161E-02
   5.05000019       6.80297986E-02
   5.06000042       7.22898096E-02
   5.07000017       9.07011703E-02
   5.08000040       9.41887200E-02
   5.09000015       8.43927786E-02
   5.10000038       5.70259839E-02
   5.11000013       5.70681840E-02
   5.12000036       6.15162849E-02
   5.13000059       6.12894855E-02
   5.14000034       5.16603813E-02
   5.15000057       6.28307611E-02
   5.16000032       6.11659177E-02
   5.17000055       4.31227051E-02
   5.18000031       5.41690253E-02
   5.19000053       4.16149572E-02
   5.20000029       6.03926331E-02
   5.21000051       7.45175034E-02
   5.22000027       8.15484375E-02
   5.23000050       8.44492838E-02
   5.24000025       8.23351294E-02
   5.25000048       8.72399285E-02
   5.26000023       8.33506063E-02
   5.27000046      0.101482920    
   5.28000021      0.103409551    
   5.29000044       9.47725028E-02
   5.30000019      0.108783729    
   5.31000042       8.99840444E-02
   5.32000017       9.34969187E-02
   5.33000040       8.91248584E-02
   5.34000015       8.20430964E-02
   5.35000038       9.27774832E-02
   5.36000061       7.69978017E-02
   5.37000036       7.29139969E-02
   5.38000059       4.70289849E-02
   5.39000034       7.72634819E-02
   5.40000057       6.21015429E-02
   5.41000032       6.95176423E-02
   5.42000055       7.05962777E-02
   5.43000031       7.53893554E-02
   5.44000053       8.10463727E-02
   5.45000029       5.52906990E-02
   5.46000051       3.95486616E-02
   5.47000027       5.46983704E-02
   5.48000050       5.56141362E-02
   5.49000025       5.98630644E-02
   5.50000048       5.83651066E-02
   5.51000023       5.58581837E-02
   5.52000046       3.84205133E-02
   5.53000021       4.43202406E-02
   5.54000044       5.30328900E-02
   5.55000019       4.88787740E-02
   5.56000042       8.55950415E-02
   5.57000017       9.67306569E-02
   5.58000040       8.07045773E-02
   5.59000063       6.88144043E-02
   5.60000038       7.61632696E-02
   5.61000061       5.03470637E-02
   5.62000036       7.94351846E-02
   5.63000059       9.31087807E-02
   5.64000034       9.13526937E-02
   5.65000057       5.60410060E-02
   5.66000032       7.80040547E-02
   5.67000055       7.06498995E-02
   5.68000031       6.54496923E-02
   5.69000053       6.48625568E-02
   5.70000029       6.12625144E-02
   5.71000051       7.56754577E-02
   5.72000027       8.75758231E-02
   5.73000050       8.07811320E-02
   5.74000025       8.03180858E-02
   5.75000048       7.74195716E-02
   5.76000023       9.72211286E-02
   5.77000046       7.27592632E-02
   5.78000021       7.66064227E-02
   5.79000044       8.05519745E-02
   5.80000019       8.13546479E-02
   5.81000042       9.08580273E-02
   5.82000065       7.28537142E-02
   5.83000040       8.67620036E-02
   5.84000063       8.58939067E-02
   5.85000038       7.55962655E-02
   5.86000061       9.37260836E-02
   5.87000036       8.97960961E-02
   5.88000059      0.104907803    
   5.89000034       7.58702010E-02
   5.90000057       8.69220570E-02
   5.91000032       9.88755971E-02
   5.92000055       7.79111460E-02
   5.93000031       9.83109549E-02
   5.94000053      0.104666539    
   5.95000029       9.30388719E-02
   5.96000051       9.72947627E-02
   5.97000027       9.67360064E-02
   5.98000050      0.111448191    
   5.99000025       9.51768905E-02
   6.00000048      0.123009183    
   6.01000023      0.102000922    
   6.02000046      0.114995867    
   6.03000021      0.135935381    
   6.04000044      0.117949888    
   6.05000019       9.23635513E-02
   6.06000042      0.107771821    
   6.07000065      0.110811621    
   6.08000040       9.98255089E-02
   6.09000063      0.105487794    
   6.10000038      0.110110946    
   6.11000061       9.37608033E-02
   6.12000036      0.105768062    
   6.13000059       9.16119292E-02
   6.14000034       9.88377854E-02
   6.15000057       8.09958875E-02
   6.16000032       8.58639926E-02
   6.17000055       7.96832740E-02
   6.18000031       7.86027238E-02
   6.19000053       9.76515710E-02
   6.20000029       7.64830559E-02
   6.21000051       7.03750327E-02
   6.22000027       8.87972638E-02
   6.23000050       8.33949745E-02
   6.24000025       6.72790557E-02
   6.25000048       6.73964471E-02
   6.26000023       8.80194381E-02
   6.27000046       9.60045531E-02
   6.28000021       8.61041769E-02
   6.29000044       9.35561210E-02
   6.30000067       6.91161528E-02
   6.31000042      0.100431927    
   6.32000065       8.12996626E-02
   6.33000040       7.83639997E-02
   6.34000063       8.04375485E-02
   6.35000038      0.117478676    
   6.36000061      0.103177674    
   6.37000036      0.108537719    
   6.38000059       8.47058371E-02
   6.39000034      0.110410362    
   6.40000057       9.68002751E-02
   6.41000032      0.111875109    
   6.42000055       8.73724893E-02
   6.43000031      0.112145834    
   6.44000053      0.100077994    
   6.45000029      0.111569695    
   6.46000051       9.81496274E-02
   6.47000027      0.103733420    
   6.48000050       9.02235284E-02
   6.49000025      0.113651633    
   6.50000048       7.73741305E-02
   6.51000023       9.27037448E-02
   6.52000046       7.54512548E-02
   6.53000069       9.30283070E-02
   6.54000044       8.76518339E-02
   6.55000067      0.106998973    
   6.56000042       8.20163563E-02
   6.57000065       7.28140175E-02
   6.58000040       6.38321117E-02
   6.59000063       8.19556937E-02
   6.60000038       7.70039037E-02
   6.61000061      0.104677483    
   6.62000036       9.51635092E-02
   6.63000059       9.05553177E-02
   6.64000034       6.00876659E-02
   6.65000057       5.92361577E-02
   6.66000032       5.98382726E-02
   6.67000055       8.25880840E-02
   6.68000031       6.83104917E-02
   6.69000053       8.06765333E-02
   6.70000029       7.90818259E-02
   6.71000051       7.73369744E-02
   6.72000027       5.10079041E-02
   6.73000050       4.65763584E-02
   6.74000025       5.37295379E-02
   6.75000048       8.63384530E-02
   6.76000071      0.102581501    
   6.77000046       7.45072737E-02
   6.78000069       7.83981085E-02
   6.79000044       8.34363028E-02
   6.80000067       9.61597636E-02
   6.81000042       7.85696581E-02
   6.82000065       6.94082156E-02
   6.83000040       9.86132175E-02
   6.84000063       9.63722020E-02
   6.85000038      0.107423209    
   6.86000061       9.49107483E-02
   6.87000036       5.86097129E-02
   6.88000059       9.57942456E-02
   6.89000034       9.17173624E-02
   6.90000057       9.80539769E-02
   6.91000032       7.62291923E-02
   6.92000055       6.15324154E-02
   6.93000031       8.20152834E-02
   6.94000053       6.69810995E-02
   6.95000029       7.93201029E-02
   6.96000051       7.31861070E-02
   6.97000027       7.49495253E-02
   6.98000050       8.97717550E-02
   6.99000072       7.29065388E-02
   7.00000048       7.65561610E-02
   7.01000071       8.42243284E-02
   7.02000046       9.58621055E-02
   7.03000069      0.108646624    
   7.04000044      0.107858770    
   7.05000067      0.100854546    
   7.06000042       8.80651399E-02
   7.07000065       8.07505399E-02
   7.08000040      0.101462536    
   7.09000063      0.109611578    
   7.10000038       9.29197520E-02
   7.11000061       7.05775842E-02
   7.12000036       8.26972872E-02
   7.13000059       7.73954615E-02
   7.14000034       8.17459524E-02
   7.15000057       7.18202293E-02
   7.16000032       8.11011717E-02
   7.17000055       9.36487019E-02
   7.18000031       9.65939462E-02
   7.19000053       6.78649321E-02
   7.20000029       8.05017501E-02
   7.21000051      0.104852170    
   7.22000074      0.123797841    
   7.23000050       9.42648202E-02
   7.24000072      0.101642273    
   7.25000048      0.111211732    
   7.26000071       9.05066207E-02
   7.27000046       9.83874574E-02
   7.28000069      0.104434706    
   7.29000044      0.102427609    
   7.30000067      0.109816045    
   7.31000042       8.90022963E-02
   7.32000065       7.77287409E-02
   7.33000040       6.37513697E-02
   7.34000063       7.82853067E-02
   7.35000038       6.99240491E-02
   7.36000061       4.56992723E-02
   7.37000036       7.75030106E-02
   7.38000059       5.76479584E-02
   7.39000034       4.66222391E-02
   7.40000057       4.85232249E-02
   7.41000032       2.87322234E-02
   7.42000055       4.54686843E-02
   7.43000031       5.26537672E-02
   7.44000053       7.49827549E-02
   7.45000076       6.26927614E-02
   7.46000051       7.08254501E-02
   7.47000074       9.23305526E-02
   7.48000050       9.65980291E-02
   7.49000072       9.43446606E-02
   7.50000048      0.101726763    
   7.51000071      0.113208868    
   7.52000046      0.108674332    
   7.53000069      0.107697204    
   7.54000044       8.98071602E-02
   7.55000067       9.43335593E-02
   7.56000042      0.114577577    
   7.57000065      0.106385492    
   7.58000040       9.77082253E-02
   7.59000063       7.51456767E-02
   7.60000038       7.89429769E-02
   7.61000061       6.83298558E-02
   7.62000036       6.60494491E-02
   7.63000059       8.00722316E-02
   7.64000034       8.58314410E-02
   7.65000057      0.106407002    
   7.66000032       8.66933167E-02
   7.67000055       7.78007433E-02
   7.68000031       8.07548463E-02
   7.69000053       7.75730088E-02
   7.70000076       7.94905499E-02
   7.71000051       9.30596069E-02
   7.72000074       9.50422958E-02
   7.73000050       8.21914971E-02
   7.74000072       7.70122707E-02
   7.75000048       7.91434720E-02
   7.76000071       6.64759949E-02
   7.77000046       5.92454337E-02
   7.78000069       6.92227706E-02
   7.79000044       5.62770031E-02
   7.80000067       5.56443185E-02
   7.81000042       6.37927875E-02
   7.82000065       7.56496266E-02
   7.83000040       5.97024187E-02
   7.84000063       8.25795904E-02
   7.85000038       9.23570395E-02
   7.86000061       7.56978989E-02
   7.87000036       7.41065443E-02
   7.88000059       7.42883161E-02
   7.89000034       6.85262010E-02
   7.90000057       7.63712749E-02
   7.91000032       9.08528790E-02
   7.92000055       7.31517673E-02
   7.93000078       4.78421561E-02
   7.94000053       6.06115088E-02
   7.95000076       5.37205562E-02
   7.96000051       4.46912497E-02
   7.97000074       4.83805425E-02
   7.98000050       4.99020256E-02
   7.99000072       4.67769243E-02
   8.00000095       6.72470257E-02
   8.01000023       5.10315560E-02
   8.02000046       4.88556176E-02
   8.03000069       6.05537072E-02
   8.04000092       7.16743022E-02
   8.05000019       7.48653412E-02
   8.06000042       4.90339957E-02
   8.07000065       6.54978380E-02
   8.08000088       6.49195760E-02
   8.09000015       7.43138865E-02
   8.10000038       7.01284856E-02
   8.11000061       5.48661985E-02
   8.12000084       6.96398541E-02
   8.13000011       9.28790867E-02
   8.14000034       8.63576457E-02
   8.15000057       7.88969621E-02
   8.16000080      0.104813717    
   8.17000103      0.124879032    
   8.18000031      0.112386793    
   8.19000053      0.117857434    
   8.20000076      0.104347378    
   8.21000099      0.117282033    
   8.22000027      0.107808709    
   8.23000050      0.118806094    
   8.24000072       8.60210061E-02
   8.25000095       9.03742239E-02
   8.26000023       8.12491328E-02
   8.27000046       7.39277825E-02
   8.28000069       7.04543665E-02
   8.29000092       8.09848458E-02
   8.30000019       5.85227981E-02
   8.31000042       7.14570135E-02
   8.32000065       6.60837367E-02
   8.33000088       8.81169066E-02
   8.34000015       7.59640783E-02
   8.35000038       7.78812841E-02
   8.36000061       8.00967887E-02
   8.37000084      0.104474001    
   8.38000107       8.55503753E-02
   8.39000034       8.66343006E-02
   8.40000057       7.25143254E-02
   8.41000080       9.50808078E-02
   8.42000103       9.19518545E-02
   8.43000031       9.38647687E-02
   8.44000053       9.43053737E-02
   8.45000076       9.24200788E-02
   8.46000099       8.69658887E-02
   8.47000027       9.04308930E-02
   8.48000050       6.98866621E-02
   8.49000072       7.39186183E-02
   8.50000095       7.22572356E-02
   8.51000023       7.39579201E-02
   8.52000046       6.76903650E-02
   8.53000069       6.17277361E-02
   8.54000092       5.44826053E-02
   8.55000019       2.50653792E-02
   8.56000042       3.25285457E-02
   8.57000065       3.41007337E-02
   8.58000088       4.28557545E-02
   8.59000015       3.79449241E-02
   8.60000038       1.92077998E-02
   8.61000061       2.17036288E-02
   8.62000084       3.86374742E-02
   8.63000107       1.79088805E-02
   8.64000034       1.93562675E-02
   8.65000057       4.29766066E-02
   8.66000080       6.73394725E-02
   8.67000103       7.28423297E-02
   8.68000031       4.86254580E-02
   8.69000053       4.27843072E-02
   8.70000076       5.85403293E-02
   8.71000099       8.48736838E-02
   8.72000027       8.19540396E-02
   8.73000050       7.46965483E-02
   8.74000072       9.39990208E-02
   8.75000095      0.105549149    
   8.76000023       9.23079327E-02
   8.77000046       6.93444535E-02
   8.78000069       8.91330540E-02
   8.79000092      0.105057843    
   8.80000019       9.16449800E-02
   8.81000042       9.45627913E-02
   8.82000065       7.87317455E-02
   8.83000088       6.40054271E-02
   8.84000015       5.87423109E-02
   8.85000038       7.37906620E-02
   8.86000061       3.55912298E-02
   8.87000084       5.03148399E-02
   8.88000107       6.31949976E-02
   8.89000034       5.20558022E-02
   8.90000057       4.66215275E-02
   8.91000080       5.94783314E-02
   8.92000103       6.44284785E-02
   8.93000031       8.16924050E-02
   8.94000053      0.103349447    
   8.95000076      0.115976639    
   8.96000099      0.120879292    
   8.97000027      0.145193994    
   8.98000050      0.129536688    
   8.99000072      0.116125368    
   9.00000095       9.40965116E-02
   9.01000023      0.115694337    
   9.02000046      0.131707653    
   9.03000069      0.108841330    
   9.04000092       9.21611786E-02
   9.05000019       7.53915086E-02
   9.06000042       7.10053146E-02
   9.07000065       4.34397459E-02
   9.08000088       6.35117590E-02
   9.09000111       4.22513150E-02
   9.10000038       3.67780067E-02
   9.11000061       5.28331771E-02
   9.12000084       4.27003838E-02
   9.13000107       3.01332884E-02
   9.14000034       2.62121633E-02
   9.15000057       3.92514952E-02
   9.16000080       4.10360843E-02
   9.17000103       5.27196676E-02
   9.18000031       4.09491025E-02
   9.19000053       1.83826108E-02
   9.20000076       6.02156259E-02
   9.21000099       7.10339844E-02
   9.22000027       7.22906590E-02
   9.23000050       8.92790183E-02
   9.24000072       7.53447860E-02
   9.25000095       9.05831754E-02
   9.26000023       6.57449663E-02
   9.27000046       8.14673975E-02
   9.28000069       7.91067407E-02
   9.29000092       9.60617512E-02
   9.30000019       9.79356468E-02
   9.31000042       8.61226022E-02
   9.32000065       8.72952342E-02
   9.33000088       7.14296028E-02
   9.34000111       5.38815260E-02
   9.35000038       6.48688823E-02
   9.36000061       7.78069198E-02
   9.37000084       9.08076242E-02
   9.38000107       7.35220686E-02
   9.39000034       5.78029975E-02
   9.40000057       6.96702674E-02
   9.41000080       7.30857477E-02
   9.42000103       5.51982671E-02
   9.43000031       4.96214181E-02
   9.44000053       4.35943529E-02
   9.45000076       5.43344133E-02
   9.46000099       5.04558198E-02
   9.47000027       3.57104912E-02
   9.48000050       4.06655036E-02
   9.49000072       4.76183668E-02
   9.50000095       4.40705568E-02
   9.51000023       2.81258207E-02
   9.52000046       4.05334942E-02
   9.53000069       5.93129769E-02
   9.54000092       6.19850904E-02
   9.55000114       8.15261453E-02
   9.56000042       6.23913072E-02
   9.57000065       5.93840331E-02
   9.58000088       5.31067513E-02
   9.59000111       5.07151484E-02
   9.60000038       3.84988226E-02
   9.61000061       5.01909032E-02
   9.62000084       5.23028523E-02
   9.63000107       5.25071658E-02
   9.64000034       4.42314856E-02
   9.65000057       2.85108406E-02
   9.66000080       4.30832356E-02
   9.67000103       5.87773174E-02
   9.68000031       5.05014397E-02
   9.69000053       6.87852427E-02
   9.70000076       7.40672350E-02
   9.71000099       9.94775593E-02
   9.72000027      0.107551068    
   9.73000050      0.111257985    
   9.74000072      0.100027800    
   9.75000095       9.40965191E-02
   9.76000023       9.70739797E-02
   9.77000046       7.57934004E-02
   9.78000069       7.70341456E-02
   9.79000092      0.111247711    
   9.80000114      0.101649053    
   9.81000042       7.73724839E-02
   9.82000065       7.94945210E-02
   9.83000088       5.09699807E-02
   9.84000111       5.31911962E-02
   9.85000038       4.26963456E-02
   9.86000061       4.48755398E-02
   9.87000084       6.46103099E-02
   9.88000107       6.58641085E-02
   9.89000034       7.63802230E-02
   9.90000057       5.73739260E-02
   9.91000080       5.05223759E-02
   9.92000103       6.04485385E-02
   9.93000031       4.22688760E-02
   9.94000053       8.15401599E-02
   9.95000076       8.59876946E-02
   9.96000099       8.81414413E-02
   9.97000027       9.23521593E-02
   9.98000050       8.21447223E-02
   9.99000072       8.62086564E-02
   10.0000010       8.20363238E-02
   10.0100012       7.49564320E-02
   10.0200005       8.37014839E-02
   10.0300007       8.60654116E-02
   10.0400009       8.90550688E-02
   10.0500011       8.60096663E-02
   10.0600004       8.77540037E-02
   10.0700006       9.25603360E-02
   10.0800009       8.16224515E-02
   10.0900011       9.02596489E-02
   10.1000004       8.27583373E-02
   10.1100006       6.36061430E-02
   10.1200008       5.23403063E-02
   10.1300011       4.33406755E-02
   10.1400003       5.48379570E-02
   10.1500006       4.55732681E-02
   10.1600008       2.60814410E-02
   10.1700010       3.31275202E-02
   10.1800003       2.44671106E-02
   10.1900005       2.32208092E-02
   10.2000008      -3.47683369E-03
   10.2100010       9.58243851E-03
   10.2200003       1.27829602E-02
   10.2300005       3.95490080E-02
   10.2400007       4.72661257E-02
   10.2500010       2.84131523E-02
   10.2600012       3.91622521E-02
   10.2700005       3.12926359E-02
   10.2800007       1.27059827E-02
   10.2900009       3.15123461E-02
   10.3000011       9.92966816E-03
   10.3100004       4.38151732E-02
   10.3200006       3.25059555E-02
   10.3300009       3.70143056E-02
   10.3400011       3.21564614E-03
   10.3500004       6.36703055E-03
   10.3600006       2.17591524E-02
   10.3700008       2.86224969E-02
   10.3800011       2.80184150E-02
   10.3900003       2.49478202E-02
   10.4000006       1.64120421E-02
   10.4100008       5.42980544E-02
   10.4200010       4.76307310E-02
   10.4300003       7.34879300E-02
   10.4400005       6.76930323E-02
   10.4500008       8.49957541E-02
   10.4600010       7.86250904E-02
   10.4700003       8.58132318E-02
   10.4800005       7.13059455E-02
   10.4900007       7.52913430E-02
   10.5000010       7.19397739E-02
   10.5100012       6.67698905E-02
   10.5200005       7.69911036E-02
   10.5300007       6.07118011E-02
   10.5400009       3.77382934E-02
   10.5500011       4.78123389E-02
   10.5600004       4.88663912E-02
   10.5700006       4.31904458E-02
   10.5800009       2.96325460E-02
   10.5900011       3.14917006E-02
   10.6000004       6.28817752E-02
   10.6100006       6.70810938E-02
   10.6200008       6.92151189E-02
   10.6300011       5.52522987E-02
   10.6400003       6.07010238E-02
   10.6500006       5.54892384E-02
   10.6600008       4.38546129E-02
   10.6700010       4.10940796E-02
   10.6800003       5.34343086E-02
   10.6900005       6.34965748E-02
   10.7000008       7.97380507E-02
   10.7100010       3.19666155E-02
   10.7200012       4.26999778E-02
   10.7300005       7.60160908E-02
   10.7400007       5.89256324E-02
   10.7500010       6.23530149E-02
   10.7600012       6.28322065E-02
   10.7700005       7.52853230E-02
   10.7800007       6.44714311E-02
   10.7900009       6.56545237E-02
   10.8000011       6.70887679E-02
   10.8100004       6.40126839E-02
   10.8200006       7.03777149E-02
   10.8300009       6.07500710E-02
   10.8400011       3.35949399E-02
   10.8500004       4.48051132E-02
   10.8600006       5.41951880E-02
   10.8700008       5.94821833E-02
   10.8800011       5.87059520E-02
   10.8900003       7.36297071E-02
   10.9000006       6.47799447E-02
   10.9100008       6.93147033E-02
   10.9200010       7.31785521E-02
   10.9300003       8.14545080E-02
   10.9400005       7.51070082E-02
   10.9500008       7.45613649E-02
   10.9600010       7.74584338E-02
   10.9700012       5.48949391E-02
   10.9800005       3.00782342E-02
   10.9900007       3.96665409E-02
   11.0000010       4.05807830E-02
   11.0100012       2.42063086E-02
   11.0200005       1.36572460E-03
   11.0300007       1.55225943E-03
   11.0400009       4.70053265E-03
   11.0500011       2.13275123E-02
   11.0600004       1.85416956E-02
   11.0700006       2.93126814E-02
   11.0800009       4.63600382E-02
   11.0900011       6.73987567E-02
   11.1000004       4.70294617E-02
   11.1100006       4.57271822E-02
   11.1200008       5.42771369E-02
   11.1300011       7.37338364E-02
   11.1400003       6.35893047E-02
   11.1500006       6.34421185E-02
   11.1600008       5.39115816E-02
   11.1700010       6.75143301E-02
   11.1800013       5.30498289E-02
   11.1900005       4.34086993E-02
   11.2000008       3.14943455E-02
   11.2100010       5.47776558E-02
   11.2200012       5.29890619E-02
   11.2300005       7.40131736E-02
   11.2400007       7.50979781E-02
   11.2500010       7.37981424E-02
   11.2600012       7.06859306E-02
   11.2700005       4.90550026E-02
   11.2800007       3.35499495E-02
   11.2900009       4.22618352E-02
   11.3000011       4.38177735E-02
   11.3100004       6.73412532E-02
   11.3200006       6.36930242E-02
   11.3300009       6.85184002E-02
   11.3400011       5.90420514E-02
   11.3500004       4.08198349E-02
   11.3600006       4.66304570E-02
   11.3700008       3.95163447E-02
   11.3800011       5.56730889E-02
   11.3900003       6.54384568E-02
   11.4000006       6.65027797E-02
   11.4100008       6.97213486E-02
   11.4200010       4.34934460E-02
   11.4300013       1.81436595E-02
   11.4400005       1.65806897E-02
   11.4500008       2.19965298E-02
   11.4600010       6.39232472E-02
   11.4700012       5.19102700E-02
   11.4800005       6.21395260E-02
   11.4900007       8.10562670E-02
   11.5000010       6.90552667E-02
   11.5100012       5.18532433E-02
   11.5200005       6.76011443E-02
   11.5300007       6.91346452E-02
   11.5400009       8.00757632E-02
   11.5500011       8.88407454E-02
   11.5600004       7.12767467E-02
   11.5700006       3.87141816E-02
   11.5800009       5.14545552E-02
   11.5900011       5.20080775E-02
   11.6000004       5.26949055E-02
   11.6100006       4.58364151E-02
   11.6200008       6.28750175E-02
   11.6300011       4.73956801E-02
   11.6400013       5.30193299E-02
   11.6500006       6.52044490E-02
   11.6600008       4.53092419E-02
   11.6700010       5.26201576E-02
   11.6800013       5.34199327E-02
   11.6900005       6.14669770E-02
   11.7000008       6.39547780E-02
   11.7100010       5.19276299E-02
   11.7200012       5.64309731E-02
   11.7300005       5.73092438E-02
   11.7400007       6.57672212E-02
   11.7500010       5.87473251E-02
   11.7600012       5.31323403E-02
   11.7700005       7.38410950E-02
   11.7800007       6.97189420E-02
   11.7900009       7.66049623E-02
   11.8000011       6.20380305E-02
   11.8100004       4.41656783E-02
   11.8200006       4.35002446E-02
   11.8300009       3.42299975E-02
   11.8400011       2.12193653E-02
   11.8500004       1.54883871E-02
   11.8600006       3.78846526E-02
   11.8700008       4.16713692E-02
   11.8800011       4.11136113E-02
   11.8900013       5.03867827E-02
   11.9000006       6.36085495E-02
   11.9100008       6.63700104E-02
   11.9200010       7.90688470E-02
   11.9300013      0.100105494    
   11.9400005      0.109115385    
   11.9500008      0.106634289    
   11.9600010      0.110159971    
   11.9700012       8.55463073E-02
   11.9800005       8.12413022E-02
   11.9900007       8.06681290E-02
   12.0000010       7.94911161E-02
   12.0100012       7.46303722E-02
   12.0200005       7.22263455E-02
   12.0300007       5.72848208E-02
   12.0400009       4.58729640E-02
   12.0500011       5.83912134E-02
   12.0600004       6.88871518E-02
   12.0700006       5.76900356E-02
   12.0800009       6.58413246E-02
   12.0900011       6.16676807E-02
   12.1000004       5.98176084E-02
   12.1100006       7.12320134E-02
   12.1200008       5.05603887E-02
   12.1300011       4.47979830E-02
   12.1400013       7.53116086E-02
   12.1500006       6.58619329E-02
   12.1600008       5.15439846E-02
   12.1700010       6.61532581E-02
   12.1800013       7.65487626E-02
   12.1900005      0.105338499    
   12.2000008       9.64488015E-02
   12.2100010       8.40603560E-02
   12.2200012       5.91799058E-02
   12.2300005       6.99708909E-02
   12.2400007       8.63809809E-02
   12.2500010       7.17491657E-02
   12.2600012       6.89793304E-02
   12.2700005       7.33246729E-02
   12.2800007       4.70593683E-02
   12.2900009       6.73150718E-02
   12.3000011       3.19840163E-02
   12.3100004       6.48123026E-02
   12.3200006       7.46377632E-02
   12.3300009       8.87851119E-02
   12.3400011       8.29802677E-02
   12.3500013       5.92332706E-02
   12.3600006       7.83428550E-02
   12.3700008      0.113881610    
   12.3800011      0.110246904    
   12.3900013      0.107830256    
   12.4000006       9.22321603E-02
   12.4100008      0.115990728    
   12.4200010      0.100881808    
   12.4300013      0.112310879    
   12.4400005      0.118437998    
   12.4500008       9.55710188E-02
   12.4600010      0.102312423    
   12.4700012       8.91686007E-02
   12.4800005       6.21551722E-02
   12.4900007       6.71698451E-02
   12.5000010       7.07930848E-02
   12.5100012       5.97889684E-02
   12.5200005       4.98825945E-02
   12.5300007       4.81983051E-02
   12.5400009       4.31368388E-02
   12.5500011       3.01859789E-02
   12.5600004       7.94972107E-02
   12.5700006       9.31452587E-02
   12.5800009       7.63859823E-02
   12.5900011       6.98125958E-02
   12.6000013       6.44738153E-02
   12.6100006       7.92628825E-02
   12.6200008       8.49420503E-02
   12.6300011       8.31211358E-02
   12.6400013       9.00515988E-02
   12.6500006       7.42621124E-02
   12.6600008       9.35050026E-02
   12.6700010       6.30049556E-02
   12.6800013       3.89460810E-02
   12.6900005       5.33075444E-02
   12.7000008       6.29168674E-02
   12.7100010       5.33146635E-02
   12.7200012       5.21262325E-02
   12.7300005       4.12540399E-02
   12.7400007       3.77302729E-02
   12.7500010       2.37027090E-02
   12.7600012       4.26703840E-02
   12.7700005       6.26044534E-03
   12.7800007       2.89367717E-02
   12.7900009       2.48737931E-02
   12.8000011       2.19584256E-02
   12.8100014       4.69404133E-03
   12.8200006       3.44968699E-02
   12.8300009       1.74245015E-02
   12.8400011       4.32447530E-02
   12.8500013       5.55036440E-02
   12.8600006       5.75134866E-02
   12.8700008       3.09378318E-02
   12.8800011       6.00319840E-02
   12.8900013       3.54692377E-02
   12.9000006       6.35693967E-02
   12.9100008       7.18101561E-02
   12.9200010       9.90584195E-02
   12.9300013       9.42655131E-02
   12.9400005      0.109413914    
   12.9500008       8.09020922E-02
   12.9600010       7.62721002E-02
   12.9700012       7.52257109E-02
   12.9800005       7.45076686E-02
   12.9900007       8.40437487E-02
   13.0000010       7.26597384E-02
   13.0100012       6.97046518E-02
   13.0200005       6.07827418E-02
   13.0300007       3.22580300E-02
   13.0400009       2.81719454E-02
   13.0500011       3.80656235E-02
   13.0600014       5.63355945E-02
   13.0700006       6.27786219E-02
   13.0800009       4.15290147E-02
   13.0900011       3.29968706E-02
   13.1000013       4.91967797E-02
   13.1100006       7.44901374E-02
   13.1200008       5.63688986E-02
   13.1300011       4.91909385E-02
   13.1400013       5.05565368E-02
   13.1500006       7.25376979E-02
   13.1600008       4.39779796E-02
   13.1700010       5.46657890E-02
   13.1800013       4.40669023E-02
   13.1900005       7.65916258E-02
   13.2000008      0.105905347    
   13.2100010       6.62443340E-02
   13.2200012       6.23629838E-02
   13.2300005       6.16172925E-02
   13.2400007       7.45596439E-02
   13.2500010       8.48335698E-02
   13.2600012       6.46333173E-02
   13.2700014       8.99548456E-02
   13.2800007       5.20267151E-02
   13.2900009       5.41555844E-02
   13.3000011       5.53101525E-02
   13.3100014       6.83041885E-02
   13.3200006       7.45010450E-02
   13.3300009       7.46769980E-02
   13.3400011       9.21742916E-02
   13.3500013       9.50506404E-02
   13.3600006       8.97473469E-02
   13.3700008       7.09775761E-02
   13.3800011       5.67733794E-02
   13.3900013       8.63734186E-02
   13.4000006       8.88760015E-02
   13.4100008       8.91613886E-02
   13.4200010       6.71256483E-02
   13.4300013       8.78011063E-02
   13.4400005       9.71051678E-02
   13.4500008       8.35224837E-02
   13.4600010       7.24658817E-02
   13.4700012       5.44578284E-02
   13.4800005       8.55320096E-02
   13.4900007       8.55525285E-02
   13.5000010       7.68788308E-02
   13.5100012       9.45284143E-02
   13.5200014       8.46643224E-02
   13.5300007       9.57903638E-02
   13.5400009       7.33235031E-02
   13.5500011       5.38733117E-02
   13.5600014       5.34534417E-02
   13.5700006       4.72901352E-02
   13.5800009       7.74487704E-02
   13.5900011       6.75798878E-02
   13.6000013       7.16536567E-02
   13.6100006       5.01899384E-02
   13.6200008       3.46792489E-02
   13.6300011       2.72907149E-02
   13.6400013       3.19030397E-02
   13.6500006       2.97035798E-02
   13.6600008       1.58672538E-02
   13.6700010       3.52908410E-02
   13.6800013       6.45867288E-02
   13.6900005       5.05863428E-02
   13.7000008       4.57543284E-02
   13.7100010       1.95176955E-02
   13.7200012       3.38359885E-02
   13.7300005       3.90994214E-02
   13.7400007       4.32433262E-02
   13.7500010       2.40735989E-02
   13.7600012       2.59532649E-02
   13.7700014       4.46162596E-02
   13.7800007       4.48410474E-02
   13.7900009       1.89470369E-02
   13.8000011       2.63331253E-02
   13.8100014       3.61582153E-02
   13.8200006       5.70953600E-02
   13.8300009       7.71035627E-02
   13.8400011       8.02886710E-02
   13.8500013       7.54957423E-02
   13.8600006       8.03367868E-02
   13.8700008       8.91215950E-02
   13.8800011       9.50903371E-02
   13.8900013       8.38904455E-02
   13.9000006       7.96311051E-02
   13.9100008       7.15549961E-02
   13.9200010       5.71177341E-02
   13.9300013       8.44100267E-02
   13.9400005       6.16738237E-02
   13.9500008       3.85821909E-02
   13.9600010       4.18749712E-02
   13.9700012       3.29911783E-02
   13.9800014       4.17681448E-02
   13.9900007       4.53001410E-02
   14.0000010       3.50169092E-02
   14.0100012       5.95926791E-02
   14.0200014       8.55997279E-02
   14.0300007       9.93823931E-02
   14.0400009       7.94588402E-02
   14.0500011       9.37875509E-02
   14.0600014      0.104785770    
   14.0700006      0.111904912    
   14.0800009      0.123933382    
   14.0900011      0.124257043    
   14.1000013      0.102881879    
   14.1100006      0.123395354    
   14.1200008      0.101702601    
   14.1300011       7.76743367E-02
   14.1400013       6.09744675E-02
   14.1500006       7.78376982E-02
   14.1600008       7.45909512E-02
   14.1700010       6.78565428E-02
   14.1800013       5.29475920E-02
   14.1900005       5.44381775E-02
   14.2000008       3.89381051E-02
   14.2100010       6.88179731E-02
   14.2200012       7.00821131E-02
   14.2300014       7.17798024E-02
   14.2400007       7.00529888E-02
   14.2500010       8.74368623E-02
   14.2600012       5.20722978E-02
   14.2700014       4.48662341E-02
   14.2800007       6.58001825E-02
   14.2900009       8.63346756E-02
   14.3000011       7.94747323E-02
   14.3100014       5.17877974E-02
   14.3200006       2.23599095E-02
   14.3300009       2.57869009E-02
   14.3400011       1.16727259E-02
   14.3500013       1.19989691E-02
   14.3600006       3.50824883E-03
   14.3700008       2.17358600E-02
   14.3800011       2.63283830E-02
   14.3900013      -4.24539857E-03
   14.4000006      -8.22043698E-03
   14.4100008       6.44329982E-03
   14.4200010       2.99169049E-02
   14.4300013       3.94801944E-02
   14.4400015       3.83736454E-02
   14.4500008       4.99684438E-02
   14.4600010       5.06683215E-02
   14.4700012       5.52020520E-02
   14.4800014       6.58394098E-02
   14.4900007       5.43023013E-02
   14.5000010       6.82592317E-02
   14.5100012       5.39347790E-02
   14.5200014       3.41957174E-02
   14.5300007       4.87610810E-02
   14.5400009       4.84680980E-02
   14.5500011       4.25509810E-02
   14.5600014       5.38845174E-02
   14.5700006       6.38115108E-02
   14.5800009       6.96368515E-02
   14.5900011       4.19330485E-02
   14.6000013       3.10315322E-02
   14.6100006       2.66580060E-02
   14.6200008       4.44246866E-02
   14.6300011       7.52176121E-02
   14.6400013       7.73387998E-02
   14.6500006       6.28409162E-02
   14.6600008       7.87554681E-02
   14.6700010       6.80667758E-02
   14.6800013       5.13635874E-02
   14.6900015       4.72715758E-02
   14.7000008       4.29151021E-02
   14.7100010       7.31105357E-02
   14.7200012       8.63421634E-02
   14.7300014       5.78347109E-02
   14.7400007       4.31946889E-02
   14.7500010       4.35022488E-02
   14.7600012       4.13577184E-02
   14.7700014       1.70586184E-02
   14.7800007       2.04646904E-02
   14.7900009       2.49160770E-02
   14.8000011       1.14243440E-02
   14.8100014       5.88725060E-02
   14.8200006       5.75639382E-02
   14.8300009       5.16463034E-02
   14.8400011       6.37485981E-02
   14.8500013       4.92533222E-02
   14.8600006       4.41295318E-02
   14.8700008       3.95541154E-02
   14.8800011       6.41764998E-02
   14.8900013       5.63856401E-02
   14.9000015       9.59173962E-02
   14.9100008      0.109329991    
   14.9200010       7.07001463E-02
   14.9300013       8.74731988E-02
   14.9400015       9.07784030E-02
   14.9500008       8.99525210E-02
   14.9600010       9.54463556E-02
   14.9700012       8.85062590E-02
   14.9800014      0.121566102    
   14.9900007      0.100985527    
   15.0000010      0.116442591    
   15.0100012       7.51883835E-02
   15.0200014       6.43050149E-02
   15.0300007       6.69982135E-02
   15.0400009       5.54953106E-02
   15.0500011       4.64254655E-02
   15.0600014       6.98509142E-02
   15.0700006       7.27529675E-02
   15.0800009       8.05387571E-02
   15.0900011       6.37744144E-02
   15.1000013       6.87898546E-02
   15.1100006       5.91831319E-02
   15.1200008       4.71974723E-02
   15.1300011       5.92265241E-02
   15.1400013       9.16738734E-02
   15.1500015       9.32529196E-02
   15.1600008       9.07919109E-02
   15.1700010       6.64288849E-02
   15.1800013       8.48195031E-02
   15.1900015       8.63113254E-02
   15.2000008      0.104610130    
   15.2100010      0.104011700    
   15.2200012      0.115301728    
   15.2300014      0.149728909    
   15.2400007      0.127856985    
   15.2500010      0.122232869    
   15.2600012      0.123041824    
   15.2700014      0.109467842    
   15.2800007      0.139485180    
   15.2900009      0.113716483    
   15.3000011      0.109744757    
   15.3100014       9.73413736E-02
   15.3200006      0.108685635    
   15.3300009       9.82330739E-02
   15.3400011       9.86633599E-02
   15.3500013      0.111032344    
   15.3600006      0.103413612    
   15.3700008      0.106854700    
   15.3800011      0.130311653    
   15.3900013       7.40882456E-02
   15.4000015       6.66511953E-02
   15.4100008       8.03636611E-02
   15.4200010       9.27026570E-02
   15.4300013       8.40156376E-02
   15.4400015      0.101582743    
   15.4500008       8.83974284E-02
   15.4600010       8.46193582E-02
   15.4700012       6.55800924E-02
   15.4800014       6.65334612E-02
   15.4900007       6.54049218E-02
   15.5000010       9.75929797E-02
   15.5100012       8.53290558E-02
   15.5200014       7.42524788E-02
   15.5300007       6.75000623E-02
   15.5400009       5.16466461E-02
   15.5500011       3.54506373E-02
   15.5600014       5.40703796E-02
   15.5700006       5.14583625E-02
   15.5800009       6.58869222E-02
   15.5900011       3.96473967E-02
   15.6000013       4.98383008E-02
   15.6100016       4.26082052E-02
   15.6200008       7.17801005E-02
   15.6300011       8.76326784E-02
   15.6400013       8.83434117E-02
   15.6500015      0.111269161    
   15.6600008      0.106701046    
   15.6700010       7.03150108E-02
   15.6800013       7.82309100E-02
   15.6900015       9.20105875E-02
   15.7000008      0.113318399    
   15.7100010      0.117035076    
   15.7200012      0.117384434    
   15.7300014      0.101169251    
   15.7400007       7.92943761E-02
   15.7500010       7.01447874E-02
   15.7600012       5.60068227E-02
   15.7700014       7.25088343E-02
   15.7800007       8.49964246E-02
   15.7900009       9.42826271E-02
   15.8000011       8.73281956E-02
   15.8100014       6.14758357E-02
   15.8200006       3.27980481E-02
   15.8300009       3.50879170E-02
   15.8400011       6.13517649E-02
   15.8500013       4.94077206E-02
   15.8600016       6.25134334E-02
   15.8700008       7.72087872E-02
   15.8800011       8.34163725E-02
   15.8900013       9.90184471E-02
   15.9000015       7.89942071E-02
   15.9100008       5.79416603E-02
   15.9200010       6.94823489E-02
   15.9300013      0.103741638    
   15.9400015      0.108131714    
   15.9500008       9.47651863E-02
   15.9600010      0.117386989    
   15.9700012      0.102369957    
   15.9800014       4.15911339E-02
   15.9900007       1.91507060E-02
