   0.00000000      -3.03066111    
   1.00000007E-02  -2.81627178    
   2.00000014E-02  -2.63405800    
   3.00000012E-02  -2.47548795    
   4.00000028E-02  -2.33395791    
   5.00000045E-02  -2.20670199    
   6.00000024E-02  -2.09156513    
   7.00000077E-02  -2.03414035    
   8.00000057E-02  -1.99806023    
   9.00000036E-02  -1.97182965    
  0.100000009      -1.94870067    
  0.110000007      -1.92766893    
  0.120000005      -1.90729010    
  0.130000010      -1.88898623    
  0.140000015      -1.87250435    
  0.150000006      -1.85906124    
  0.160000011      -1.84737170    
  0.170000017      -1.83654356    
  0.180000007      -1.82630062    
  0.190000013      -1.81693912    
  0.200000018      -1.80811179    
  0.210000008      -1.79990792    
  0.220000014      -1.79161096    
  0.230000019      -1.78386724    
  0.240000010      -1.77670741    
  0.250000030      -1.76970315    
  0.260000020      -1.76245344    
  0.270000011      -1.75538957    
  0.280000031      -1.74894476    
  0.290000021      -1.74338651    
  0.300000012      -1.73774326    
  0.310000032      -1.73233378    
  0.320000023      -1.72711921    
  0.330000013      -1.72227800    
  0.340000033      -1.71745503    
  0.350000024      -1.71259952    
  0.360000014      -1.70826793    
  0.370000035      -1.70380461    
  0.380000025      -1.69940090    
  0.390000015      -1.69483411    
  0.400000036      -1.68998539    
  0.410000026      -1.68540239    
  0.420000017      -1.68076003    
  0.430000037      -1.67639172    
  0.440000027      -1.67189598    
  0.450000018      -1.66760540    
  0.460000038      -1.66332316    
  0.470000029      -1.65871620    
  0.480000019      -1.65437734    
  0.490000039      -1.65041661    
  0.500000060      -1.64680254    
  0.510000050      -1.64338350    
  0.520000041      -1.63996136    
  0.530000031      -1.63641548    
  0.540000021      -1.63273191    
  0.550000012      -1.62923014    
  0.560000062      -1.62583172    
  0.570000052      -1.62255025    
  0.580000043      -1.61962426    
  0.590000033      -1.61652684    
  0.600000024      -1.61317253    
  0.610000014      -1.60987854    
  0.620000064      -1.60698402    
  0.630000055      -1.60425878    
  0.640000045      -1.60157371    
  0.650000036      -1.59885156    
  0.660000026      -1.59656286    
  0.670000076      -1.59433866    
  0.680000067      -1.59224892    
  0.690000057      -1.58988667    
  0.700000048      -1.58768868    
  0.710000038      -1.58575153    
  0.720000029      -1.58400369    
  0.730000079      -1.58174765    
  0.740000069      -1.57950437    
  0.750000060      -1.57721269    
  0.760000050      -1.57504904    
  0.770000041      -1.57262790    
  0.780000031      -1.57025576    
  0.790000081      -1.56788683    
  0.800000072      -1.56578970    
  0.810000062      -1.56355965    
  0.820000052      -1.56106412    
  0.830000043      -1.55836999    
  0.840000033      -1.55593753    
  0.850000083      -1.55351329    
  0.860000074      -1.55133855    
  0.870000064      -1.54927981    
  0.880000055      -1.54711449    
  0.890000045      -1.54478025    
  0.900000036      -1.54231691    
  0.910000086      -1.53979349    
  0.920000076      -1.53787911    
  0.930000067      -1.53624380    
  0.940000057      -1.53454137    
  0.950000048      -1.53267932    
  0.960000038      -1.53096461    
  0.970000088      -1.52917826    
  0.980000079      -1.52735972    
  0.990000069      -1.52566290    
   1.00000012      -1.52401018    
   1.01000011      -1.52233326    
   1.02000010      -1.52067161    
   1.03000009      -1.51862681    
   1.04000008      -1.51661849    
   1.05000007      -1.51455903    
   1.06000006      -1.51256359    
   1.07000005      -1.51025903    
   1.08000004      -1.50832605    
   1.09000003      -1.50645232    
   1.10000002      -1.50449419    
   1.11000013      -1.50261390    
   1.12000012      -1.50096297    
   1.13000011      -1.49935555    
   1.14000010      -1.49787712    
   1.15000010      -1.49616230    
   1.16000009      -1.49460483    
   1.17000008      -1.49294341    
   1.18000007      -1.49148512    
   1.19000006      -1.48979747    
   1.20000005      -1.48827672    
   1.21000004      -1.48677480    
   1.22000003      -1.48541963    
   1.23000014      -1.48414981    
   1.24000013      -1.48276246    
   1.25000012      -1.48099959    
   1.26000011      -1.47942996    
   1.27000010      -1.47801161    
   1.28000009      -1.47689259    
   1.29000008      -1.47581089    
   1.30000007      -1.47449052    
   1.31000006      -1.47303605    
   1.32000005      -1.47164679    
   1.33000004      -1.47010005    
   1.34000015      -1.46818161    
   1.35000014      -1.46619880    
   1.36000013      -1.46470022    
   1.37000012      -1.46337473    
   1.38000011      -1.46195793    
   1.39000010      -1.46050954    
   1.40000010      -1.45905697    
   1.41000009      -1.45782650    
   1.42000008      -1.45640230    
   1.43000007      -1.45512617    
   1.44000006      -1.45370233    
   1.45000005      -1.45268846    
   1.46000016      -1.45211649    
   1.47000015      -1.45116162    
   1.48000014      -1.45017517    
   1.49000013      -1.44890785    
   1.50000012      -1.44746125    
   1.51000011      -1.44601977    
   1.52000010      -1.44469404    
   1.53000009      -1.44356120    
   1.54000008      -1.44234145    
   1.55000007      -1.44115770    
   1.56000006      -1.43974519    
   1.57000005      -1.43807781    
   1.58000016      -1.43634641    
   1.59000015      -1.43453050    
   1.60000014      -1.43294811    
   1.61000013      -1.43135226    
   1.62000012      -1.42964327    
   1.63000011      -1.42774546    
   1.64000010      -1.42579532    
   1.65000010      -1.42380631    
   1.66000009      -1.42205453    
   1.67000008      -1.42030811    
   1.68000007      -1.41847241    
   1.69000018      -1.41702962    
   1.70000017      -1.41589475    
   1.71000016      -1.41485953    
   1.72000015      -1.41405797    
   1.73000014      -1.41311061    
   1.74000013      -1.41225314    
   1.75000012      -1.41142678    
   1.76000011      -1.41084754    
   1.77000010      -1.41043949    
   1.78000009      -1.40995812    
   1.79000008      -1.40956533    
   1.80000007      -1.40918136    
   1.81000018      -1.40855122    
   1.82000017      -1.40796638    
   1.83000016      -1.40716946    
   1.84000015      -1.40655088    
   1.85000014      -1.40591383    
   1.86000013      -1.40518188    
   1.87000012      -1.40429282    
   1.88000011      -1.40336907    
   1.89000010      -1.40257907    
   1.90000010      -1.40169823    
   1.91000009      -1.40068293    
   1.92000008      -1.39939404    
   1.93000019      -1.39787292    
   1.94000018      -1.39657187    
   1.95000017      -1.39549911    
   1.96000016      -1.39422500    
   1.97000015      -1.39288342    
   1.98000014      -1.39158285    
   1.99000013      -1.39020324    
   2.00000024      -1.38873947    
   2.01000023      -1.38748050    
   2.02000022      -1.38637805    
   2.03000021      -1.38565826    
   2.04000020      -1.38477254    
   2.05000019      -1.38392270    
   2.06000018      -1.38302433    
   2.07000017      -1.38252544    
   2.08000016      -1.38222575    
   2.09000015      -1.38186336    
   2.10000014      -1.38163042    
   2.11000013      -1.38140070    
   2.12000012      -1.38099182    
   2.13000011      -1.38066816    
   2.14000010      -1.38029158    
   2.15000010      -1.37994432    
   2.16000009      -1.37914157    
   2.17000008      -1.37835693    
   2.18000007      -1.37730086    
   2.19000006      -1.37612498    
   2.20000005      -1.37514079    
   2.21000004      -1.37399769    
   2.22000027      -1.37274277    
   2.23000026      -1.37160730    
   2.24000025      -1.37010872    
   2.25000024      -1.36866999    
   2.26000023      -1.36734581    
   2.27000022      -1.36618876    
   2.28000021      -1.36492574    
   2.29000020      -1.36373806    
   2.30000019      -1.36236870    
   2.31000018      -1.36070073    
   2.32000017      -1.35900784    
   2.33000016      -1.35757971    
   2.34000015      -1.35608149    
   2.35000014      -1.35469782    
   2.36000013      -1.35311377    
   2.37000012      -1.35158730    
   2.38000011      -1.35007393    
   2.39000010      -1.34875858    
   2.40000010      -1.34727275    
   2.41000009      -1.34592652    
   2.42000008      -1.34455812    
   2.43000007      -1.34323442    
   2.44000006      -1.34197676    
   2.45000029      -1.34081507    
   2.46000028      -1.33970582    
   2.47000027      -1.33879733    
   2.48000026      -1.33805859    
   2.49000025      -1.33744490    
   2.50000024      -1.33674443    
   2.51000023      -1.33601201    
   2.52000022      -1.33542264    
   2.53000021      -1.33484471    
   2.54000020      -1.33412325    
   2.55000019      -1.33338892    
   2.56000018      -1.33265829    
   2.57000017      -1.33193624    
   2.58000016      -1.33095801    
   2.59000015      -1.32962787    
   2.60000014      -1.32821977    
   2.61000013      -1.32667816    
   2.62000012      -1.32544863    
   2.63000011      -1.32438052    
   2.64000010      -1.32334173    
   2.65000010      -1.32237649    
   2.66000009      -1.32127297    
   2.67000008      -1.32022572    
   2.68000031      -1.31909204    
   2.69000030      -1.31791925    
   2.70000029      -1.31696582    
   2.71000028      -1.31609368    
   2.72000027      -1.31521237    
   2.73000026      -1.31424069    
   2.74000025      -1.31326139    
   2.75000024      -1.31237650    
   2.76000023      -1.31146979    
   2.77000022      -1.31052816    
   2.78000021      -1.30921149    
   2.79000020      -1.30798972    
   2.80000019      -1.30688822    
   2.81000018      -1.30579531    
   2.82000017      -1.30455601    
   2.83000016      -1.30326509    
   2.84000015      -1.30182445    
   2.85000014      -1.30015373    
   2.86000013      -1.29856157    
   2.87000012      -1.29682922    
   2.88000011      -1.29522610    
   2.89000010      -1.29382277    
   2.90000010      -1.29230940    
   2.91000032      -1.29068196    
   2.92000031      -1.28907704    
   2.93000031      -1.28768909    
   2.94000030      -1.28656936    
   2.95000029      -1.28547013    
   2.96000028      -1.28455353    
   2.97000027      -1.28345847    
   2.98000026      -1.28249848    
   2.99000025      -1.28142428    
   3.00000024      -1.28054845    
   3.01000023      -1.27989697    
   3.02000022      -1.27920210    
   3.03000021      -1.27833283    
   3.04000020      -1.27731931    
   3.05000019      -1.27625608    
   3.06000018      -1.27536571    
   3.07000017      -1.27437007    
   3.08000016      -1.27357280    
   3.09000015      -1.27273273    
   3.10000014      -1.27182412    
   3.11000013      -1.27082694    
   3.12000012      -1.26980960    
   3.13000011      -1.26901531    
   3.14000010      -1.26824939    
   3.15000033      -1.26757550    
   3.16000032      -1.26653814    
   3.17000031      -1.26539147    
   3.18000031      -1.26440132    
   3.19000030      -1.26306129    
   3.20000029      -1.26174259    
   3.21000028      -1.26062572    
   3.22000027      -1.25958037    
   3.23000026      -1.25846422    
   3.24000025      -1.25738668    
   3.25000024      -1.25653136    
   3.26000023      -1.25573862    
   3.27000022      -1.25521731    
   3.28000021      -1.25470781    
   3.29000020      -1.25408518    
   3.30000019      -1.25358665    
   3.31000018      -1.25312102    
   3.32000017      -1.25260043    
   3.33000016      -1.25207555    
   3.34000015      -1.25165999    
   3.35000014      -1.25094581    
   3.36000013      -1.25004685    
   3.37000012      -1.24904692    
   3.38000035      -1.24797547    
   3.39000034      -1.24704266    
   3.40000033      -1.24609327    
   3.41000032      -1.24519730    
   3.42000031      -1.24399900    
   3.43000031      -1.24285948    
   3.44000030      -1.24178755    
   3.45000029      -1.24068737    
   3.46000028      -1.23960292    
   3.47000027      -1.23873150    
   3.48000026      -1.23784268    
   3.49000025      -1.23688197    
   3.50000024      -1.23579240    
   3.51000023      -1.23462772    
   3.52000022      -1.23342514    
   3.53000021      -1.23259234    
   3.54000020      -1.23157609    
   3.55000019      -1.23055196    
   3.56000018      -1.22934532    
   3.57000017      -1.22839642    
   3.58000016      -1.22734797    
   3.59000015      -1.22627831    
   3.60000014      -1.22532403    
   3.61000037      -1.22459459    
   3.62000036      -1.22388530    
   3.63000035      -1.22327876    
   3.64000034      -1.22273064    
   3.65000033      -1.22237706    
   3.66000032      -1.22178590    
   3.67000031      -1.22145629    
   3.68000031      -1.22105193    
   3.69000030      -1.22057211    
   3.70000029      -1.21998274    
   3.71000028      -1.21918440    
   3.72000027      -1.21838295    
   3.73000026      -1.21762681    
   3.74000025      -1.21667445    
   3.75000024      -1.21533585    
   3.76000023      -1.21401882    
   3.77000022      -1.21284688    
   3.78000021      -1.21136487    
   3.79000020      -1.20988810    
   3.80000019      -1.20850301    
   3.81000018      -1.20711303    
   3.82000017      -1.20593321    
   3.83000016      -1.20459759    
   3.84000015      -1.20330822    
   3.85000038      -1.20239782    
   3.86000037      -1.20167160    
   3.87000036      -1.20085025    
   3.88000035      -1.20001650    
   3.89000034      -1.19932199    
   3.90000033      -1.19855309    
   3.91000032      -1.19783354    
   3.92000031      -1.19759572    
   3.93000031      -1.19728243    
   3.94000030      -1.19691110    
   3.95000029      -1.19665134    
   3.96000028      -1.19621015    
   3.97000027      -1.19565213    
   3.98000026      -1.19500232    
   3.99000025      -1.19427788    
   4.00000048      -1.19355297    
   4.01000023      -1.19272840    
   4.02000046      -1.19198680    
   4.03000021      -1.19092405    
   4.04000044      -1.18992698    
   4.05000019      -1.18900383    
   4.06000042      -1.18787551    
   4.07000017      -1.18685007    
   4.08000040      -1.18580282    
   4.09000015      -1.18500638    
   4.10000038      -1.18420064    
   4.11000013      -1.18361759    
   4.12000036      -1.18324316    
   4.13000011      -1.18284881    
   4.14000034      -1.18226802    
   4.15000010      -1.18169880    
   4.16000032      -1.18090653    
   4.17000008      -1.18015122    
   4.18000031      -1.17954814    
   4.19000053      -1.17907560    
   4.20000029      -1.17848372    
   4.21000051      -1.17804742    
   4.22000027      -1.17727816    
   4.23000050      -1.17634404    
   4.24000025      -1.17543149    
   4.25000048      -1.17478502    
   4.26000023      -1.17405534    
   4.27000046      -1.17342722    
   4.28000021      -1.17272866    
   4.29000044      -1.17191982    
   4.30000019      -1.17120504    
   4.31000042      -1.17035818    
   4.32000017      -1.16947031    
   4.33000040      -1.16869676    
   4.34000015      -1.16818607    
   4.35000038      -1.16764700    
   4.36000013      -1.16705000    
   4.37000036      -1.16660821    
   4.38000011      -1.16628516    
   4.39000034      -1.16609299    
   4.40000010      -1.16568661    
   4.41000032      -1.16514361    
   4.42000008      -1.16479313    
   4.43000031      -1.16441762    
   4.44000053      -1.16402113    
   4.45000029      -1.16361284    
   4.46000051      -1.16301489    
   4.47000027      -1.16258979    
   4.48000050      -1.16213977    
   4.49000025      -1.16175139    
   4.50000048      -1.16121018    
   4.51000023      -1.16072142    
   4.52000046      -1.16049182    
   4.53000021      -1.16032016    
   4.54000044      -1.16001964    
   4.55000019      -1.15965223    
   4.56000042      -1.15909529    
   4.57000017      -1.15864885    
   4.58000040      -1.15804553    
   4.59000015      -1.15744197    
   4.60000038      -1.15667307    
   4.61000013      -1.15603161    
   4.62000036      -1.15544307    
   4.63000011      -1.15485096    
   4.64000034      -1.15402746    
   4.65000010      -1.15328968    
   4.66000032      -1.15253448    
   4.67000055      -1.15180755    
   4.68000031      -1.15102267    
   4.69000053      -1.15037811    
   4.70000029      -1.14979124    
   4.71000051      -1.14937305    
   4.72000027      -1.14882660    
   4.73000050      -1.14820480    
   4.74000025      -1.14745522    
   4.75000048      -1.14674592    
   4.76000023      -1.14601958    
   4.77000046      -1.14547837    
   4.78000021      -1.14492416    
   4.79000044      -1.14444828    
   4.80000019      -1.14386487    
   4.81000042      -1.14304125    
   4.82000017      -1.14203179    
   4.83000040      -1.14116657    
   4.84000015      -1.14046204    
   4.85000038      -1.13975704    
   4.86000013      -1.13903880    
   4.87000036      -1.13823712    
   4.88000011      -1.13737369    
   4.89000034      -1.13642299    
   4.90000057      -1.13535666    
   4.91000032      -1.13443530    
   4.92000055      -1.13367367    
   4.93000031      -1.13284087    
   4.94000053      -1.13183892    
   4.95000029      -1.13073409    
   4.96000051      -1.12981927    
   4.97000027      -1.12909341    
   4.98000050      -1.12844074    
   4.99000025      -1.12768030    
   5.00000048      -1.12710059    
   5.01000023      -1.12653232    
   5.02000046      -1.12583661    
   5.03000021      -1.12509513    
   5.04000044      -1.12462890    
   5.05000019      -1.12424386    
   5.06000042      -1.12373006    
   5.07000017      -1.12298167    
   5.08000040      -1.12226677    
   5.09000015      -1.12171209    
   5.10000038      -1.12135470    
   5.11000013      -1.12093937    
   5.12000036      -1.12062263    
   5.13000059      -1.12026417    
   5.14000034      -1.12007439    
   5.15000057      -1.11973596    
   5.16000032      -1.11930561    
   5.17000055      -1.11900640    
   5.18000031      -1.11868954    
   5.19000053      -1.11836076    
   5.20000029      -1.11802399    
   5.21000051      -1.11770403    
   5.22000027      -1.11731744    
   5.23000050      -1.11696374    
   5.24000025      -1.11660540    
   5.25000048      -1.11608124    
   5.26000023      -1.11557686    
   5.27000046      -1.11508381    
   5.28000021      -1.11449873    
   5.29000044      -1.11389589    
   5.30000019      -1.11317337    
   5.31000042      -1.11245501    
   5.32000017      -1.11163771    
   5.33000040      -1.11086130    
   5.34000015      -1.10997713    
   5.35000038      -1.10896385    
   5.36000061      -1.10800815    
   5.37000036      -1.10701907    
   5.38000059      -1.10626137    
   5.39000034      -1.10571837    
   5.40000057      -1.10527790    
   5.41000032      -1.10489106    
   5.42000055      -1.10452497    
   5.43000031      -1.10419595    
   5.44000053      -1.10391212    
   5.45000029      -1.10368574    
   5.46000051      -1.10361171    
   5.47000027      -1.10349143    
   5.48000050      -1.10344958    
   5.49000025      -1.10334575    
   5.50000048      -1.10321283    
   5.51000023      -1.10305893    
   5.52000046      -1.10294676    
   5.53000021      -1.10271788    
   5.54000044      -1.10242200    
   5.55000019      -1.10192955    
   5.56000042      -1.10143685    
   5.57000017      -1.10099387    
   5.58000040      -1.10054576    
   5.59000063      -1.10009336    
   5.60000038      -1.09953606    
   5.61000061      -1.09893298    
   5.62000036      -1.09824145    
   5.63000059      -1.09745002    
   5.64000034      -1.09685481    
   5.65000057      -1.09638882    
   5.66000032      -1.09608436    
   5.67000055      -1.09576714    
   5.68000031      -1.09550416    
   5.69000053      -1.09520268    
   5.70000029      -1.09493017    
   5.71000051      -1.09488773    
   5.72000027      -1.09471047    
   5.73000050      -1.09490192    
   5.74000025      -1.09509742    
   5.75000048      -1.09510446    
   5.76000023      -1.09491432    
   5.77000046      -1.09472775    
   5.78000021      -1.09455776    
   5.79000044      -1.09422767    
   5.80000019      -1.09387541    
   5.81000042      -1.09347248    
   5.82000065      -1.09289300    
   5.83000040      -1.09243476    
   5.84000063      -1.09161508    
   5.85000038      -1.09065568    
   5.86000061      -1.08959913    
   5.87000036      -1.08860946    
   5.88000059      -1.08779263    
   5.89000034      -1.08700526    
   5.90000057      -1.08618343    
   5.91000032      -1.08547843    
   5.92000055      -1.08467185    
   5.93000031      -1.08376801    
   5.94000053      -1.08295703    
   5.95000029      -1.08226287    
   5.96000051      -1.08174443    
   5.97000027      -1.08131325    
   5.98000050      -1.08086443    
   5.99000025      -1.08027315    
   6.00000048      -1.07961416    
   6.01000023      -1.07905972    
   6.02000046      -1.07849228    
   6.03000021      -1.07813025    
   6.04000044      -1.07791495    
   6.05000019      -1.07755208    
   6.06000042      -1.07724822    
   6.07000065      -1.07699060    
   6.08000040      -1.07652903    
   6.09000063      -1.07605433    
   6.10000038      -1.07557499    
   6.11000061      -1.07513320    
   6.12000036      -1.07483077    
   6.13000059      -1.07452762    
   6.14000034      -1.07400465    
   6.15000057      -1.07324839    
   6.16000032      -1.07246602    
   6.17000055      -1.07161629    
   6.18000031      -1.07068622    
   6.19000053      -1.06984758    
   6.20000029      -1.06905925    
   6.21000051      -1.06832993    
   6.22000027      -1.06752002    
   6.23000050      -1.06646109    
   6.24000025      -1.06539381    
   6.25000048      -1.06448627    
   6.26000023      -1.06372917    
   6.27000046      -1.06304753    
   6.28000021      -1.06240380    
   6.29000044      -1.06184006    
   6.30000067      -1.06140161    
   6.31000042      -1.06088257    
   6.32000065      -1.06017292    
   6.33000040      -1.05950058    
   6.34000063      -1.05902183    
   6.35000038      -1.05855525    
   6.36000061      -1.05796981    
   6.37000036      -1.05737114    
   6.38000059      -1.05678880    
   6.39000034      -1.05607498    
   6.40000057      -1.05509889    
   6.41000032      -1.05400801    
   6.42000055      -1.05303943    
   6.43000031      -1.05226028    
   6.44000053      -1.05145967    
   6.45000029      -1.05051553    
   6.46000051      -1.04971063    
   6.47000027      -1.04882026    
   6.48000050      -1.04797590    
   6.49000025      -1.04720330    
   6.50000048      -1.04665005    
   6.51000023      -1.04622173    
   6.52000046      -1.04590201    
   6.53000069      -1.04551017    
   6.54000044      -1.04508889    
   6.55000067      -1.04471326    
   6.56000042      -1.04427755    
   6.57000065      -1.04356647    
   6.58000040      -1.04307425    
   6.59000063      -1.04251385    
   6.60000038      -1.04180920    
   6.61000061      -1.04088891    
   6.62000036      -1.03988290    
   6.63000059      -1.03879631    
   6.64000034      -1.03767121    
   6.65000057      -1.03646195    
   6.66000032      -1.03528261    
   6.67000055      -1.03418696    
   6.68000031      -1.03306913    
   6.69000053      -1.03183317    
   6.70000029      -1.03071547    
   6.71000051      -1.02976644    
   6.72000027      -1.02883351    
   6.73000050      -1.02814019    
   6.74000025      -1.02748799    
   6.75000048      -1.02679276    
   6.76000071      -1.02622342    
   6.77000046      -1.02562439    
   6.78000069      -1.02499938    
   6.79000044      -1.02444434    
   6.80000067      -1.02390969    
   6.81000042      -1.02351463    
   6.82000065      -1.02299702    
   6.83000040      -1.02254629    
   6.84000063      -1.02201104    
   6.85000038      -1.02151740    
   6.86000061      -1.02110696    
   6.87000036      -1.02065456    
   6.88000059      -1.02018893    
   6.89000034      -1.01982403    
   6.90000057      -1.01955557    
   6.91000032      -1.01925230    
   6.92000055      -1.01863563    
   6.93000031      -1.01801836    
   6.94000053      -1.01733696    
   6.95000029      -1.01652348    
   6.96000051      -1.01582432    
   6.97000027      -1.01524353    
   6.98000050      -1.01467133    
   6.99000072      -1.01403463    
   7.00000048      -1.01324904    
   7.01000071      -1.01235688    
   7.02000046      -1.01164234    
   7.03000069      -1.01120710    
   7.04000044      -1.01092434    
   7.05000067      -1.01071322    
   7.06000042      -1.01044083    
   7.07000065      -1.00992584    
   7.08000040      -1.00923634    
   7.09000063      -1.00841916    
   7.10000038      -1.00766909    
   7.11000061      -1.00695181    
   7.12000036      -1.00640368    
   7.13000059      -1.00567269    
   7.14000034      -1.00486577    
   7.15000057      -1.00380838    
   7.16000032      -1.00256336    
   7.17000055      -1.00170052    
   7.18000031      -1.00102782    
   7.19000053      -1.00043058    
   7.20000029     -0.999798298    
   7.21000051     -0.999092996    
   7.22000074     -0.998331249    
   7.23000050     -0.997625053    
   7.24000072     -0.997186542    
   7.25000048     -0.996641219    
   7.26000071     -0.996184051    
   7.27000046     -0.995964110    
   7.28000069     -0.995574415    
   7.29000044     -0.995154619    
   7.30000067     -0.994661927    
   7.31000042     -0.994360030    
   7.32000065     -0.994108260    
   7.33000040     -0.993996143    
   7.34000063     -0.993678927    
   7.35000038     -0.993191302    
   7.36000061     -0.992857516    
   7.37000036     -0.992514312    
   7.38000059     -0.992149711    
   7.39000034     -0.991819084    
   7.40000057     -0.991363525    
   7.41000032     -0.990945458    
   7.42000055     -0.990334392    
   7.43000031     -0.989795506    
   7.44000053     -0.989359498    
   7.45000076     -0.989094138    
   7.46000051     -0.988682210    
   7.47000074     -0.988145947    
   7.48000050     -0.987582982    
   7.49000072     -0.986921012    
   7.50000048     -0.985936105    
   7.51000071     -0.985126436    
   7.52000046     -0.984342158    
   7.53000069     -0.983719885    
   7.54000044     -0.982964158    
   7.55000067     -0.982054055    
   7.56000042     -0.981200278    
   7.57000065     -0.980280578    
   7.58000040     -0.979076326    
   7.59000063     -0.977902055    
   7.60000038     -0.976881921    
   7.61000061     -0.976052940    
   7.62000036     -0.975107849    
   7.63000059     -0.974106967    
   7.64000034     -0.973015785    
   7.65000057     -0.972026885    
   7.66000032     -0.971071959    
   7.67000055     -0.969907403    
   7.68000031     -0.968895674    
   7.69000053     -0.968203306    
   7.70000076     -0.967608929    
   7.71000051     -0.966860414    
   7.72000074     -0.966115177    
   7.73000050     -0.965321779    
   7.74000072     -0.964651942    
   7.75000048     -0.964131653    
   7.76000071     -0.963602543    
   7.77000046     -0.963085473    
   7.78000069     -0.962515712    
   7.79000044     -0.961979389    
   7.80000067     -0.961533368    
   7.81000042     -0.961095929    
   7.82000065     -0.960713565    
   7.83000040     -0.960390389    
   7.84000063     -0.960048497    
   7.85000038     -0.959672034    
   7.86000061     -0.959434152    
   7.87000036     -0.959329605    
   7.88000059     -0.959268034    
   7.89000034     -0.959265292    
   7.90000057     -0.959110677    
   7.91000032     -0.958748758    
   7.92000055     -0.958348036    
   7.93000078     -0.957976878    
   7.94000053     -0.957583427    
   7.95000076     -0.957457781    
   7.96000051     -0.957323015    
   7.97000074     -0.956963956    
   7.98000050     -0.956427395    
   7.99000072     -0.955773294    
   8.00000095     -0.955170214    
   8.01000023     -0.954617381    
   8.02000046     -0.954220057    
   8.03000069     -0.953818023    
   8.04000092     -0.953402519    
   8.05000019     -0.952873111    
   8.06000042     -0.952231228    
   8.07000065     -0.951741397    
   8.08000088     -0.951338530    
   8.09000015     -0.950925946    
   8.10000038     -0.950529635    
   8.11000061     -0.950311661    
   8.12000084     -0.950144589    
   8.13000011     -0.949990928    
   8.14000034     -0.949815035    
   8.15000057     -0.949818432    
   8.16000080     -0.949969113    
   8.17000103     -0.950102508    
   8.18000031     -0.949863970    
   8.19000053     -0.949700296    
   8.20000076     -0.949482918    
   8.21000099     -0.949431896    
   8.22000027     -0.949205637    
   8.23000050     -0.948920906    
   8.24000072     -0.948729277    
   8.25000095     -0.948506117    
   8.26000023     -0.948010623    
   8.27000046     -0.947461784    
   8.28000069     -0.946877062    
   8.29000092     -0.946608067    
   8.30000019     -0.946198821    
   8.31000042     -0.945836544    
   8.32000065     -0.945381880    
   8.33000088     -0.944891214    
   8.34000015     -0.944606960    
   8.35000038     -0.944057941    
   8.36000061     -0.943521500    
   8.37000084     -0.943059027    
   8.38000107     -0.942631066    
   8.39000034     -0.942167044    
   8.40000057     -0.941512346    
   8.41000080     -0.940875351    
   8.42000103     -0.940290511    
   8.43000031     -0.939656496    
   8.44000053     -0.939137042    
   8.45000076     -0.938502133    
   8.46000099     -0.937990487    
   8.47000027     -0.937571466    
   8.48000050     -0.937187672    
   8.49000072     -0.936874211    
   8.50000095     -0.936613142    
   8.51000023     -0.936484516    
   8.52000046     -0.936351597    
   8.53000069     -0.936209083    
   8.54000092     -0.936101556    
   8.55000019     -0.935819805    
   8.56000042     -0.935501516    
   8.57000065     -0.935169578    
   8.58000088     -0.934797466    
   8.59000015     -0.934460938    
   8.60000038     -0.934173524    
   8.61000061     -0.933858991    
   8.62000084     -0.933611691    
   8.63000107     -0.933301210    
   8.64000034     -0.932967603    
   8.65000057     -0.932530165    
   8.66000080     -0.932257533    
   8.67000103     -0.932168126    
   8.68000031     -0.931965888    
   8.69000053     -0.931619227    
   8.70000076     -0.931164384    
   8.71000099     -0.930628836    
   8.72000027     -0.930042863    
   8.73000050     -0.929313004    
   8.74000072     -0.928546369    
   8.75000095     -0.927927852    
   8.76000023     -0.927380025    
   8.77000046     -0.926823080    
   8.78000069     -0.926063478    
   8.79000092     -0.925383925    
   8.80000019     -0.924860835    
   8.81000042     -0.924382210    
   8.82000065     -0.923790038    
   8.83000088     -0.923201025    
   8.84000015     -0.922534168    
   8.85000038     -0.921857238    
   8.86000061     -0.921081126    
   8.87000084     -0.920336068    
   8.88000107     -0.919387043    
   8.89000034     -0.918513834    
   8.90000057     -0.917572320    
   8.91000080     -0.916562796    
   8.92000103     -0.915643632    
   8.93000031     -0.914714098    
   8.94000053     -0.913665831    
   8.95000076     -0.912629783    
   8.96000099     -0.911665440    
   8.97000027     -0.910836577    
   8.98000050     -0.910057127    
   8.99000072     -0.909375310    
   9.00000095     -0.908470750    
   9.01000023     -0.907601118    
   9.02000046     -0.906830847    
   9.03000069     -0.906001985    
   9.04000092     -0.905334651    
   9.05000019     -0.904655933    
   9.06000042     -0.904030085    
   9.07000065     -0.903267682    
   9.08000088     -0.902429223    
   9.09000111     -0.901554525    
   9.10000038     -0.900751352    
   9.11000061     -0.900289953    
   9.12000084     -0.899895847    
   9.13000107     -0.899361134    
   9.14000034     -0.898753345    
   9.15000057     -0.898077428    
   9.16000080     -0.897526264    
   9.17000103     -0.896996856    
   9.18000031     -0.896542847    
   9.19000053     -0.895988703    
   9.20000076     -0.895575464    
   9.21000099     -0.895179808    
   9.22000027     -0.894798338    
   9.23000050     -0.894329906    
   9.24000072     -0.893919528    
   9.25000095     -0.893544436    
   9.26000023     -0.893054783    
   9.27000046     -0.892719090    
   9.28000069     -0.892377973    
   9.29000092     -0.891971648    
   9.30000019     -0.891628265    
   9.31000042     -0.891235769    
   9.32000065     -0.890714526    
   9.33000088     -0.890226007    
   9.34000111     -0.889736176    
   9.35000038     -0.889291704    
   9.36000061     -0.888773143    
   9.37000084     -0.888422608    
   9.38000107     -0.888026297    
   9.39000034     -0.887688816    
   9.40000057     -0.887469471    
   9.41000080     -0.887291074    
   9.42000103     -0.886878252    
   9.43000031     -0.886643529    
   9.44000053     -0.886239111    
   9.45000076     -0.886059821    
   9.46000099     -0.885852695    
   9.47000027     -0.885676324    
   9.48000050     -0.885301054    
   9.49000072     -0.884772539    
   9.50000095     -0.884174347    
   9.51000023     -0.883538723    
   9.52000046     -0.882786930    
   9.53000069     -0.882126212    
   9.54000092     -0.881303370    
   9.55000114     -0.880516946    
   9.56000042     -0.879601836    
   9.57000065     -0.878574789    
   9.58000088     -0.877537966    
   9.59000111     -0.876652062    
   9.60000038     -0.875875890    
   9.61000061     -0.875238001    
   9.62000084     -0.874668777    
   9.63000107     -0.874079704    
   9.64000034     -0.873433828    
   9.65000057     -0.872991025    
   9.66000080     -0.872487187    
   9.67000103     -0.871773839    
   9.68000031     -0.871091545    
   9.69000053     -0.870422006    
   9.70000076     -0.869756103    
   9.71000099     -0.869099081    
   9.72000027     -0.868344545    
   9.73000050     -0.867534220    
   9.74000072     -0.866843462    
   9.75000095     -0.866216540    
   9.76000023     -0.865482867    
   9.77000046     -0.864892840    
   9.78000069     -0.864430845    
   9.79000092     -0.863958299    
   9.80000114     -0.863619745    
   9.81000042     -0.863327622    
   9.82000065     -0.862941206    
   9.83000088     -0.862483978    
   9.84000111     -0.862156987    
   9.85000038     -0.861736238    
   9.86000061     -0.861215949    
   9.87000084     -0.860606194    
   9.88000107     -0.859949768    
   9.89000034     -0.859395504    
   9.90000057     -0.858914852    
   9.91000080     -0.858213723    
   9.92000103     -0.857324600    
   9.93000031     -0.856678188    
   9.94000053     -0.856397390    
   9.95000076     -0.856027484    
   9.96000099     -0.855708361    
   9.97000027     -0.855406225    
   9.98000050     -0.855045915    
   9.99000072     -0.854642868    
   10.0000010     -0.854272842    
   10.0100012     -0.853897572    
   10.0200005     -0.853586316    
   10.0300007     -0.853334427    
   10.0400009     -0.852865696    
   10.0500011     -0.852063298    
   10.0600004     -0.851232231    
   10.0700006     -0.850476384    
   10.0800009     -0.849969983    
   10.0900011     -0.849608302    
   10.1000004     -0.849317133    
   10.1100006     -0.848979115    
   10.1200008     -0.848559439    
   10.1300011     -0.848014653    
   10.1400003     -0.847701371    
   10.1500006     -0.847496212    
   10.1600008     -0.847194672    
   10.1700010     -0.846944988    
   10.1800003     -0.846638381    
   10.1900005     -0.846151054    
   10.2000008     -0.845672727    
   10.2100010     -0.845142126    
   10.2200003     -0.844630301    
   10.2300005     -0.844269931    
   10.2400007     -0.844064713    
   10.2500010     -0.843745589    
   10.2600012     -0.843368769    
   10.2700005     -0.843100131    
   10.2800007     -0.842869818    
   10.2900009     -0.842725635    
   10.3000011     -0.842705488    
   10.3100004     -0.842554986    
   10.3200006     -0.842413902    
   10.3300009     -0.842234492    
   10.3400011     -0.841977775    
   10.3500004     -0.841831386    
   10.3600006     -0.841742694    
   10.3700008     -0.841716170    
   10.3800011     -0.841592014    
   10.3900003     -0.841264546    
   10.4000006     -0.840830922    
   10.4100008     -0.840441048    
   10.4200010     -0.840112507    
   10.4300003     -0.839856803    
   10.4400005     -0.839620054    
   10.4500008     -0.839411855    
   10.4600010     -0.839286566    
   10.4700003     -0.839127839    
   10.4800005     -0.838949442    
   10.4900007     -0.838837445    
   10.5000010     -0.838855684    
   10.5100012     -0.838907838    
   10.5200005     -0.838799357    
   10.5300007     -0.838684499    
   10.5400009     -0.838481963    
   10.5500011     -0.838338315    
   10.5600004     -0.838243544    
   10.5700006     -0.838036776    
   10.5800009     -0.837760985    
   10.5900011     -0.837371349    
   10.6000004     -0.836945772    
   10.6100006     -0.836707354    
   10.6200008     -0.836443841    
   10.6300011     -0.836238861    
   10.6400003     -0.836126745    
   10.6500006     -0.835999191    
   10.6600008     -0.835778177    
   10.6700010     -0.835438013    
   10.6800003     -0.835043013    
   10.6900005     -0.834657073    
   10.7000008     -0.834378541    
   10.7100010     -0.834138513    
   10.7200012     -0.833735526    
   10.7300005     -0.833356917    
   10.7400007     -0.832992911    
   10.7500010     -0.832533479    
   10.7600012     -0.832203567    
   10.7700005     -0.831923068    
   10.7800007     -0.831641197    
   10.7900009     -0.831303120    
   10.8000011     -0.831024826    
   10.8100004     -0.830740869    
   10.8200006     -0.830525994    
   10.8300009     -0.830295801    
   10.8400011     -0.829939663    
   10.8500004     -0.829628468    
   10.8600006     -0.829482198    
   10.8700008     -0.829261303    
   10.8800011     -0.829121411    
   10.8900003     -0.829151869    
   10.9000006     -0.829267263    
   10.9100008     -0.829337418    
   10.9200010     -0.829397321    
   10.9300003     -0.829502583    
   10.9400005     -0.829643428    
   10.9500008     -0.829757333    
   10.9600010     -0.829724133    
   10.9700012     -0.829548895    
   10.9800005     -0.829307199    
   10.9900007     -0.828831494    
   11.0000010     -0.828315198    
   11.0100012     -0.827936649    
   11.0200005     -0.827490985    
   11.0300007     -0.827018917    
   11.0400009     -0.826562226    
   11.0500011     -0.826003015    
   11.0600004     -0.825579882    
   11.0700006     -0.825103879    
   11.0800009     -0.824544609    
   11.0900011     -0.824010074    
   11.1000004     -0.823550761    
   11.1100006     -0.823050320    
   11.1200008     -0.822520077    
   11.1300011     -0.821983278    
   11.1400003     -0.821682870    
   11.1500006     -0.821227551    
   11.1600008     -0.820739865    
   11.1700010     -0.820231199    
   11.1800013     -0.819916725    
   11.1900005     -0.819688082    
   11.2000008     -0.819427788    
   11.2100010     -0.819182158    
   11.2200012     -0.818899930    
   11.2300005     -0.818452299    
   11.2400007     -0.818107069    
   11.2500010     -0.817508519    
   11.2600012     -0.816908419    
   11.2700005     -0.816493928    
   11.2800007     -0.816104770    
   11.2900009     -0.815642655    
   11.3000011     -0.815283775    
   11.3100004     -0.814861417    
   11.3200006     -0.814574122    
   11.3300009     -0.814233422    
   11.3400011     -0.813949347    
   11.3500004     -0.813612580    
   11.3600006     -0.813347995    
   11.3700008     -0.813244700    
   11.3800011     -0.813126206    
   11.3900003     -0.812991619    
   11.4000006     -0.812777400    
   11.4100008     -0.812600315    
   11.4200010     -0.812347770    
   11.4300013     -0.811879277    
   11.4400005     -0.811467469    
   11.4500008     -0.811166048    
   11.4600010     -0.810895681    
   11.4700012     -0.810693979    
   11.4800005     -0.810381055    
   11.4900007     -0.809988976    
   11.5000010     -0.809537709    
   11.5100012     -0.809206903    
   11.5200005     -0.808908582    
   11.5300007     -0.808821142    
   11.5400009     -0.809004009    
   11.5500011     -0.809224010    
   11.5600004     -0.809257925    
   11.5700006     -0.809238374    
   11.5800009     -0.809058309    
   11.5900011     -0.808888197    
   11.6000004     -0.808706760    
   11.6100006     -0.808647692    
   11.6200008     -0.808631837    
   11.6300011     -0.808422923    
   11.6400013     -0.808068454    
   11.6500006     -0.807477713    
   11.6600008     -0.806746304    
   11.6700010     -0.805953622    
   11.6800013     -0.805202961    
   11.6900005     -0.804580510    
   11.7000008     -0.804146469    
   11.7100010     -0.803841770    
   11.7200012     -0.803450406    
   11.7300005     -0.802918255    
   11.7400007     -0.802302837    
   11.7500010     -0.801848650    
   11.7600012     -0.801469088    
   11.7700005     -0.801174164    
   11.7800007     -0.800931513    
   11.7900009     -0.800644696    
   11.8000011     -0.800319612    
   11.8100004     -0.799881279    
   11.8200006     -0.799389064    
   11.8300009     -0.798934102    
   11.8400011     -0.798400879    
   11.8500004     -0.797936261    
   11.8600006     -0.797362030    
   11.8700008     -0.796798050    
   11.8800011     -0.796172500    
   11.8900013     -0.795627534    
   11.9000006     -0.795246542    
   11.9100008     -0.794754565    
   11.9200010     -0.794235051    
   11.9300013     -0.793699205    
   11.9400005     -0.793190241    
   11.9500008     -0.792744875    
   11.9600010     -0.792452455    
   11.9700012     -0.792114615    
   11.9800005     -0.791709781    
   11.9900007     -0.791352868    
   12.0000010     -0.791045249    
   12.0100012     -0.790649831    
   12.0200005     -0.790224373    
   12.0300007     -0.789865255    
   12.0400009     -0.789517343    
   12.0500011     -0.789063334    
   12.0600004     -0.788601756    
   12.0700006     -0.788107038    
   12.0800009     -0.787811518    
   12.0900011     -0.787508965    
   12.1000004     -0.787115455    
   12.1100006     -0.786677361    
   12.1200008     -0.786300600    
   12.1300011     -0.786078393    
   12.1400013     -0.785817385    
   12.1500006     -0.785607159    
   12.1600008     -0.785524905    
   12.1700010     -0.785480380    
   12.1800013     -0.785379529    
   12.1900005     -0.785110176    
   12.2000008     -0.784952641    
   12.2100010     -0.784787118    
   12.2200012     -0.784711599    
   12.2300005     -0.784540296    
   12.2400007     -0.784312308    
   12.2500010     -0.784180880    
   12.2600012     -0.783862531    
   12.2700005     -0.783441782    
   12.2800007     -0.783065259    
   12.2900009     -0.782779038    
   12.3000011     -0.782594323    
   12.3100004     -0.782346785    
   12.3200006     -0.782256961    
   12.3300009     -0.782082021    
   12.3400011     -0.781975269    
   12.3500013     -0.781873226    
   12.3600006     -0.781721056    
   12.3700008     -0.781814992    
   12.3800011     -0.782115936    
   12.3900013     -0.782335997    
   12.4000006     -0.782400548    
   12.4100008     -0.782407701    
   12.4200010     -0.782437384    
   12.4300013     -0.782670557    
   12.4400005     -0.782834053    
   12.4500008     -0.782916546    
   12.4600010     -0.783091962    
   12.4700012     -0.783186555    
   12.4800005     -0.783207357    
   12.4900007     -0.782989681    
   12.5000010     -0.782911062    
   12.5100012     -0.783024788    
   12.5200005     -0.783061504    
   12.5300007     -0.783180654    
   12.5400009     -0.783095956    
   12.5500011     -0.783157885    
   12.5600004     -0.783165872    
   12.5700006     -0.783055961    
   12.5800009     -0.782791495    
   12.5900011     -0.782414675    
   12.6000013     -0.782190502    
   12.6100006     -0.781901121    
   12.6200008     -0.781594753    
   12.6300011     -0.781435609    
   12.6400013     -0.781008542    
   12.6500006     -0.780628622    
   12.6600008     -0.780147552    
   12.6700010     -0.779898167    
   12.6800013     -0.779881418    
   12.6900005     -0.780174255    
   12.7000008     -0.780382693    
   12.7100010     -0.780489743    
   12.7200012     -0.780681074    
   12.7300005     -0.780903757    
   12.7400007     -0.781103253    
   12.7500010     -0.781554699    
   12.7600012     -0.782025754    
   12.7700005     -0.782381415    
   12.7800007     -0.782477558    
   12.7900009     -0.782331765    
   12.8000011     -0.782029092    
   12.8100014     -0.781791449    
   12.8200006     -0.781571031    
   12.8300009     -0.781234622    
   12.8400011     -0.780954659    
   12.8500013     -0.780643821    
   12.8600006     -0.780284166    
   12.8700008     -0.780017197    
   12.8800011     -0.780086875    
   12.8900013     -0.780401945    
   12.9000006     -0.780734956    
   12.9100008     -0.780931771    
   12.9200010     -0.781096876    
   12.9300013     -0.781342447    
   12.9400005     -0.781680822    
   12.9500008     -0.782041013    
   12.9600010     -0.782414138    
   12.9700012     -0.783000946    
   12.9800005     -0.783528507    
   12.9900007     -0.783713877    
   13.0000010     -0.783901572    
   13.0100012     -0.784220994    
   13.0200005     -0.784778774    
   13.0300007     -0.785418570    
   13.0400009     -0.785844564    
   13.0500011     -0.786170006    
   13.0600014     -0.786282241    
   13.0700006     -0.786285937    
   13.0800009     -0.786101520    
   13.0900011     -0.785911798    
   13.1000013     -0.785815358    
   13.1100006     -0.785406470    
   13.1200008     -0.784857213    
   13.1300011     -0.784295797    
   13.1400013     -0.783624411    
   13.1500006     -0.782994688    
   13.1600008     -0.782466412    
   13.1700010     -0.781853318    
   13.1800013     -0.781437635    
   13.1900005     -0.781002700    
   13.2000008     -0.780497372    
   13.2100010     -0.779951572    
   13.2200012     -0.779506087    
   13.2300005     -0.779019892    
   13.2400007     -0.778482616    
   13.2500010     -0.777994573    
   13.2600012     -0.777614415    
   13.2700014     -0.777195394    
   13.2800007     -0.776799917    
   13.2900009     -0.776203096    
   13.3000011     -0.775612354    
   13.3100014     -0.775001705    
   13.3200006     -0.774408281    
   13.3300009     -0.773858786    
   13.3400011     -0.773497045    
   13.3500013     -0.773121953    
   13.3600006     -0.772771478    
   13.3700008     -0.772400439    
   13.3800011     -0.772048652    
   13.3900013     -0.771886110    
   13.4000006     -0.771925986    
   13.4100008     -0.771992564    
   13.4200010     -0.772105575    
   13.4300013     -0.772376478    
   13.4400005     -0.772640646    
   13.4500008     -0.772759914    
   13.4600010     -0.772952855    
   13.4700012     -0.773212135    
   13.4800005     -0.773498118    
   13.4900007     -0.773744345    
   13.5000010     -0.773824513    
   13.5100012     -0.773932934    
   13.5200014     -0.773955047    
   13.5300007     -0.773889840    
   13.5400009     -0.773703814    
   13.5500011     -0.773557484    
   13.5600014     -0.773450375    
   13.5700006     -0.773249269    
   13.5800009     -0.773000717    
   13.5900011     -0.772724330    
   13.6000013     -0.772426546    
   13.6100006     -0.772174776    
   13.6200008     -0.772027194    
   13.6300011     -0.771960855    
   13.6400013     -0.771900237    
   13.6500006     -0.771955490    
   13.6600008     -0.772127569    
   13.6700010     -0.772430360    
   13.6800013     -0.772629797    
   13.6900005     -0.772905290    
   13.7000008     -0.773228884    
   13.7100010     -0.773580015    
   13.7200012     -0.773764431    
   13.7300005     -0.773834348    
   13.7400007     -0.773933053    
   13.7500010     -0.774115086    
   13.7600012     -0.774151325    
   13.7700014     -0.774021268    
   13.7800007     -0.773864627    
   13.7900009     -0.773768723    
   13.8000011     -0.773645461    
   13.8100014     -0.773592770    
   13.8200006     -0.773546457    
   13.8300009     -0.773553371    
   13.8400011     -0.773391783    
   13.8500013     -0.773280859    
   13.8600006     -0.772786319    
   13.8700008     -0.772446394    
   13.8800011     -0.772297561    
   13.8900013     -0.772164047    
   13.9000006     -0.772079349    
   13.9100008     -0.771844327    
   13.9200010     -0.771510065    
   13.9300013     -0.771153271    
   13.9400005     -0.770908594    
   13.9500008     -0.770683885    
   13.9600010     -0.770403385    
   13.9700012     -0.770506144    
   13.9800014     -0.770494461    
   13.9900007     -0.770311475    
   14.0000010     -0.770187855    
   14.0100012     -0.770223856    
   14.0200014     -0.770417750    
   14.0300007     -0.770582080    
   14.0400009     -0.770789981    
   14.0500011     -0.770785272    
   14.0600014     -0.770875096    
   14.0700006     -0.770819128    
   14.0800009     -0.770852208    
   14.0900011     -0.770854831    
   14.1000013     -0.770716548    
   14.1100006     -0.770425379    
   14.1200008     -0.769958973    
   14.1300011     -0.769388616    
   14.1400013     -0.768979788    
   14.1500006     -0.768719077    
   14.1600008     -0.768766522    
   14.1700010     -0.768859565    
   14.1800013     -0.768921256    
   14.1900005     -0.768835664    
   14.2000008     -0.768838525    
   14.2100010     -0.768988132    
   14.2200012     -0.769333899    
   14.2300014     -0.769627035    
   14.2400007     -0.770123541    
   14.2500010     -0.770524502    
   14.2600012     -0.770830452    
   14.2700014     -0.771085203    
   14.2800007     -0.771204829    
   14.2900009     -0.771307468    
   14.3000011     -0.771539629    
   14.3100014     -0.771703660    
   14.3200006     -0.771859646    
   14.3300009     -0.771688759    
   14.3400011     -0.771593213    
   14.3500013     -0.771329820    
   14.3600006     -0.770842075    
   14.3700008     -0.770408988    
   14.3800011     -0.770122945    
   14.3900013     -0.769928753    
   14.4000006     -0.769832909    
   14.4100008     -0.769497335    
   14.4200010     -0.769175828    
   14.4300013     -0.768775046    
   14.4400015     -0.768347383    
   14.4500008     -0.767918944    
   14.4600010     -0.767544091    
   14.4700012     -0.767337263    
   14.4800014     -0.766998708    
   14.4900007     -0.766434133    
   14.5000010     -0.765932918    
   14.5100012     -0.765462041    
   14.5200014     -0.764972031    
   14.5300007     -0.764409304    
   14.5400009     -0.763986051    
   14.5500011     -0.763646424    
   14.5600014     -0.763298273    
   14.5700006     -0.762989521    
   14.5800009     -0.762599707    
   14.5900011     -0.762248874    
   14.6000013     -0.761919916    
   14.6100006     -0.761448681    
   14.6200008     -0.761024714    
   14.6300011     -0.760757983    
   14.6400013     -0.760431945    
   14.6500006     -0.760154366    
   14.6600008     -0.759947538    
   14.6700010     -0.759731829    
   14.6800013     -0.759541094    
   14.6900015     -0.759623647    
   14.7000008     -0.759739399    
   14.7100010     -0.759838104    
   14.7200012     -0.759789169    
   14.7300014     -0.759528220    
   14.7400007     -0.759168684    
   14.7500010     -0.759084105    
   14.7600012     -0.758918524    
   14.7700014     -0.758686543    
   14.7800007     -0.758338153    
   14.7900009     -0.757726192    
   14.8000011     -0.756835282    
   14.8100014     -0.755936146    
   14.8200006     -0.755150855    
   14.8300009     -0.754659712    
   14.8400011     -0.754097939    
   14.8500013     -0.753649831    
   14.8600006     -0.753044665    
   14.8700008     -0.752380013    
   14.8800011     -0.751863480    
   14.8900013     -0.751611412    
   14.9000015     -0.751522481    
   14.9100008     -0.751590431    
   14.9200010     -0.751600504    
   14.9300013     -0.751619995    
   14.9400015     -0.751599967    
   14.9500008     -0.751599967    
   14.9600010     -0.751481473    
   14.9700012     -0.751438200    
   14.9800014     -0.751367807    
   14.9900007     -0.751162052    
   15.0000010     -0.750770569    
   15.0100012     -0.750309169    
   15.0200014     -0.749942183    
   15.0300007     -0.749548376    
   15.0400009     -0.749026060    
   15.0500011     -0.748332202    
   15.0600014     -0.747857034    
   15.0700006     -0.747456849    
   15.0800009     -0.747091115    
   15.0900011     -0.746870160    
   15.1000013     -0.746760488    
   15.1100006     -0.746666670    
   15.1200008     -0.746692717    
   15.1300011     -0.746572912    
   15.1400013     -0.746434152    
   15.1500015     -0.746258676    
   15.1600008     -0.746265292    
   15.1700010     -0.746263146    
   15.1800013     -0.746384501    
   15.1900015     -0.746427536    
   15.2000008     -0.746365190    
   15.2100010     -0.746152520    
   15.2200012     -0.746045589    
   15.2300014     -0.746251464    
   15.2400007     -0.746511221    
   15.2500010     -0.746662259    
   15.2600012     -0.746919215    
   15.2700014     -0.747007430    
   15.2800007     -0.747186065    
   15.2900009     -0.747286022    
   15.3000011     -0.747349262    
   15.3100014     -0.747283816    
   15.3200006     -0.747370839    
   15.3300009     -0.747295320    
   15.3400011     -0.746888518    
   15.3500013     -0.746307850    
   15.3600006     -0.745722055    
   15.3700008     -0.745061815    
   15.3800011     -0.744260252    
   15.3900013     -0.743459821    
   15.4000015     -0.742501616    
   15.4100008     -0.741393030    
   15.4200010     -0.740482211    
   15.4300013     -0.739460409    
   15.4400015     -0.738471925    
   15.4500008     -0.737435997    
   15.4600010     -0.736637056    
   15.4700012     -0.736056268    
   15.4800014     -0.735538125    
   15.4900007     -0.735275388    
   15.5000010     -0.734939396    
   15.5100012     -0.734768331    
   15.5200014     -0.734789193    
   15.5300007     -0.734848261    
   15.5400009     -0.735028863    
   15.5500011     -0.735208333    
   15.5600014     -0.735349000    
   15.5700006     -0.735378146    
   15.5800009     -0.735331953    
   15.5900011     -0.735208929    
   15.6000013     -0.734971225    
   15.6100016     -0.734666348    
   15.6200008     -0.734448075    
   15.6300011     -0.734412253    
   15.6400013     -0.734377503    
   15.6500015     -0.734605908    
   15.6600008     -0.734959662    
   15.6700010     -0.735390306    
   15.6800013     -0.735841095    
   15.6900015     -0.736380458    
   15.7000008     -0.737017512    
   15.7100010     -0.737890899    
   15.7200012     -0.738953590    
   15.7300014     -0.739894211    
   15.7400007     -0.740722597    
   15.7500010     -0.741445005    
   15.7600012     -0.741837382    
   15.7700014     -0.742232621    
   15.7800007     -0.742447436    
   15.7900009     -0.742480874    
   15.8000011     -0.742495656    
   15.8100014     -0.742470264    
   15.8200006     -0.742255628    
   15.8300009     -0.741952181    
   15.8400011     -0.741525471    
   15.8500013     -0.741099179    
   15.8600016     -0.740814209    
   15.8700008     -0.740518212    
   15.8800011     -0.740161598    
   15.8900013     -0.739995182    
   15.9000015     -0.739958048    
   15.9100008     -0.739932179    
   15.9200010     -0.739853442    
   15.9300013     -0.739867210    
   15.9400015     -0.739830077    
   15.9500008     -0.739946365    
   15.9600010     -0.740001559    
   15.9700012     -0.739785492    
   15.9800014     -0.739441693    
   15.9900007     -0.739012539    
