0.00000000 0.999483
1.00000007E-02 0.995844
2.00000014E-02 0.993618
3.00000012E-02 0.992113
4.00000028E-02 0.991233
5.00000045E-02 0.990684
6.00000024E-02 0.990145
7.00000077E-02 0.98965
8.00000057E-02 0.988925
9.00000036E-02 0.988208
0.100000009 0.987436
0.110000007 0.986651
0.120000005 0.986144
0.130000010 0.985537
0.140000015 0.985126
0.150000006 0.9846
0.160000011 0.984079
0.170000017 0.983443
0.180000007 0.982908
0.190000013 0.982239
0.200000018 0.981747
0.210000008 0.981354
0.220000014 0.980869
0.230000019 0.980165
0.240000010 0.979442
0.250000030 0.978827
0.260000020 0.978084
0.270000011 0.977325
0.280000031 0.976816
0.290000021 0.97636
0.300000012 0.975914
0.310000032 0.975426
0.320000023 0.974886
0.330000013 0.974176
0.340000033 0.973617
0.350000024 0.973018
0.360000014 0.972572
0.370000035 0.972079
0.380000025 0.971868
0.390000015 0.971446
0.400000036 0.970833
0.410000026 0.970143
0.420000017 0.969725
0.430000037 0.96936
0.440000027 0.969023
0.450000018 0.968628
0.460000038 0.968355
0.470000029 0.967862
0.480000019 0.967567
0.490000039 0.966879
0.500000060 0.966254
0.510000050 0.965605
0.520000041 0.9652
0.530000031 0.964678
0.540000021 0.964123
0.550000012 0.963608
0.560000062 0.963134
0.570000052 0.962567
0.580000043 0.962112
0.590000033 0.961709
0.600000024 0.961302
0.610000014 0.960962
0.620000064 0.960473
0.630000055 0.959817
0.640000045 0.959302
0.650000036 0.958825
0.660000026 0.958516
0.670000076 0.958213
0.680000067 0.957949
0.690000057 0.957349
0.700000048 0.956967
0.710000038 0.956523
0.720000029 0.955921
0.730000079 0.955551
0.740000069 0.954999
0.750000060 0.954525
0.760000050 0.954126
0.770000041 0.953578
0.780000031 0.953309
0.790000081 0.953036
0.800000072 0.952552
0.810000062 0.952202
0.820000052 0.951754
0.830000043 0.951473
0.840000033 0.950962
0.850000083 0.950346
0.860000074 0.949881
0.870000064 0.949445
0.880000055 0.948989
0.890000045 0.948635
0.900000036 0.948071
0.910000086 0.947603
0.920000076 0.947005
0.930000067 0.9465
0.940000057 0.946023
0.950000048 0.945404
0.960000038 0.944894
0.970000088 0.944578
0.980000079 0.944047
0.990000069 0.943648
1.00000012 0.943167
1.01000011 0.942592
1.02000010 0.942225
1.03000009 0.941761
1.04000008 0.941177
1.05000007 0.940791
1.06000006 0.94033
1.07000005 0.939994
1.08000004 0.939655
1.09000003 0.939341
1.10000002 0.938941
1.11000013 0.938561
1.12000012 0.938005
1.13000011 0.937399
1.14000010 0.936919
1.15000010 0.936562
1.16000009 0.936169
1.17000008 0.935703
1.18000007 0.935352
1.19000006 0.934846
1.20000005 0.93457
1.21000004 0.934126
1.22000003 0.933803
1.23000014 0.933444
1.24000013 0.933057
1.25000012 0.93261
1.26000011 0.932341
1.27000010 0.931758
1.28000009 0.931119
1.29000008 0.930735
1.30000007 0.930444
1.31000006 0.930013
1.32000005 0.929506
1.33000004 0.929129
1.34000015 0.928759
1.35000014 0.928314
1.36000013 0.927809
1.37000012 0.92725
1.38000011 0.926904
1.39000010 0.926721
1.40000010 0.926142
1.41000009 0.925633
1.42000008 0.925071
1.43000007 0.924568
1.44000006 0.924199
1.45000005 0.923915
1.46000016 0.923528
1.47000015 0.923125
1.48000014 0.922898
1.49000013 0.922531
1.50000012 0.922087
1.51000011 0.921517
1.52000010 0.921192
1.53000009 0.920942
1.54000008 0.920585
1.55000007 0.920269
1.56000006 0.919742
1.57000005 0.919138
1.58000016 0.918689
1.59000015 0.918311
1.60000014 0.917905
1.61000013 0.917537
1.62000012 0.917143
1.63000011 0.916819
1.64000010 0.916429
1.65000010 0.915789
1.66000009 0.915135
1.67000008 0.914765
1.68000007 0.914327
1.69000018 0.914235
1.70000017 0.913911
1.71000016 0.913209
1.72000015 0.912794
1.73000014 0.912257
1.74000013 0.911666
1.75000012 0.911166
1.76000011 0.910754
1.77000010 0.910079
1.78000009 0.909657
1.79000008 0.909038
1.80000007 0.908612
1.81000018 0.908144
1.82000017 0.907806
1.83000016 0.907524
1.84000015 0.907269
1.85000014 0.907
1.86000013 0.906364
1.87000012 0.90587
1.88000011 0.905361
1.89000010 0.905015
1.90000010 0.904572
1.91000009 0.904275
1.92000008 0.903911
1.93000019 0.903474
1.94000018 0.903062
1.95000017 0.902627
1.96000016 0.902252
1.97000015 0.901898
1.98000014 0.901463
1.99000013 0.900904
2.00000024 0.900547
2.01000023 0.900227
2.02000022 0.900038
2.03000021 0.89975
2.04000020 0.899283
2.05000019 0.898741
2.06000018 0.898311
2.07000017 0.89793
2.08000016 0.897802
2.09000015 0.897561
2.10000014 0.897147
2.11000013 0.896502
2.12000012 0.895903
2.13000011 0.895443
2.14000010 0.895263
2.15000010 0.894989
2.16000009 0.894681
2.17000008 0.894356
2.18000007 0.89385
2.19000006 0.893169
2.20000005 0.89273
2.21000004 0.892598
2.22000027 0.892073
2.23000026 0.891549
2.24000025 0.891266
2.25000024 0.890841
2.26000023 0.890513
2.27000022 0.890231
2.28000021 0.889903
2.29000020 0.889511
2.30000019 0.889093
2.31000018 0.888852
2.32000017 0.888481
2.33000016 0.887993
2.34000015 0.887483
2.35000014 0.88719
2.36000013 0.886829
2.37000012 0.886403
2.38000011 0.885911
2.39000010 0.885591
2.40000010 0.885194
2.41000009 0.884783
2.42000008 0.884477
2.43000007 0.884093
2.44000006 0.88353
2.45000029 0.883078
2.46000028 0.88269
2.47000027 0.882495
2.48000026 0.882237
2.49000025 0.881861
2.50000024 0.881463
2.51000023 0.881002
2.52000022 0.880488
2.53000021 0.88022
2.54000020 0.879859
2.55000019 0.879511
2.56000018 0.879153
2.57000017 0.878755
2.58000016 0.87849
2.59000015 0.877975
2.60000014 0.877618
2.61000013 0.877126
2.62000012 0.876716
2.63000011 0.876359
2.64000010 0.876035
2.65000010 0.87571
2.66000009 0.875391
2.67000008 0.87503
2.68000031 0.874511
2.69000030 0.874119
2.70000029 0.873513
2.71000028 0.873083
2.72000027 0.872603
2.73000026 0.872149
2.74000025 0.871705
2.75000024 0.871441
2.76000023 0.871172
2.77000022 0.870744
2.78000021 0.870439
2.79000020 0.869972
2.80000019 0.869472
2.81000018 0.868923
2.82000017 0.868486
2.83000016 0.86816
2.84000015 0.86778
2.85000014 0.867573
2.86000013 0.867243
2.87000012 0.86696
2.88000011 0.866641
2.89000010 0.866172
2.90000010 0.86576
2.91000032 0.865374
2.92000031 0.864952
2.93000031 0.864572
2.94000030 0.864127
2.95000029 0.863812
2.96000028 0.863438
2.97000027 0.862851
2.98000026 0.862423
2.99000025 0.86193
3.00000024 0.861608
3.01000023 0.861145
3.02000022 0.860753
3.03000021 0.860372
3.04000020 0.860013
3.05000019 0.859656
3.06000018 0.859119
3.07000017 0.85864
3.08000016 0.858196
3.09000015 0.85796
3.10000014 0.857654
3.11000013 0.857311
3.12000012 0.85679
3.13000011 0.856328
3.14000010 0.855932
3.15000033 0.855735
3.16000032 0.855413
3.17000031 0.85501
3.18000031 0.854593
3.19000030 0.854235
3.20000029 0.853811
3.21000028 0.853517
3.22000027 0.853059
3.23000026 0.852591
3.24000025 0.852477
3.25000024 0.85209
3.26000023 0.851576
3.27000022 0.851169
3.28000021 0.850818
3.29000020 0.850455
3.30000019 0.850003
3.31000018 0.849468
3.32000017 0.849027
3.33000016 0.848545
3.34000015 0.84821
3.35000014 0.847986
3.36000013 0.847616
3.37000012 0.847157
3.38000035 0.846653
3.39000034 0.846358
3.40000033 0.84621
3.41000032 0.845863
3.42000031 0.845494
3.43000031 0.845106
3.44000030 0.844598
3.45000029 0.843978
3.46000028 0.843454
3.47000027 0.843059
3.48000026 0.842642
3.49000025 0.842171
3.50000024 0.84207
3.51000023 0.841886
3.52000022 0.841571
3.53000021 0.841282
3.54000020 0.841109
3.55000019 0.840846
3.56000018 0.840503
3.57000017 0.840075
3.58000016 0.839482
3.59000015 0.839283
3.60000014 0.838903
3.61000037 0.838687
3.62000036 0.838452
3.63000035 0.838123
3.64000034 0.837875
3.65000033 0.837596
3.66000032 0.836955
3.67000031 0.836699
3.68000031 0.836377
3.69000030 0.835919
3.70000029 0.835575
3.71000028 0.835292
3.72000027 0.834891
3.73000026 0.834539
3.74000025 0.834382
3.75000024 0.83402
3.76000023 0.833642
3.77000022 0.83343
3.78000021 0.833057
3.79000020 0.832879
3.80000019 0.832585
3.81000018 0.83216
3.82000017 0.831774
3.83000016 0.831456
3.84000015 0.831048
3.85000038 0.830723
3.86000037 0.830451
3.87000036 0.830155
3.88000035 0.829845
3.89000034 0.829525
3.90000033 0.828977
3.91000032 0.828753
3.92000031 0.828432
3.93000031 0.828101
3.94000030 0.827787
3.95000029 0.827525
3.96000028 0.827025
3.97000027 0.826526
3.98000026 0.826085
3.99000025 0.825813
4.00000048 0.825304
4.01000023 0.825079
4.02000046 0.824962
4.03000021 0.824502
4.04000044 0.824084
4.05000019 0.823527
4.06000042 0.823065
4.07000017 0.822844
4.08000040 0.822487
4.09000015 0.822244
4.10000038 0.821841
4.11000013 0.82151
4.12000036 0.821263
4.13000011 0.821224
4.14000034 0.820821
4.15000010 0.820593
4.16000032 0.820174
4.17000008 0.819641
4.18000031 0.819096
4.19000053 0.818976
4.20000029 0.818748
4.21000051 0.818465
4.22000027 0.818186
4.23000050 0.817746
4.24000025 0.817447
4.25000048 0.817185
4.26000023 0.816542
4.27000046 0.816196
4.28000021 0.815901
4.29000044 0.815378
4.30000019 0.814952
4.31000042 0.814704
4.32000017 0.814433
4.33000040 0.814197
4.34000015 0.813748
4.35000038 0.813262
4.36000013 0.812963
4.37000036 0.812319
4.38000011 0.811958
4.39000034 0.811503
4.40000010 0.811245
4.41000032 0.810858
4.42000008 0.810452
4.43000031 0.810105
4.44000053 0.809664
4.45000029 0.809405
4.46000051 0.808868
4.47000027 0.80828
4.48000050 0.807796
4.49000025 0.807468
4.50000048 0.807194
4.51000023 0.807067
4.52000046 0.806834
4.53000021 0.806493
4.54000044 0.805921
4.55000019 0.805425
4.56000042 0.805127
4.57000017 0.804624
4.58000040 0.804209
4.59000015 0.804069
4.60000038 0.803943
4.61000013 0.80353
4.62000036 0.803117
4.63000011 0.802989
4.64000034 0.802817
4.65000010 0.802603
4.66000032 0.802185
4.67000055 0.801772
4.68000031 0.8012
4.69000053 0.800986
4.70000029 0.800774
4.71000051 0.800532
4.72000027 0.800216
4.73000050 0.799701
4.74000025 0.799085
4.75000048 0.798562
4.76000023 0.79831
4.77000046 0.797846
4.78000021 0.797678
4.79000044 0.797213
4.80000019 0.797079
4.81000042 0.796816
4.82000017 0.796366
4.83000040 0.796152
4.84000015 0.795875
4.85000038 0.795572
4.86000013 0.795526
4.87000036 0.795199
4.88000011 0.794779
4.89000034 0.794391
4.90000057 0.794042
4.91000032 0.793604
4.92000055 0.793352
4.93000031 0.793034
4.94000053 0.792882
4.95000029 0.792804
4.96000051 0.792367
4.97000027 0.792123
4.98000050 0.791889
4.99000025 0.791719
5.00000048 0.791314
5.01000023 0.790881
5.02000046 0.790337
5.03000021 0.790029
5.04000044 0.789802
5.05000019 0.789405
5.06000042 0.789135
5.07000017 0.78872
5.08000040 0.788469
5.09000015 0.787822
5.10000038 0.787512
5.11000013 0.787338
5.12000036 0.787103
5.13000059 0.786495
5.14000034 0.786062
5.15000057 0.785449
5.16000032 0.784881
5.17000055 0.784499
5.18000031 0.784279
5.19000053 0.783892
5.20000029 0.783539
5.21000051 0.783458
5.22000027 0.783198
5.23000050 0.783093
5.24000025 0.782773
5.25000048 0.782317
5.26000023 0.781986
5.27000046 0.78145
5.28000021 0.780803
5.29000044 0.780317
5.30000019 0.779876
5.31000042 0.779591
5.32000017 0.779478
5.33000040 0.779408
5.34000015 0.779232
5.35000038 0.778883
5.36000061 0.778394
5.37000036 0.777901
5.38000059 0.777597
5.39000034 0.777339
5.40000057 0.77705
5.41000032 0.776642
5.42000055 0.776365
5.43000031 0.775981
5.44000053 0.775565
5.45000029 0.77545
5.46000051 0.775295
5.47000027 0.774932
5.48000050 0.774518
5.49000025 0.773894
5.50000048 0.773552
5.51000023 0.773088
5.52000046 0.772868
5.53000021 0.772499
5.54000044 0.772144
5.55000019 0.771548
5.56000042 0.771365
5.57000017 0.770981
5.58000040 0.770873
5.59000063 0.770582
5.60000038 0.77038
5.61000061 0.769804
5.62000036 0.769426
5.63000059 0.769164
5.64000034 0.768928
5.65000057 0.768645
5.66000032 0.76842
5.67000055 0.768175
5.68000031 0.767784
5.69000053 0.76733
5.70000029 0.766933
5.71000051 0.766771
5.72000027 0.766499
5.73000050 0.76602
5.74000025 0.76557
5.75000048 0.765131
5.76000023 0.764529
5.77000046 0.76437
5.78000021 0.763822
5.79000044 0.763493
5.80000019 0.76325
5.81000042 0.763109
5.82000065 0.762599
5.83000040 0.762265
5.84000063 0.761836
5.85000038 0.761496
5.86000061 0.761088
5.87000036 0.760836
5.88000059 0.7604
5.89000034 0.759911
5.90000057 0.75981
5.91000032 0.759699
5.92000055 0.759209
5.93000031 0.758808
5.94000053 0.758607
5.95000029 0.758428
5.96000051 0.758068
5.97000027 0.757976
5.98000050 0.757936
5.99000025 0.757447
6.00000048 0.757114
6.01000023 0.756702
6.02000046 0.756456
6.03000021 0.756504
6.04000044 0.756355
6.05000019 0.756076
6.06000042 0.755875
6.07000065 0.755516
6.08000040 0.755318
6.09000063 0.754913
6.10000038 0.754644
6.11000061 0.754206
6.12000036 0.753858
6.13000059 0.753514
6.14000034 0.753561
6.15000057 0.753375
6.16000032 0.752947
6.17000055 0.75242
6.18000031 0.751922
6.19000053 0.752022
6.20000029 0.752239
6.21000051 0.752041
6.22000027 0.751724
6.23000050 0.751292
6.24000025 0.75108
6.25000048 0.75081
6.26000023 0.750509
6.27000046 0.750347
6.28000021 0.750099
6.29000044 0.749853
6.30000067 0.749326
6.31000042 0.749036
6.32000065 0.748748
6.33000040 0.748162
6.34000063 0.74766
6.35000038 0.747376
6.36000061 0.747223
6.37000036 0.746853
6.38000059 0.74664
6.39000034 0.746362
6.40000057 0.746183
6.41000032 0.746017
6.42000055 0.746047
6.43000031 0.745665
6.44000053 0.74524
6.45000029 0.74524
6.46000051 0.745053
6.47000027 0.744912
6.48000050 0.744762
6.49000025 0.744525
6.50000048 0.744213
6.51000023 0.743493
6.52000046 0.743455
6.53000069 0.743412
6.54000044 0.743105
6.55000067 0.742755
6.56000042 0.742346
6.57000065 0.742157
6.58000040 0.741869
6.59000063 0.741517
6.60000038 0.741148
6.61000061 0.740909
6.62000036 0.740989
6.63000059 0.740654
6.64000034 0.740632
6.65000057 0.740561
6.66000032 0.740436
6.67000055 0.740273
6.68000031 0.740188
6.69000053 0.740164
6.70000029 0.740125
6.71000051 0.739744
6.72000027 0.739258
6.73000050 0.739227
6.74000025 0.73898
6.75000048 0.738771
6.76000071 0.738218
6.77000046 0.738127
6.78000069 0.737595
6.79000044 0.737417
6.80000067 0.737412
6.81000042 0.737086
6.82000065 0.73683
6.83000040 0.736664
6.84000063 0.736473
6.85000038 0.736198
6.86000061 0.735901
6.87000036 0.73578
6.88000059 0.735512
6.89000034 0.734978
6.90000057 0.734831
6.91000032 0.734728
6.92000055 0.734438
6.93000031 0.734246
6.94000053 0.733923
6.95000029 0.73345
6.96000051 0.73324
6.97000027 0.73331
6.98000050 0.733126
6.99000072 0.73295
7.00000048 0.73288
7.01000071 0.73261
7.02000046 0.732125
7.03000069 0.731675
7.04000044 0.731609
7.05000067 0.731579
7.06000042 0.731669
7.07000065 0.731637
7.08000040 0.731447
7.09000063 0.73106
7.10000038 0.730681
7.11000061 0.730419
7.12000036 0.730149
7.13000059 0.730192
7.14000034 0.730184
7.15000057 0.730045
7.16000032 0.730153
7.17000055 0.729996
7.18000031 0.729747
7.19000053 0.729378
7.20000029 0.729076
7.21000051 0.729125
7.22000074 0.728606
7.23000050 0.728548
7.24000072 0.728307
7.25000048 0.728149
7.26000071 0.728025
7.27000046 0.72819
7.28000069 0.72788
7.29000044 0.727394
7.30000067 0.727177
7.31000042 0.727034
7.32000065 0.726779
7.33000040 0.726532
7.34000063 0.726208
7.35000038 0.72593
7.36000061 0.725568
7.37000036 0.725409
7.38000059 0.725007
7.39000034 0.724852
7.40000057 0.724529
7.41000032 0.723751
7.42000055 0.72351
7.43000031 0.723368
7.44000053 0.722821
7.45000076 0.72267
7.46000051 0.722486
7.47000074 0.722253
7.48000050 0.721811
7.49000072 0.721308
7.50000048 0.721015
7.51000071 0.72113
7.52000046 0.720932
7.53000069 0.721051
7.54000044 0.720776
7.55000067 0.720885
7.56000042 0.720512
7.57000065 0.720373
7.58000040 0.720182
7.59000063 0.720147
7.60000038 0.71965
7.61000061 0.719112
7.62000036 0.71931
7.63000059 0.719441
7.64000034 0.719193
7.65000057 0.719002
7.66000032 0.719102
7.67000055 0.719151
7.68000031 0.718913
7.69000053 0.718806
7.70000076 0.718313
7.71000051 0.717908
7.72000074 0.717868
7.73000050 0.717864
7.74000072 0.717553
7.75000048 0.717342
7.76000071 0.717263
7.77000046 0.716724
7.78000069 0.716679
7.79000044 0.716286
7.80000067 0.715806
7.81000042 0.715512
7.82000065 0.715247
7.83000040 0.715098
7.84000063 0.714758
7.85000038 0.713929
7.86000061 0.713468
7.87000036 0.712957
7.88000059 0.712737
7.89000034 0.712591
7.90000057 0.712125
7.91000032 0.711561
7.92000055 0.710907
7.93000078 0.710604
7.94000053 0.710336
7.95000076 0.710382
7.96000051 0.710061
7.97000074 0.709541
7.98000050 0.709067
7.99000072 0.70893
8.00000095 0.708248
8.01000023 0.708045
8.02000046 0.707883
8.03000069 0.707851
8.04000092 0.707595
8.05000019 0.707325
8.06000042 0.707425
8.07000065 0.707088
8.08000088 0.706744
8.09000015 0.706379
8.10000038 0.706509
8.11000061 0.706207
8.12000084 0.70545
8.13000011 0.704901
8.14000034 0.704772
8.15000057 0.704576
8.16000080 0.704137
8.17000103 0.704117
8.18000031 0.703689
8.19000053 0.703381
8.20000076 0.702548
8.21000099 0.702499
8.22000027 0.702179
8.23000050 0.702079
8.24000072 0.701347
8.25000095 0.701513
8.26000023 0.701214
8.27000046 0.701099
8.28000069 0.701072
8.29000092 0.700558
8.30000019 0.700535
8.31000042 0.700246
8.32000065 0.700075
8.33000088 0.699846
8.34000015 0.699447
8.35000038 0.699116
8.36000061 0.698941
8.37000084 0.698609
8.38000107 0.698586
8.39000034 0.698059
8.40000057 0.698056
8.41000080 0.697768
8.42000103 0.697451
8.43000031 0.697367
8.44000053 0.697207
8.45000076 0.697112
8.46000099 0.696754
8.47000027 0.696664
8.48000050 0.696243
8.49000072 0.695738
8.50000095 0.69563
8.51000023 0.695371
8.52000046 0.695025
8.53000069 0.694648
8.54000092 0.694365
8.55000019 0.694032
8.56000042 0.693647
8.57000065 0.693306
8.58000088 0.693146
8.59000015 0.692885
8.60000038 0.692702
8.61000061 0.692274
8.62000084 0.692135
8.63000107 0.691878
8.64000034 0.691496
8.65000057 0.690678
8.66000080 0.690557
8.67000103 0.690259
8.68000031 0.689835
8.69000053 0.689633
8.70000076 0.689487
8.71000099 0.68931
8.72000027 0.68907
8.73000050 0.689029
8.74000072 0.689047
8.75000095 0.689003
8.76000023 0.688749
8.77000046 0.688552
8.78000069 0.688381
8.79000092 0.68843
8.80000019 0.687903
8.81000042 0.687622
8.82000065 0.687193
8.83000088 0.687203
8.84000015 0.687008
8.85000038 0.686624
8.86000061 0.68627
8.87000084 0.686238
8.88000107 0.686114
8.89000034 0.686203
8.90000057 0.686356
8.91000080 0.686084
8.92000103 0.68606
8.93000031 0.686143
8.94000053 0.686099
8.95000076 0.686032
8.96000099 0.685799
8.97000027 0.685287
8.98000050 0.685459
8.99000072 0.685726
9.00000095 0.685677
9.01000023 0.685603
9.02000046 0.685124
9.03000069 0.684892
9.04000092 0.684666
9.05000019 0.684635
9.06000042 0.68442
9.07000065 0.683974
9.08000088 0.68366
9.09000111 0.683231
9.10000038 0.6835
9.11000061 0.683843
9.12000084 0.684092
9.13000107 0.683617
9.14000034 0.683333
9.15000057 0.683039
9.16000080 0.682542
9.17000103 0.682109
9.18000031 0.682112
9.19000053 0.681937
9.20000076 0.681741
9.21000099 0.681626
9.22000027 0.681323
9.23000050 0.681522
9.24000072 0.681578
9.25000095 0.681158
9.26000023 0.680779
9.27000046 0.680271
9.28000069 0.680151
9.29000092 0.680054
9.30000019 0.679853
9.31000042 0.679912
9.32000065 0.679456
9.33000088 0.679245
9.34000111 0.679166
9.35000038 0.679179
9.36000061 0.678909
9.37000084 0.67901
9.38000107 0.678629
9.39000034 0.678488
9.40000057 0.678276
9.41000080 0.678224
9.42000103 0.677935
9.43000031 0.67755
9.44000053 0.677127
9.45000076 0.67715
9.46000099 0.676774
9.47000027 0.676918
9.48000050 0.67649
9.49000072 0.676441
9.50000095 0.675926
9.51000023 0.67571
9.52000046 0.67576
9.53000069 0.675729
9.54000092 0.675775
9.55000114 0.67579
9.56000042 0.675826
9.57000065 0.675578
9.58000088 0.675332
9.59000111 0.675187
9.60000038 0.674999
9.61000061 0.674992
9.62000084 0.675122
9.63000107 0.674897
9.64000034 0.674432
9.65000057 0.67438
9.66000080 0.674029
9.67000103 0.673832
9.68000031 0.673659
9.69000053 0.673636
9.70000076 0.673264
9.71000099 0.673
9.72000027 0.673272
9.73000050 0.673405
9.74000072 0.673175
9.75000095 0.673013
9.76000023 0.672937
9.77000046 0.672872
9.78000069 0.67272
9.79000092 0.672259
9.80000114 0.672399
9.81000042 0.67213
9.82000065 0.671682
9.83000088 0.671801
9.84000111 0.671606
9.85000038 0.67107
9.86000061 0.670824
9.87000084 0.670825
9.88000107 0.67074
9.89000034 0.670291
9.90000057 0.670241
9.91000080 0.670113
9.92000103 0.67026
9.93000031 0.670334
9.94000053 0.670463
9.95000076 0.66998
9.96000099 0.670043
9.97000027 0.66991
9.98000050 0.669275
9.99000072 0.668189
10.0000010 0.668133
10.0100012 0.667957
10.0200005 0.66798
10.0300007 0.667784
10.0400009 0.667544
10.0500011 0.666939
10.0600004 0.666544
10.0700006 0.666626
10.0800009 0.666698
10.0900011 0.666805
10.1000004 0.666712
10.1100006 0.666652
10.1200008 0.666191
10.1300011 0.665837
10.1400003 0.665823
10.1500006 0.665649
10.1600008 0.665421
10.1700010 0.665155
10.1800003 0.665229
10.1900005 0.664504
10.2000008 0.664422
10.2100010 0.664877
10.2200003 0.66474
10.2300005 0.66474
10.2400007 0.664586
10.2500010 0.664295
10.2600012 0.663858
10.2700005 0.663521
10.2800007 0.663024
10.2900009 0.663042
10.3000011 0.662897
10.3100004 0.662895
10.3200006 0.662983
10.3300009 0.662576
10.3400011 0.661916
10.3500004 0.661371
10.3600006 0.661638
10.3700008 0.661587
10.3800011 0.66162
10.3900003 0.661496
10.4000006 0.661133
10.4100008 0.66078
10.4200010 0.660521
10.4300003 0.660509
10.4400005 0.660384
10.4500008 0.659961
10.4600010 0.659488
10.4700003 0.659196
10.4800005 0.658853
10.4900007 0.658622
10.5000010 0.658417
10.5100012 0.657743
10.5200005 0.65709
10.5300007 0.656664
10.5400009 0.656571
10.5500011 0.656472
10.5600004 0.656138
10.5700006 0.656067
10.5800009 0.655918
10.5900011 0.655816
10.6000004 0.655667
10.6100006 0.655325
10.6200008 0.654975
10.6300011 0.654727
10.6400003 0.654647
10.6500006 0.654612
10.6600008 0.654181
10.6700010 0.654086
10.6800003 0.653821
10.6900005 0.653069
10.7000008 0.652817
10.7100010 0.652556
10.7200012 0.652545
10.7300005 0.65236
10.7400007 0.652194
10.7500010 0.652005
10.7600012 0.652243
10.7700005 0.652062
10.7800007 0.651524
10.7900009 0.651189
10.8000011 0.651027
10.8100004 0.650743
10.8200006 0.650669
10.8300009 0.650777
10.8400011 0.65092
10.8500004 0.650676
10.8600006 0.650707
10.8700008 0.650724
10.8800011 0.650523
10.8900003 0.650323
10.9000006 0.649556
10.9100008 0.648712
10.9200010 0.648476
10.9300003 0.648011
10.9400005 0.647553
10.9500008 0.647549
10.9600010 0.647311
10.9700012 0.647346
10.9800005 0.647122
10.9900007 0.646696
11.0000010 0.646546
11.0100012 0.646604
11.0200005 0.646475
11.0300007 0.646432
11.0400009 0.646536
11.0500011 0.646534
11.0600004 0.645766
11.0700006 0.645615
11.0800009 0.645887
11.0900011 0.645572
11.1000004 0.645582
11.1100006 0.645349
11.1200008 0.64524
11.1300011 0.64522
11.1400003 0.64495
11.1500006 0.644768
11.1600008 0.644476
11.1700010 0.643928
11.1800013 0.644122
11.1900005 0.643602
11.2000008 0.643775
11.2100010 0.643828
11.2200012 0.643549
11.2300005 0.64327
11.2400007 0.643219
11.2500010 0.643012
11.2600012 0.642698
11.2700005 0.642367
11.2800007 0.642219
11.2900009 0.641685
11.3000011 0.641685
11.3100004 0.641656
11.3200006 0.641093
11.3300009 0.640872
11.3400011 0.640568
11.3500004 0.640163
11.3600006 0.640145
11.3700008 0.639609
11.3800011 0.63969
11.3900003 0.639508
11.4000006 0.639343
11.4100008 0.639051
11.4200010 0.638601
11.4300013 0.638123
11.4400005 0.637933
11.4500008 0.637913
11.4600010 0.637308
11.4700012 0.63778
11.4800005 0.637634
11.4900007 0.637614
11.5000010 0.636812
11.5100012 0.636643
11.5200005 0.636121
11.5300007 0.636102
11.5400009 0.635927
11.5500011 0.636089
11.5600004 0.635524
11.5700006 0.635107
11.5800009 0.634831
11.5900011 0.634188
11.6000004 0.633702
11.6100006 0.633568
11.6200008 0.633313
11.6300011 0.633102
11.6400013 0.633201
11.6500006 0.632939
11.6600008 0.632508
11.6700010 0.632263
11.6800013 0.632224
11.6900005 0.632301
11.7000008 0.632164
11.7100010 0.632599
11.7200012 0.632556
11.7300005 0.632087
11.7400007 0.631551
11.7500010 0.63124
11.7600012 0.631022
11.7700005 0.63095
11.7800007 0.630561
11.7900009 0.630656
11.8000011 0.630005
11.8100004 0.629968
11.8200006 0.62999
11.8300009 0.629978
11.8400011 0.629738
11.8500004 0.629467
11.8600006 0.629047
11.8700008 0.628843
11.8800011 0.628567
11.8900013 0.628547
11.9000006 0.628704
11.9100008 0.6287
11.9200010 0.628437
11.9300013 0.6287
11.9400005 0.628459
11.9500008 0.628176
11.9600010 0.628307
11.9700012 0.627941
11.9800005 0.627318
11.9900007 0.626655
12.0000010 0.626486
12.0100012 0.625943
12.0200005 0.625979
12.0300007 0.625989
12.0400009 0.625933
12.0500011 0.625656
12.0600004 0.624952
12.0700006 0.624816
12.0800009 0.624172
12.0900011 0.623889
12.1000004 0.624004
12.1100006 0.623904
12.1200008 0.623438
12.1300011 0.622824
12.1400013 0.622444
12.1500006 0.622734
12.1600008 0.622376
12.1700010 0.621986
12.1800013 0.621293
12.1900005 0.621225
12.2000008 0.620702
12.2100010 0.620301
12.2200012 0.620334
12.2300005 0.620094
12.2400007 0.619892
12.2500010 0.619507
12.2600012 0.619925
12.2700005 0.619356
12.2800007 0.619375
12.2900009 0.619397
12.3000011 0.618893
12.3100004 0.618936
12.3200006 0.618492
12.3300009 0.61802
12.3400011 0.617623
12.3500013 0.617235
12.3600006 0.616851
12.3700008 0.616472
12.3800011 0.615946
12.3900013 0.615731
12.4000006 0.615641
12.4100008 0.615216
12.4200010 0.614774
12.4300013 0.614139
12.4400005 0.614001
12.4500008 0.613824
12.4600010 0.613532
12.4700012 0.613214
12.4800005 0.612638
12.4900007 0.612492
12.5000010 0.61209
12.5100012 0.611542
12.5200005 0.611132
12.5300007 0.610695
12.5400009 0.610661
12.5500011 0.610161
12.5600004 0.609394
12.5700006 0.609395
12.5800009 0.60914
12.5900011 0.608714
12.6000013 0.608319
12.6100006 0.608379
12.6200008 0.608067
12.6300011 0.608269
12.6400013 0.608364
12.6500006 0.608241
12.6600008 0.608401
12.6700010 0.607779
12.6800013 0.607469
12.6900005 0.60777
12.7000008 0.607498
12.7100010 0.607282
12.7200012 0.606389
12.7300005 0.605422
12.7400007 0.604816
12.7500010 0.604714
12.7600012 0.604862
12.7700005 0.60488
12.7800007 0.604245
12.7900009 0.603748
12.8000011 0.603339
12.8100014 0.603308
12.8200006 0.603375
12.8300009 0.60346
12.8400011 0.603385
12.8500013 0.603392
12.8600006 0.603446
12.8700008 0.603331
12.8800011 0.603272
12.8900013 0.602238
12.9000006 0.60208
12.9100008 0.602276
12.9200010 0.601555
12.9300013 0.600496
12.9400005 0.599851
12.9500008 0.600154
12.9600010 0.600629
12.9700012 0.600788
12.9800005 0.600106
12.9900007 0.599915
13.0000010 0.598815
13.0100012 0.598641
13.0200005 0.597894
13.0300007 0.597229
13.0400009 0.597566
13.0500011 0.596715
13.0600014 0.596438
13.0700006 0.59611
13.0800009 0.595552
13.0900011 0.595843
13.1000013 0.595963
13.1100006 0.596
13.1200008 0.5963
13.1300011 0.595928
13.1400013 0.595271
13.1500006 0.595095
13.1600008 0.595913
13.1700010 0.59631
13.1800013 0.595692
13.1900005 0.595829
13.2000008 0.596023
13.2100010 0.595533
13.2200012 0.595546
13.2300005 0.594916
13.2400007 0.594586
13.2500010 0.594148
13.2600012 0.594534
13.2700014 0.594541
13.2800007 0.594658
13.2900009 0.594615
13.3000011 0.594167
13.3100014 0.593884
13.3200006 0.593842
13.3300009 0.593998
13.3400011 0.594135
13.3500013 0.593954
13.3600006 0.593706
13.3700008 0.593305
13.3800011 0.592914
13.3900013 0.592322
13.4000006 0.592074
13.4100008 0.592071
13.4200010 0.592192
13.4300013 0.592035
13.4400005 0.591652
13.4500008 0.591179
13.4600010 0.590661
13.4700012 0.590086
13.4800005 0.589677
13.4900007 0.589386
13.5000010 0.589704
13.5100012 0.589307
13.5200014 0.588957
13.5300007 0.58871
13.5400009 0.588602
13.5500011 0.58845
13.5600014 0.587834
13.5700006 0.587611
13.5800009 0.58739
13.5900011 0.587259
13.6000013 0.587251
13.6100006 0.586974
13.6200008 0.586776
13.6300011 0.586259
13.6400013 0.586109
13.6500006 0.586307
13.6600008 0.586274
13.6700010 0.585236
13.6800013 0.584698
13.6900005 0.584538
13.7000008 0.583883
13.7100010 0.583162
13.7200012 0.582522
13.7300005 0.582835
13.7400007 0.582316
13.7500010 0.581973
13.7600012 0.581436
13.7700014 0.581889
13.7800007 0.581407
13.7900009 0.580751
13.8000011 0.58057
13.8100014 0.580545
13.8200006 0.580591
13.8300009 0.580122
13.8400011 0.580357
13.8500013 0.580041
13.8600006 0.579435
13.8700008 0.579022
13.8800011 0.579222
13.8900013 0.579164
13.9000006 0.578325
13.9100008 0.579492
13.9200010 0.57889
13.9300013 0.577664
13.9400005 0.577019
13.9500008 0.576571
13.9600010 0.576831
13.9700012 0.57677
13.9800014 0.576633
13.9900007 0.576514
14.0000010 0.576379
14.0100012 0.575546
14.0200014 0.575167
14.0300007 0.575462
14.0400009 0.575376
14.0500011 0.57472
14.0600014 0.573738
14.0700006 0.57319
14.0800009 0.572865
14.0900011 0.572456
14.1000013 0.573065
14.1100006 0.572809
14.1200008 0.572966
14.1300011 0.572068
14.1400013 0.572
14.1500006 0.572133
14.1600008 0.57192
14.1700010 0.571496
14.1800013 0.571303
14.1900005 0.57085
14.2000008 0.570261
14.2100010 0.569955
14.2200012 0.569449
14.2300014 0.569957
14.2400007 0.570016
14.2500010 0.56987
14.2600012 0.569543
14.2700014 0.568295
14.2800007 0.567944
14.2900009 0.567135
14.3000011 0.5667
14.3100014 0.565949
14.3200006 0.56555
14.3300009 0.5654
14.3400011 0.565425
14.3500013 0.564835
14.3600006 0.564458
14.3700008 0.564555
14.3800011 0.564987
14.3900013 0.564661
14.4000006 0.564791
14.4100008 0.56522
14.4200010 0.564488
14.4300013 0.56365
14.4400015 0.56317
14.4500008 0.562482
14.4600010 0.562937
14.4700012 0.563153
14.4800014 0.563441
14.4900007 0.563833
14.5000010 0.56331
14.5100012 0.562783
14.5200014 0.562718
14.5300007 0.562774
14.5400009 0.562846
14.5500011 0.562244
14.5600014 0.561913
14.5700006 0.562171
14.5800009 0.56263
14.5900011 0.561887
14.6000013 0.561987
14.6100006 0.561708
14.6200008 0.561518
14.6300011 0.56177
14.6400013 0.561618
14.6500006 0.561368
14.6600008 0.560983
14.6700010 0.560338
14.6800013 0.560244
14.6900015 0.560871
14.7000008 0.560568
14.7100010 0.560507
14.7200012 0.560444
14.7300014 0.560213
14.7400007 0.559296
14.7500010 0.558622
14.7600012 0.558472
14.7700014 0.558802
14.7800007 0.558757
14.7900009 0.558823
14.8000011 0.557864
14.8100014 0.557722
14.8200006 0.557779
14.8300009 0.558537
14.8400011 0.558837
14.8500013 0.558802
14.8600006 0.558613
14.8700008 0.558102
14.8800011 0.557517
14.8900013 0.557986
14.9000015 0.557699
14.9100008 0.557442
14.9200010 0.557521
14.9300013 0.556932
14.9400015 0.556189
14.9500008 0.55602
14.9600010 0.555666
14.9700012 0.555574
14.9800014 0.55546
14.9900007 0.55504
15.0000010 0.555619
15.0100012 0.555706
15.0200014 0.555397
15.0300007 0.555741
15.0400009 0.555887
15.0500011 0.555836
15.0600014 0.556142
15.0700006 0.55561
15.0800009 0.555538
15.0900011 0.555007
15.1000013 0.555038
15.1100006 0.554606
15.1200008 0.554342
15.1300011 0.553705
15.1400013 0.553418
15.1500015 0.553061
15.1600008 0.552944
15.1700010 0.552382
15.1800013 0.551582
15.1900015 0.551479
15.2000008 0.551869
15.2100010 0.551448
15.2200012 0.551584
15.2300014 0.550967
15.2400007 0.551174
15.2500010 0.551179
15.2600012 0.551523
15.2700014 0.55108
15.2800007 0.54959
15.2900009 0.549248
15.3000011 0.550019
15.3100014 0.549469
15.3200006 0.549572
15.3300009 0.549001
15.3400011 0.548401
15.3500013 0.54821
15.3600006 0.548755
15.3700008 0.548337
15.3800011 0.54873
15.3900013 0.548778
15.4000015 0.549152
15.4100008 0.54958
15.4200010 0.549724
15.4300013 0.550796
15.4400015 0.549938
15.4500008 0.550118
15.4600010 0.550693
15.4700012 0.550666
15.4800014 0.550932
15.4900007 0.551406
15.5000010 0.551991
15.5100012 0.5514
15.5200014 0.550922
15.5300007 0.550376
15.5400009 0.549966
15.5500011 0.549417
15.5600014 0.548823
15.5700006 0.548161
15.5800009 0.547735
15.5900011 0.547462
15.6000013 0.547706
15.6100016 0.548187
15.6200008 0.548107
15.6300011 0.548185
15.6400013 0.547873
15.6500015 0.547791
15.6600008 0.548025
15.6700010 0.547798
15.6800013 0.547022
15.6900015 0.54615
15.7000008 0.544345
15.7100010 0.543856
15.7200012 0.543644
15.7300014 0.543716
15.7400007 0.543543
15.7500010 0.543244
15.7600012 0.542258
15.7700014 0.540944
15.7800007 0.540763
15.7900009 0.540241
15.8000011 0.540603
15.8100014 0.540436
15.8200006 0.540095
15.8300009 0.5405
15.8400011 0.541151
15.8500013 0.540724
15.8600016 0.540347
15.8700008 0.54029
15.8800011 0.540054
15.8900013 0.540509
15.9000015 0.540168
15.9100008 0.539503
15.9200010 0.539955
15.9300013 0.539827
15.9400015 0.539332
15.9500008 0.538987
15.9600010 0.538403
15.9700012 0.538732
15.9800014 0.538529
15.9900007 0.538282
