   0.00000000       0.00000000    
   1.00000007E-02   8.48743394E-02
   2.00000014E-02  0.120052636    
   3.00000012E-02  0.140145138    
   4.00000028E-02  0.149286777    
   5.00000045E-02  0.154402256    
   6.00000024E-02  0.159026951    
   7.00000077E-02  0.164635107    
   8.00000057E-02  0.170152277    
   9.00000036E-02  0.176903084    
  0.100000009      0.182238668    
  0.110000007      0.187704012    
  0.120000005      0.190769911    
  0.130000010      0.194378033    
  0.140000015      0.196966261    
  0.150000006      0.200179368    
  0.160000011      0.202925831    
  0.170000017      0.205688566    
  0.180000007      0.207788453    
  0.190000013      0.209918499    
  0.200000018      0.211620197    
  0.210000008      0.213795826    
  0.220000014      0.216001287    
  0.230000019      0.217875794    
  0.240000010      0.219863012    
  0.250000030      0.221379563    
  0.260000020      0.223468110    
  0.270000011      0.225350067    
  0.280000031      0.227804989    
  0.290000021      0.229579300    
  0.300000012      0.231899798    
  0.310000032      0.232798874    
  0.320000023      0.234173849    
  0.330000013      0.235270530    
  0.340000033      0.237360880    
  0.350000024      0.238628194    
  0.360000014      0.240470544    
  0.370000035      0.242986292    
  0.380000025      0.245042875    
  0.390000015      0.246232435    
  0.400000036      0.247844249    
  0.410000026      0.248840272    
  0.420000017      0.250090003    
  0.430000037      0.252071083    
  0.440000027      0.254180521    
  0.450000018      0.255701959    
  0.460000038      0.257140458    
  0.470000029      0.258594692    
  0.480000019      0.260106295    
  0.490000039      0.261831105    
  0.500000060      0.263458997    
  0.510000050      0.263876021    
  0.520000041      0.264646471    
  0.530000031      0.266292274    
  0.540000021      0.267361134    
  0.550000012      0.268303514    
  0.560000062      0.270166069    
  0.570000052      0.271662414    
  0.580000043      0.272354186    
  0.590000033      0.273428619    
  0.600000024      0.274150461    
  0.610000014      0.275708824    
  0.620000064      0.277538002    
  0.630000055      0.278135300    
  0.640000045      0.278548539    
  0.650000036      0.279431015    
  0.660000026      0.280441999    
  0.670000076      0.281894803    
  0.680000067      0.282780200    
  0.690000057      0.283097297    
  0.700000048      0.284340352    
  0.710000038      0.285670012    
  0.720000029      0.286773086    
  0.730000079      0.288090855    
  0.740000069      0.289538622    
  0.750000060      0.290202975    
  0.760000050      0.291496605    
  0.770000041      0.292748123    
  0.780000031      0.294086993    
  0.790000081      0.295541644    
  0.800000072      0.296868831    
  0.810000062      0.297997236    
  0.820000052      0.298854470    
  0.830000043      0.299540818    
  0.840000033      0.300887376    
  0.850000083      0.302063197    
  0.860000074      0.303383768    
  0.870000064      0.304576308    
  0.880000055      0.305497319    
  0.890000045      0.306821764    
  0.900000036      0.307313502    
  0.910000086      0.308093160    
  0.920000076      0.308326691    
  0.930000067      0.309554547    
  0.940000057      0.310206980    
  0.950000048      0.310932428    
  0.960000038      0.311802685    
  0.970000088      0.312414140    
  0.980000079      0.313243002    
  0.990000069      0.313942492    
   1.00000012      0.314671963    
   1.01000011      0.315604329    
   1.02000010      0.317667037    
   1.03000009      0.318385124    
   1.04000008      0.319364190    
   1.05000007      0.320373714    
   1.06000006      0.320949197    
   1.07000005      0.321438134    
   1.08000004      0.322609782    
   1.09000003      0.324102938    
   1.10000002      0.325233787    
   1.11000013      0.325914741    
   1.12000012      0.326640576    
   1.13000011      0.327847451    
   1.14000010      0.327948630    
   1.15000010      0.328865975    
   1.16000009      0.329463452    
   1.17000008      0.330017775    
   1.18000007      0.330616355    
   1.19000006      0.331201017    
   1.20000005      0.332619756    
   1.21000004      0.333483815    
   1.22000003      0.334714770    
   1.23000014      0.335522562    
   1.24000013      0.336214185    
   1.25000012      0.336686283    
   1.26000011      0.337525874    
   1.27000010      0.338527739    
   1.28000009      0.339368850    
   1.29000008      0.340152234    
   1.30000007      0.341597855    
   1.31000006      0.341839343    
   1.32000005      0.342228234    
   1.33000004      0.342720658    
   1.34000015      0.343405157    
   1.35000014      0.344693869    
   1.36000013      0.345262438    
   1.37000012      0.345491767    
   1.38000011      0.345736265    
   1.39000010      0.346232176    
   1.40000010      0.346256405    
   1.41000009      0.347254962    
   1.42000008      0.348092556    
   1.43000007      0.349020064    
   1.44000006      0.350244284    
   1.45000005      0.350329250    
   1.46000016      0.351125985    
   1.47000015      0.351582408    
   1.48000014      0.352172464    
   1.49000013      0.353550255    
   1.50000012      0.354811013    
   1.51000011      0.355953664    
   1.52000010      0.356800526    
   1.53000009      0.358153969    
   1.54000008      0.359196305    
   1.55000007      0.360224962    
   1.56000006      0.360971898    
   1.57000005      0.361615002    
   1.58000016      0.362825602    
   1.59000015      0.363440663    
   1.60000014      0.364235520    
   1.61000013      0.365210265    
   1.62000012      0.366470128    
   1.63000011      0.367447704    
   1.64000010      0.367617726    
   1.65000010      0.368072569    
   1.66000009      0.369097322    
   1.67000008      0.369568437    
   1.68000007      0.370490134    
   1.69000018      0.371472806    
   1.70000017      0.371736169    
   1.71000016      0.372284710    
   1.72000015      0.373224676    
   1.73000014      0.374842793    
   1.74000013      0.375649631    
   1.75000012      0.375930905    
   1.76000011      0.376619339    
   1.77000010      0.377021641    
   1.78000009      0.378193915    
   1.79000008      0.378793865    
   1.80000007      0.379515022    
   1.81000018      0.381068051    
   1.82000017      0.381579995    
   1.83000016      0.382167876    
   1.84000015      0.382302731    
   1.85000014      0.383043230    
   1.86000013      0.382936120    
   1.87000012      0.383662909    
   1.88000011      0.384844989    
   1.89000010      0.386119455    
   1.90000010      0.386545390    
   1.91000009      0.387594640    
   1.92000008      0.387884974    
   1.93000019      0.388434052    
   1.94000018      0.389683604    
   1.95000017      0.391056478    
   1.96000016      0.391517162    
   1.97000015      0.392130196    
   1.98000014      0.392469913    
   1.99000013      0.393129975    
   2.00000024      0.393730342    
   2.01000023      0.394758493    
   2.02000022      0.394901484    
   2.03000021      0.395121515    
   2.04000020      0.395846367    
   2.05000019      0.396082044    
   2.06000018      0.397099108    
   2.07000017      0.397749990    
   2.08000016      0.398048282    
   2.09000015      0.398546755    
   2.10000014      0.399214774    
   2.11000013      0.399683267    
   2.12000012      0.400137335    
   2.13000011      0.401330143    
   2.14000010      0.402293175    
   2.15000010      0.402657151    
   2.16000009      0.403237224    
   2.17000008      0.402754068    
   2.18000007      0.403550833    
   2.19000006      0.403623462    
   2.20000005      0.404575258    
   2.21000004      0.405250639    
   2.22000027      0.405772895    
   2.23000026      0.406278789    
   2.24000025      0.406847805    
   2.25000024      0.407123566    
   2.26000023      0.407926172    
   2.27000022      0.408605665    
   2.28000021      0.409254819    
   2.29000020      0.409842908    
   2.30000019      0.410074234    
   2.31000018      0.410741746    
   2.32000017      0.410957813    
   2.33000016      0.411361545    
   2.34000015      0.412014633    
   2.35000014      0.412559301    
   2.36000013      0.413416088    
   2.37000012      0.413869053    
   2.38000011      0.414181650    
   2.39000010      0.415134668    
   2.40000010      0.415292621    
   2.41000009      0.416200280    
   2.42000008      0.416859031    
   2.43000007      0.417487383    
   2.44000006      0.418319553    
   2.45000029      0.419074386    
   2.46000028      0.420253634    
   2.47000027      0.420508623    
   2.48000026      0.421392173    
   2.49000025      0.421773672    
   2.50000024      0.422218591    
   2.51000023      0.422648728    
   2.52000022      0.423236340    
   2.53000021      0.423368245    
   2.54000020      0.423674017    
   2.55000019      0.423822224    
   2.56000018      0.424632072    
   2.57000017      0.424907744    
   2.58000016      0.425814003    
   2.59000015      0.426737070    
   2.60000014      0.427693039    
   2.61000013      0.428918749    
   2.62000012      0.429765940    
   2.63000011      0.429633886    
   2.64000010      0.430055231    
   2.65000010      0.430160463    
   2.66000009      0.430852413    
   2.67000008      0.431846291    
   2.68000031      0.431809992    
   2.69000030      0.432154864    
   2.70000029      0.432896733    
   2.71000028      0.433735192    
   2.72000027      0.433922738    
   2.73000026      0.434189528    
   2.74000025      0.435189724    
   2.75000024      0.435489714    
   2.76000023      0.436299890    
   2.77000022      0.437127292    
   2.78000021      0.437492996    
   2.79000020      0.438098311    
   2.80000019      0.438225180    
   2.81000018      0.439279586    
   2.82000017      0.440382451    
   2.83000016      0.441423357    
   2.84000015      0.441856593    
   2.85000014      0.442626864    
   2.86000013      0.443221867    
   2.87000012      0.443464518    
   2.88000011      0.443611085    
   2.89000010      0.444127411    
   2.90000010      0.444435179    
   2.91000032      0.444647104    
   2.92000031      0.444811195    
   2.93000031      0.445683181    
   2.94000030      0.446508110    
   2.95000029      0.447688311    
   2.96000028      0.448015898    
   2.97000027      0.448456317    
   2.98000026      0.448848933    
   2.99000025      0.449403554    
   3.00000024      0.449958891    
   3.01000023      0.450983614    
   3.02000022      0.451362550    
   3.03000021      0.452163041    
   3.04000020      0.453109920    
   3.05000019      0.453571945    
   3.06000018      0.454634428    
   3.07000017      0.454935193    
   3.08000016      0.455804974    
   3.09000015      0.456740677    
   3.10000014      0.457986325    
   3.11000013      0.458696842    
   3.12000012      0.459733486    
   3.13000011      0.460918516    
   3.14000010      0.461810917    
   3.15000033      0.462166518    
   3.16000032      0.462408364    
   3.17000031      0.463466644    
   3.18000031      0.464101553    
   3.19000030      0.465325713    
   3.20000029      0.466207743    
   3.21000028      0.466501862    
   3.22000027      0.466878146    
   3.23000026      0.467713535    
   3.24000025      0.468172938    
   3.25000024      0.468649000    
   3.26000023      0.469241023    
   3.27000022      0.470589131    
   3.28000021      0.471725076    
   3.29000020      0.471497744    
   3.30000019      0.472454667    
   3.31000018      0.473165780    
   3.32000017      0.473663419    
   3.33000016      0.474672616    
   3.34000015      0.475320399    
   3.35000014      0.476002276    
   3.36000013      0.475825667    
   3.37000012      0.476640403    
   3.38000035      0.477605104    
   3.39000034      0.478157640    
   3.40000033      0.479173839    
   3.41000032      0.479677618    
   3.42000031      0.480199069    
   3.43000031      0.480555475    
   3.44000030      0.481376350    
   3.45000029      0.481966257    
   3.46000028      0.482523322    
   3.47000027      0.482698768    
   3.48000026      0.483573109    
   3.49000025      0.483849406    
   3.50000024      0.484926105    
   3.51000023      0.485402733    
   3.52000022      0.485563934    
   3.53000021      0.486859828    
   3.54000020      0.486971825    
   3.55000019      0.487768650    
   3.56000018      0.488767564    
   3.57000017      0.489984542    
   3.58000016      0.490617990    
   3.59000015      0.490565211    
   3.60000014      0.490713567    
   3.61000037      0.490878850    
   3.62000036      0.492050767    
   3.63000035      0.492368191    
   3.64000034      0.493323982    
   3.65000033      0.494062692    
   3.66000032      0.494062424    
   3.67000031      0.493809581    
   3.68000031      0.494516432    
   3.69000030      0.495207042    
   3.70000029      0.496336758    
   3.71000028      0.496523470    
   3.72000027      0.496879011    
   3.73000026      0.497572899    
   3.74000025      0.498351991    
   3.75000024      0.499064326    
   3.76000023      0.499794930    
   3.77000022      0.501202881    
   3.78000021      0.501596630    
   3.79000020      0.501990795    
   3.80000019      0.502996266    
   3.81000018      0.503900945    
   3.82000017      0.504280150    
   3.83000016      0.505305648    
   3.84000015      0.506128311    
   3.85000038      0.506680131    
   3.86000037      0.506977320    
   3.87000036      0.507308304    
   3.88000035      0.507588983    
   3.89000034      0.508825064    
   3.90000033      0.509584606    
   3.91000032      0.510055065    
   3.92000031      0.510765254    
   3.93000031      0.511715949    
   3.94000030      0.512171149    
   3.95000029      0.512079656    
   3.96000028      0.512912691    
   3.97000027      0.513712525    
   3.98000026      0.513810217    
   3.99000025      0.514629006    
   4.00000048      0.514727235    
   4.01000023      0.515479088    
   4.02000046      0.515543282    
   4.03000021      0.516365290    
   4.04000044      0.516516745    
   4.05000019      0.517650008    
   4.06000042      0.517733693    
   4.07000017      0.518386006    
   4.08000040      0.519471288    
   4.09000015      0.519590557    
   4.10000038      0.519779086    
   4.11000013      0.520279050    
   4.12000036      0.520641029    
   4.13000011      0.520398021    
   4.14000034      0.521038055    
   4.15000010      0.521990657    
   4.16000032      0.522597969    
   4.17000008      0.523066819    
   4.18000031      0.523848951    
   4.19000053      0.524753749    
   4.20000029      0.525590599    
   4.21000051      0.526340604    
   4.22000027      0.527022362    
   4.23000050      0.527583361    
   4.24000025      0.528109491    
   4.25000048      0.528724432    
   4.26000023      0.529827952    
   4.27000046      0.530357182    
   4.28000021      0.530642211    
   4.29000044      0.531242132    
   4.30000019      0.531423271    
   4.31000042      0.532094300    
   4.32000017      0.533485115    
   4.33000040      0.533545256    
   4.34000015      0.534798503    
   4.35000038      0.534402132    
   4.36000013      0.535042822    
   4.37000036      0.535437644    
   4.38000011      0.535798490    
   4.39000034      0.536511302    
   4.40000010      0.537189662    
   4.41000032      0.537675500    
   4.42000008      0.538091004    
   4.43000031      0.538348377    
   4.44000053      0.538606048    
   4.45000029      0.538899422    
   4.46000051      0.538751364    
   4.47000027      0.539151192    
   4.48000050      0.539516509    
   4.49000025      0.539686918    
   4.50000048      0.540212750    
   4.51000023      0.541199386    
   4.52000046      0.541602314    
   4.53000021      0.541171372    
   4.54000044      0.540615141    
   4.55000019      0.541426957    
   4.56000042      0.542222738    
   4.57000017      0.542947948    
   4.58000040      0.543656111    
   4.59000015      0.544561744    
   4.60000038      0.544879854    
   4.61000013      0.545948327    
   4.62000036      0.546410441    
   4.63000011      0.546694040    
   4.64000034      0.546763957    
   4.65000010      0.547316909    
   4.66000032      0.548282802    
   4.67000055      0.548926830    
   4.68000031      0.548855007    
   4.69000053      0.549590588    
   4.70000029      0.550075650    
   4.71000051      0.550597250    
   4.72000027      0.550813377    
   4.73000050      0.551425874    
   4.74000025      0.552201509    
   4.75000048      0.552383661    
   4.76000023      0.552763820    
   4.77000046      0.552639425    
   4.78000021      0.553074956    
   4.79000044      0.553348303    
   4.80000019      0.553893089    
   4.81000042      0.554764330    
   4.82000017      0.555256605    
   4.83000040      0.555948555    
   4.84000015      0.556097984    
   4.85000038      0.556029558    
   4.86000013      0.556287944    
   4.87000036      0.557327807    
   4.88000011      0.558459640    
   4.89000034      0.559429169    
   4.90000057      0.560126841    
   4.91000032      0.560625494    
   4.92000055      0.560705483    
   4.93000031      0.560166419    
   4.94000053      0.560574710    
   4.95000029      0.562079132    
   4.96000051      0.562416315    
   4.97000027      0.562863708    
   4.98000050      0.562908947    
   4.99000025      0.563705146    
   5.00000048      0.564319015    
   5.01000023      0.564787328    
   5.02000046      0.564981163    
   5.03000021      0.565981984    
   5.04000044      0.566893220    
   5.05000019      0.567584693    
   5.06000042      0.568075180    
   5.07000017      0.569835544    
   5.08000040      0.570475519    
   5.09000015      0.570839703    
   5.10000038      0.571462750    
   5.11000013      0.572400033    
   5.12000036      0.572710633    
   5.13000059      0.573336303    
   5.14000034      0.573962569    
   5.15000057      0.575107157    
   5.16000032      0.575346887    
   5.17000055      0.575901628    
   5.18000031      0.576456964    
   5.19000053      0.577532530    
   5.20000029      0.578368127    
   5.21000051      0.578815281    
   5.22000027      0.579448521    
   5.23000050      0.579710603    
   5.24000025      0.580773473    
   5.25000048      0.581036687    
   5.26000023      0.581878424    
   5.27000046      0.583112836    
   5.28000021      0.583509088    
   5.29000044      0.583494604    
   5.30000019      0.583686173    
   5.31000042      0.584364295    
   5.32000017      0.585510612    
   5.33000040      0.585272849    
   5.34000015      0.585597336    
   5.35000038      0.586297274    
   5.36000061      0.586021841    
   5.37000036      0.586516380    
   5.38000059      0.587011576    
   5.39000034      0.588034093    
   5.40000057      0.588850379    
   5.41000032      0.589800239    
   5.42000055      0.590431392    
   5.43000031      0.590572476    
   5.44000053      0.590638340    
   5.45000029      0.590836406    
   5.46000051      0.591431856    
   5.47000027      0.591839075    
   5.48000050      0.591886997    
   5.49000025      0.592313945    
   5.50000048      0.592949808    
   5.51000023      0.593681276    
   5.52000046      0.594110191    
   5.53000021      0.594482780    
   5.54000044      0.594723165    
   5.55000019      0.594449997    
   5.56000042      0.594442844    
   5.57000017      0.594721675    
   5.58000040      0.596029758    
   5.59000063      0.597644806    
   5.60000038      0.598421991    
   5.61000061      0.598952293    
   5.62000036      0.599884987    
   5.63000059      0.600206852    
   5.64000034      0.600242019    
   5.65000057      0.600373030    
   5.66000032      0.600715280    
   5.67000055      0.600961924    
   5.68000031      0.601343036    
   5.69000053      0.602281868    
   5.70000029      0.602203608    
   5.71000051      0.601874888    
   5.72000027      0.602315485    
   5.73000050      0.602891505    
   5.74000025      0.603642404    
   5.75000048      0.603757083    
   5.76000023      0.604605436    
   5.77000046      0.605571032    
   5.78000021      0.606421947    
   5.79000044      0.606578350    
   5.80000019      0.607334256    
   5.81000042      0.608013749    
   5.82000065      0.608500779    
   5.83000040      0.608620405    
   5.84000063      0.608564913    
   5.85000038      0.608587325    
   5.86000061      0.608998239    
   5.87000036      0.609409571    
   5.88000059      0.610308170    
   5.89000034      0.611052334    
   5.90000057      0.611135304    
   5.91000032      0.611334324    
   5.92000055      0.611476123    
   5.93000031      0.611696124    
   5.94000053      0.612443984    
   5.95000029      0.612918675    
   5.96000051      0.613766253    
   5.97000027      0.613361597    
   5.98000050      0.613093555    
   5.99000025      0.613413155    
   6.00000048      0.614067137    
   6.01000023      0.614369273    
   6.02000046      0.614434838    
   6.03000021      0.614953637    
   6.04000044      0.615689635    
   6.05000019      0.616721630    
   6.06000042      0.618030906    
   6.07000065      0.619086146    
   6.08000040      0.619649589    
   6.09000063      0.619502366    
   6.10000038      0.619611800    
   6.11000061      0.619879842    
   6.12000036      0.620049477    
   6.13000059      0.620912254    
   6.14000034      0.621638000    
   6.15000057      0.621868789    
   6.16000032      0.621702671    
   6.17000055      0.622986376    
   6.18000031      0.623993814    
   6.19000053      0.624505758    
   6.20000029      0.624759018    
   6.21000051      0.625232041    
   6.22000027      0.625605822    
   6.23000050      0.626219809    
   6.24000025      0.627034187    
   6.25000048      0.627430439    
   6.26000023      0.627587497    
   6.27000046      0.627784133    
   6.28000021      0.627921224    
   6.29000044      0.629120588    
   6.30000067      0.629580140    
   6.31000042      0.630401194    
   6.32000065      0.631685615    
   6.33000040      0.631464064    
   6.34000063      0.632530153    
   6.35000038      0.633576870    
   6.36000061      0.633377075    
   6.37000036      0.633841634    
   6.38000059      0.633943737    
   6.39000034      0.634934187    
   6.40000057      0.635522902    
   6.41000032      0.636171997    
   6.42000055      0.636458158    
   6.43000031      0.636785626    
   6.44000053      0.636505723    
   6.45000029      0.636590183    
   6.46000051      0.637465894    
   6.47000027      0.638567209    
   6.48000050      0.639506459    
   6.49000025      0.639593363    
   6.50000048      0.639741361    
   6.51000023      0.640419364    
   6.52000046      0.640548229    
   6.53000069      0.641513109    
   6.54000044      0.641561091    
   6.55000067      0.642467141    
   6.56000042      0.642699480    
   6.57000065      0.643260181    
   6.58000040      0.643903315    
   6.59000063      0.644404173    
   6.60000038      0.644515872    
   6.61000061      0.645017624    
   6.62000036      0.645602226    
   6.63000059      0.646516740    
   6.64000034      0.646877170    
   6.65000057      0.647197247    
   6.66000032      0.647414446    
   6.67000055      0.647323012    
   6.68000031      0.647417367    
   6.69000053      0.648378611    
   6.70000029      0.648307979    
   6.71000051      0.649085045    
   6.72000027      0.649119198    
   6.73000050      0.649939179    
   6.74000025      0.650926948    
   6.75000048      0.650754690    
   6.76000071      0.650644541    
   6.77000046      0.651489079    
   6.78000069      0.651732504    
   6.79000044      0.652745962    
   6.80000067      0.653365374    
   6.81000042      0.653589725    
   6.82000065      0.654294133    
   6.83000040      0.654832482    
   6.84000063      0.655601680    
   6.85000038      0.656183779    
   6.86000061      0.656222820    
   6.87000036      0.656555414    
   6.88000059      0.656762838    
   6.89000034      0.657117188    
   6.90000057      0.657387972    
   6.91000032      0.657806337    
   6.92000055      0.658014953    
   6.93000031      0.658118963    
   6.94000053      0.658433497    
   6.95000029      0.659464717    
   6.96000051      0.659717321    
   6.97000027      0.660497844    
   6.98000050      0.660540819    
   6.99000072      0.661555469    
   7.00000048      0.661979735    
   7.01000071      0.662045360    
   7.02000046      0.661793351    
   7.03000069      0.662049174    
   7.04000044      0.662454426    
   7.05000067      0.663644850    
   7.06000042      0.663796365    
   7.07000065      0.664607286    
   7.08000040      0.665249527    
   7.09000063      0.664913237    
   7.10000038      0.665172935    
   7.11000061      0.665689111    
   7.12000036      0.666760504    
   7.13000059      0.667342663    
   7.14000034      0.667669535    
   7.15000057      0.668145895    
   7.16000032      0.668816268    
   7.17000055      0.669230759    
   7.18000031      0.668766975    
   7.19000053      0.669031501    
   7.20000029      0.669640005    
   7.21000051      0.669991732    
   7.22000074      0.670365334    
   7.23000050      0.671363831    
   7.24000072      0.672213316    
   7.25000048      0.673321843    
   7.26000071      0.673462331    
   7.27000046      0.673171341    
   7.28000069      0.673506141    
   7.29000044      0.674620271    
   7.30000067      0.674220681    
   7.31000042      0.673820794    
   7.32000065      0.673788786    
   7.33000040      0.674667537    
   7.34000063      0.675461054    
   7.35000038      0.675690711    
   7.36000061      0.676029682    
   7.37000036      0.676369011    
   7.38000059      0.676818073    
   7.39000034      0.677442014    
   7.40000057      0.678044915    
   7.41000032      0.678387105    
   7.42000055      0.678948402    
   7.43000031      0.678941846    
   7.44000053      0.679657638    
   7.45000076      0.679870903    
   7.46000051      0.680543900    
   7.47000074      0.680604935    
   7.48000050      0.681170642    
   7.49000072      0.681495190    
   7.50000048      0.682172477    
   7.51000071      0.682168782    
   7.52000046      0.682494998    
   7.53000069      0.682866037    
   7.54000044      0.683634818    
   7.55000067      0.683918655    
   7.56000042      0.684954584    
   7.57000065      0.685727060    
   7.58000040      0.685748100    
   7.59000063      0.685724735    
   7.60000038      0.686011970    
   7.61000061      0.686410189    
   7.62000036      0.687453032    
   7.63000059      0.688320160    
   7.64000034      0.688565552    
   7.65000057      0.689122915    
   7.66000032      0.689837039    
   7.67000055      0.690263450    
   7.68000031      0.690778971    
   7.69000053      0.690692902    
   7.70000076      0.691589832    
   7.71000051      0.691660404    
   7.72000074      0.691686571    
   7.73000050      0.692362368    
   7.74000072      0.692590833    
   7.75000048      0.693650067    
   7.76000071      0.694710016    
   7.77000046      0.695076048    
   7.78000069      0.695847034    
   7.79000044      0.695877194    
   7.80000067      0.696537435    
   7.81000042      0.697627068    
   7.82000065      0.698132455    
   7.83000040      0.699225128    
   7.84000063      0.699257970    
   7.85000038      0.699720502    
   7.86000061      0.699278295    
   7.87000036      0.699356258    
   7.88000059      0.699208319    
   7.89000034      0.699331880    
   7.90000057      0.700182378    
   7.91000032      0.699625313    
   7.92000055      0.699498832    
   7.93000078      0.699850917    
   7.94000053      0.700796008    
   7.95000076      0.702220917    
   7.96000051      0.702895582    
   7.97000074      0.702772200    
   7.98000050      0.703470647    
   7.99000072      0.704239845    
   8.00000095      0.703796089    
   8.01000023      0.703970611    
   8.02000046      0.704535246    
   8.03000069      0.704687178    
   8.04000092      0.704725444    
   8.05000019      0.705338359    
   8.06000042      0.705928922    
   8.07000065      0.706037045    
   8.08000088      0.706422091    
   8.09000015      0.707153201    
   8.10000038      0.707863510    
   8.11000061      0.708527744    
   8.12000084      0.708800375    
   8.13000011      0.708888233    
   8.14000034      0.709300935    
   8.15000057      0.709806502    
   8.16000080      0.709292233    
   8.17000103      0.709798753    
   8.18000031      0.710329652    
   8.19000053      0.711349964    
   8.20000076      0.712278605    
   8.21000099      0.712743044    
   8.22000027      0.712158680    
   8.23000050      0.711969852    
   8.24000072      0.712364972    
   8.25000095      0.712900758    
   8.26000023      0.713648975    
   8.27000046      0.713297129    
   8.28000069      0.712920606    
   8.29000092      0.713295162    
   8.30000019      0.713622868    
   8.31000042      0.714327037    
   8.32000065      0.714821577    
   8.33000088      0.715551555    
   8.34000015      0.716306627    
   8.35000038      0.717133462    
   8.36000061      0.717324913    
   8.37000084      0.717729151    
   8.38000107      0.718488574    
   8.39000034      0.718965292    
   8.40000057      0.719324946    
   8.41000080      0.719921649    
   8.42000103      0.720211506    
   8.43000031      0.720619798    
   8.44000053      0.720981777    
   8.45000076      0.721392035    
   8.46000099      0.721993327    
   8.47000027      0.722405076    
   8.48000050      0.723055601    
   8.49000072      0.723923147    
   8.50000095      0.724719763    
   8.51000023      0.725278497    
   8.52000046      0.725671113    
   8.53000069      0.725848377    
   8.54000092      0.726218045    
   8.55000019      0.726900756    
   8.56000042      0.727559924    
   8.57000065      0.728461027    
   8.58000088      0.729146421    
   8.59000015      0.729207397    
   8.60000038      0.729558647    
   8.61000061      0.729692101    
   8.62000084      0.729705811    
   8.63000107      0.730081379    
   8.64000034      0.731329441    
   8.65000057      0.732433498    
   8.66000080      0.733054698    
   8.67000103      0.733168542    
   8.68000031      0.733476520    
   8.69000053      0.734100699    
   8.70000076      0.734507024    
   8.71000099      0.735863566    
   8.72000027      0.736150801    
   8.73000050      0.736486614    
   8.74000072      0.736872137    
   8.75000095      0.737405300    
   8.76000023      0.737670124    
   8.77000046      0.737862110    
   8.78000069      0.738372684    
   8.79000092      0.739301324    
   8.80000019      0.739838362    
   8.81000042      0.740426064    
   8.82000065      0.740326583    
   8.83000088      0.740644753    
   8.84000015      0.740447044    
   8.85000038      0.740914047    
   8.86000061      0.741283178    
   8.87000084      0.741726756    
   8.88000107      0.741924107    
   8.89000034      0.742295742    
   8.90000057      0.742444158    
   8.91000080      0.743089020    
   8.92000103      0.742593944    
   8.93000031      0.743140757    
   8.94000053      0.743787825    
   8.95000076      0.743963897    
   8.96000099      0.743791878    
   8.97000027      0.744565248    
   8.98000050      0.745340943    
   8.99000072      0.746142447    
   9.00000095      0.746271729    
   9.01000023      0.746400297    
   9.02000046      0.746604681    
   9.03000069      0.746834397    
   9.04000092      0.746939003    
   9.05000019      0.747269928    
   9.06000042      0.747877955    
   9.07000065      0.747808099    
   9.08000088      0.747637153    
   9.09000111      0.748297334    
   9.10000038      0.748883426    
   9.11000061      0.749116719    
   9.12000084      0.749628663    
   9.13000107      0.749964058    
   9.14000034      0.750528336    
   9.15000057      0.751017392    
   9.16000080      0.749986947    
   9.17000103      0.750069737    
   9.18000031      0.750941098    
   9.19000053      0.751025379    
   9.20000076      0.751161397    
   9.21000099      0.752112567    
   9.22000027      0.751917720    
   9.23000050      0.752641559    
   9.24000072      0.753111541    
   9.25000095      0.753888547    
   9.26000023      0.753950655    
   9.27000046      0.754192472    
   9.28000069      0.754306555    
   9.29000092      0.754113019    
   9.30000019      0.755254388    
   9.31000042      0.755652010    
   9.32000065      0.756076992    
   9.33000088      0.756476223    
   9.34000111      0.756361604    
   9.35000038      0.756658792    
   9.36000061      0.757577062    
   9.37000084      0.757901728    
   9.38000107      0.757942855    
   9.39000034      0.758164942    
   9.40000057      0.758594930    
   9.41000080      0.759415030    
   9.42000103      0.760366917    
   9.43000031      0.760254025    
   9.44000053      0.760271490    
   9.45000076      0.760080934    
   9.46000099      0.760176182    
   9.47000027      0.760532856    
   9.48000050      0.761020422    
   9.49000072      0.760385334    
   9.50000095      0.760455251    
   9.51000023      0.760525763    
   9.52000046      0.761120021    
   9.53000069      0.762083530    
   9.54000092      0.762207508    
   9.55000114      0.762516558    
   9.56000042      0.762878060    
   9.57000065      0.763214707    
   9.58000088      0.763867855    
   9.59000111      0.764126539    
   9.60000038      0.764147878    
   9.61000061      0.763931334    
   9.62000084      0.764561653    
   9.63000107      0.764954567    
   9.64000034      0.764790952    
   9.65000057      0.764839888    
   9.66000080      0.764835298    
   9.67000103      0.765815318    
   9.68000031      0.765918255    
   9.69000053      0.766341507    
   9.70000076      0.766311824    
   9.71000099      0.766816556    
   9.72000027      0.766198575    
   9.73000050      0.766597450    
   9.74000072      0.767049611    
   9.75000095      0.766565740    
   9.76000023      0.766294181    
   9.77000046      0.767339289    
   9.78000069      0.767847300    
   9.79000092      0.767819405    
   9.80000114      0.768275201    
   9.81000042      0.768301725    
   9.82000065      0.768570423    
   9.83000088      0.768461823    
   9.84000111      0.767973781    
   9.85000038      0.767864406    
   9.86000061      0.767998397    
   9.87000084      0.768594086    
   9.88000107      0.769108832    
   9.89000034      0.770332038    
   9.90000057      0.770849347    
   9.91000080      0.771259546    
   9.92000103      0.771152496    
   9.93000031      0.771700263    
   9.94000053      0.772330463    
   9.95000076      0.772880316    
   9.96000099      0.773212194    
   9.97000027      0.773298144    
   9.98000050      0.773356915    
   9.99000072      0.773800194    
   10.0000010      0.774271786    
   10.0100012      0.775074661    
   10.0200005      0.775603175    
   10.0300007      0.775499344    
   10.0400009      0.775726378    
   10.0500011      0.775815547    
   10.0600004      0.775324285    
   10.0700006      0.775579512    
   10.0800009      0.776001692    
   10.0900011      0.775758386    
   10.1000004      0.776236832    
   10.1100006      0.775965631    
   10.1200008      0.776723921    
   10.1300011      0.777232111    
   10.1400003      0.777909100    
   10.1500006      0.778363824    
   10.1600008      0.778401315    
   10.1700010      0.778186560    
   10.1800003      0.778587759    
   10.1900005      0.779241145    
   10.2000008      0.778858960    
   10.2100010      0.778279066    
   10.2200003      0.779243231    
   10.2300005      0.779422224    
   10.2400007      0.779573202    
   10.2500010      0.780175507    
   10.2600012      0.779340506    
   10.2700005      0.778786242    
   10.2800007      0.778823972    
   10.2900009      0.779428065    
   10.3000011      0.779438972    
   10.3100004      0.780412912    
   10.3200006      0.780793428    
   10.3300009      0.780805171    
   10.3400011      0.781158328    
   10.3500004      0.781113803    
   10.3600006      0.781639099    
   10.3700008      0.782279372    
   10.3800011      0.782407582    
   10.3900003      0.782192349    
   10.4000006      0.782778144    
   10.4100008      0.783651590    
   10.4200010      0.784239709    
   10.4300003      0.784399211    
   10.4400005      0.784759700    
   10.4500008      0.784143448    
   10.4600010      0.784331679    
   10.4700003      0.784404933    
   10.4800005      0.785459697    
   10.4900007      0.785101056    
   10.5000010      0.784713030    
   10.5100012      0.785655439    
   10.5200005      0.786078334    
   10.5300007      0.786096096    
   10.5400009      0.786375165    
   10.5500011      0.786887407    
   10.5600004      0.787429869    
   10.5700006      0.788061380    
   10.5800009      0.788139403    
   10.5900011      0.788421988    
   10.6000004      0.788354874    
   10.6100006      0.788930833    
   10.6200008      0.790006459    
   10.6300011      0.790614843    
   10.6400003      0.790725708    
   10.6500006      0.790924907    
   10.6600008      0.790741861    
   10.6700010      0.791118801    
   10.6800003      0.791200817    
   10.6900005      0.791106284    
   10.7000008      0.791130185    
   10.7100010      0.791419208    
   10.7200012      0.792153776    
   10.7300005      0.792059839    
   10.7400007      0.792588592    
   10.7500010      0.792911232    
   10.7600012      0.793441772    
   10.7700005      0.793289423    
   10.7800007      0.793434799    
   10.7900009      0.793669641    
   10.8000011      0.793606639    
   10.8100004      0.794021428    
   10.8200006      0.794646978    
   10.8300009      0.794914424    
   10.8400011      0.795092106    
   10.8500004      0.795601428    
   10.8600006      0.796290934    
   10.8700008      0.796801746    
   10.8800011      0.797495365    
   10.8900003      0.797465742    
   10.9000006      0.797345817    
   10.9100008      0.797497332    
   10.9200010      0.797467887    
   10.9300003      0.797922909    
   10.9400005      0.798197150    
   10.9500008      0.798168361    
   10.9600010      0.799264014    
   10.9700012      0.798840642    
   10.9800005      0.800001085    
   10.9900007      0.800827622    
   11.0000010      0.801259637    
   11.0100012      0.801111400    
   11.0200005      0.801758826    
   11.0300007      0.801641583    
   11.0400009      0.801493883    
   11.0500011      0.801499188    
   11.0600004      0.801504195    
   11.0700006      0.801232636    
   11.0800009      0.801699877    
   11.0900011      0.802260160    
   11.1000004      0.802636623    
   11.1100006      0.802613139    
   11.1200008      0.802897513    
   11.1300011      0.803152204    
   11.1400003      0.803345382    
   11.1500006      0.803352714    
   11.1600008      0.803919733    
   11.1700010      0.804488003    
   11.1800013      0.804901421    
   11.1900005      0.805409372    
   11.2000008      0.805388451    
   11.2100010      0.805523336    
   11.2200012      0.805408120    
   11.2300005      0.805355191    
   11.2400007      0.805584610    
   11.2500010      0.806128204    
   11.2600012      0.806736231    
   11.2700005      0.806810558    
   11.2800007      0.806758761    
   11.2900009      0.807464659    
   11.3000011      0.808203280    
   11.3100004      0.808247745    
   11.3200006      0.808609009    
   11.3300009      0.809256911    
   11.3400011      0.810349464    
   11.3500004      0.810651124    
   11.3600006      0.810985565    
   11.3700008      0.811415672    
   11.3800011      0.812165618    
   11.3900003      0.812566519    
   11.4000006      0.813160002    
   11.4100008      0.813882530    
   11.4200010      0.813710332    
   11.4300013      0.813922524    
   11.4400005      0.814167082    
   11.4500008      0.815247774    
   11.4600010      0.814979970    
   11.4700012      0.815226912    
   11.4800005      0.815312922    
   11.4900007      0.816432297    
   11.5000010      0.816779077    
   11.5100012      0.817320228    
   11.5200005      0.818413615    
   11.5300007      0.819217920    
   11.5400009      0.820023715    
   11.5500011      0.820408821    
   11.5600004      0.820599318    
   11.5700006      0.820986211    
   11.5800009      0.820949554    
   11.5900011      0.821370244    
   11.6000004      0.821105242    
   11.6100006      0.820774078    
   11.6200008      0.820474923    
   11.6300011      0.820765495    
   11.6400013      0.821484447    
   11.6500006      0.821711600    
   11.6600008      0.822103918    
   11.6700010      0.823123634    
   11.6800013      0.822626829    
   11.6900005      0.823319376    
   11.7000008      0.823317885    
   11.7100010      0.824079037    
   11.7200012      0.824510336    
   11.7300005      0.824842870    
   11.7400007      0.825442374    
   11.7500010      0.826010466    
   11.7600012      0.826111853    
   11.7700005      0.825713515    
   11.7800007      0.826617897    
   11.7900009      0.827357292    
   11.8000011      0.827494979    
   11.8100004      0.827398121    
   11.8200006      0.827939451    
   11.8300009      0.829120874    
   11.8400011      0.828924716    
   11.8500004      0.829065144    
   11.8600006      0.829813659    
   11.8700008      0.830564320    
   11.8800011      0.830571711    
   11.8900013      0.830782771    
   11.9000006      0.831265688    
   11.9100008      0.831410170    
   11.9200010      0.830772996    
   11.9300013      0.830814958    
   11.9400005      0.830857217    
   11.9500008      0.830694854    
   11.9600010      0.831112683    
   11.9700012      0.831737280    
   11.9800005      0.832774639    
   11.9900007      0.833676934    
   12.0000010      0.833894312    
   12.0100012      0.834525466    
   12.0200005      0.834297299    
   12.0300007      0.834448040    
   12.0400009      0.835047662    
   12.0500011      0.835199237    
   12.0600004      0.835005283    
   12.0700006      0.834603071    
   12.0800009      0.833887815    
   12.0900011      0.834733725    
   12.1000004      0.834399104    
   12.1100006      0.834689975    
   12.1200008      0.834947467    
   12.1300011      0.835519612    
   12.1400013      0.836058199    
   12.1500006      0.835933387    
   12.1600008      0.835878253    
   12.1700010      0.835893273    
   12.1800013      0.835872650    
   12.1900005      0.836169004    
   12.2000008      0.837205708    
   12.2100010      0.836975217    
   12.2200012      0.837451100    
   12.2300005      0.837185264    
   12.2400007      0.837343276    
   12.2500010      0.837538123    
   12.2600012      0.837483406    
   12.2700005      0.838211954    
   12.2800007      0.838656783    
   12.2900009      0.839209616    
   12.3000011      0.839764953    
   12.3100004      0.839677572    
   12.3200006      0.840019703    
   12.3300009      0.840183318    
   12.3400011      0.841028929    
   12.3500013      0.842092335    
   12.3600006      0.842367232    
   12.3700008      0.843327641    
   12.3800011      0.844290018    
   12.3900013      0.843919218    
   12.4000006      0.843800366    
   12.4100008      0.843536615    
   12.4200010      0.843743086    
   12.4300013      0.843260825    
   12.4400005      0.844158590    
   12.4500008      0.844402730    
   12.4600010      0.844501913    
   12.4700012      0.845660448    
   12.4800005      0.846638620    
   12.4900007      0.847107470    
   12.5000010      0.848090470    
   12.5100012      0.847645640    
   12.5200005      0.848080933    
   12.5300007      0.847671390    
   12.5400009      0.848181486    
   12.5500011      0.848766565    
   12.5600004      0.849723041    
   12.5700006      0.850607753    
   12.5800009      0.851383805    
   12.5900011      0.852235854    
   12.6000013      0.852162063    
   12.6100006      0.851604879    
   12.6200008      0.852238059    
   12.6300011      0.852797806    
   12.6400013      0.853135169    
   12.6500006      0.853697836    
   12.6600008      0.854748726    
   12.6700010      0.855952203    
   12.6800013      0.856558263    
   12.6900005      0.856564999    
   12.7000008      0.856646836    
   12.7100010      0.856728911    
   12.7200012      0.856547117    
   12.7300005      0.857006967    
   12.7400007      0.858301282    
   12.7500010      0.858348310    
   12.7600012      0.858015776    
   12.7700005      0.858252764    
   12.7800007      0.858756244    
   12.7900009      0.859185278    
   12.8000011      0.859729767    
   12.8100014      0.859511256    
   12.8200006      0.859560430    
   12.8300009      0.860107660    
   12.8400011      0.860733330    
   12.8500013      0.861322641    
   12.8600006      0.861451209    
   12.8700008      0.861927509    
   12.8800011      0.862134576    
   12.8900013      0.861994624    
   12.9000006      0.861312270    
   12.9100008      0.861907363    
   12.9200010      0.861611247    
   12.9300013      0.861236691    
   12.9400005      0.861600220    
   12.9500008      0.861926019    
   12.9600010      0.862682045    
   12.9700012      0.862541139    
   12.9800005      0.863065362    
   12.9900007      0.863473535    
   13.0000010      0.863372743    
   13.0100012      0.864175081    
   13.0200005      0.864193141    
   13.0300007      0.864447176    
   13.0400009      0.864623606    
   13.0500011      0.865195155    
   13.0600014      0.866798282    
   13.0700006      0.866820335    
   13.0800009      0.868350863    
   13.0900011      0.869011045    
   13.1000013      0.868399024    
   13.1100006      0.868423164    
   13.1200008      0.868846655    
   13.1300011      0.870591164    
   13.1400013      0.870578647    
   13.1500006      0.870646179    
   13.1600008      0.870031238    
   13.1700010      0.869776666    
   13.1800013      0.870609105    
   13.1900005      0.871685207    
   13.2000008      0.872805417    
   13.2100010      0.873281419    
   13.2200012      0.872624278    
   13.2300005      0.873223484    
   13.2400007      0.872767329    
   13.2500010      0.873164833    
   13.2600012      0.873930454    
   13.2700014      0.873922408    
   13.2800007      0.874609649    
   13.2900009      0.875708461    
   13.3000011      0.876277387    
   13.3100014      0.876437306    
   13.3200006      0.876145005    
   13.3300009      0.875934362    
   13.3400011      0.876507163    
   13.3500013      0.877163827    
   13.3600006      0.877616286    
   13.3700008      0.878608584    
   13.3800011      0.878939629    
   13.3900013      0.879312932    
   13.4000006      0.879771292    
   13.4100008      0.880647302    
   13.4200010      0.880691648    
   13.4300013      0.881320715    
   13.4400005      0.881826639    
   13.4500008      0.881998539    
   13.4600010      0.882381141    
   13.4700012      0.882554054    
   13.4800005      0.883022666    
   13.4900007      0.884125710    
   13.5000010      0.884175837    
   13.5100012      0.884691298    
   13.5200014      0.884784281    
   13.5300007      0.884410799    
   13.5400009      0.884631634    
   13.5500011      0.885236502    
   13.5600014      0.885757565    
   13.5700006      0.886066616    
   13.5800009      0.886505604    
   13.5900011      0.887288570    
   13.6000013      0.887773097    
   13.6100006      0.888474405    
   13.6200008      0.888317168    
   13.6300011      0.888115287    
   13.6400013      0.887481272    
   13.6500006      0.887840569    
   13.6600008      0.887464285    
   13.6700010      0.886956275    
   13.6800013      0.886838078    
   13.6900005      0.887851596    
   13.7000008      0.888170421    
   13.7100010      0.887617111    
   13.7200012      0.887805283    
   13.7300005      0.888344526    
   13.7400007      0.888359487    
   13.7500010      0.888373792    
   13.7600012      0.887507915    
   13.7700014      0.887918174    
   13.7800007      0.887976527    
   13.7900009      0.888388872    
   13.8000011      0.889024138    
   13.8100014      0.888728976    
   13.8200006      0.887810409    
   13.8300009      0.888002396    
   13.8400011      0.888150811    
   13.8500013      0.888254941    
   13.8600006      0.887777090    
   13.8700008      0.888553202    
   13.8800011      0.888029575    
   13.8900013      0.888043821    
   13.9000006      0.887877882    
   13.9100008      0.888929784    
   13.9200010      0.889623761    
   13.9300013      0.889776587    
   13.9400005      0.890247405    
   13.9500008      0.890901744    
   13.9600010      0.890829623    
   13.9700012      0.891396046    
   13.9800014      0.891507328    
   13.9900007      0.891847670    
   14.0000010      0.892052174    
   14.0100012      0.892486215    
   14.0200014      0.893105626    
   14.0300007      0.893128872    
   14.0400009      0.893152297    
   14.0500011      0.893637419    
   14.0600014      0.893291652    
   14.0700006      0.893037319    
   14.0800009      0.892735839    
   14.0900011      0.893130600    
   14.1000013      0.894923687    
   14.1100006      0.895510316    
   14.1200008      0.895444632    
   14.1300011      0.895705998    
   14.1400013      0.895968795    
   14.1500006      0.895715237    
   14.1600008      0.895179331    
   14.1700010      0.894876659    
   14.1800013      0.894856393    
   14.1900005      0.895119607    
   14.2000008      0.895668209    
   14.2100010      0.896645904    
   14.2200012      0.897150755    
   14.2300014      0.897944212    
   14.2400007      0.898357689    
   14.2500010      0.898391604    
   14.2600012      0.898759842    
   14.2700014      0.898698330    
   14.2800007      0.900029242    
   14.2900009      0.900498390    
   14.3000011      0.901162565    
   14.3100014      0.901490748    
   14.3200006      0.902352154    
   14.3300009      0.902538300    
   14.3400011      0.903016686    
   14.3500013      0.902086079    
   14.3600006      0.902418971    
   14.3700008      0.902508795    
   14.3800011      0.903185844    
   14.3900013      0.903522313    
   14.4000006      0.905037463    
   14.4100008      0.905722737    
   14.4200010      0.905770540    
   14.4300013      0.906705856    
   14.4400015      0.907990754    
   14.4500008      0.908488095    
   14.4600010      0.908639848    
   14.4700012      0.909488142    
   14.4800014      0.909991205    
   14.4900007      0.909797728    
   14.5000010      0.909454048    
   14.5100012      0.909708977    
   14.5200014      0.910165191    
   14.5300007      0.911126018    
   14.5400009      0.910228431    
   14.5500011      0.910134196    
   14.5600014      0.911251664    
   14.5700006      0.910754025    
   14.5800009      0.911014795    
   14.5900011      0.910768926    
   14.6000013      0.910420239    
   14.6100006      0.910987794    
   14.6200008      0.911863983    
   14.6300011      0.912078142    
   14.6400013      0.912293434    
   14.6500006      0.911841691    
   14.6600008      0.913343430    
   14.6700010      0.913871288    
   14.6800013      0.913988233    
   14.6900015      0.914467335    
   14.7000008      0.914585471    
   14.7100010      0.914392948    
   14.7200012      0.914615750    
   14.7300014      0.914683163    
   14.7400007      0.914384127    
   14.7500010      0.914661050    
   14.7600012      0.914571106    
   14.7700014      0.914743960    
   14.7800007      0.914337873    
   14.7900009      0.914510846    
   14.8000011      0.914578676    
   14.8100014      0.915282071    
   14.8200006      0.915882409    
   14.8300009      0.914890230    
   14.8400011      0.915385306    
   14.8500013      0.915669024    
   14.8600006      0.916381121    
   14.8700008      0.916881919    
   14.8800011      0.916794717    
   14.8900013      0.917083025    
   14.9000015      0.917265117    
   14.9100008      0.917771876    
   14.9200010      0.918009877    
   14.9300013      0.917869568    
   14.9400015      0.918271720    
   14.9500008      0.917913675    
   14.9600010      0.916627944    
   14.9700012      0.916483521    
   14.9800014      0.915791452    
   14.9900007      0.916083872    
   15.0000010      0.917476416    
   15.0100012      0.918379247    
   15.0200014      0.918954372    
   15.0300007      0.918978751    
   15.0400009      0.918505013    
   15.0500011      0.918750942    
   15.0600014      0.919164479    
   15.0700006      0.919580102    
   15.0800009      0.919438720    
   15.0900011      0.919744611    
   15.1000013      0.920219779    
   15.1100006      0.920527875    
   15.1200008      0.921907783    
   15.1300011      0.922334135    
   15.1400013      0.922422707    
   15.1500015      0.921945155    
   15.1600008      0.921578944    
   15.1700010      0.921439230    
   15.1800013      0.922096968    
   15.1900015      0.921900630    
   15.2000008      0.921016097    
   15.2100010      0.920587242    
   15.2200012      0.920788884    
   15.2300014      0.920357466    
   15.2400007      0.919808686    
   15.2500010      0.920299411    
   15.2600012      0.919922173    
   15.2700014      0.919717491    
   15.2800007      0.919454396    
   15.2900009      0.919247746    
   15.3000011      0.919684172    
   15.3100014      0.919594467    
   15.3200006      0.919974089    
   15.3300009      0.920826435    
   15.3400011      0.920620680    
   15.3500013      0.921537220    
   15.3600006      0.921924233    
   15.3700008      0.921778917    
   15.3800011      0.921216846    
   15.3900013      0.920413971    
   15.4000015      0.920025945    
   15.4100008      0.919635713    
   15.4200010      0.920203745    
   15.4300013      0.921555996    
   15.4400015      0.921528518    
   15.4500008      0.921742260    
   15.4600010      0.922501624    
   15.4700012      0.922293484    
   15.4800014      0.922632337    
   15.4900007      0.922058463    
   15.5000010      0.922580838    
   15.5100012      0.923106074    
   15.5200014      0.923326313    
   15.5300007      0.924592972    
   15.5400009      0.925249100    
   15.5500011      0.925908148    
   15.5600014      0.925889492    
   15.5700006      0.925560355    
   15.5800009      0.926100671    
   15.5900011      0.926207185    
   15.6000013      0.926126659    
   15.6100016      0.926045537    
   15.6200008      0.926026702    
   15.6300011      0.926070988    
   15.6400013      0.926304340    
   15.6500015      0.926033795    
   15.6600008      0.925825000    
   15.6700010      0.925932527    
   15.6800013      0.926231980    
   15.6900015      0.925702810    
   15.7000008      0.925491691    
   15.7100010      0.925983787    
   15.7200012      0.925387084    
   15.7300014      0.924658656    
   15.7400007      0.924442828    
   15.7500010      0.924096644    
   15.7600012      0.924785793    
   15.7700014      0.925542533    
   15.7800007      0.925847530    
   15.7900009      0.925958455    
   15.8000011      0.926004469    
   15.8100014      0.926902771    
   15.8200006      0.926951110    
   15.8300009      0.927131593    
   15.8400011      0.926256001    
   15.8500013      0.926567912    
   15.8600016      0.926483035    
   15.8700008      0.926264942    
   15.8800011      0.926512778    
   15.8900013      0.927563667    
   15.9000015      0.928687036    
   15.9100008      0.929143608    
   15.9200010      0.929400504    
   15.9300013      0.929861367    
   15.9400015      0.931271672    
   15.9500008      0.931536138    
   15.9600010      0.931665480    
   15.9700012      0.931250334    
   15.9800014      0.931311190    
   15.9900007      0.931851923    
