   0.00000000       1.07218686E-03
   1.00000007E-02   1.07218686E-03
   2.00000014E-02   1.07218686E-03
   3.00000012E-02   1.07218686E-03
   4.00000028E-02   1.07218686E-03
   5.00000045E-02   1.07218686E-03
   6.00000024E-02   1.07218686E-03
   7.00000077E-02   1.07218686E-03
   8.00000057E-02   1.07218686E-03
   9.00000036E-02   1.07218686E-03
  0.100000009       1.07218686E-03
  0.110000007       1.07218686E-03
  0.120000005       1.07218686E-03
  0.130000010       1.07218686E-03
  0.140000015       1.07218686E-03
  0.150000006       1.07218686E-03
  0.160000011       1.07218686E-03
  0.170000017       1.07218686E-03
  0.180000007       1.07218686E-03
  0.190000013       1.07218686E-03
  0.200000018       1.07218686E-03
  0.210000008       1.07218686E-03
  0.220000014       1.07218686E-03
  0.230000019       1.07218686E-03
  0.240000010       1.07218686E-03
  0.250000030       1.07218686E-03
  0.260000020       1.07218686E-03
  0.270000011       1.07218686E-03
  0.280000031       1.07218686E-03
  0.290000021       1.07218686E-03
  0.300000012       1.07218686E-03
  0.310000032       1.07218686E-03
  0.320000023       1.07218686E-03
  0.330000013       1.07218686E-03
  0.340000033       1.07218686E-03
  0.350000024       1.07218686E-03
  0.360000014       1.07218686E-03
  0.370000035       1.07218686E-03
  0.380000025       1.07218686E-03
  0.390000015       1.07218686E-03
  0.400000036       1.07218686E-03
  0.410000026       1.07218686E-03
  0.420000017       1.07218686E-03
  0.430000037       1.07218686E-03
  0.440000027       1.07218686E-03
  0.450000018       1.07218686E-03
  0.460000038       1.07218686E-03
  0.470000029       1.07218686E-03
  0.480000019       1.07218686E-03
  0.490000039       1.07218686E-03
  0.500000060       1.07218686E-03
  0.510000050       1.07218686E-03
  0.520000041       1.07218686E-03
  0.530000031       1.07218686E-03
  0.540000021       1.07218686E-03
  0.550000012       1.07218686E-03
  0.560000062       1.07218686E-03
  0.570000052       1.07218686E-03
  0.580000043       1.07218686E-03
  0.590000033       1.07218686E-03
  0.600000024       1.07218686E-03
  0.610000014       1.07218686E-03
  0.620000064       1.07218686E-03
  0.630000055       1.07218686E-03
  0.640000045       1.07218686E-03
  0.650000036       1.07218686E-03
  0.660000026       1.07218686E-03
  0.670000076       1.07218686E-03
  0.680000067       1.07218686E-03
  0.690000057       1.07218686E-03
  0.700000048       1.07218686E-03
  0.710000038       1.07218686E-03
  0.720000029       1.07218686E-03
  0.730000079       1.07218686E-03
  0.740000069       1.07218686E-03
  0.750000060       1.07218686E-03
  0.760000050       1.07218686E-03
  0.770000041       1.07218686E-03
  0.780000031       1.07218686E-03
  0.790000081       1.07218686E-03
  0.800000072       1.07218686E-03
  0.810000062       1.07218686E-03
  0.820000052       1.07218686E-03
  0.830000043       1.07218686E-03
  0.840000033       1.07218686E-03
  0.850000083       1.07218686E-03
  0.860000074       1.07218686E-03
  0.870000064       1.07218686E-03
  0.880000055       1.07218686E-03
  0.890000045       1.07218686E-03
  0.900000036       1.07218686E-03
  0.910000086       1.07218686E-03
  0.920000076       1.07218686E-03
  0.930000067       1.07218686E-03
  0.940000057       1.07218686E-03
  0.950000048       1.07218686E-03
  0.960000038       1.07218686E-03
  0.970000088       1.07218686E-03
  0.980000079       1.07218686E-03
  0.990000069       1.07218686E-03
   1.00000012       1.07218686E-03
   1.01000011       1.07218686E-03
   1.02000010       1.07218686E-03
   1.03000009       1.07218686E-03
   1.04000008       1.07218686E-03
   1.05000007       1.07218686E-03
   1.06000006       1.07218686E-03
   1.07000005       1.07218686E-03
   1.08000004       1.07218686E-03
   1.09000003       1.07218686E-03
   1.10000002       1.07218686E-03
   1.11000013       1.07218686E-03
   1.12000012       1.07218686E-03
   1.13000011       1.07218686E-03
   1.14000010       1.07218686E-03
   1.15000010       1.07218686E-03
   1.16000009       1.07218686E-03
   1.17000008       1.07218686E-03
   1.18000007       1.07218686E-03
   1.19000006       1.07218686E-03
   1.20000005       1.07218686E-03
   1.21000004       1.07218686E-03
   1.22000003       1.07218686E-03
   1.23000014       1.07218686E-03
   1.24000013       1.07218686E-03
   1.25000012       1.07218686E-03
   1.26000011       1.07218686E-03
   1.27000010       1.07218686E-03
   1.28000009       1.07218686E-03
   1.29000008       1.07218686E-03
   1.30000007       1.07218686E-03
   1.31000006       1.07218686E-03
   1.32000005       1.07218686E-03
   1.33000004       1.07218686E-03
   1.34000015       1.07218686E-03
   1.35000014       1.07218686E-03
   1.36000013       1.07218686E-03
   1.37000012       1.07218686E-03
   1.38000011       1.07218686E-03
   1.39000010       1.07218686E-03
   1.40000010       1.07218686E-03
   1.41000009       1.07218686E-03
   1.42000008       1.07218686E-03
   1.43000007       1.07218686E-03
   1.44000006       1.07218686E-03
   1.45000005       1.07218686E-03
   1.46000016       1.07218686E-03
   1.47000015       1.07218686E-03
   1.48000014       1.07218686E-03
   1.49000013       1.07218686E-03
   1.50000012       1.07218686E-03
   1.51000011       1.07218686E-03
   1.52000010       1.07218686E-03
   1.53000009       1.07218686E-03
   1.54000008       1.07218686E-03
   1.55000007       1.07218686E-03
   1.56000006       1.07218686E-03
   1.57000005       1.07218686E-03
   1.58000016       1.07218686E-03
   1.59000015       1.07218686E-03
   1.60000014       1.07218686E-03
   1.61000013       1.07218686E-03
   1.62000012       1.07218686E-03
   1.63000011       1.07218686E-03
   1.64000010       1.07218686E-03
   1.65000010       1.07218686E-03
   1.66000009       1.07218686E-03
   1.67000008       1.07218686E-03
   1.68000007       1.07218686E-03
   1.69000018       1.07218686E-03
   1.70000017       1.07218686E-03
   1.71000016       1.07218686E-03
   1.72000015       1.07218686E-03
   1.73000014       1.07218686E-03
   1.74000013       1.07218686E-03
   1.75000012       1.07218686E-03
   1.76000011       1.07218686E-03
   1.77000010       1.07218686E-03
   1.78000009       1.07218686E-03
   1.79000008       1.07218686E-03
   1.80000007       1.07218686E-03
   1.81000018       1.07218686E-03
   1.82000017       1.07218686E-03
   1.83000016       1.07218686E-03
   1.84000015       1.07218686E-03
   1.85000014       1.07218686E-03
   1.86000013       1.07218686E-03
   1.87000012       1.07218686E-03
   1.88000011       1.07218686E-03
   1.89000010       1.07218686E-03
   1.90000010       1.07218686E-03
   1.91000009       1.07218686E-03
   1.92000008       1.07218686E-03
   1.93000019       1.07218686E-03
   1.94000018       1.07218686E-03
   1.95000017       1.07218686E-03
   1.96000016       1.07218686E-03
   1.97000015       1.07218686E-03
   1.98000014       1.07218686E-03
   1.99000013       1.07218686E-03
   2.00000024       1.07218686E-03
   2.01000023       1.07218686E-03
   2.02000022       1.07218686E-03
   2.03000021       1.07218686E-03
   2.04000020       1.07218686E-03
   2.05000019       1.07218686E-03
   2.06000018       1.07218686E-03
   2.07000017       1.07218686E-03
   2.08000016       1.07218686E-03
   2.09000015       1.07218686E-03
   2.10000014       1.07218686E-03
   2.11000013       1.07218686E-03
   2.12000012       1.07218686E-03
   2.13000011       1.07218686E-03
   2.14000010       1.07218686E-03
   2.15000010       1.07218686E-03
   2.16000009       1.07218686E-03
   2.17000008       1.07218686E-03
   2.18000007       1.07218686E-03
   2.19000006       1.07218686E-03
   2.20000005       1.07218686E-03
   2.21000004       1.07218686E-03
   2.22000027       1.07218686E-03
   2.23000026       1.07218686E-03
   2.24000025       1.07218686E-03
   2.25000024       1.07218686E-03
   2.26000023       1.07218686E-03
   2.27000022       1.07218686E-03
   2.28000021       1.07218686E-03
   2.29000020       1.07218686E-03
   2.30000019       1.07218686E-03
   2.31000018       1.07218686E-03
   2.32000017       1.07218686E-03
   2.33000016       1.07218686E-03
   2.34000015       1.07218686E-03
   2.35000014       1.07218686E-03
   2.36000013       1.07218686E-03
   2.37000012       1.07218686E-03
   2.38000011       1.07218686E-03
   2.39000010       1.07218686E-03
   2.40000010       1.07218686E-03
   2.41000009       1.07218686E-03
   2.42000008       1.07218686E-03
   2.43000007       1.07218686E-03
   2.44000006       1.07218686E-03
   2.45000029       1.07218686E-03
   2.46000028       1.07218686E-03
   2.47000027       1.07218686E-03
   2.48000026       1.07218686E-03
   2.49000025       1.07218686E-03
   2.50000024       1.07218686E-03
   2.51000023       1.07218686E-03
   2.52000022       1.07218686E-03
   2.53000021       1.07218686E-03
   2.54000020       1.07218686E-03
   2.55000019       1.07218686E-03
   2.56000018       1.07218686E-03
   2.57000017       1.07218686E-03
   2.58000016       1.07218686E-03
   2.59000015       1.07218686E-03
   2.60000014       1.07218686E-03
   2.61000013       1.07218686E-03
   2.62000012       1.07218686E-03
   2.63000011       1.07218686E-03
   2.64000010       1.07218686E-03
   2.65000010       1.07218686E-03
   2.66000009       1.07218686E-03
   2.67000008       1.07218686E-03
   2.68000031       1.07218686E-03
   2.69000030       1.07218686E-03
   2.70000029       1.07218686E-03
   2.71000028       1.07218686E-03
   2.72000027       1.07218686E-03
   2.73000026       1.07218686E-03
   2.74000025       1.07218686E-03
   2.75000024       1.07218686E-03
   2.76000023       1.07218686E-03
   2.77000022       1.07218686E-03
   2.78000021       1.07218686E-03
   2.79000020       1.07218686E-03
   2.80000019       1.07218686E-03
   2.81000018       1.07218686E-03
   2.82000017       1.07218686E-03
   2.83000016       1.07218686E-03
   2.84000015       1.07218686E-03
   2.85000014       1.07218686E-03
   2.86000013       1.07218686E-03
   2.87000012       1.07218686E-03
   2.88000011       1.07218686E-03
   2.89000010       1.07218686E-03
   2.90000010       1.07218686E-03
   2.91000032       1.07218686E-03
   2.92000031       1.07218686E-03
   2.93000031       1.07218686E-03
   2.94000030       1.07218686E-03
   2.95000029       1.07218686E-03
   2.96000028       1.07218686E-03
   2.97000027       1.07218686E-03
   2.98000026       1.07218686E-03
   2.99000025       1.07218686E-03
   3.00000024       1.07218686E-03
   3.01000023       1.07218686E-03
   3.02000022       1.07218686E-03
   3.03000021       1.07218686E-03
   3.04000020       1.07218686E-03
   3.05000019       1.07218686E-03
   3.06000018       1.07218686E-03
   3.07000017       1.07218686E-03
   3.08000016       1.07218686E-03
   3.09000015       1.07218686E-03
   3.10000014       1.07218686E-03
   3.11000013       1.07218686E-03
   3.12000012       1.07218686E-03
   3.13000011       1.07218686E-03
   3.14000010       1.07218686E-03
   3.15000033       1.07218686E-03
   3.16000032       1.07218686E-03
   3.17000031       1.07218686E-03
   3.18000031       1.07218686E-03
   3.19000030       1.07218686E-03
   3.20000029       1.07218686E-03
   3.21000028       1.07218686E-03
   3.22000027       1.07218686E-03
   3.23000026       1.07218686E-03
   3.24000025       1.07218686E-03
   3.25000024       1.07218686E-03
   3.26000023       1.07218686E-03
   3.27000022       1.07218686E-03
   3.28000021       1.07218686E-03
   3.29000020       1.07218686E-03
   3.30000019       1.07218686E-03
   3.31000018       1.07218686E-03
   3.32000017       1.07218686E-03
   3.33000016       1.07218686E-03
   3.34000015       1.07218686E-03
   3.35000014       1.07218686E-03
   3.36000013       1.07218686E-03
   3.37000012       1.07218686E-03
   3.38000035       1.07218686E-03
   3.39000034       1.07218686E-03
   3.40000033       1.07218686E-03
   3.41000032       1.07218686E-03
   3.42000031       1.07218686E-03
   3.43000031       1.07218686E-03
   3.44000030       1.07218686E-03
   3.45000029       1.07218686E-03
   3.46000028       1.07218686E-03
   3.47000027       1.07218686E-03
   3.48000026       1.07218686E-03
   3.49000025       1.07218686E-03
   3.50000024       1.07218686E-03
   3.51000023       1.07218686E-03
   3.52000022       1.07218686E-03
   3.53000021       1.07218686E-03
   3.54000020       1.07218686E-03
   3.55000019       1.07218686E-03
   3.56000018       1.07218686E-03
   3.57000017       1.07218686E-03
   3.58000016       1.07218686E-03
   3.59000015       1.07218686E-03
   3.60000014       1.07218686E-03
   3.61000037       1.07218686E-03
   3.62000036       1.07218686E-03
   3.63000035       1.07218686E-03
   3.64000034       1.07218686E-03
   3.65000033       1.07218686E-03
   3.66000032       1.07218686E-03
   3.67000031       1.07218686E-03
   3.68000031       1.07218686E-03
   3.69000030       1.07218686E-03
   3.70000029       1.07218686E-03
   3.71000028       1.07218686E-03
   3.72000027       1.07218686E-03
   3.73000026       1.07218686E-03
   3.74000025       1.07218686E-03
   3.75000024       1.07218686E-03
   3.76000023       1.07218686E-03
   3.77000022       1.07218686E-03
   3.78000021       1.07218686E-03
   3.79000020       1.07218686E-03
   3.80000019       1.07218686E-03
   3.81000018       1.07218686E-03
   3.82000017       1.07218686E-03
   3.83000016       1.07218686E-03
   3.84000015       1.07218686E-03
   3.85000038       1.07218686E-03
   3.86000037       1.07218686E-03
   3.87000036       1.07218686E-03
   3.88000035       1.07218686E-03
   3.89000034       1.07218686E-03
   3.90000033       1.07218686E-03
   3.91000032       1.07218686E-03
   3.92000031       1.07218686E-03
   3.93000031       1.07218686E-03
   3.94000030       1.07218686E-03
   3.95000029       1.07218686E-03
   3.96000028       1.07218686E-03
   3.97000027       1.07218686E-03
   3.98000026       1.07218686E-03
   3.99000025       1.07218686E-03
   4.00000048       1.07218686E-03
   4.01000023       1.07218686E-03
   4.02000046       1.07218686E-03
   4.03000021       1.07218686E-03
   4.04000044       1.07218686E-03
   4.05000019       1.07218686E-03
   4.06000042       1.07218686E-03
   4.07000017       1.07218686E-03
   4.08000040       1.07218686E-03
   4.09000015       1.07218686E-03
   4.10000038       1.07218686E-03
   4.11000013       1.07218686E-03
   4.12000036       1.07218686E-03
   4.13000011       1.07218686E-03
   4.14000034       1.07218686E-03
   4.15000010       1.07218686E-03
   4.16000032       1.07218686E-03
   4.17000008       1.07218686E-03
   4.18000031       1.07218686E-03
   4.19000053       1.07218686E-03
   4.20000029       1.07218686E-03
   4.21000051       1.07218686E-03
   4.22000027       1.07218686E-03
   4.23000050       1.07218686E-03
   4.24000025       1.07218686E-03
   4.25000048       1.07218686E-03
   4.26000023       1.07218686E-03
   4.27000046       1.07218686E-03
   4.28000021       1.07218686E-03
   4.29000044       1.07218686E-03
   4.30000019       1.07218686E-03
   4.31000042       1.07218686E-03
   4.32000017       1.07218686E-03
   4.33000040       1.07218686E-03
   4.34000015       1.07218686E-03
   4.35000038       1.07218686E-03
   4.36000013       1.07218686E-03
   4.37000036       1.07218686E-03
   4.38000011       1.07218686E-03
   4.39000034       1.07218686E-03
   4.40000010       1.07218686E-03
   4.41000032       1.07218686E-03
   4.42000008       1.07218686E-03
   4.43000031       1.07218686E-03
   4.44000053       1.07218686E-03
   4.45000029       1.07218686E-03
   4.46000051       1.07218686E-03
   4.47000027       1.07218686E-03
   4.48000050       1.07218686E-03
   4.49000025       1.07218686E-03
   4.50000048       1.07218686E-03
   4.51000023       1.07218686E-03
   4.52000046       1.07218686E-03
   4.53000021       1.07218686E-03
   4.54000044       1.07218686E-03
   4.55000019       1.07218686E-03
   4.56000042       1.07218686E-03
   4.57000017       1.07218686E-03
   4.58000040       1.07218686E-03
   4.59000015       1.07218686E-03
   4.60000038       1.07218686E-03
   4.61000013       1.07218686E-03
   4.62000036       1.07218686E-03
   4.63000011       1.07218686E-03
   4.64000034       1.07218686E-03
   4.65000010       1.07218686E-03
   4.66000032       1.07218686E-03
   4.67000055       1.07218686E-03
   4.68000031       1.07218686E-03
   4.69000053       1.07218686E-03
   4.70000029       1.07218686E-03
   4.71000051       1.07218686E-03
   4.72000027       1.07218686E-03
   4.73000050       1.07218686E-03
   4.74000025       1.07218686E-03
   4.75000048       1.07218686E-03
   4.76000023       1.07218686E-03
   4.77000046       1.07218686E-03
   4.78000021       1.07218686E-03
   4.79000044       1.07218686E-03
   4.80000019       1.07218686E-03
   4.81000042       1.07218686E-03
   4.82000017       1.07218686E-03
   4.83000040       1.07218686E-03
   4.84000015       1.07218686E-03
   4.85000038       1.07218686E-03
   4.86000013       1.07218686E-03
   4.87000036       1.07218686E-03
   4.88000011       1.07218686E-03
   4.89000034       1.07218686E-03
   4.90000057       1.07218686E-03
   4.91000032       1.07218686E-03
   4.92000055       1.07218686E-03
   4.93000031       1.07218686E-03
   4.94000053       1.07218686E-03
   4.95000029       1.07218686E-03
   4.96000051       1.07218686E-03
   4.97000027       1.07218686E-03
   4.98000050       1.07218686E-03
   4.99000025       1.07218686E-03
   5.00000048       1.07218686E-03
   5.01000023       1.07218686E-03
   5.02000046       1.07218686E-03
   5.03000021       1.07218686E-03
   5.04000044       1.07218686E-03
   5.05000019       1.07218686E-03
   5.06000042       1.07218686E-03
   5.07000017       1.07218686E-03
   5.08000040       1.07218686E-03
   5.09000015       1.07218686E-03
   5.10000038       1.07218686E-03
   5.11000013       1.07218686E-03
   5.12000036       1.07218686E-03
   5.13000059       1.07218686E-03
   5.14000034       1.07218686E-03
   5.15000057       1.07218686E-03
   5.16000032       1.07218686E-03
   5.17000055       1.07218686E-03
   5.18000031       1.07218686E-03
   5.19000053       1.07218686E-03
   5.20000029       1.07218686E-03
   5.21000051       1.07218686E-03
   5.22000027       1.07218686E-03
   5.23000050       1.07218686E-03
   5.24000025       1.07218686E-03
   5.25000048       1.07218686E-03
   5.26000023       1.07218686E-03
   5.27000046       1.07218686E-03
   5.28000021       1.07218686E-03
   5.29000044       1.07218686E-03
   5.30000019       1.07218686E-03
   5.31000042       1.07218686E-03
   5.32000017       1.07218686E-03
   5.33000040       1.07218686E-03
   5.34000015       1.07218686E-03
   5.35000038       1.07218686E-03
   5.36000061       1.07218686E-03
   5.37000036       1.07218686E-03
   5.38000059       1.07218686E-03
   5.39000034       1.07218686E-03
   5.40000057       1.07218686E-03
   5.41000032       1.07218686E-03
   5.42000055       1.07218686E-03
   5.43000031       1.07218686E-03
   5.44000053       1.07218686E-03
   5.45000029       1.07218686E-03
   5.46000051       1.07218686E-03
   5.47000027       1.07218686E-03
   5.48000050       1.07218686E-03
   5.49000025       1.07218686E-03
   5.50000048       1.07218686E-03
   5.51000023       1.07218686E-03
   5.52000046       1.07218686E-03
   5.53000021       1.07218686E-03
   5.54000044       1.07218686E-03
   5.55000019       1.07218686E-03
   5.56000042       1.07218686E-03
   5.57000017       1.07218686E-03
   5.58000040       1.07218686E-03
   5.59000063       1.07218686E-03
   5.60000038       1.07218686E-03
   5.61000061       1.07218686E-03
   5.62000036       1.07218686E-03
   5.63000059       1.07218686E-03
   5.64000034       1.07218686E-03
   5.65000057       1.07218686E-03
   5.66000032       1.07218686E-03
   5.67000055       1.07218686E-03
   5.68000031       1.07218686E-03
   5.69000053       1.07218686E-03
   5.70000029       1.07218686E-03
   5.71000051       1.07218686E-03
   5.72000027       1.07218686E-03
   5.73000050       1.07218686E-03
   5.74000025       1.07218686E-03
   5.75000048       1.07218686E-03
   5.76000023       1.07218686E-03
   5.77000046       1.07218686E-03
   5.78000021       1.07218686E-03
   5.79000044       1.07218686E-03
   5.80000019       1.07218686E-03
   5.81000042       1.07218686E-03
   5.82000065       1.07218686E-03
   5.83000040       1.07218686E-03
   5.84000063       1.07218686E-03
   5.85000038       1.07218686E-03
   5.86000061       1.07218686E-03
   5.87000036       1.07218686E-03
   5.88000059       1.07218686E-03
   5.89000034       1.07218686E-03
   5.90000057       1.07218686E-03
   5.91000032       1.07218686E-03
   5.92000055       1.07218686E-03
   5.93000031       1.07218686E-03
   5.94000053       1.07218686E-03
   5.95000029       1.07218686E-03
   5.96000051       1.07218686E-03
   5.97000027       1.07218686E-03
   5.98000050       1.07218686E-03
   5.99000025       1.07218686E-03
   6.00000048       1.07218686E-03
   6.01000023       1.07218686E-03
   6.02000046       1.07218686E-03
   6.03000021       1.07218686E-03
   6.04000044       1.07218686E-03
   6.05000019       1.07218686E-03
   6.06000042       1.07218686E-03
   6.07000065       1.07218686E-03
   6.08000040       1.07218686E-03
   6.09000063       1.07218686E-03
   6.10000038       1.07218686E-03
   6.11000061       1.07218686E-03
   6.12000036       1.07218686E-03
   6.13000059       1.07218686E-03
   6.14000034       1.07218686E-03
   6.15000057       1.07218686E-03
   6.16000032       1.07218686E-03
   6.17000055       1.07218686E-03
   6.18000031       1.07218686E-03
   6.19000053       1.07218686E-03
   6.20000029       1.07218686E-03
   6.21000051       1.07218686E-03
   6.22000027       1.07218686E-03
   6.23000050       1.07218686E-03
   6.24000025       1.07218686E-03
   6.25000048       1.07218686E-03
   6.26000023       1.07218686E-03
   6.27000046       1.07218686E-03
   6.28000021       1.07218686E-03
   6.29000044       1.07218686E-03
   6.30000067       1.07218686E-03
   6.31000042       1.07218686E-03
   6.32000065       1.07218686E-03
   6.33000040       1.07218686E-03
   6.34000063       1.07218686E-03
   6.35000038       1.07218686E-03
   6.36000061       1.07218686E-03
   6.37000036       1.07218686E-03
   6.38000059       1.07218686E-03
   6.39000034       1.07218686E-03
   6.40000057       1.07218686E-03
   6.41000032       1.07218686E-03
   6.42000055       1.07218686E-03
   6.43000031       1.07218686E-03
   6.44000053       1.07218686E-03
   6.45000029       1.07218686E-03
   6.46000051       1.07218686E-03
   6.47000027       1.07218686E-03
   6.48000050       1.07218686E-03
   6.49000025       1.07218686E-03
   6.50000048       1.07218686E-03
   6.51000023       1.07218686E-03
   6.52000046       1.07218686E-03
   6.53000069       1.07218686E-03
   6.54000044       1.07218686E-03
   6.55000067       1.07218686E-03
   6.56000042       1.07218686E-03
   6.57000065       1.07218686E-03
   6.58000040       1.07218686E-03
   6.59000063       1.07218686E-03
   6.60000038       1.07218686E-03
   6.61000061       1.07218686E-03
   6.62000036       1.07218686E-03
   6.63000059       1.07218686E-03
   6.64000034       1.07218686E-03
   6.65000057       1.07218686E-03
   6.66000032       1.07218686E-03
   6.67000055       1.07218686E-03
   6.68000031       1.07218686E-03
   6.69000053       1.07218686E-03
   6.70000029       1.07218686E-03
   6.71000051       1.07218686E-03
   6.72000027       1.07218686E-03
   6.73000050       1.07218686E-03
   6.74000025       1.07218686E-03
   6.75000048       1.07218686E-03
   6.76000071       1.07218686E-03
   6.77000046       1.07218686E-03
   6.78000069       1.07218686E-03
   6.79000044       1.07218686E-03
   6.80000067       1.07218686E-03
   6.81000042       1.07218686E-03
   6.82000065       1.07218686E-03
   6.83000040       1.07218686E-03
   6.84000063       1.07218686E-03
   6.85000038       1.07218686E-03
   6.86000061       1.07218686E-03
   6.87000036       1.07218686E-03
   6.88000059       1.07218686E-03
   6.89000034       1.07218686E-03
   6.90000057       1.07218686E-03
   6.91000032       1.07218686E-03
   6.92000055       1.07218686E-03
   6.93000031       1.07218686E-03
   6.94000053       1.07218686E-03
   6.95000029       1.07218686E-03
   6.96000051       1.07218686E-03
   6.97000027       1.07218686E-03
   6.98000050       1.07218686E-03
   6.99000072       1.07218686E-03
   7.00000048       1.07218686E-03
   7.01000071       1.07218686E-03
   7.02000046       1.07218686E-03
   7.03000069       1.07218686E-03
   7.04000044       1.07218686E-03
   7.05000067       1.07218686E-03
   7.06000042       1.07218686E-03
   7.07000065       1.07218686E-03
   7.08000040       1.07218686E-03
   7.09000063       1.07218686E-03
   7.10000038       1.07218686E-03
   7.11000061       1.07218686E-03
   7.12000036       1.07218686E-03
   7.13000059       1.07218686E-03
   7.14000034       1.07218686E-03
   7.15000057       1.07218686E-03
   7.16000032       1.07218686E-03
   7.17000055       1.07218686E-03
   7.18000031       1.07218686E-03
   7.19000053       1.07218686E-03
   7.20000029       1.07218686E-03
   7.21000051       1.07218686E-03
   7.22000074       1.07218686E-03
   7.23000050       1.07218686E-03
   7.24000072       1.07218686E-03
   7.25000048       1.07218686E-03
   7.26000071       1.07218686E-03
   7.27000046       1.07218686E-03
   7.28000069       1.07218686E-03
   7.29000044       1.07218686E-03
   7.30000067       1.07218686E-03
   7.31000042       1.07218686E-03
   7.32000065       1.07218686E-03
   7.33000040       1.07218686E-03
   7.34000063       1.07218686E-03
   7.35000038       1.07218686E-03
   7.36000061       1.07218686E-03
   7.37000036       1.07218686E-03
   7.38000059       1.07218686E-03
   7.39000034       1.07218686E-03
   7.40000057       1.07218686E-03
   7.41000032       1.07218686E-03
   7.42000055       1.07218686E-03
   7.43000031       1.07218686E-03
   7.44000053       1.07218686E-03
   7.45000076       1.07218686E-03
   7.46000051       1.07218686E-03
   7.47000074       1.07218686E-03
   7.48000050       1.07218686E-03
   7.49000072       1.07218686E-03
   7.50000048       1.07218686E-03
   7.51000071       1.07218686E-03
   7.52000046       1.07218686E-03
   7.53000069       1.07218686E-03
   7.54000044       1.07218686E-03
   7.55000067       1.07218686E-03
   7.56000042       1.07218686E-03
   7.57000065       1.07218686E-03
   7.58000040       1.07218686E-03
   7.59000063       1.07218686E-03
   7.60000038       1.07218686E-03
   7.61000061       1.07218686E-03
   7.62000036       1.07218686E-03
   7.63000059       1.07218686E-03
   7.64000034       1.07218686E-03
   7.65000057       1.07218686E-03
   7.66000032       1.07218686E-03
   7.67000055       1.07218686E-03
   7.68000031       1.07218686E-03
   7.69000053       1.07218686E-03
   7.70000076       1.07218686E-03
   7.71000051       1.07218686E-03
   7.72000074       1.07218686E-03
   7.73000050       1.07218686E-03
   7.74000072       1.07218686E-03
   7.75000048       1.07218686E-03
   7.76000071       1.07218686E-03
   7.77000046       1.07218686E-03
   7.78000069       1.07218686E-03
   7.79000044       1.07218686E-03
   7.80000067       1.07218686E-03
   7.81000042       1.07218686E-03
   7.82000065       1.07218686E-03
   7.83000040       1.07218686E-03
   7.84000063       1.07218686E-03
   7.85000038       1.07218686E-03
   7.86000061       1.07218686E-03
   7.87000036       1.07218686E-03
   7.88000059       1.07218686E-03
   7.89000034       1.07218686E-03
   7.90000057       1.07218686E-03
   7.91000032       1.07218686E-03
   7.92000055       1.07218686E-03
   7.93000078       1.07218686E-03
   7.94000053       1.07218686E-03
   7.95000076       1.07218686E-03
   7.96000051       1.07218686E-03
   7.97000074       1.07218686E-03
   7.98000050       1.07218686E-03
   7.99000072       1.07218686E-03
   8.00000095       1.07218686E-03
   8.01000023       1.07218686E-03
   8.02000046       1.07218686E-03
   8.03000069       1.07218686E-03
   8.04000092       1.07218686E-03
   8.05000019       1.07218686E-03
   8.06000042       1.07218686E-03
   8.07000065       1.07218686E-03
   8.08000088       1.07218686E-03
   8.09000015       1.07218686E-03
   8.10000038       1.07218686E-03
   8.11000061       1.07218686E-03
   8.12000084       1.07218686E-03
   8.13000011       1.07218686E-03
   8.14000034       1.07218686E-03
   8.15000057       1.07218686E-03
   8.16000080       1.07218686E-03
   8.17000103       1.07218686E-03
   8.18000031       1.07218686E-03
   8.19000053       1.07218686E-03
   8.20000076       1.07218686E-03
   8.21000099       1.07218686E-03
   8.22000027       1.07218686E-03
   8.23000050       1.07218686E-03
   8.24000072       1.07218686E-03
   8.25000095       1.07218686E-03
   8.26000023       1.07218686E-03
   8.27000046       1.07218686E-03
   8.28000069       1.07218686E-03
   8.29000092       1.07218686E-03
   8.30000019       1.07218686E-03
   8.31000042       1.07218686E-03
   8.32000065       1.07218686E-03
   8.33000088       1.07218686E-03
   8.34000015       1.07218686E-03
   8.35000038       1.07218686E-03
   8.36000061       1.07218686E-03
   8.37000084       1.07218686E-03
   8.38000107       1.07218686E-03
   8.39000034       1.07218686E-03
   8.40000057       1.07218686E-03
   8.41000080       1.07218686E-03
   8.42000103       1.07218686E-03
   8.43000031       1.07218686E-03
   8.44000053       1.07218686E-03
   8.45000076       1.07218686E-03
   8.46000099       1.07218686E-03
   8.47000027       1.07218686E-03
   8.48000050       1.07218686E-03
   8.49000072       1.07218686E-03
   8.50000095       1.07218686E-03
   8.51000023       1.07218686E-03
   8.52000046       1.07218686E-03
   8.53000069       1.07218686E-03
   8.54000092       1.07218686E-03
   8.55000019       1.07218686E-03
   8.56000042       1.07218686E-03
   8.57000065       1.07218686E-03
   8.58000088       1.07218686E-03
   8.59000015       1.07218686E-03
   8.60000038       1.07218686E-03
   8.61000061       1.07218686E-03
   8.62000084       1.07218686E-03
   8.63000107       1.07218686E-03
   8.64000034       1.07218686E-03
   8.65000057       1.07218686E-03
   8.66000080       1.07218686E-03
   8.67000103       1.07218686E-03
   8.68000031       1.07218686E-03
   8.69000053       1.07218686E-03
   8.70000076       1.07218686E-03
   8.71000099       1.07218686E-03
   8.72000027       1.07218686E-03
   8.73000050       1.07218686E-03
   8.74000072       1.07218686E-03
   8.75000095       1.07218686E-03
   8.76000023       1.07218686E-03
   8.77000046       1.07218686E-03
   8.78000069       1.07218686E-03
   8.79000092       1.07218686E-03
   8.80000019       1.07218686E-03
   8.81000042       1.07218686E-03
   8.82000065       1.07218686E-03
   8.83000088       1.07218686E-03
   8.84000015       1.07218686E-03
   8.85000038       1.07218686E-03
   8.86000061       1.07218686E-03
   8.87000084       1.07218686E-03
   8.88000107       1.07218686E-03
   8.89000034       1.07218686E-03
   8.90000057       1.07218686E-03
   8.91000080       1.07218686E-03
   8.92000103       1.07218686E-03
   8.93000031       1.07218686E-03
   8.94000053       1.07218686E-03
   8.95000076       1.07218686E-03
   8.96000099       1.07218686E-03
   8.97000027       1.07218686E-03
   8.98000050       1.07218686E-03
   8.99000072       1.07218686E-03
   9.00000095       1.07218686E-03
   9.01000023       1.07218686E-03
   9.02000046       1.07218686E-03
   9.03000069       1.07218686E-03
   9.04000092       1.07218686E-03
   9.05000019       1.07218686E-03
   9.06000042       1.07218686E-03
   9.07000065       1.07218686E-03
   9.08000088       1.07218686E-03
   9.09000111       1.07218686E-03
   9.10000038       1.07218686E-03
   9.11000061       1.07218686E-03
   9.12000084       1.07218686E-03
   9.13000107       1.07218686E-03
   9.14000034       1.07218686E-03
   9.15000057       1.07218686E-03
   9.16000080       1.07218686E-03
   9.17000103       1.07218686E-03
   9.18000031       1.07218686E-03
   9.19000053       1.07218686E-03
   9.20000076       1.07218686E-03
   9.21000099       1.07218686E-03
   9.22000027       1.07218686E-03
   9.23000050       1.07218686E-03
   9.24000072       1.07218686E-03
   9.25000095       1.07218686E-03
   9.26000023       1.07218686E-03
   9.27000046       1.07218686E-03
   9.28000069       1.07218686E-03
   9.29000092       1.07218686E-03
   9.30000019       1.07218686E-03
   9.31000042       1.07218686E-03
   9.32000065       1.07218686E-03
   9.33000088       1.07218686E-03
   9.34000111       1.07218686E-03
   9.35000038       1.07218686E-03
   9.36000061       1.07218686E-03
   9.37000084       1.07218686E-03
   9.38000107       1.07218686E-03
   9.39000034       1.07218686E-03
   9.40000057       1.07218686E-03
   9.41000080       1.07218686E-03
   9.42000103       1.07218686E-03
   9.43000031       1.07218686E-03
   9.44000053       1.07218686E-03
   9.45000076       1.07218686E-03
   9.46000099       1.07218686E-03
   9.47000027       1.07218686E-03
   9.48000050       1.07218686E-03
   9.49000072       1.07218686E-03
   9.50000095       1.07218686E-03
   9.51000023       1.07218686E-03
   9.52000046       1.07218686E-03
   9.53000069       1.07218686E-03
   9.54000092       1.07218686E-03
   9.55000114       1.07218686E-03
   9.56000042       1.07218686E-03
   9.57000065       1.07218686E-03
   9.58000088       1.07218686E-03
   9.59000111       1.07218686E-03
   9.60000038       1.07218686E-03
   9.61000061       1.07218686E-03
   9.62000084       1.07218686E-03
   9.63000107       1.07218686E-03
   9.64000034       1.07218686E-03
   9.65000057       1.07218686E-03
   9.66000080       1.07218686E-03
   9.67000103       1.07218686E-03
   9.68000031       1.07218686E-03
   9.69000053       1.07218686E-03
   9.70000076       1.07218686E-03
   9.71000099       1.07218686E-03
   9.72000027       1.07218686E-03
   9.73000050       1.07218686E-03
   9.74000072       1.07218686E-03
   9.75000095       1.07218686E-03
   9.76000023       1.07218686E-03
   9.77000046       1.07218686E-03
   9.78000069       1.07218686E-03
   9.79000092       1.07218686E-03
   9.80000114       1.07218686E-03
   9.81000042       1.07218686E-03
   9.82000065       1.07218686E-03
   9.83000088       1.07218686E-03
   9.84000111       1.07218686E-03
   9.85000038       1.07218686E-03
   9.86000061       1.07218686E-03
   9.87000084       1.07218686E-03
   9.88000107       1.07218686E-03
   9.89000034       1.07218686E-03
   9.90000057       1.07218686E-03
   9.91000080       1.07218686E-03
   9.92000103       1.07218686E-03
   9.93000031       1.07218686E-03
   9.94000053       1.07218686E-03
   9.95000076       1.07218686E-03
   9.96000099       1.07218686E-03
   9.97000027       1.07218686E-03
   9.98000050       1.07218686E-03
   9.99000072       1.07218686E-03
   10.0000010       1.07218686E-03
   10.0100012       1.07218686E-03
   10.0200005       1.07218686E-03
   10.0300007       1.07218686E-03
   10.0400009       1.07218686E-03
   10.0500011       1.07218686E-03
   10.0600004       1.07218686E-03
   10.0700006       1.07218686E-03
   10.0800009       1.07218686E-03
   10.0900011       1.07218686E-03
   10.1000004       1.07218686E-03
   10.1100006       1.07218686E-03
   10.1200008       1.07218686E-03
   10.1300011       1.07218686E-03
   10.1400003       1.07218686E-03
   10.1500006       1.07218686E-03
   10.1600008       1.07218686E-03
   10.1700010       1.07218686E-03
   10.1800003       1.07218686E-03
   10.1900005       1.07218686E-03
   10.2000008       1.07218686E-03
   10.2100010       1.07218686E-03
   10.2200003       1.07218686E-03
   10.2300005       1.07218686E-03
   10.2400007       1.07218686E-03
   10.2500010       1.07218686E-03
   10.2600012       1.07218686E-03
   10.2700005       1.07218686E-03
   10.2800007       1.07218686E-03
   10.2900009       1.07218686E-03
   10.3000011       1.07218686E-03
   10.3100004       1.07218686E-03
   10.3200006       1.07218686E-03
   10.3300009       1.07218686E-03
   10.3400011       1.07218686E-03
   10.3500004       1.07218686E-03
   10.3600006       1.07218686E-03
   10.3700008       1.07218686E-03
   10.3800011       1.07218686E-03
   10.3900003       1.07218686E-03
   10.4000006       1.07218686E-03
   10.4100008       1.07218686E-03
   10.4200010       1.07218686E-03
   10.4300003       1.07218686E-03
   10.4400005       1.07218686E-03
   10.4500008       1.07218686E-03
   10.4600010       1.07218686E-03
   10.4700003       1.07218686E-03
   10.4800005       1.07218686E-03
   10.4900007       1.07218686E-03
   10.5000010       1.07218686E-03
   10.5100012       1.07218686E-03
   10.5200005       1.07218686E-03
   10.5300007       1.07218686E-03
   10.5400009       1.07218686E-03
   10.5500011       1.07218686E-03
   10.5600004       1.07218686E-03
   10.5700006       1.07218686E-03
   10.5800009       1.07218686E-03
   10.5900011       1.07218686E-03
   10.6000004       1.07218686E-03
   10.6100006       1.07218686E-03
   10.6200008       1.07218686E-03
   10.6300011       1.07218686E-03
   10.6400003       1.07218686E-03
   10.6500006       1.07218686E-03
   10.6600008       1.07218686E-03
   10.6700010       1.07218686E-03
   10.6800003       1.07218686E-03
   10.6900005       1.07218686E-03
   10.7000008       1.07218686E-03
   10.7100010       1.07218686E-03
   10.7200012       1.07218686E-03
   10.7300005       1.07218686E-03
   10.7400007       1.07218686E-03
   10.7500010       1.07218686E-03
   10.7600012       1.07218686E-03
   10.7700005       1.07218686E-03
   10.7800007       1.07218686E-03
   10.7900009       1.07218686E-03
   10.8000011       1.07218686E-03
   10.8100004       1.07218686E-03
   10.8200006       1.07218686E-03
   10.8300009       1.07218686E-03
   10.8400011       1.07218686E-03
   10.8500004       1.07218686E-03
   10.8600006       1.07218686E-03
   10.8700008       1.07218686E-03
   10.8800011       1.07218686E-03
   10.8900003       1.07218686E-03
   10.9000006       1.07218686E-03
   10.9100008       1.07218686E-03
   10.9200010       1.07218686E-03
   10.9300003       1.07218686E-03
   10.9400005       1.07218686E-03
   10.9500008       1.07218686E-03
   10.9600010       1.07218686E-03
   10.9700012       1.07218686E-03
   10.9800005       1.07218686E-03
   10.9900007       1.07218686E-03
   11.0000010       1.07218686E-03
   11.0100012       1.07218686E-03
   11.0200005       1.07218686E-03
   11.0300007       1.07218686E-03
   11.0400009       1.07218686E-03
   11.0500011       1.07218686E-03
   11.0600004       1.07218686E-03
   11.0700006       1.07218686E-03
   11.0800009       1.07218686E-03
   11.0900011       1.07218686E-03
   11.1000004       1.07218686E-03
   11.1100006       1.07218686E-03
   11.1200008       1.07218686E-03
   11.1300011       1.07218686E-03
   11.1400003       1.07218686E-03
   11.1500006       1.07218686E-03
   11.1600008       1.07218686E-03
   11.1700010       1.07218686E-03
   11.1800013       1.07218686E-03
   11.1900005       1.07218686E-03
   11.2000008       1.07218686E-03
   11.2100010       1.07218686E-03
   11.2200012       1.07218686E-03
   11.2300005       1.07218686E-03
   11.2400007       1.07218686E-03
   11.2500010       1.07218686E-03
   11.2600012       1.07218686E-03
   11.2700005       1.07218686E-03
   11.2800007       1.07218686E-03
   11.2900009       1.07218686E-03
   11.3000011       1.07218686E-03
   11.3100004       1.07218686E-03
   11.3200006       1.07218686E-03
   11.3300009       1.07218686E-03
   11.3400011       1.07218686E-03
   11.3500004       1.07218686E-03
   11.3600006       1.07218686E-03
   11.3700008       1.07218686E-03
   11.3800011       1.07218686E-03
   11.3900003       1.07218686E-03
   11.4000006       1.07218686E-03
   11.4100008       1.07218686E-03
   11.4200010       1.07218686E-03
   11.4300013       1.07218686E-03
   11.4400005       1.07218686E-03
   11.4500008       1.07218686E-03
   11.4600010       1.07218686E-03
   11.4700012       1.07218686E-03
   11.4800005       1.07218686E-03
   11.4900007       1.07218686E-03
   11.5000010       1.07218686E-03
   11.5100012       1.07218686E-03
   11.5200005       1.07218686E-03
   11.5300007       1.07218686E-03
   11.5400009       1.07218686E-03
   11.5500011       1.07218686E-03
   11.5600004       1.07218686E-03
   11.5700006       1.07218686E-03
   11.5800009       1.07218686E-03
   11.5900011       1.07218686E-03
   11.6000004       1.07218686E-03
   11.6100006       1.07218686E-03
   11.6200008       1.07218686E-03
   11.6300011       1.07218686E-03
   11.6400013       1.07218686E-03
   11.6500006       1.07218686E-03
   11.6600008       1.07218686E-03
   11.6700010       1.07218686E-03
   11.6800013       1.07218686E-03
   11.6900005       1.07218686E-03
   11.7000008       1.07218686E-03
   11.7100010       1.07218686E-03
   11.7200012       1.07218686E-03
   11.7300005       1.07218686E-03
   11.7400007       1.07218686E-03
   11.7500010       1.07218686E-03
   11.7600012       1.07218686E-03
   11.7700005       1.07218686E-03
   11.7800007       1.07218686E-03
   11.7900009       1.07218686E-03
   11.8000011       1.07218686E-03
   11.8100004       1.07218686E-03
   11.8200006       1.07218686E-03
   11.8300009       1.07218686E-03
   11.8400011       1.07218686E-03
   11.8500004       1.07218686E-03
   11.8600006       1.07218686E-03
   11.8700008       1.07218686E-03
   11.8800011       1.07218686E-03
   11.8900013       1.07218686E-03
   11.9000006       1.07218686E-03
   11.9100008       1.07218686E-03
   11.9200010       1.07218686E-03
   11.9300013       1.07218686E-03
   11.9400005       1.07218686E-03
   11.9500008       1.07218686E-03
   11.9600010       1.07218686E-03
   11.9700012       1.07218686E-03
   11.9800005       1.07218686E-03
   11.9900007       1.07218686E-03
   12.0000010       1.07218686E-03
   12.0100012       1.07218686E-03
   12.0200005       1.07218686E-03
   12.0300007       1.07218686E-03
   12.0400009       1.07218686E-03
   12.0500011       1.07218686E-03
   12.0600004       1.07218686E-03
   12.0700006       1.07218686E-03
   12.0800009       1.07218686E-03
   12.0900011       1.07218686E-03
   12.1000004       1.07218686E-03
   12.1100006       1.07218686E-03
   12.1200008       1.07218686E-03
   12.1300011       1.07218686E-03
   12.1400013       1.07218686E-03
   12.1500006       1.07218686E-03
   12.1600008       1.07218686E-03
   12.1700010       1.07218686E-03
   12.1800013       1.07218686E-03
   12.1900005       1.07218686E-03
   12.2000008       1.07218686E-03
   12.2100010       1.07218686E-03
   12.2200012       1.07218686E-03
   12.2300005       1.07218686E-03
   12.2400007       1.07218686E-03
   12.2500010       1.07218686E-03
   12.2600012       1.07218686E-03
   12.2700005       1.07218686E-03
   12.2800007       1.07218686E-03
   12.2900009       1.07218686E-03
   12.3000011       1.07218686E-03
   12.3100004       1.07218686E-03
   12.3200006       1.07218686E-03
   12.3300009       1.07218686E-03
   12.3400011       1.07218686E-03
   12.3500013       1.07218686E-03
   12.3600006       1.07218686E-03
   12.3700008       1.07218686E-03
   12.3800011       1.07218686E-03
   12.3900013       1.07218686E-03
   12.4000006       1.07218686E-03
   12.4100008       1.07218686E-03
   12.4200010       1.07218686E-03
   12.4300013       1.07218686E-03
   12.4400005       1.07218686E-03
   12.4500008       1.07218686E-03
   12.4600010       1.07218686E-03
   12.4700012       1.07218686E-03
   12.4800005       1.07218686E-03
   12.4900007       1.07218686E-03
   12.5000010       1.07218686E-03
   12.5100012       1.07218686E-03
   12.5200005       1.07218686E-03
   12.5300007       1.07218686E-03
   12.5400009       1.07218686E-03
   12.5500011       1.07218686E-03
   12.5600004       1.07218686E-03
   12.5700006       1.07218686E-03
   12.5800009       1.07218686E-03
   12.5900011       1.07218686E-03
   12.6000013       1.07218686E-03
   12.6100006       1.07218686E-03
   12.6200008       1.07218686E-03
   12.6300011       1.07218686E-03
   12.6400013       1.07218686E-03
   12.6500006       1.07218686E-03
   12.6600008       1.07218686E-03
   12.6700010       1.07218686E-03
   12.6800013       1.07218686E-03
   12.6900005       1.07218686E-03
   12.7000008       1.07218686E-03
   12.7100010       1.07218686E-03
   12.7200012       1.07218686E-03
   12.7300005       1.07218686E-03
   12.7400007       1.07218686E-03
   12.7500010       1.07218686E-03
   12.7600012       1.07218686E-03
   12.7700005       1.07218686E-03
   12.7800007       1.07218686E-03
   12.7900009       1.07218686E-03
   12.8000011       1.07218686E-03
   12.8100014       1.07218686E-03
   12.8200006       1.07218686E-03
   12.8300009       1.07218686E-03
   12.8400011       1.07218686E-03
   12.8500013       1.07218686E-03
   12.8600006       1.07218686E-03
   12.8700008       1.07218686E-03
   12.8800011       1.07218686E-03
   12.8900013       1.07218686E-03
   12.9000006       1.07218686E-03
   12.9100008       1.07218686E-03
   12.9200010       1.07218686E-03
   12.9300013       1.07218686E-03
   12.9400005       1.07218686E-03
   12.9500008       1.07218686E-03
   12.9600010       1.07218686E-03
   12.9700012       1.07218686E-03
   12.9800005       1.07218686E-03
   12.9900007       1.07218686E-03
   13.0000010       1.07218686E-03
   13.0100012       1.07218686E-03
   13.0200005       1.07218686E-03
   13.0300007       1.07218686E-03
   13.0400009       1.07218686E-03
   13.0500011       1.07218686E-03
   13.0600014       1.07218686E-03
   13.0700006       1.07218686E-03
   13.0800009       1.07218686E-03
   13.0900011       1.07218686E-03
   13.1000013       1.07218686E-03
   13.1100006       1.07218686E-03
   13.1200008       1.07218686E-03
   13.1300011       1.07218686E-03
   13.1400013       1.07218686E-03
   13.1500006       1.07218686E-03
   13.1600008       1.07218686E-03
   13.1700010       1.07218686E-03
   13.1800013       1.07218686E-03
   13.1900005       1.07218686E-03
   13.2000008       1.07218686E-03
   13.2100010       1.07218686E-03
   13.2200012       1.07218686E-03
   13.2300005       1.07218686E-03
   13.2400007       1.07218686E-03
   13.2500010       1.07218686E-03
   13.2600012       1.07218686E-03
   13.2700014       1.07218686E-03
   13.2800007       1.07218686E-03
   13.2900009       1.07218686E-03
   13.3000011       1.07218686E-03
   13.3100014       1.07218686E-03
   13.3200006       1.07218686E-03
   13.3300009       1.07218686E-03
   13.3400011       1.07218686E-03
   13.3500013       1.07218686E-03
   13.3600006       1.07218686E-03
   13.3700008       1.07218686E-03
   13.3800011       1.07218686E-03
   13.3900013       1.07218686E-03
   13.4000006       1.07218686E-03
   13.4100008       1.07218686E-03
   13.4200010       1.07218686E-03
   13.4300013       1.07218686E-03
   13.4400005       1.07218686E-03
   13.4500008       1.07218686E-03
   13.4600010       1.07218686E-03
   13.4700012       1.07218686E-03
   13.4800005       1.07218686E-03
   13.4900007       1.07218686E-03
   13.5000010       1.07218686E-03
   13.5100012       1.07218686E-03
   13.5200014       1.07218686E-03
   13.5300007       1.07218686E-03
   13.5400009       1.07218686E-03
   13.5500011       1.07218686E-03
   13.5600014       1.07218686E-03
   13.5700006       1.07218686E-03
   13.5800009       1.07218686E-03
   13.5900011       1.07218686E-03
   13.6000013       1.07218686E-03
   13.6100006       1.07218686E-03
   13.6200008       1.07218686E-03
   13.6300011       1.07218686E-03
   13.6400013       1.07218686E-03
   13.6500006       1.07218686E-03
   13.6600008       1.07218686E-03
   13.6700010       1.07218686E-03
   13.6800013       1.07218686E-03
   13.6900005       1.07218686E-03
   13.7000008       1.07218686E-03
   13.7100010       1.07218686E-03
   13.7200012       1.07218686E-03
   13.7300005       1.07218686E-03
   13.7400007       1.07218686E-03
   13.7500010       1.07218686E-03
   13.7600012       1.07218686E-03
   13.7700014       1.07218686E-03
   13.7800007       1.07218686E-03
   13.7900009       1.07218686E-03
   13.8000011       1.07218686E-03
   13.8100014       1.07218686E-03
   13.8200006       1.07218686E-03
   13.8300009       1.07218686E-03
   13.8400011       1.07218686E-03
   13.8500013       1.07218686E-03
   13.8600006       1.07218686E-03
   13.8700008       1.07218686E-03
   13.8800011       1.07218686E-03
   13.8900013       1.07218686E-03
   13.9000006       1.07218686E-03
   13.9100008       1.07218686E-03
   13.9200010       1.07218686E-03
   13.9300013       1.07218686E-03
   13.9400005       1.07218686E-03
   13.9500008       1.07218686E-03
   13.9600010       1.07218686E-03
   13.9700012       1.07218686E-03
   13.9800014       1.07218686E-03
   13.9900007       1.07218686E-03
   14.0000010       1.07218686E-03
   14.0100012       1.07218686E-03
   14.0200014       1.07218686E-03
   14.0300007       1.07218686E-03
   14.0400009       1.07218686E-03
   14.0500011       1.07218686E-03
   14.0600014       1.07218686E-03
   14.0700006       1.07218686E-03
   14.0800009       1.07218686E-03
   14.0900011       1.07218686E-03
   14.1000013       1.07218686E-03
   14.1100006       1.07218686E-03
   14.1200008       1.07218686E-03
   14.1300011       1.07218686E-03
   14.1400013       1.07218686E-03
   14.1500006       1.07218686E-03
   14.1600008       1.07218686E-03
   14.1700010       1.07218686E-03
   14.1800013       1.07218686E-03
   14.1900005       1.07218686E-03
   14.2000008       1.07218686E-03
   14.2100010       1.07218686E-03
   14.2200012       1.07218686E-03
   14.2300014       1.07218686E-03
   14.2400007       1.07218686E-03
   14.2500010       1.07218686E-03
   14.2600012       1.07218686E-03
   14.2700014       1.07218686E-03
   14.2800007       1.07218686E-03
   14.2900009       1.07218686E-03
   14.3000011       1.07218686E-03
   14.3100014       1.07218686E-03
   14.3200006       1.07218686E-03
   14.3300009       1.07218686E-03
   14.3400011       1.07218686E-03
   14.3500013       1.07218686E-03
   14.3600006       1.07218686E-03
   14.3700008       1.07218686E-03
   14.3800011       1.07218686E-03
   14.3900013       1.07218686E-03
   14.4000006       1.07218686E-03
   14.4100008       1.07218686E-03
   14.4200010       1.07218686E-03
   14.4300013       1.07218686E-03
   14.4400015       1.07218686E-03
   14.4500008       1.07218686E-03
   14.4600010       1.07218686E-03
   14.4700012       1.07218686E-03
   14.4800014       1.07218686E-03
   14.4900007       1.07218686E-03
   14.5000010       1.07218686E-03
   14.5100012       1.07218686E-03
   14.5200014       1.07218686E-03
   14.5300007       1.07218686E-03
   14.5400009       1.07218686E-03
   14.5500011       1.07218686E-03
   14.5600014       1.07218686E-03
   14.5700006       1.07218686E-03
   14.5800009       1.07218686E-03
   14.5900011       1.07218686E-03
   14.6000013       1.07218686E-03
   14.6100006       1.07218686E-03
   14.6200008       1.07218686E-03
   14.6300011       1.07218686E-03
   14.6400013       1.07218686E-03
   14.6500006       1.07218686E-03
   14.6600008       1.07218686E-03
   14.6700010       1.07218686E-03
   14.6800013       1.07218686E-03
   14.6900015       1.07218686E-03
   14.7000008       1.07218686E-03
   14.7100010       1.07218686E-03
   14.7200012       1.07218686E-03
   14.7300014       1.07218686E-03
   14.7400007       1.07218686E-03
   14.7500010       1.07218686E-03
   14.7600012       1.07218686E-03
   14.7700014       1.07218686E-03
   14.7800007       1.07218686E-03
   14.7900009       1.07218686E-03
   14.8000011       1.07218686E-03
   14.8100014       1.07218686E-03
   14.8200006       1.07218686E-03
   14.8300009       1.07218686E-03
   14.8400011       1.07218686E-03
   14.8500013       1.07218686E-03
   14.8600006       1.07218686E-03
   14.8700008       1.07218686E-03
   14.8800011       1.07218686E-03
   14.8900013       1.07218686E-03
   14.9000015       1.07218686E-03
   14.9100008       1.07218686E-03
   14.9200010       1.07218686E-03
   14.9300013       1.07218686E-03
   14.9400015       1.07218686E-03
   14.9500008       1.07218686E-03
   14.9600010       1.07218686E-03
   14.9700012       1.07218686E-03
   14.9800014       1.07218686E-03
   14.9900007       1.07218686E-03
   15.0000010       1.07218686E-03
   15.0100012       1.07218686E-03
   15.0200014       1.07218686E-03
   15.0300007       1.07218686E-03
   15.0400009       1.07218686E-03
   15.0500011       1.07218686E-03
   15.0600014       1.07218686E-03
   15.0700006       1.07218686E-03
   15.0800009       1.07218686E-03
   15.0900011       1.07218686E-03
   15.1000013       1.07218686E-03
   15.1100006       1.07218686E-03
   15.1200008       1.07218686E-03
   15.1300011       1.07218686E-03
   15.1400013       1.07218686E-03
   15.1500015       1.07218686E-03
   15.1600008       1.07218686E-03
   15.1700010       1.07218686E-03
   15.1800013       1.07218686E-03
   15.1900015       1.07218686E-03
   15.2000008       1.07218686E-03
   15.2100010       1.07218686E-03
   15.2200012       1.07218686E-03
   15.2300014       1.07218686E-03
   15.2400007       1.07218686E-03
   15.2500010       1.07218686E-03
   15.2600012       1.07218686E-03
   15.2700014       1.07218686E-03
   15.2800007       1.07218686E-03
   15.2900009       1.07218686E-03
   15.3000011       1.07218686E-03
   15.3100014       1.07218686E-03
   15.3200006       1.07218686E-03
   15.3300009       1.07218686E-03
   15.3400011       1.07218686E-03
   15.3500013       1.07218686E-03
   15.3600006       1.07218686E-03
   15.3700008       1.07218686E-03
   15.3800011       1.07218686E-03
   15.3900013       1.07218686E-03
   15.4000015       1.07218686E-03
   15.4100008       1.07218686E-03
   15.4200010       1.07218686E-03
   15.4300013       1.07218686E-03
   15.4400015       1.07218686E-03
   15.4500008       1.07218686E-03
   15.4600010       1.07218686E-03
   15.4700012       1.07218686E-03
   15.4800014       1.07218686E-03
   15.4900007       1.07218686E-03
   15.5000010       1.07218686E-03
   15.5100012       1.07218686E-03
   15.5200014       1.07218686E-03
   15.5300007       1.07218686E-03
   15.5400009       1.07218686E-03
   15.5500011       1.07218686E-03
   15.5600014       1.07218686E-03
   15.5700006       1.07218686E-03
   15.5800009       1.07218686E-03
   15.5900011       1.07218686E-03
   15.6000013       1.07218686E-03
   15.6100016       1.07218686E-03
   15.6200008       1.07218686E-03
   15.6300011       1.07218686E-03
   15.6400013       1.07218686E-03
   15.6500015       1.07218686E-03
   15.6600008       1.07218686E-03
   15.6700010       1.07218686E-03
   15.6800013       1.07218686E-03
   15.6900015       1.07218686E-03
   15.7000008       1.07218686E-03
   15.7100010       1.07218686E-03
   15.7200012       1.07218686E-03
   15.7300014       1.07218686E-03
   15.7400007       1.07218686E-03
   15.7500010       1.07218686E-03
   15.7600012       1.07218686E-03
   15.7700014       1.07218686E-03
   15.7800007       1.07218686E-03
   15.7900009       1.07218686E-03
   15.8000011       1.07218686E-03
   15.8100014       1.07218686E-03
   15.8200006       1.07218686E-03
   15.8300009       1.07218686E-03
   15.8400011       1.07218686E-03
   15.8500013       1.07218686E-03
   15.8600016       1.07218686E-03
   15.8700008       1.07218686E-03
   15.8800011       1.07218686E-03
   15.8900013       1.07218686E-03
   15.9000015       1.07218686E-03
   15.9100008       1.07218686E-03
   15.9200010       1.07218686E-03
   15.9300013       1.07218686E-03
   15.9400015       1.07218686E-03
   15.9500008       1.07218686E-03
   15.9600010       1.07218686E-03
   15.9700012       1.07218686E-03
   15.9800014       1.07218686E-03
   15.9900007       1.07218686E-03
