   0.00000000       20.6336460    
   1.00000007E-02   9.02465630    
   2.00000014E-02   5.15049553    
   3.00000012E-02   1.99319255    
   4.00000028E-02   1.52727926    
   5.00000045E-02  0.631955862    
   6.00000024E-02   1.09965229    
   7.00000077E-02  0.883877218    
   8.00000057E-02   1.43306017    
   9.00000036E-02  0.892421067    
  0.100000009       1.42137027    
  0.110000007      0.718157947    
  0.120000005      0.644038916    
  0.130000010      0.273963779    
  0.140000015      0.590963364    
  0.150000006      0.360899657    
  0.160000011      0.713383138    
  0.170000017      0.373342514    
  0.180000007      0.650382876    
  0.190000013      0.485835284    
  0.200000018      0.315622419    
  0.210000008      0.292675853    
  0.220000014      0.343462616    
  0.230000019      0.300681680    
  0.240000010      0.317363203    
  0.250000030      0.492823660    
  0.260000020      0.499691546    
  0.270000011      0.275907934    
  0.280000031      0.282672822    
  0.290000021      0.346891820    
  0.300000012      0.495179564    
  0.310000032      0.497642785    
  0.320000023       8.85148421E-02
  0.330000013      0.226934686    
  0.340000033      -9.96805727E-03
  0.350000024      0.631631196    
  0.360000014       2.77171675E-02
  0.370000035      0.523567617    
  0.380000025      0.168692395    
  0.390000015      0.185434297    
  0.400000036       4.55489680E-02
  0.410000026      0.374581605    
  0.420000017       9.89757031E-02
  0.430000037      0.141307071    
  0.440000027      0.232663572    
  0.450000018      0.309634417    
  0.460000038      0.217300653    
  0.470000029      0.286537766    
  0.480000019      0.213061288    
  0.490000039      0.143973827    
  0.500000060      0.253479213    
  0.510000050      -8.04399773E-02
  0.520000041      0.296215653    
  0.530000031      0.308669925    
  0.540000021      0.116370119    
  0.550000012      0.171286404    
  0.560000062       7.05659837E-02
  0.570000052       1.68101024E-02
  0.580000043      0.149126038    
  0.590000033      0.373567969    
  0.600000024      0.258152962    
  0.610000014       9.88225564E-02
  0.620000064      0.152804464    
  0.630000055      0.256304502    
  0.640000045      0.164209619    
  0.650000036       8.88990462E-02
  0.660000026      0.194778353    
  0.670000076      0.226420209    
  0.680000067      0.148770794    
  0.690000057       5.18712401E-02
  0.700000048      0.152309701    
  0.710000038      0.235920191    
  0.720000029      0.195384532    
  0.730000079      0.262154579    
  0.740000069      0.380999893    
  0.750000060       7.01313466E-02
  0.760000050      0.305569321    
  0.770000041       6.79398375E-03
  0.780000031      -6.45762011E-02
  0.790000081      0.207431614    
  0.800000072      0.223416984    
  0.810000062      0.243957713    
  0.820000052      0.225920498    
  0.830000043       7.15598613E-02
  0.840000033      0.253431290    
  0.850000083       3.29746455E-02
  0.860000074      0.292376280    
  0.870000064      0.224234357    
  0.880000055      0.241434366    
  0.890000045      0.355504304    
  0.900000036       5.35815582E-02
  0.910000086      0.212157309    
  0.920000076      0.264765084    
  0.930000067      -4.68149036E-02
  0.940000057      0.242194384    
  0.950000048      -8.57269540E-02
  0.960000038      0.194416419    
  0.970000088      0.139595672    
  0.980000079      0.186607093    
  0.990000069      0.179832622    
   1.00000012       6.07398115E-02
   1.01000011      -2.75193118E-02
   1.02000010      -5.62148504E-02
   1.03000009      0.181359768    
   1.04000008      0.252659321    
   1.05000007      0.212575659    
   1.06000006      0.188544944    
   1.07000005       8.62703547E-02
   1.08000004      0.108182669    
   1.09000003      0.115148805    
   1.10000002      0.123274468    
   1.11000013      0.366560966    
   1.12000012      0.116485089    
   1.13000011       7.50054345E-02
   1.14000010      0.114299521    
   1.15000010      0.179048747    
   1.16000009      -2.31145276E-03
   1.17000008      -4.62554209E-03
   1.18000007      0.289248735    
   1.19000006      0.259304672    
   1.20000005       1.15822470E-02
   1.21000004       9.96604189E-02
   1.22000003      0.168121576    
   1.23000014      0.143849537    
   1.24000013      0.242585301    
   1.25000012      -4.64528007E-03
   1.26000011      0.134784386    
   1.27000010      0.299939096    
   1.28000009      -5.23429066E-02
   1.29000008       8.61209556E-02
   1.30000007      0.157196596    
   1.31000006      0.283105314    
   1.32000005      0.171352819    
   1.33000004      0.193604246    
   1.34000015      0.263722986    
   1.35000014       2.10157204E-02
   1.36000013       6.19128942E-02
   1.37000012      0.115710668    
   1.38000011      0.221020833    
   1.39000010      0.161466986    
   1.40000010       5.73633052E-02
   1.41000009      0.302197784    
   1.42000008      0.182822540    
   1.43000007       4.69027786E-03
   1.44000006       7.03916745E-03
   1.45000005      0.103297494    
   1.46000016      0.367608547    
   1.47000015      0.309051841    
   1.48000014     -0.157548755    
   1.49000013      0.147046492    
   1.50000012       5.53193614E-02
   1.51000011       5.65269068E-02
   1.52000010      0.141393796    
   1.53000009       6.36616349E-02
   1.54000008      0.113237485    
   1.55000007      0.331635565    
   1.56000006       7.08502606E-02
   1.57000005      -8.15220103E-02
   1.58000016      0.242334574    
   1.59000015      -1.77414268E-02
   1.60000014      0.181060910    
   1.61000013       1.65766794E-02
   1.62000012      0.124392718    
   1.63000011      -8.29737540E-03
   1.64000010       7.59029090E-02
   1.65000010      0.199353725    
   1.66000009      0.287320942    
   1.67000008       7.00874850E-02
   1.68000007      0.152137265    
   1.69000018      0.236655071    
   1.70000017     -0.195138916    
   1.71000016       2.50009093E-02
   1.72000015      0.113161460    
   1.73000014      0.181157380    
   1.74000013       2.74269842E-02
   1.75000012      0.281578898    
   1.76000011       6.44644350E-02
   1.77000010      0.111082964    
   1.78000009      0.145801693    
   1.79000008       3.58725451E-02
   1.80000007      0.195014626    
   1.81000018      0.140056789    
   1.82000017      0.103004344    
   1.83000016      0.264842749    
   1.84000015     -0.230216473    
   1.85000014      -6.23846613E-02
   1.86000013      0.392519653    
   1.87000012      0.190963492    
   1.88000011       1.80253945E-02
   1.89000010      0.250089884    
   1.90000010      0.151580393    
   1.91000009      -1.32405283E-02
   1.92000008      0.225213379    
   1.93000019     -0.108451441    
   1.94000018      0.337591380    
   1.95000017       1.08571760E-02
   1.96000016      0.212435514    
   1.97000015       3.98537368E-02
   1.98000014      0.135336280    
   1.99000013      0.186190754    
   2.00000024       8.46791267E-03
   2.01000023      0.175504312    
   2.02000022      0.347570717    
   2.03000021      -1.09054977E-02
   2.04000020      0.172160342    
   2.05000019      0.188026160    
   2.06000018       6.31149113E-02
   2.07000017      -4.85769957E-02
   2.08000016      0.170114413    
   2.09000015      0.401207834    
   2.10000014      -3.64938267E-02
   2.11000013       5.72056249E-02
   2.12000012      0.172930658    
   2.13000011       5.11771105E-02
   2.14000010       2.31644828E-02
   2.15000010       2.80569885E-02
   2.16000009      0.233125389    
   2.17000008      0.136778414    
   2.18000007      0.227277428    
   2.19000006      0.108812101    
   2.20000005      0.210406721    
   2.21000004      -8.20068270E-02
   2.22000027      0.220440671    
   2.23000026      0.327171028    
   2.24000025       9.56318676E-02
   2.25000024      0.122674093    
   2.26000023      -9.45122615E-02
   2.27000022      -7.36875040E-03
   2.28000021      0.264195740    
   2.29000020      0.124180660    
   2.30000019       6.39707297E-02
   2.31000018      0.188327894    
   2.32000017      0.171192050    
   2.33000016      0.187308773    
   2.34000015       3.82227525E-02
   2.35000014      0.114733249    
   2.36000013     -0.195033655    
   2.37000012      0.279130459    
   2.38000011       7.16759115E-02
   2.39000010      0.110047884    
   2.40000010      0.186816528    
   2.41000009      -2.97095366E-02
   2.42000008      0.235334665    
   2.43000007      -2.60254350E-02
   2.44000006       3.10003422E-02
   2.45000029      0.156330794    
   2.46000028      -8.68998468E-03
   2.47000027      0.150298491    
   2.48000026      -5.46851568E-02
   2.49000025      -6.34212866E-02
   2.50000024       8.95871073E-02
   2.51000023      -1.86746605E-02
   2.52000022       4.60904427E-02
   2.53000021      0.378906250    
   2.54000020       8.85452405E-02
   2.55000019       4.86653894E-02
   2.56000018      -9.98836104E-03
   2.57000017      -9.36946794E-02
   2.58000016       3.49994302E-02
   2.59000015      0.278905421    
   2.60000014      -4.00453173E-02
   2.61000013       4.38247398E-02
   2.62000012       2.25514136E-02
   2.63000011      0.112821974    
   2.64000010      0.174347699    
   2.65000010      0.179468259    
   2.66000009      -4.64626253E-02
   2.67000008       2.51294319E-02
   2.68000031       7.92033821E-02
   2.69000030       7.04436898E-02
   2.70000029       8.81054346E-03
   2.71000028      0.148606598    
   2.72000027      0.205397353    
   2.73000026       7.18676746E-02
   2.74000025      -6.56014755E-02
   2.75000024       5.55411167E-02
   2.76000023      -2.52606976E-03
   2.77000022       5.81330843E-02
   2.78000021      0.171971664    
   2.79000020      0.223946124    
   2.80000019       7.84899816E-02
   2.81000018       2.28006225E-02
   2.82000017       8.11162293E-02
   2.83000016      0.161058828    
   2.84000015      0.131967559    
   2.85000014      0.196797043    
   2.86000013      0.153718293    
   2.87000012       2.79650930E-02
   2.88000011      -8.64880681E-02
   2.89000010       8.78112689E-02
   2.90000010      0.170631677    
   2.91000032       5.09646572E-02
   2.92000031      -1.65732149E-02
   2.93000031      0.132663324    
   2.94000030     -0.119977511    
   2.95000029      0.174963400    
   2.96000028      -3.96135077E-02
   2.97000027       5.49799949E-02
   2.98000026      0.220049277    
   2.99000025       7.55264238E-02
   3.00000024      -7.30090886E-02
   3.01000023       5.76726757E-02
   3.02000022      0.238520771    
   3.03000021       8.85356888E-02
   3.04000020      -1.79743525E-02
   3.05000019      0.120756187    
   3.06000018      0.110544190    
   3.07000017      -4.11570370E-02
   3.08000016      0.160864696    
   3.09000015       6.43839389E-02
   3.10000014      0.262841880    
   3.11000013      0.113449901    
   3.12000012       3.86990383E-02
   3.13000011     -0.225878030    
   3.14000010      0.134315744    
   3.15000033      0.109842412    
   3.16000032      -1.29303732E-03
   3.17000031       4.65767868E-02
   3.18000031      0.113922015    
   3.19000030      0.104922451    
   3.20000029      0.171086475    
   3.21000028       7.13285357E-02
   3.22000027      -9.60264355E-02
   3.23000026     -0.196062624    
   3.24000025      0.249446914    
   3.25000024      0.105298281    
   3.26000023      0.258850366    
   3.27000022      0.101519562    
   3.28000021      -5.99063113E-02
   3.29000020      -2.73649022E-02
   3.30000019      -1.30385766E-03
   3.31000018      0.121332653    
   3.32000017      0.173622757    
   3.33000016      0.129315525    
   3.34000015      -7.84200653E-02
   3.35000014      0.170012236    
   3.36000013      0.184508771    
   3.37000012      -3.92808020E-03
   3.38000035       2.48927921E-02
   3.39000034       3.27734388E-02
   3.40000033       6.68980181E-02
   3.41000032      0.212627620    
   3.42000031      0.144463882    
   3.43000031      -7.09614158E-02
   3.44000030      -3.81319076E-02
   3.45000029      -5.26275113E-03
   3.46000028      0.208004430    
   3.47000027      -7.90368170E-02
   3.48000026      0.263615459    
   3.49000025       9.10024419E-02
   3.50000024      -6.20247573E-02
   3.51000023      -6.60237968E-02
   3.52000022      0.126842543    
   3.53000021      0.158649504    
   3.54000020      -1.32288234E-02
   3.55000019      0.170755580    
   3.56000018      -4.50327061E-02
   3.57000017      -4.24095429E-02
   3.58000016      -3.97831388E-02
   3.59000015       4.24612053E-02
   3.60000014      0.173931569    
   3.61000037       3.32132876E-02
   3.62000036      -4.78563495E-02
   3.63000035      0.199523255    
   3.64000034      -2.79503390E-02
   3.65000033      0.225071222    
   3.66000032      -2.13215612E-02
   3.67000031       3.33353356E-02
   3.68000031       7.33827055E-02
   3.69000030      0.300385922    
   3.70000029       4.67553660E-02
   3.71000028      0.168422624    
   3.72000027     -0.235401556    
   3.73000026       2.14132741E-02
   3.74000025      -1.47307143E-02
   3.75000024      0.202336654    
   3.76000023       9.38562304E-02
   3.77000022      -6.57398403E-02
   3.78000021      -2.41641793E-02
   3.79000020       1.07463459E-02
   3.80000019      0.151884913    
   3.81000018      -5.64876795E-02
   3.82000017      0.281267107    
   3.83000016       3.09719816E-02
   3.84000015       8.89310911E-02
   3.85000038       1.07862027E-02
   3.86000037      -1.07928980E-02
   3.87000036      0.206541836    
   3.88000035       1.62094329E-02
   3.89000034      -3.91970612E-02
   3.90000033      0.296189249    
   3.91000032      0.119090743    
   3.92000031      0.106977455    
   3.93000031       7.31692985E-02
   3.94000030      0.127448127    
   3.95000029      0.123457424    
   3.96000028     -0.116746888    
   3.97000027       9.78025347E-02
   3.98000026       5.30094393E-02
   3.99000025       4.08017635E-03
   4.00000048      -3.81056145E-02
   4.01000023      0.182476699    
   4.02000046      0.182590857    
   4.03000021      0.178614765    
   4.04000044      -1.22789396E-02
   4.05000019      0.126961887    
   4.06000042      -8.19622949E-02
   4.07000017       4.10068557E-02
   4.08000040      0.233885944    
   4.09000015       4.10584286E-02
   4.10000038      -4.10844525E-03
   4.11000013      0.172662377    
   4.12000036      -9.73551124E-02
   4.13000011      0.175624073    
   4.14000034       7.82569200E-02
   4.15000010      -6.04469404E-02
   4.16000032      0.251563162    
   4.17000008      -4.26414423E-02
   4.18000031      0.111488365    
   4.19000053      0.165272370    
   4.20000029       4.96130958E-02
   4.21000051      0.199957088    
   4.22000027       6.89944252E-02
   4.23000050       4.69459482E-02
   4.24000025      -1.93429701E-02
   4.25000048      -2.76503875E-03
   4.26000023      0.325098038    
   4.27000046      0.204872742    
   4.28000021      -6.92578033E-02
   4.29000044      0.133059561    
   4.30000019      -3.74468639E-02
   4.31000042      -5.41243628E-02
   4.32000017      0.108317740    
   4.33000040      0.113945156    
   4.34000015      0.196055233    
   4.35000038       5.28713427E-02
   4.36000013      -2.22758465E-02
   4.37000036       6.26908913E-02
   4.38000011      0.107339792    
   4.39000034       6.97458396E-03
   4.40000010      -1.81455389E-02
   4.41000032      0.217886060    
   4.42000008      -9.78322048E-03
   4.43000031      0.118872486    
   4.44000053       4.75795679E-02
   4.45000029      0.176437616    
   4.46000051       2.94251870E-02
   4.47000027      -1.40210148E-02
   4.48000050      -4.48961779E-02
   4.49000025       9.40619782E-02
   4.50000048      0.153124839    
   4.51000023      0.141977951    
   4.52000046       6.89249039E-02
   4.53000021      0.166089714    
   4.54000044      -1.26760444E-02
   4.55000019       4.08715159E-02
   4.56000042       2.11541187E-02
   4.57000017      0.146763667    
   4.58000040      0.223112389    
   4.59000015       9.32593867E-02
   4.60000038      0.124426521    
   4.61000013      -5.23496866E-02
   4.62000036      0.126004130    
   4.63000011       1.30867850E-08
   4.64000034      -3.26052867E-02
   4.65000010      0.131924599    
   4.66000032      0.143366307    
   4.67000055       7.10197119E-03
   4.68000031     -0.100913808    
   4.69000053      0.211915091    
   4.70000029       6.26199022E-02
   4.71000051      0.153803825    
   4.72000027       1.71005316E-02
   4.73000050      0.111226067    
   4.74000025      -7.70531595E-02
   4.75000048       3.28404531E-02
   4.76000023       1.85741503E-02
   4.77000046      -7.67814168E-09
   4.78000021      0.163095176    
   4.79000044      -2.29055956E-02
   4.80000019      0.246397242    
   4.81000042       7.45412111E-02
   4.82000017      -6.59837872E-02
   4.83000040      -8.61227326E-03
   4.84000015      0.178103939    
   4.85000038      0.149476111    
   4.86000013       4.31465916E-03
   4.87000036       4.31750938E-02
   4.88000011       3.88832837E-02
   4.89000034      0.237777412    
   4.90000057      -6.77753612E-02
   4.91000032       3.03026773E-02
   4.92000055      0.288788319    
   4.93000031       5.20164073E-02
   4.94000053       4.91592027E-02
   4.95000029      0.232938051    
   4.96000051      -9.70013589E-02
   4.97000027      0.137630790    
   4.98000050      0.118876234    
   4.99000025      -2.32107863E-02
   5.00000048       7.25821732E-03
   5.01000023     -0.111851037    
   5.02000046       3.05251889E-02
   5.03000021       9.30913389E-02
   5.04000044      0.132452726    
   5.05000019       6.55424073E-02
   5.06000042       6.85012192E-02
   5.07000017       6.12548292E-02
   5.08000040      0.183887750    
   5.09000015      0.105149165    
   5.10000038      0.113988124    
   5.11000013       5.84947057E-02
   5.12000036       8.78009275E-02
   5.13000059       7.76097253E-02
   5.14000034      -1.61185190E-02
   5.15000057     -0.161293611    
   5.16000032       6.01590574E-02
   5.17000055      0.110121258    
   5.18000031       5.43630905E-02
   5.19000053       8.08646455E-02
   5.20000029      0.222160146    
   5.21000051       8.98074955E-02
   5.22000027     -0.145851880    
   5.23000050      0.200497702    
   5.24000025      -5.90098463E-02
   5.25000048      0.187483415    
   5.26000023      -8.86350591E-03
   5.27000046      0.131564394    
   5.28000021      0.146446317    
   5.29000044       3.10854837E-02
   5.30000019      0.133314192    
   5.31000042      0.182320029    
   5.32000017      0.292207479    
   5.33000040     -0.120228104    
   5.34000015      0.103971660    
   5.35000038       9.66110453E-02
   5.36000061      -1.33860549E-02
   5.37000036       3.42321731E-02
   5.38000059       9.53199118E-02
   5.39000034       6.85580745E-02
   5.40000057      0.161072657    
   5.41000032      -3.73108983E-02
   5.42000055      0.141878620    
   5.43000031       7.47242058E-03
   5.44000053      0.209371582    
   5.45000029      -5.38754165E-02
   5.46000051      0.179708198    
   5.47000027      -5.99439070E-03
   5.48000050       8.39793161E-02
   5.49000025      0.169575110    
   5.50000048     -0.219248191    
   5.51000023      -2.70492490E-02
   5.52000046      0.135339648    
   5.53000021      0.147471666    
   5.54000044       5.42107373E-02
   5.55000019      0.195896432    
   5.56000042      -8.74604881E-02
   5.57000017      -2.11257860E-02
   5.58000040       6.19112514E-02
   5.59000063      0.176796213    
   5.60000038      0.105848938    
   5.61000061      0.183094636    
   5.62000036      0.101453438    
   5.63000059      -4.39432524E-02
   5.64000034       1.21307289E-02
   5.65000057      0.132013530    
   5.66000032      -8.04780945E-02
   5.67000055      0.238563791    
   5.68000031      0.124687195    
   5.69000053       3.95625979E-02
   5.70000029     -0.205564797    
   5.71000051      0.353514254    
   5.72000027      0.109788112    
   5.73000050       4.73029949E-02
   5.74000025      -4.73361947E-02
   5.75000048      -2.13926416E-02
   5.76000023      0.287474275    
   5.77000046       4.28454131E-02
   5.78000021      0.168439582    
   5.79000044      0.133314148    
   5.80000019       7.66714057E-03
   5.81000042       1.38105676E-02
   5.82000065       8.13861415E-02
   5.83000040      0.147520542    
   5.84000063       9.07277092E-02
   5.85000038      -3.69322710E-02
   5.86000061       7.69966245E-02
   5.87000036       9.40023512E-02
   5.88000059      0.197390512    
   5.89000034      0.158950269    
   5.90000057       6.17721118E-03
   5.91000032      0.207083240    
   5.92000055      -2.93833818E-02
   5.93000031      0.249162555    
   5.94000053     -0.175002486    
   5.95000029      0.209222540    
   5.96000051       8.84013250E-02
   5.97000027     -0.148992583    
   5.98000050      0.319941312    
   5.99000025      0.262663543    
   6.00000048       2.79959440E-02
   6.01000023       6.22577257E-02
   6.02000046      0.202482417    
   6.03000021      0.126252398    
   6.04000044       7.17502609E-02
   6.05000019      0.143603370    
   6.06000042      -2.96785086E-02
   6.07000065      0.225093186    
   6.08000040       8.60348865E-02
   6.09000063      0.123666182    
   6.10000038      -2.19313018E-02
   6.11000061      0.192820832    
   6.12000036       9.56954584E-02
   6.13000059       8.16352889E-02
   6.14000034      0.190096110    
   6.15000057      0.119485378    
   6.16000032      -4.40527648E-02
   6.17000055      0.110211484    
   6.18000031       7.56282806E-02
   6.19000053      0.160826534    
   6.20000029      -7.57378787E-02
   6.21000051       4.10544425E-02
   6.22000027      0.124832846    
   6.23000050       8.22280869E-02
   6.24000025      0.294337511    
   6.25000048      -3.80066410E-02
   6.26000023       5.38819320E-02
   6.27000046      0.153833956    
   6.28000021       5.07863425E-02
   6.29000044     -0.100058571    
   6.30000067      0.158939019    
   6.31000042      0.146330699    
   6.32000065      0.130520478    
   6.33000040       1.11501478E-02
   6.34000063      0.164186582    
   6.35000038       2.71186102E-02
   6.36000061      0.303312480    
   6.37000036     -0.162950411    
   6.38000059      0.126299337    
   6.39000034       7.35953897E-02
   6.40000057      0.305805624    
   6.41000032       4.80677374E-03
   6.42000055      0.211653382    
   6.43000031     -0.137997091    
   6.44000053      0.298678637    
   6.45000029       1.60698183E-02
   6.46000051      0.188156098    
   6.47000027       3.21871638E-02
   6.48000050      0.114349090    
   6.49000025      -4.83525218E-03
   6.50000048      0.196778238    
   6.51000023      0.156570792    
   6.52000046       5.97671829E-02
   6.53000069       5.33454418E-02
   6.54000044      0.119711958    
   6.55000067      -9.87549201E-02
   6.56000042      0.179835200    
   6.57000065      -3.24268732E-03
   6.58000040      0.232024893    
   6.59000063       5.35841435E-02
   6.60000038      0.198246762    
   6.61000061      -7.80570582E-02
   6.62000036       5.20768724E-02
   6.63000059      -3.25724036E-02
   6.64000034      0.262403995    
   6.65000057       6.52423650E-02
   6.66000032      0.202403143    
   6.67000055       8.33088532E-02
   6.68000031      -4.57725525E-02
   6.69000053     -0.111245371    
   6.70000029       3.60182077E-02
   6.71000051      0.211356536    
   6.72000027      0.180362239    
   6.73000050      -9.84535813E-02
   6.74000025       9.85277370E-02
   6.75000048      0.244862035    
   6.76000071       4.44044881E-02
   6.77000046      -8.06468502E-02
   6.78000069       3.12948786E-02
   6.79000044       2.80218516E-02
   6.80000067      0.242490277    
   6.81000042      0.229467422    
   6.82000065      -9.41695347E-02
   6.83000040      0.214935765    
   6.84000063      -5.12928702E-02
   6.85000038      0.248379841    
   6.86000061       5.30280471E-02
   6.87000036      -5.80436066E-02
   6.88000059      0.230691761    
   6.89000034       9.96553246E-03
   6.90000057      0.137961477    
   6.91000032      0.109788015    
   6.92000055     -0.169802263    
   6.93000031      0.313208222    
   6.94000053      0.173396811    
   6.95000029       2.50283126E-02
   6.96000051       5.00948820E-03
   6.97000027     -0.111964762    
   6.98000050      0.163895130    
   6.99000072       6.19263463E-02
   7.00000048      0.139022738    
   7.01000071       7.54317641E-02
   7.02000046      0.130849153    
   7.03000069      -1.00730816E-02
   7.04000044      0.124330536    
   7.05000067      0.210179850    
   7.06000042      0.106012553    
   7.07000065      0.124619029    
   7.08000040       3.37068848E-02
   7.09000063      0.165291652    
   7.10000038      -5.06385090E-03
   7.11000061       1.01355957E-02
   7.12000036       3.38113378E-03
   7.13000059      0.362064868    
   7.14000034       8.12739059E-02
   7.15000057      -5.42247929E-02
   7.16000032      -2.20460333E-02
   7.17000055      0.242694840    
   7.18000031       6.96381107E-02
   7.19000053       8.49907920E-02
   7.20000029       6.46434650E-02
   7.21000051       9.02310833E-02
   7.22000074      0.141415939    
   7.23000050       3.06925438E-02
   7.24000072       3.24230529E-02
   7.25000048      0.216892526    
   7.26000071      0.215353668    
   7.27000046      0.164207846    
   7.28000069      -8.04566145E-02
   7.29000044      0.167892575    
   7.30000067      0.171453848    
   7.31000042     -0.173304915    
   7.32000065      0.194048509    
   7.33000040      0.199357376    
   7.34000063       1.37596289E-02
   7.35000038      0.132541239    
   7.36000061      -2.23948043E-02
   7.37000036       8.44780654E-02
   7.38000059       3.10573261E-02
   7.39000034       8.11584294E-02
   7.40000057       6.56695217E-02
   7.41000032      -7.78283551E-02
   7.42000055      0.174820229    
   7.43000031      -3.63776833E-02
   7.44000053       8.49488452E-02
   7.45000076       3.12305707E-02
   7.46000051      -9.37663913E-02
   7.47000074      0.172042310    
   7.48000050      0.166962102    
   7.49000072      0.268049121    
   7.50000048      -5.74850366E-02
   7.51000071      0.151672855    
   7.52000046      0.153539151    
   7.53000069      0.221762583    
   7.54000044      -6.11647218E-02
   7.55000067      0.167900890    
   7.56000042      0.150532141    
   7.57000065     -0.138390705    
   7.58000040      0.163046896    
   7.59000063      -3.50921042E-02
   7.60000038      0.316083461    
   7.61000061      0.170471415    
   7.62000036       6.15599565E-02
   7.63000059       5.80891818E-02
   7.64000034      -2.64255311E-02
   7.65000057      -1.93944629E-02
   7.66000032       4.94076237E-02
   7.67000055      0.132449225    
   7.68000031       1.06045455E-02
   7.69000053      0.224645004    
   7.70000076      0.196502879    
   7.71000051      0.100988992    
   7.72000074       6.73808083E-02
   7.73000050       9.40550938E-02
   7.74000072       2.30889358E-02
   7.75000048      -5.33261290E-03
   7.76000071      0.129865140    
   7.77000046       7.12171495E-02
   7.78000069      -8.90943408E-03
   7.79000044      -4.63669784E-02
   7.80000067      0.248088181    
   7.81000042       5.71606606E-02
   7.82000065       2.14528460E-02
   7.83000040      0.177131474    
   7.84000063      -4.83483225E-02
   7.85000038       1.61293466E-02
   7.86000061       8.43004957E-02
   7.87000036      0.260290444    
   7.88000059     -0.104202099    
   7.89000034      0.242739439    
   7.90000057       6.11849576E-02
   7.91000032       6.48376420E-02
   7.92000055       3.96558195E-02
   7.93000078       2.34523509E-02
   7.94000053      0.113748118    
   7.95000076       3.79475281E-02
   7.96000051      0.175426945    
   7.97000074     -0.108601704    
   7.98000050      -2.17384081E-02
   7.99000072       3.26347537E-02
   8.00000095      0.163309783    
   8.01000023      -4.17694598E-02
   8.02000046      0.101784676    
   8.03000069       5.09348586E-02
   8.04000092      -9.10311658E-03
   8.05000019      0.335274875    
   8.06000042     -0.145893723    
   8.07000065      0.151491642    
   8.08000088       1.64405871E-02
   8.09000015      0.107867680    
   8.10000038       7.50218481E-02
   8.11000061     -0.113543123    
   8.12000084      0.148463517    
   8.13000011       9.72245634E-02
   8.14000034      0.163401589    
   8.15000057      -5.32881655E-02
   8.16000080      0.176551238    
   8.17000103       2.39281617E-02
   8.18000031      0.403438807    
   8.19000053      -5.71561307E-02
   8.20000076       1.66077707E-02
   8.21000099      0.354599684    
   8.22000027      0.109058097    
   8.23000050       5.55004133E-03
   8.24000072      0.157384664    
   8.25000095       1.66784488E-02
   8.26000023       8.71727243E-02
   8.27000046       6.12585917E-02
   8.28000069      0.143058673    
   8.29000092       4.83467802E-02
   8.30000019      -9.30540822E-03
   8.31000042      -8.19576383E-02
   8.32000065      0.270318806    
   8.33000088       6.34394065E-02
   8.34000015      0.128855124    
   8.35000038      -9.15843546E-02
   8.36000061      0.145912573    
   8.37000084       2.99564824E-02
   8.38000107      0.316688091    
   8.39000034       5.62651781E-03
   8.40000057       6.38222471E-02
   8.41000080       1.69086885E-02
   8.42000103      0.180515200    
   8.43000031       6.39877096E-02
   8.44000053       7.34611601E-02
   8.45000076      -4.14755121E-02
   8.46000099      0.166045800    
   8.47000027      0.120865308    
   8.48000050       4.15835306E-02
   8.49000072      0.314039201    
   8.50000095      -1.32541442E-02
   8.51000023       1.13705695E-02
   8.52000046       6.06959052E-02
   8.53000069      -3.22727934E-02
   8.54000092      0.117803477    
   8.55000019       5.70514500E-02
   8.56000042      -1.14202583E-02
   8.57000065       9.52521563E-02
   8.58000088       5.72013520E-02
   8.59000015      -2.48089563E-02
   8.60000038      -1.71905123E-02
   8.61000061       7.64693320E-02
   8.62000084       2.67877951E-02
   8.63000107      0.147462398    
   8.64000034      -9.20055211E-02
   8.65000057      -8.82496685E-02
   8.66000080       8.83274898E-02
   8.67000103      0.165279701    
   8.68000031     -0.136572406    
   8.69000053       7.12344423E-02
   8.70000076      0.223527312    
   8.71000099      0.252655298    
   8.72000027      0.131265521    
   8.73000050     -0.241511196    
   8.74000072       8.89550224E-02
   8.75000095       8.32275376E-02
   8.76000023      0.195661813    
   8.77000046       5.42911813E-02
   8.78000069       9.12128687E-02
   8.79000092       7.57547691E-02
   8.80000019      0.196360648    
   8.81000042       7.97819644E-02
   8.82000065       1.36335026E-02
   8.83000088      0.343092054    
   8.84000015      -6.82896525E-02
   8.85000038      -5.27278371E-02
   8.86000061      0.115323469    
   8.87000084       2.15203203E-02
   8.88000107     -0.107698299    
   8.89000034       3.13586406E-02
   8.90000057      0.245209962    
   8.91000080     -0.217942759    
   8.92000103      0.243687510    
   8.93000031      0.147524670    
   8.94000053      0.226409107    
   8.95000076     -0.126115575    
   8.96000099       8.28383416E-02
   8.97000027      0.171749204    
   8.98000050      0.203519791    
   8.99000072      0.136462331    
   9.00000095      0.176176652    
   9.01000023      0.283327997    
   9.02000046       4.16454971E-02
   9.03000069       7.93970302E-02
   9.04000092      -3.97346821E-03
   9.05000019      -2.18740702E-02
   9.06000042      0.111460723    
   9.07000065      0.258984804    
   9.08000088      -8.17546248E-02
   9.09000111       2.79418230E-02
   9.10000038      -5.59348650E-02
   9.11000061      0.129968032    
   9.12000084      -6.00402709E-03
   9.13000107      0.256407976    
   9.14000034     -0.158397451    
   9.15000057      -5.21788597E-02
   9.16000080      0.154672280    
   9.17000103      -1.62233746E-08
   9.18000031      0.120746724    
   9.19000053     -0.126901284    
   9.20000076      0.175406814    
   9.21000099      -2.82525960E-02
   9.22000027      0.252488911    
   9.23000050     -0.137481600    
   9.24000072       1.61893293E-02
   9.25000095      0.297755629    
   9.26000023       5.87955713E-02
   9.27000046      0.174521908    
   9.28000069      0.186871961    
   9.29000092      -3.25298235E-02
   9.30000019       4.27352712E-02
   9.31000042     -0.101845853    
   9.32000065      0.138640046    
   9.33000088      0.226521656    
   9.34000111       4.90235761E-02
   9.35000038       3.68022062E-02
   9.36000061      0.167812094    
   9.37000084       7.16945156E-02
   9.38000107       2.17277130E-08
   9.39000034      -6.15684921E-03
   9.40000057       8.83310884E-02
   9.41000080      0.185053676    
   9.42000103       4.11618836E-02
   9.43000031      -5.15010655E-02
   9.44000053       5.36118262E-02
   9.45000076      0.179563433    
   9.46000099       7.43726119E-02
   9.47000027      -2.89501380E-02
   9.48000050       1.03491591E-02
   9.49000072      -6.62977323E-02
   9.50000095      0.111983836    
   9.51000023       4.56664898E-02
   9.52000046       2.28550918E-02
   9.53000069       9.56670046E-02
   9.54000092       2.49804445E-02
   9.55000114       1.45858983E-02
   9.56000042       4.17135051E-03
   9.57000065      0.210857034    
   9.58000088      0.177624211    
   9.59000111       3.97423878E-02
   9.60000038      0.148653820    
   9.61000061      -9.84993652E-02
   9.62000084       1.25864893E-02
   9.63000107      -4.61950041E-02
   9.64000034       6.93593696E-02
   9.65000057     -0.109399177    
   9.66000080      0.143198818    
   9.67000103       2.74027418E-02
   9.68000031      0.213104561    
   9.69000053       8.65916982E-02
   9.70000076     -0.133184716    
   9.71000099      0.308950186    
   9.72000027       7.41354600E-02
   9.73000050      -7.84481019E-02
   9.74000072      0.154926807    
   9.75000095      0.127461284    
   9.76000023      0.170114413    
   9.77000046      0.232007414    
   9.78000069       6.81789145E-02
   9.79000092       8.95724893E-02
   9.80000114       2.13476829E-02
   9.81000042     -0.100432597    
   9.82000065       7.48636946E-02
   9.83000088       8.77836496E-02
   9.84000111      0.297901154    
   9.85000038       4.93415594E-02
   9.86000061     -0.139581099    
   9.87000084      0.193456843    
   9.88000107      -8.17624852E-02
   9.89000034       9.26122591E-02
   9.90000057      -2.58708745E-02
   9.91000080       4.74768952E-02
   9.92000103      0.112329498    
   9.93000031       8.43307972E-02
   9.94000053      0.196967453    
   9.95000076       9.09985155E-02
   9.96000099      -2.81942580E-02
   9.97000027      -4.34190258E-02
   9.98000050      -4.34627291E-03
   9.99000072      0.345870972    
   10.0000010      0.137180224    
   10.0100012      -1.08982148E-02
   10.0200005       9.81822759E-02
   10.0300007      -3.70940900E-09
   10.0400009      0.139917389    
   10.0500011      0.181637719    
   10.0600004      -1.54073092E-08
   10.0700006       5.92059642E-02
   10.0800009       4.39005066E-03
   10.0900011       3.95503007E-02
   10.1000004      0.318921536    
   10.1100006      0.154117793    
   10.1200008       5.06900176E-02
   10.1300011      -2.86798254E-02
   10.1400003       9.93772000E-02
   10.1500006       5.08443378E-02
   10.1600008      -5.31088822E-02
   10.1700010     -0.112971187    
   10.1800003      -2.88258959E-02
   10.1900005      0.122080050    
   10.2000008      -7.55447149E-02
   10.2100010      0.102311902    
   10.2200003      0.238229737    
   10.2300005      -4.45744991E-02
   10.2400007      -4.23891582E-02
   10.2500010     -0.194296867    
   10.2600012      0.194496334    
   10.2700005      -1.79031454E-02
   10.2800007      0.181455359    
   10.2900009       5.60624190E-02
   10.3000011      -8.53027180E-02
   10.3100004       4.26953696E-02
   10.3200006       1.57461409E-02
   10.3300009       3.37765887E-02
   10.3400011      0.162295505    
   10.3500004     -0.279798627    
   10.3600006      0.178443670    
   10.3700008       7.00949505E-02
   10.3800011       3.16886865E-02
   10.3900003     -0.190329880    
   10.4000006       9.07276571E-02
   10.4100008       8.40105936E-02
   10.4200010      0.118192181    
   10.4300003       9.10119899E-03
   10.4400005       1.65478422E-08
   10.4500008       6.84020147E-02
   10.4600010      0.136947438    
   10.4700003      0.105103187    
   10.4800005      0.354524136    
   10.4900007      -3.20551991E-02
   10.5000010       4.54254518E-08
   10.5100012       2.06503719E-02
   10.5200005      0.163080096    
   10.5300007      -4.13879082E-02
   10.5400009       5.29404655E-02
   10.5500011      -3.68671231E-02
   10.5600004       1.15331840E-02
   10.5700006      0.249380797    
   10.5800009      -7.39690810E-02
   10.5900011      0.101815544    
   10.6000004       7.87593573E-02
   10.6100006       1.15945973E-02
   10.6200008      -4.17850167E-02
   10.6300011       1.39432047E-02
   10.6400003      -2.09371950E-02
   10.6500006      0.398231328    
   10.6600008       9.32533387E-03
   10.6700010       3.50074619E-02
   10.6800003       9.57897455E-02
   10.6900005      -1.40330689E-02
   10.7000008       4.44858484E-02
   10.7100010      -4.92214821E-02
   10.7200012      -1.87712479E-02
   10.7300005       9.39574689E-02
   10.7400007      0.124628134    
   10.7500010      0.157719016    
   10.7600012     -0.127254412    
   10.7700005      0.127392292    
   10.7800007      0.401484758    
   10.7900009      -9.22053307E-02
   10.8000011       2.36680917E-02
   10.8100004       4.97570559E-02
   10.8200006       8.77627358E-02
   10.8300009     -0.137724042    
   10.8400011      0.106971487    
   10.8500004      0.140404850    
   10.8600006      0.123882003    
   10.8700008      -5.72389215E-02
   10.8800011       2.14881375E-02
   10.8900003      0.102778271    
   10.9000006       3.11066378E-02
   10.9100008      0.126958877    
   10.9200010      0.107913978    
   10.9300003       7.92241693E-02
   10.9400005       2.64372174E-02
   10.9500008       9.62414872E-03
   10.9600010      0.190287247    
   10.9700012      0.166384295    
   10.9800005       3.37965824E-02
   10.9900007      -4.83343825E-02
   11.0000010       9.67761725E-02
   11.0100012       6.29744828E-02
   11.0200005     -0.121239610    
   11.0300007     -0.165069789    
   11.0400009      0.184695601    
   11.0500011       3.64938155E-02
   11.0600004     -0.170494959    
   11.0700006      -6.09592572E-02
   11.0800009      0.168436185    
   11.0900011       6.84276000E-02
   11.1000004      0.134562388    
   11.1100006       6.61321953E-02
   11.1200008      0.181455314    
   11.1300011       6.62813261E-02
   11.1400003       6.63561150E-02
   11.1500006      -3.93665880E-02
   11.1600008       2.21687704E-02
   11.1700010      -7.64455125E-02
   11.1800013      0.153064415    
   11.1900005       5.68463951E-02
   11.2000008       6.92829564E-02
   11.2100010       2.47720703E-02
   11.2200012      0.210802346    
   11.2300005       1.48971211E-02
   11.2400007      -3.97710502E-02
   11.2500010      -6.47017956E-02
   11.2600012      0.214258462    
   11.2700005       9.97693092E-03
   11.2800007      0.154819712    
   11.2900009      0.167497233    
   11.3000011       3.50396633E-02
   11.3100004       3.00685540E-02
   11.3200006     -0.203196585    
   11.3300009       5.02298661E-02
   11.3400011      0.125719637    
   11.3500004      -2.26557199E-02
   11.3600006      0.194056466    
   11.3700008      0.176619321    
   11.3800011       5.55733293E-02
   11.3900003       5.05798943E-02
   11.4000006      -3.54471058E-02
   11.4100008      0.106465064    
   11.4200010      -4.56810668E-02
   11.4300013      -3.04895788E-02
   11.4400005      0.152626008    
   11.4500008      0.129883870    
   11.4600010       1.27486270E-02
   11.4700012      -9.44503918E-02
   11.4800005     -0.102228396    
   11.4900007       3.83806862E-02
   11.5000010      0.110154092    
   11.5100012      0.425746828    
   11.5200005      -2.56776530E-02
   11.5300007       6.68406934E-02
   11.5400009      0.177594587    
   11.5500011       2.06150524E-02
   11.5600004      -5.93384616E-02
   11.5700006      0.185975567    
   11.5800009      -7.75818601E-02
   11.5900011       1.81239415E-02
   11.6000004      0.134795427    
   11.6100006      -8.30498710E-02
   11.6200008       6.75585568E-02
   11.6300011      0.114466459    
   11.6400013       7.29294345E-02
   11.6500006      0.185149670    
   11.6600008      -5.48282713E-02
   11.6700010      0.128086135    
   11.6800013       1.57028493E-02
   11.6900005      -1.57217588E-02
   11.7000008      0.152160197    
   11.7100010      -8.40517431E-02
   11.7200012      -2.62979092E-03
   11.7300005       7.63560534E-02
   11.7400007      0.202983946    
   11.7500010      0.100295261    
   11.7600012       5.28510585E-02
   11.7700005      -5.29153040E-03
   11.7800007      0.137747124    
   11.7900009      0.108740583    
   11.8000011      -9.29405540E-02
   11.8100004       9.03953314E-02
   11.8200006      0.143744588    
   11.8300009      -4.79735173E-02
   11.8400011      0.152102292    
   11.8500004       4.27477472E-02
   11.8600006      -9.63006243E-02
   11.8700008       4.55312319E-02
   11.8800011     -0.107264236    
   11.8900013      -5.36982296E-03
   11.9000006       4.56998311E-02
   11.9100008      0.153418362    
   11.9200010      0.132049218    
   11.9300013      0.137609228    
   11.9400005       5.40313721E-02
   11.9500008      0.297541738    
   11.9600010       7.31238052E-02
   11.9700012       4.33865599E-02
   11.9800005      0.276934326    
   11.9900007      -8.15538038E-03
   12.0000010      -3.26619521E-02
   12.0100012       8.44823495E-02
   12.0200005     -0.117332049    
   12.0300007       8.46943408E-02
   12.0400009      0.131304398    
   12.0500011       4.10842225E-02
   12.0600004      0.244073451    
   12.0700006       4.66795675E-02
   12.0800009     -0.120970249    
   12.0900011      0.151403949    
   12.1000004      0.129545331    
   12.1100006       8.27933326E-02
   12.1200008      -3.86859179E-02
   12.1300011      -2.76679154E-02
   12.1400013       3.87843549E-02
   12.1500006      0.110953569    
   12.1600008      0.166642681    
   12.1700010       1.66855641E-02
   12.1800013      -1.67068858E-02
   12.1900005      0.214679584    
   12.2000008       4.74575311E-02
   12.2100010      -2.79520713E-02
   12.2200012      0.243495360    
   12.2300005       7.56647065E-02
   12.2400007      0.289019108    
   12.2500010      -5.90022616E-02
   12.2600012      -2.53193416E-02
   12.2700005     -0.107042238    
   12.2800007      0.135386378    
   12.2900009      0.163804024    
   12.3000011       5.37296683E-02
   12.3100004       1.69893149E-02
   12.3200006       1.98466759E-02
   12.3300009      -4.54229899E-02
   12.3400011      0.298477471    
   12.3500013      -9.96225476E-02
   12.3600006      0.302108884    
   12.3700008       8.27607661E-02
   12.3800011       4.85786051E-02
   12.3900013       7.15330169E-02
   12.4000006      -9.74128768E-02
   12.4100008      0.263935089    
   12.4200010      0.407915533    
   12.4300013      -2.01351028E-02
   12.4400005      -7.20060915E-02
   12.4500008      0.126898572    
   12.4600010      0.161721557    
   12.4700012      0.135910794    
   12.4800005      0.208480626    
   12.4900007      0.115976796    
   12.5000010     -0.180003807    
   12.5100012      -2.32573096E-02
   12.5200005      0.119352996    
   12.5300007      0.110767923    
   12.5400009       3.50262374E-02
   12.5500011      -3.21504846E-02
   12.5600004       5.85339032E-03
   12.5700006       5.27514406E-02
   12.5800009      0.117383510    
   12.5900011      0.152804524    
   12.6000013      -2.64826585E-02
   12.6100006      0.362419635    
   12.6200008      0.126871288    
   12.6300011      -6.49989173E-02
   12.6400013       3.84606384E-02
   12.6500006      -2.37003118E-02
   12.6600008      0.130529210    
   12.6700010       6.83242381E-02
   12.6800013       3.27214301E-02
   12.6900005      0.193618551    
   12.7000008      -2.08798051E-02
   12.7100010      0.185189024    
   12.7200012       2.69191898E-02
   12.7300005     -0.137776300    
   12.7400007       9.29771662E-02
   12.7500010      0.144163162    
   12.7600012     -0.129324540    
   12.7700005      0.117456585    
   12.7800007      -5.12699261E-02
   12.7900009      -6.04011724E-03
   12.8000011       3.93153243E-02
   12.8100014      0.187764645    
   12.8200006     -0.215320274    
   12.8300009      0.276358753    
   12.8400011     -0.182469055    
   12.8500013       6.09081089E-02
   12.8600006      -4.57450487E-02
   12.8700008      0.198506564    
   12.8800011      -7.03394413E-02
   12.8900013      0.232752830    
   12.9000006      0.128807694    
   12.9100008       6.14235252E-02
   12.9200010     -0.104567498    
   12.9300013      0.104715422    
   12.9400005       6.16845954E-03
   12.9500008      0.126632705    
   12.9600010      0.151556462    
   12.9700012      0.253985912    
   12.9800005      0.145784631    
   12.9900007       9.62929726E-02
   13.0000010      -8.08772817E-02
   13.0100012       7.78778195E-02
   13.0200005       4.99132313E-02
   13.0300007     -0.112465888    
   13.0400009      0.209612235    
   13.0500011     -0.119055606    
   13.0600014       9.72642452E-02
   13.0700006       4.71312478E-02
   13.0800009      -6.60791397E-02
   13.0900011       9.45353433E-02
   13.1000013      0.198811993    
   13.1100006      0.113771722    
   13.1200008      0.139256418    
   13.1300011     -0.180662960    
   13.1400013     -0.212667823    
   13.1500006      0.381453633    
   13.1600008      0.152804509    
   13.1700010     -0.114771187    
   13.1800013      -2.55421214E-02
   13.1900005      -4.47643362E-02
   13.2000008      0.342630506    
   13.2100010     -0.109033562    
   13.2200012      0.237658337    
   13.2300005       3.21634188E-02
   13.2400007      0.173939466    
   13.2500010      0.116131395    
   13.2600012      -4.84599024E-02
   13.2700014      0.116476543    
   13.2800007     -0.113409594    
   13.2900009      0.116823711    
   13.3000011       6.82488829E-02
   13.3100014      0.120427772    
   13.3200006      0.169503212    
   13.3300009     -0.179551035    
   13.3400011       5.55809252E-02
   13.3500013      0.186639786    
   13.3600006      0.259065807    
   13.3700008       1.97055582E-02
   13.3800011      0.118411958    
   13.3900013       7.90607259E-02
   13.4000006      0.148463473    
   13.4100008       9.91260167E-03
   13.4200010      -8.60396400E-02
   13.4300013       1.32570015E-02
   13.4400005      0.146049410    
   13.4500008       8.31092969E-02
   13.4600010      0.189778954    
   13.4700012       1.66727751E-02
   13.4800005      0.247135505    
   13.4900007      0.220756739    
   13.5000010      -7.03488514E-02
   13.5100012       2.68408451E-02
   13.5200014     -0.188175946    
   13.5300007      0.255776346    
   13.5400009       1.34827513E-02
   13.5500011       5.06386869E-02
   13.5600014      0.277254820    
   13.5700006       8.12739283E-02
   13.5800009      0.139059231    
   13.5900011      -1.03829603E-08
   13.6000013       6.80456636E-03
   13.6100006      -7.49674663E-02
   13.6200008      -4.09554653E-02
   13.6300011      0.143569082    
   13.6400013      0.147218585    
   13.6500006       5.82943000E-02
   13.6600008     -0.185462236    
   13.6700010      0.106637254    
   13.6800013       1.83262543E-08
   13.6900005      0.189794824    
   13.7000008      -2.41940618E-02
   13.7100010     -0.145395055    
   13.7200012      0.138692006    
   13.7300005      0.281299233    
   13.7400007      -1.04351304E-02
   13.7500010       9.40664932E-02
   13.7600012     -0.230308712    
   13.7700014      -2.79610418E-02
   13.7800007      0.164535090    
   13.7900009       4.55829948E-02
   13.8000011      -2.10722275E-02
   13.8100014      -3.51772085E-03
   13.8200006       5.98978885E-02
   13.8300009      0.141164616    
   13.8400011      -3.53484764E-03
   13.8500013       7.08118454E-02
   13.8600006      0.202142462    
   13.8700008      -3.37446195E-08
   13.8800011      0.192129165    
   13.8900013      0.199571267    
   13.9000006      -7.13923899E-03
   13.9100008       3.21792923E-02
   13.9200010       9.31152180E-02
   13.9300013      0.125553951    
   13.9400005       1.79658551E-02
   13.9500008      -5.03875986E-02
   13.9600010      -1.80253685E-02
   13.9700012       4.33325879E-02
   13.9800014      0.300215155    
   13.9900007      -5.79691194E-02
   14.0000010      -5.44366129E-02
   14.0100012       2.90813167E-02
   14.0200014      -6.55424222E-02
   14.0300007      0.189661875    
   14.0400009      0.164405867    
   14.0500011      -9.51497033E-02
   14.0600014      0.219945878    
   14.0700006      0.268052101    
   14.0800009      0.194941908    
   14.0900011       8.10562000E-02
   14.1000013       9.96466801E-02
   14.1100006       6.65438697E-02
   14.1200008      0.107391953    
   14.1300011       6.67705983E-02
   14.1400013      0.193222106    
   14.1500006      -7.07210526E-02
   14.1600008      0.130498707    
   14.1700010      -1.86746474E-02
   14.1800013       3.74135422E-03
   14.1900005       1.12433471E-02
   14.2000008      0.266551673    
   14.2100010       6.39324561E-02
   14.2200012      -7.53447926E-03
   14.2300014      -5.66065535E-02
   14.2400007       8.31670314E-02
   14.2500010       2.27213558E-02
   14.2600012      0.257957429    
   14.2700014      0.144404262    
   14.2800007       5.19148013E-09
   14.2900009      -1.52536845E-02
   14.3000011      0.202465951    
   14.3100014     -0.122458450    
   14.3200006      -1.53342746E-02
   14.3300009      0.222738832    
   14.3400011      0.169272870    
   14.3500013       7.70784216E-03
   14.3600006     -0.281834930    
   14.3700008      -6.57493547E-02
   14.3800011      0.182101116    
   14.3900013     -0.155255929    
   14.4000006      -1.16649829E-02
   14.4100008      0.109067984    
   14.4200010       7.80453086E-02
   14.4300013       3.51834483E-02
   14.4400015     -0.113572754    
   14.4500008      0.125547469    
   14.4600010      0.169008940    
   14.4700012      -2.36252975E-02
   14.4800014       3.94468121E-02
   14.4900007      0.169929102    
   14.5000010      -2.77131908E-02
   14.5100012      -3.96625325E-03
   14.5200014      0.158938974    
   14.5300007      0.195056215    
   14.5400009      -9.17246863E-02
   14.5500011       3.99534851E-02
   14.5600014      -3.20215411E-02
   14.5700006      -4.81207110E-02
   14.5800009      0.136593699    
   14.5900011       3.62239890E-02
   14.6000013      0.104840860    
   14.6100006       9.69557464E-02
   14.6200008      0.105230615    
   14.6300011      0.223017767    
   14.6400013     -0.109685674    
   14.6500006     -0.211641356    
   14.6600008      -8.15530680E-03
   14.6700010      0.163411930    
   14.6800013      0.290601492    
   14.6900015      0.159926727    
   14.7000008     -0.123252705    
   14.7100010      0.279900938    
   14.7200012      -2.06199232E-02
   14.7300014      -7.85044059E-02
   14.7400007      0.178005651    
   14.7500010     -0.157606974    
   14.7600012      0.120508499    
   14.7700014      0.137392581    
   14.7800007     -0.150170013    
   14.7900009      0.129561260    
   14.8000011      0.163309827    
   14.8100014     -0.146842495    
   14.8200006       1.26107745E-02
   14.8300009       1.68468896E-02
   14.8400011      -2.95391772E-02
   14.8500013       2.95966100E-02
   14.8600006      0.364322782    
   14.8700008      0.106114246    
   14.8800011       7.22986236E-02
   14.8900013      -1.70447677E-02
   14.9000015      -2.98867561E-02
   14.9100008      0.106948145    
   14.9200010     -0.197172016    
   14.9300013      0.283456951    
   14.9400015      -6.88526258E-02
   14.9500008      0.405310184    
   14.9600010      0.177135065    
   14.9700012      -6.06053807E-02
   14.9800014      0.290617794    
   14.9900007      0.108655900    
   15.0000010      -2.61295699E-02
   15.0100012       3.05455886E-02
   15.0200014       3.06069721E-02
   15.0300007      0.166486219    
   15.0400009       5.70706166E-02
   15.0500011      0.101175107    
   15.0600014      -4.84860465E-02
   15.0700006       5.74179478E-02
   15.0800009      -3.09802033E-02
   15.0900011      0.164085895    
   15.1000013       8.88757221E-03
   15.1100006      0.231550366    
   15.1200008       6.24682419E-02
   15.1300011      0.116250657    
   15.1400013      -1.79215092E-02
   15.1500015      0.112240419    
   15.1600008      -4.49888222E-03
   15.1700010     -0.180328310    
   15.1800013      0.189737529    
   15.1900015      0.325940639    
   15.2000008      0.181455389    
   15.2100010      -1.81834400E-02
   15.2200012      -3.64429094E-02
   15.2300014      0.264765024    
   15.2400007      0.132660627    
   15.2500010      0.183365420    
   15.2600012      0.105657540    
   15.2700014      0.119691491    
   15.2800007      0.198370665    
   15.2900009      -5.08537665E-02
   15.3000011      0.264075488    
   15.3100014      0.190354019    
   15.3200006     -0.167497262    
   15.3300009      0.293747902    
   15.3400011      -1.86907109E-02
   15.3500013       8.89716446E-02
   15.3600006       4.69281413E-02
   15.3700008      0.230444387    
   15.3800011       4.71313531E-03
   15.3900013      0.203104034    
   15.4000015       8.52051228E-02
   15.4100008      0.180269390    
   15.4200010      0.228205919    
   15.4300013       9.05291960E-02
   15.4400015     -0.324709505    
   15.4500008     -0.100498341    
   15.4600010      0.239808813    
   15.4700012      0.182657093    
   15.4800014      0.134887159    
   15.4900007      0.197951213    
   15.5000010       5.80657013E-02
   15.5100012       4.36462723E-02
   15.5200014      -2.91625094E-02
   15.5300007      0.238692984    
   15.5400009       7.81152993E-02
   15.5500011       2.93590892E-02
   15.5600014     -0.235401511    
   15.5700006      0.117966466    
   15.5800009      0.108380578    
   15.5900011      -3.95004936E-02
   15.6000013       1.97951142E-02
   15.6100016      0.262882888    
   15.6200008       1.49141047E-02
   15.6300011      0.129551634    
   15.6400013      -4.99418452E-02
   15.6500015      0.190215304    
   15.6600008      -5.01719937E-02
   15.6700010       8.54893401E-02
   15.6800013      0.292344779    
   15.6900015      0.116198771    
   15.7000008      0.212682575    
   15.7100010      -3.04540601E-02
   15.7200012     -0.137363449    
   15.7300014      0.101988934    
   15.7400007      0.281128019    
   15.7500010      0.184444040    
   15.7600012      0.231098756    
   15.7700014      -4.63290289E-02
   15.7800007      -9.28776339E-02
   15.7900009       5.17212301E-02
   15.8000011       1.55533217E-02
   15.8100014       5.71649224E-02
   15.8200006      0.151068106    
   15.8300009      -2.07659205E-08
   15.8400011      0.204137266    
   15.8500013      0.204629213    
   15.8600016      -9.99319181E-02
   15.8700008      -8.43569860E-02
   15.8800011      -2.11404487E-02
   15.8900013      0.196024761    
   15.9000015      -7.96633437E-02
   15.9100008      0.159716204    
   15.9200010      0.218813866    
   15.9300013      0.219351456    
   15.9400015      0.171622813    
   15.9500008      -1.61293633E-02
   15.9600010      -2.69488245E-02
   15.9700012       2.70156618E-02
   15.9800014      0.292495221    
   15.9900007       2.71504223E-02
