   0.00000000       7.92763531E-02
   1.00000007E-02   4.33298759E-02
   2.00000014E-02   2.89074946E-02
   3.00000012E-02   1.36023788E-02
   4.00000028E-02   7.92422611E-03
   5.00000045E-02  -2.70389370E-04
   6.00000024E-02   4.14482597E-03
   7.00000077E-02   4.53356421E-03
   8.00000057E-02   9.14904196E-03
   9.00000036E-02   7.55707221E-03
  0.100000009       8.91621783E-03
  0.110000007       5.81152970E-03
  0.120000005       5.25239157E-03
  0.130000010       3.65525507E-03
  0.140000015       4.02571494E-03
  0.150000006       4.19273414E-03
  0.160000011       4.36963001E-03
  0.170000017       3.22544156E-03
  0.180000007       3.85887455E-03
  0.190000013       2.99530174E-03
  0.200000018       3.09411110E-03
  0.210000008       2.41423748E-03
  0.220000014       2.03560852E-03
  0.230000019       3.46910441E-03
  0.240000010       2.78838817E-03
  0.250000030       3.10194306E-03
  0.260000020       2.98640272E-03
  0.270000011       2.31416849E-03
  0.280000031       2.67680897E-03
  0.290000021       2.90297950E-03
  0.300000012       3.08048027E-03
  0.310000032       2.47541955E-03
  0.320000023       2.84866756E-03
  0.330000013       1.94904779E-03
  0.340000033       1.80305226E-03
  0.350000024       2.50987057E-03
  0.360000014       2.93294317E-03
  0.370000035       2.16893246E-03
  0.380000025       1.97365345E-03
  0.390000015       1.76835270E-03
  0.400000036       1.75942562E-03
  0.410000026       2.26186845E-03
  0.420000017       2.62707635E-03
  0.430000037       2.73670442E-03
  0.440000027       2.38352944E-03
  0.450000018       1.77377963E-03
  0.460000038       2.08032830E-03
  0.470000029       1.32183312E-03
  0.480000019       1.86533097E-03
  0.490000039       1.99465663E-03
  0.500000060       2.24266760E-03
  0.510000050       1.41350797E-03
  0.520000041       2.55155447E-03
  0.530000031       1.69201463E-03
  0.540000021       1.33648724E-03
  0.550000012       1.19850424E-03
  0.560000062       2.56671384E-03
  0.570000052       7.83300435E-04
  0.580000043       2.48999521E-03
  0.590000033       9.52839095E-04
  0.600000024       2.06555030E-03
  0.610000014       2.16597016E-03
  0.620000064       1.58058340E-03
  0.630000055       2.21793703E-03
  0.640000045       1.81109027E-03
  0.650000036       1.46355981E-03
  0.660000026       1.96238235E-03
  0.670000076       1.58467190E-03
  0.680000067       1.69518054E-03
  0.690000057       2.59397132E-03
  0.700000048       1.81672024E-03
  0.710000038       1.77771412E-03
  0.720000029       1.10914907E-03
  0.730000079       2.29942915E-03
  0.740000069       1.70046079E-03
  0.750000060       3.55280493E-03
  0.760000050       1.26165163E-03
  0.770000041       9.01648251E-04
  0.780000031       9.62258549E-04
  0.790000081       1.18339236E-03
  0.800000072       9.63260478E-04
  0.810000062       1.90744700E-03
  0.820000052       2.48097535E-03
  0.830000043       1.71849423E-03
  0.840000033       2.06125784E-03
  0.850000083       1.21728005E-03
  0.860000074       1.49974762E-03
  0.870000064       1.53074437E-03
  0.880000055       1.92450685E-03
  0.890000045       1.39120908E-03
  0.900000036       1.93660846E-03
  0.910000086       1.69542013E-03
  0.920000076       1.94873486E-03
  0.930000067       1.46484398E-03
  0.940000057       1.43528881E-03
  0.950000048       1.62818877E-03
  0.960000038       1.63916277E-03
  0.970000088       1.99435023E-03
  0.980000079       1.67127303E-03
  0.990000069       2.61463923E-03
   1.00000012       1.88596442E-03
   1.01000011       1.83623203E-03
   1.02000010       1.29923527E-03
   1.03000009       3.55446828E-04
   1.04000008       2.02203612E-03
   1.05000007       1.85027393E-03
   1.06000006       2.49206997E-03
   1.07000005       2.16771802E-03
   1.08000004       9.16422723E-05
   1.09000003       8.15027743E-04
   1.10000002       9.07198584E-04
   1.11000013       2.48846714E-03
   1.12000012       2.36733747E-03
   1.13000011       1.82749028E-03
   1.14000010       1.68545172E-03
   1.15000010       1.44105870E-03
   1.16000009       5.41962218E-04
   1.17000008       7.46872684E-04
   1.18000007       1.51501189E-03
   1.19000006       1.85380434E-03
   1.20000005       1.73182040E-03
   1.21000004       1.48667302E-03
   1.22000003       2.03115772E-03
   1.23000014       8.72425910E-04
   1.24000013       1.09881617E-03
   1.25000012       9.45280248E-04
   1.26000011       1.62428245E-03
   1.27000010       1.59429177E-03
   1.28000009       1.30698865E-03
   1.29000008       2.02846038E-03
   1.30000007       1.04052806E-03
   1.31000006       1.71108928E-03
   1.32000005       1.23759441E-03
   1.33000004       2.13599345E-03
   1.34000015       1.24924537E-03
   1.35000014       1.28090440E-03
   1.36000013       1.86037505E-03
   1.37000012       1.49943971E-03
   1.38000011       4.65593155E-04
   1.39000010       1.22154551E-03
   1.40000010       1.12898357E-03
   1.41000009       1.60629919E-03
   1.42000008       1.35831209E-03
   1.43000007       2.46910215E-03
   1.44000006       1.16255647E-03
   1.45000005       1.79670262E-03
   1.46000016       4.67602484E-04
   1.47000015       1.22681970E-03
   1.48000014       1.46673666E-03
   1.49000013       1.11365726E-03
   1.50000012       1.10384484E-03
   1.51000011       2.00049905E-03
   1.52000010       2.04328122E-03
   1.53000009       1.07434660E-03
   1.54000008       1.28365227E-03
   1.55000007       1.73334719E-03
   1.56000006       1.10743719E-03
   1.57000005       9.09427123E-04
   1.58000016       6.37990772E-04
   1.59000015       1.75804319E-03
   1.60000014       1.54959399E-03
   1.61000013       2.16851546E-03
   1.62000012       5.66007395E-04
   1.63000011       1.19555520E-03
   1.64000010       1.11226144E-03
   1.65000010       1.30184554E-03
   1.66000009       7.24809128E-04
   1.67000008       1.59755268E-03
   1.68000007       1.47223333E-03
   1.69000018       7.99648813E-04
   1.70000017       6.00064232E-04
   1.71000016       1.14811817E-03
   1.72000015       1.41222100E-03
   1.73000014       1.41299400E-03
   1.74000013       1.70918147E-03
   1.75000012       1.81568181E-03
   1.76000011       5.28103439E-04
   1.77000010       9.61676007E-04
   1.78000009       7.08435429E-04
   1.79000008       1.01562939E-03
   1.80000007       1.24906376E-03
   1.81000018       1.84285245E-03
   1.82000017       1.97102944E-03
   1.83000016       1.14509847E-03
   1.84000015       8.06253986E-04
   1.85000014       1.67708250E-03
   1.86000013       1.38063903E-03
   1.87000012       9.45727865E-04
   1.88000011       1.22268242E-03
   1.89000010       1.20208168E-03
   1.90000010       1.03244558E-03
   1.91000009       1.17146201E-03
   1.92000008       9.48343601E-04
   1.93000019       1.48194004E-03
   1.94000018       1.69610733E-03
   1.95000017       1.54762180E-03
   1.96000016       1.09995471E-03
   1.97000015       1.83783541E-03
   1.98000014       4.70405095E-04
   1.99000013       1.40130147E-03
   2.00000024       1.41278305E-03
   2.01000023       1.38144160E-03
   2.02000022       1.55364664E-03
   2.03000021       9.86310770E-04
   2.04000020       1.11558114E-03
   2.05000019       1.12693477E-03
   2.06000018       1.44972443E-03
   2.07000017       1.20340474E-03
   2.08000016       1.39758864E-03
   2.09000015       1.40912517E-03
   2.10000014       8.61015636E-04
   2.11000013       1.36762636E-03
   2.12000012       1.76705618E-03
   2.13000011       6.03722932E-04
   2.14000010       5.82487031E-04
   2.15000010       1.00373419E-03
   2.16000009       1.80341443E-03
   2.17000008       1.59913232E-03
   2.18000007       1.28651038E-03
   2.19000006       1.00598903E-03
   2.20000005       1.74252759E-03
   2.21000004       1.59189815E-03
   2.22000027       8.01814138E-04
   2.23000026       5.31230005E-04
   2.24000025       1.97425066E-03
   2.25000024       6.40365004E-04
   2.26000023       7.05884595E-04
   2.27000022       1.30390702E-03
   2.28000021       1.46772293E-03
   2.29000020       5.54786122E-04
   2.30000019       1.49114907E-03
   2.31000018       1.12171692E-03
   2.32000017       8.17246386E-04
   2.33000016       1.18840369E-03
   2.34000015       1.19998562E-03
   2.35000014       1.14608929E-03
   2.36000013       1.04844768E-03
   2.37000012       1.15831709E-03
   2.38000011       1.15897460E-03
   2.39000010       8.75194615E-04
   2.40000010       1.51056831E-03
   2.41000009       1.54428487E-03
   2.42000008       1.86296311E-04
   2.43000007       7.78503134E-04
   2.44000006       1.04225287E-03
   2.45000029       1.87712465E-03
   2.46000028       4.61311050E-04
   2.47000027       8.13249673E-04
   2.48000026       5.93790901E-04
   2.49000025       7.92173552E-04
   2.50000024       4.84382734E-04
   2.51000023       3.63494735E-04
   2.52000022       1.17927801E-03
   2.53000021       1.05864950E-03
   2.54000020       1.40130729E-03
   2.55000019       8.83219123E-04
   2.56000018       1.41396082E-03
   2.57000017       6.18962978E-04
   2.58000016       4.86607227E-04
   2.59000015       8.85248592E-04
   2.60000014       6.53245661E-04
   2.61000013       1.45126192E-03
   2.62000012       1.89548545E-03
   2.63000011       1.18674629E-03
   2.64000010       1.13194238E-03
   2.65000010       1.05486787E-03
   2.66000009       1.08880689E-03
   2.67000008       1.23395224E-03
   2.68000031       1.14567997E-03
   2.69000030       1.62491144E-03
   2.70000029       8.46333394E-04
   2.71000028       1.62679155E-03
   2.72000027       8.02717346E-04
   2.73000026       1.20477343E-03
   2.74000025       1.30592741E-03
   2.75000024       3.90888687E-04
   2.76000023       1.73208222E-03
   2.77000022       1.56536896E-03
   2.78000021       1.21945946E-03
   2.79000020       1.11942028E-03
   2.80000019       7.72848725E-04
   2.81000018       1.03106501E-03
   2.82000017       1.85026880E-03
   2.83000016       9.53724084E-04
   2.84000015       1.10022875E-03
   2.85000014       1.24690332E-03
   2.86000013       1.22515101E-03
   2.87000012       9.22211737E-04
   2.88000011       7.65207515E-04
   2.89000010       1.47501077E-03
   2.90000010       8.44966213E-04
   2.91000032       4.50912077E-04
   2.92000031       7.21881632E-04
   2.93000031       1.03831256E-03
   2.94000030       5.98509214E-04
   2.95000029       1.61579228E-03
   2.96000028       8.36635241E-04
   2.97000027       1.16518931E-03
   2.98000026       1.00740569E-03
   2.99000025       6.11594412E-04
   3.00000024       4.64631914E-04
   3.01000023       1.66685507E-03
   3.02000022       8.39591608E-04
   3.03000021       1.16930937E-03
   3.04000020       1.23815390E-03
   3.05000019       8.97907070E-04
   3.06000018       3.63923842E-04
   3.07000017       6.37242978E-04
   3.08000016       1.34355563E-03
   3.09000015       8.20280926E-04
   3.10000014       1.50473916E-03
   3.11000013       8.09846271E-04
   3.12000012       8.90217605E-04
   3.13000011      -6.85188643E-05
   3.14000010       1.59972196E-03
   3.15000033       1.53207115E-03
   3.16000032       4.57606249E-04
   3.17000031       9.04308923E-04
   3.18000031       7.67401769E-04
   3.19000030       1.36380829E-03
   3.20000029       6.53641473E-04
   3.21000028       1.19331887E-03
   3.22000027       9.18484875E-04
   3.23000026       1.34408544E-03
   3.24000025       7.58654380E-04
   3.25000024       1.97827956E-03
   3.26000023       2.30169942E-04
   3.27000022       1.09396060E-03
   3.28000021       1.08309276E-03
   3.29000020       4.61166113E-04
   3.30000019       7.72916130E-04
   3.31000018       1.08503900E-03
   3.32000017       1.52458658E-03
   3.33000016       1.23657961E-03
   3.34000015       1.01761043E-03
   3.35000014       6.82671554E-04
   3.36000013       1.58613897E-03
   3.37000012       1.50600041E-03
   3.38000035       1.07801787E-03
   3.39000034       1.38022995E-03
   3.40000033       1.07931648E-03
   3.41000032       6.85140374E-04
   3.42000031       9.52803239E-04
   3.43000031       1.03476469E-03
   3.44000030       1.34949572E-03
   3.45000029       1.07093668E-03
   3.46000028       1.79373915E-03
   3.47000027       1.49180170E-03
   3.48000026       1.24780764E-03
   3.49000025       6.53453637E-04
   3.50000024       7.93960644E-04
   3.51000023       1.27344416E-03
   3.52000022       1.56646839E-03
   3.53000021       1.11122988E-03
   3.54000020       1.34599069E-03
   3.55000019       7.26105529E-04
   3.56000018       4.21866163E-04
   3.57000017       4.80751041E-04
   3.58000016       6.92233909E-04
   3.59000015       1.09181332E-03
   3.60000014       1.32742047E-03
   3.61000037       7.28763582E-04
   3.62000036       1.14085851E-03
   3.63000035       1.23570429E-03
   3.64000034      -3.29722679E-04
   3.65000033       1.14295178E-03
   3.66000032       6.83832972E-04
   3.67000031       1.09716225E-03
   3.68000031       1.32212369E-03
   3.69000030       6.61466736E-04
   3.70000029       8.50979122E-04
   3.71000028       1.15898834E-03
   3.72000027       1.01769564E-03
   3.73000026       1.30250433E-03
   3.74000025       1.00709952E-03
   3.75000024       1.54121779E-03
   3.76000023       5.93141071E-04
   3.77000022       7.59688090E-04
   3.78000021       1.25900959E-03
   3.79000020       7.24971178E-04
   3.80000019       1.08218216E-03
   3.81000018       8.68660165E-04
   3.82000017       1.44072447E-03
   3.83000016       5.12309547E-04
   3.84000015       1.00140995E-03
   3.85000038       1.30025367E-03
   3.86000037       5.96816244E-04
   3.87000036       1.28992181E-03
   3.88000035       1.61340227E-03
   3.89000034       6.69678440E-04
   3.90000033       1.11283537E-03
   3.91000032       1.81995914E-03
   3.92000031       8.38660053E-04
   3.93000031       8.87135509E-04
   3.94000030       1.45148893E-03
   3.95000029       3.36091063E-04
   3.96000028       1.24911696E-03
   3.97000027       1.06962223E-03
   3.98000026       1.11839280E-03
   3.99000025       1.35975645E-03
   4.00000048       1.26427948E-03
   4.01000023       1.08434609E-03
   4.02000046       9.16243473E-04
   4.03000021       5.30788908E-04
   4.04000044       1.23123568E-03
   4.05000019       1.28032151E-03
   4.06000042       1.55910512E-03
   4.07000017       1.14889932E-03
   4.08000040       3.50936927E-04
   4.09000015       9.32383002E-04
   4.10000038       7.63339107E-04
   4.11000013       9.94177535E-04
   4.12000036       1.01906725E-03
   4.13000011       2.18509158E-04
   4.14000034       1.05679268E-03
   4.15000010       1.39779248E-03
   4.16000032       6.20281848E-04
   4.17000008       9.24925553E-04
   4.18000031       6.69776753E-04
   4.19000053       1.13324856E-03
   4.20000029       7.31590553E-04
   4.21000051       8.66263872E-04
   4.22000027       8.05769465E-04
   4.23000050       7.20765907E-04
   4.24000025       1.06349844E-03
   4.25000048       1.56568165E-03
   4.26000023       1.44427910E-03
   4.27000046       9.55300231E-04
   4.28000021       9.55908035E-04
   4.29000044       4.04680002E-04
   4.30000019       1.65656360E-03
   4.31000042       5.40261215E-04
   4.32000017       1.65867619E-03
   4.33000040       1.42614252E-03
   4.34000015       1.58698228E-03
   4.35000038       8.74012650E-04
   4.36000013       6.89803390E-04
   4.37000036       1.62700540E-03
   4.38000011       9.12692922E-04
   4.39000034       4.31955530E-04
   4.40000010       7.03921483E-04
   4.41000032       1.77946896E-03
   4.42000008       1.33545813E-03
   4.43000031       5.81544824E-04
   4.44000053       9.03830980E-04
   4.45000029       4.95568209E-04
   4.46000051       1.21492404E-03
   4.47000027       1.07924920E-03
   4.48000050       1.14201056E-03
   4.49000025       8.19796522E-04
   4.50000048       6.33888121E-04
   4.51000023       1.65414764E-03
   4.52000046       8.71166587E-04
   4.53000021       1.18306128E-03
   4.54000044       1.00936799E-03
   4.55000019       5.73592202E-04
   4.56000042       1.03563012E-03
   4.57000017       1.17364316E-03
   4.58000040       1.54921412E-03
   4.59000015       6.87596970E-04
   4.60000038       1.40110648E-03
   4.61000013       1.05151301E-03
   4.62000036       4.13363305E-04
   4.63000011       1.37877325E-03
   4.64000034       1.68068986E-03
   4.65000010       1.28016446E-03
   4.66000032       1.23076397E-03
   4.67000055       8.54556100E-04
   4.68000031       1.05631771E-03
   4.69000053       1.39675976E-03
   4.70000029       2.14058004E-04
   4.71000051       1.25998829E-03
   4.72000027       1.84078747E-03
   4.73000050       1.34995324E-03
   4.74000025       1.18671777E-03
   4.75000048       9.47469613E-04
   4.76000023       6.95267401E-04
   4.77000046       1.51794346E-04
   4.78000021       1.13920448E-03
   4.79000044       1.11462141E-03
   4.80000019       1.48291537E-03
   4.81000042       4.43899014E-04
   4.82000017       8.75692058E-04
   4.83000040       8.63569556E-04
   4.84000015       1.58849068E-03
   4.85000038       1.14446820E-03
   4.86000013       1.93415652E-03
   4.87000036       4.58392518E-04
   4.88000011       3.31280171E-04
   4.89000034       9.17998143E-04
   4.90000057       1.09722512E-03
   4.91000032       8.68147821E-04
   4.92000055       1.13700540E-03
   4.93000031       6.13623473E-04
   4.94000053       1.22806197E-03
   4.95000029       7.55248009E-04
   4.96000051       1.47307187E-03
   4.97000027       1.69195607E-03
   4.98000050       1.33394345E-03
   4.99000025       8.47105053E-04
   5.00000048       7.32078508E-04
   5.01000023       5.26933931E-04
   5.02000046       7.71638064E-04
   5.03000021       9.13714117E-04
   5.04000044       6.56769087E-04
   5.05000019       8.63391091E-04
   5.06000042       1.13476510E-03
   5.07000017       1.49682874E-03
   5.08000040       1.17502373E-03
   5.09000015       1.09828543E-03
   5.10000038       5.68905845E-04
   5.11000013       1.30677468E-03
   5.12000036       7.12088018E-04
   5.13000059       1.30853208E-03
   5.14000034       1.42609328E-03
   5.15000057       8.30285600E-04
   5.16000032       5.06296172E-04
   5.17000055       2.59814144E-04
   5.18000031       1.23495015E-03
   5.19000053       8.19520094E-04
   5.20000029       1.31472119E-03
   5.21000051       1.09417085E-03
   5.22000027       6.90836809E-04
   5.23000050       1.00434793E-03
   5.24000025       1.25302258E-03
   5.25000048       1.44978915E-03
   5.26000023       7.97271496E-04
   5.27000046       3.40051425E-04
   5.28000021       1.13863731E-03
   5.29000044       1.47992547E-03
   5.30000019       1.57267065E-03
   5.31000042       8.52443452E-04
   5.32000017       1.37796218E-03
   5.33000040       1.24757737E-03
   5.34000015       9.19894606E-04
   5.35000038       7.49568280E-04
   5.36000061       8.81673244E-04
   5.37000036       6.32078445E-04
   5.38000059       1.67351717E-03
   5.39000034       1.55598600E-03
   5.40000057       7.25744874E-04
   5.41000032       1.29403139E-03
   5.42000055       6.60672667E-04
   5.43000031       1.34869770E-03
   5.44000053       1.01883383E-03
   5.45000029       1.17842213E-03
   5.46000051       1.13948353E-03
   5.47000027       1.24633894E-03
   5.48000050       1.36661006E-03
   5.49000025       7.16968847E-04
   5.50000048       6.64318286E-05
   5.51000023       5.71707787E-04
   5.52000046       8.51501245E-04
   5.53000021       1.70418015E-03
   5.54000044       1.31898804E-03
   5.55000019       1.54654961E-03
   5.56000042       8.00493523E-04
   5.57000017       5.74085047E-04
   5.58000040       6.94723858E-04
   5.59000063       9.89331282E-04
   5.60000038       5.48523618E-04
   5.61000061       1.63332641E-03
   5.62000036       8.84217676E-04
   5.63000059       9.38458834E-04
   5.64000034       1.10010372E-03
   5.65000057       8.86065827E-04
   5.66000032       9.13552882E-04
   5.67000055       3.36099387E-04
   5.68000031       1.08972297E-03
   5.69000053       1.38666539E-03
   5.70000029       6.06248039E-04
   5.71000051       5.25782874E-04
   5.72000027       9.30882525E-04
   5.73000050       9.85536724E-04
   5.74000025       3.10729374E-04
   5.75000048       5.81336557E-04
   5.76000023       1.19054713E-03
   5.77000046       8.66461080E-04
   5.78000021       1.07028999E-03
   5.79000044       1.31507847E-03
   5.80000019       1.00396213E-03
   5.81000042       9.23210056E-04
   5.82000065       4.07585874E-04
   5.83000040       1.30519515E-03
   5.84000063       1.27890578E-03
   5.85000038       3.94834758E-04
   5.86000061       1.14446809E-03
   5.87000036       9.40764556E-04
   5.88000059       1.17337715E-03
   5.89000034       8.73830228E-04
   5.90000057       7.78806861E-04
   5.91000032       8.47724616E-04
   5.92000055       7.25182181E-04
   5.93000031       7.53082393E-04
   5.94000053       9.72852868E-04
   5.95000029       1.09695224E-03
   5.96000051       1.57799141E-03
   5.97000027       8.10155063E-04
   5.98000050       1.09929906E-03
   5.99000025       9.07569891E-04
   6.00000048       5.36673761E-04
   6.01000023       1.18428073E-03
   6.02000046       9.09517112E-04
   6.03000021       1.77896419E-03
   6.04000044       1.03502255E-03
   6.05000019       6.21458748E-04
   6.06000042       4.97523695E-04
   6.07000065       1.54896243E-03
   6.08000040       4.84398392E-04
   6.09000063       1.05259265E-03
   6.10000038       5.54394734E-04
   6.11000061       1.09571777E-03
   6.12000036       9.99348937E-04
   6.13000059       8.19500594E-04
   6.14000034       1.11198996E-03
   6.15000057       1.33535068E-03
   6.16000032       5.98558283E-04
   6.17000055       5.43270900E-04
   6.18000031       1.65887224E-03
   6.19000053       5.71957789E-04
   6.20000029       6.14253513E-04
   6.21000051       1.77424436E-03
   6.22000027       1.27223192E-03
   6.23000050       1.51099719E-03
   6.24000025       1.54009811E-03
   6.25000048       3.92309856E-04
   6.26000023       2.80425418E-04
   6.27000046       1.29089563E-03
   6.28000021       5.75710146E-04
   6.29000044       1.15225988E-03
   6.30000067       1.58902945E-03
   6.31000042       5.48826705E-04
   6.32000065       1.23928371E-03
   6.33000040       1.32474827E-03
   6.34000063       1.66419894E-03
   6.35000038       3.52842850E-04
   6.36000061       1.31353759E-03
   6.37000036       9.61140729E-04
   6.38000059       1.54178322E-03
   6.39000034       1.11826044E-03
   6.40000057       1.21824199E-03
   6.41000032       6.52096933E-04
   6.42000055      -2.83728914E-05
   6.43000031       7.52436870E-04
   6.44000053       1.57702039E-03
   6.45000029       1.45022327E-03
   6.46000051       8.67931056E-04
   6.47000027       1.02519966E-03
   6.48000050       1.41069305E-03
   6.49000025       6.41698891E-04
   6.50000048       1.12737215E-03
   6.51000023       6.14087796E-04
   6.52000046       1.55779556E-03
   6.53000069       5.57790569E-04
   6.54000044       9.58967139E-04
   6.55000067       3.43766005E-04
   6.56000042       1.21841137E-03
   6.57000065       1.39145646E-03
   6.58000040       1.99542847E-03
   6.59000063       7.90146994E-04
   6.60000038      -1.43769385E-05
   6.61000061       3.88469722E-04
   6.62000036       7.05527840E-04
   6.63000059       2.88186402E-05
   6.64000034       1.35548750E-03
   6.65000057       5.05080388E-04
   6.66000032       1.35751930E-03
   6.67000055       1.14175002E-03
   6.68000031       7.95485685E-04
   6.69000053       8.10557685E-04
   6.70000029       2.60732253E-04
   6.71000051       5.36352920E-04
   6.72000027       6.23798522E-04
   6.73000050       8.85590794E-04
   6.74000025       1.58364186E-03
   6.75000048       6.68830413E-04
   6.76000071       7.71191029E-04
   6.77000046       4.51414729E-04
   6.78000069       3.06028378E-04
   6.79000044       7.00023316E-04
   6.80000067       1.67840905E-03
   6.81000042       4.38177885E-05
   6.82000065       7.16233975E-04
   6.83000040       1.17024896E-03
   6.84000063       1.55175745E-03
   6.85000038       6.15315046E-04
   6.86000061       8.79690750E-04
   6.87000036       5.13543782E-04
   6.88000059       8.36979714E-04
   6.89000034       7.05363113E-04
   6.90000057       1.11767685E-03
   6.91000032       6.32852607E-04
   6.92000055       8.98454688E-04
   6.93000031       1.76880421E-04
   6.94000053       1.25386158E-03
   6.95000029       1.10719621E-03
   6.96000051       6.50053669E-04
   6.97000027       3.69632005E-04
   6.98000050       9.46984626E-04
   6.99000072       9.03288485E-04
   7.00000048       1.11145561E-03
   7.01000071       8.00863840E-04
   7.02000046       1.29127468E-03
   7.03000069       3.86195665E-04
   7.04000044       1.15948054E-03
   7.05000067       9.96733201E-04
   7.06000042       9.82615515E-04
   7.07000065       9.23776766E-04
   7.08000040       1.20780431E-03
   7.09000063      -5.96908903E-05
   7.10000038       5.97371181E-05
   7.11000061       8.22022674E-04
   7.12000036       1.43591699E-03
   7.13000059       2.02082796E-03
   7.14000034       9.13825410E-04
   7.15000057       7.04642269E-04
   7.16000032       3.15085344E-04
   7.17000055       4.65488498E-04
   7.18000031       5.25961397E-04
   7.19000053       1.06778345E-03
   7.20000029       8.27802403E-04
   7.21000051       1.38577027E-03
   7.22000074       9.19545186E-04
   7.23000050      -1.20690493E-04
   7.24000072       5.88827184E-04
   7.25000048       8.31048412E-04
   7.26000071       1.04340713E-03
   7.27000046       1.10476161E-03
   7.28000069       1.06019306E-03
   7.29000044       1.27323228E-03
   7.30000067       7.88812118E-04
   7.31000042       1.51814078E-04
   7.32000065       5.62155794E-04
   7.33000040       9.27528425E-04
   7.34000063       1.11087016E-03
   7.35000038       1.00514223E-03
   7.36000061       1.02117890E-03
   7.37000036       6.40648766E-04
   7.38000059       5.64828224E-04
   7.39000034       1.45138404E-03
   7.40000057       1.39137695E-03
   7.41000032       2.60134198E-04
   7.42000055       1.47015986E-03
   7.43000031       1.05751818E-03
   7.44000053       1.01234450E-03
   7.45000076       6.90784887E-04
   7.46000051       7.98876805E-04
   7.47000074       9.84017621E-04
   7.48000050       5.53951948E-04
   7.49000072       1.03179005E-03
   7.50000048       1.04802835E-03
   7.51000071       8.02075316E-04
   7.52000046       1.01883372E-03
   7.53000069       9.42404557E-04
   7.54000044       8.50391341E-04
   7.55000067       1.06771127E-03
   7.56000042       6.50433532E-04
   7.57000065       1.64289086E-03
   7.58000040       2.79206055E-04
   7.59000063       2.79431028E-04
   7.60000038       9.47724155E-04
   7.61000061       5.44215261E-04
   7.62000036       7.46955338E-04
   7.63000059       8.41003784E-04
   7.64000034       9.19618236E-04
   7.65000057       6.39574078E-04
   7.66000032       8.74272897E-04
   7.67000055       5.46863594E-04
   7.68000031       7.81867886E-04
   7.69000053       4.38201707E-04
   7.70000076       4.54220717E-04
   7.71000051       1.01890974E-03
   7.72000074       9.09920898E-04
   7.73000050       6.43743959E-04
   7.74000072       1.47710450E-03
   7.75000048       7.39155454E-04
   7.76000071      -2.51833000E-04
   7.77000046       9.92403482E-04
   7.78000069       4.88724967E-04
   7.79000044       1.10447628E-03
   7.80000067       8.84305104E-04
   7.81000042       7.90206017E-04
   7.82000065       3.95427283E-04
   7.83000040       5.69883385E-04
   7.84000063       1.06148853E-03
   7.85000038       1.41119782E-03
   7.86000061      -2.53907405E-04
   7.87000036       1.15940766E-03
   7.88000059       1.30342238E-03
   7.89000034       1.24086475E-03
   7.90000057       6.52788440E-04
   7.91000032       2.39022615E-04
   7.92000055       6.53869181E-04
   7.93000078       9.73636052E-04
   7.94000053       1.02236692E-03
   7.95000076       1.23105571E-03
   7.96000051       5.12032420E-04
   7.97000074       8.16730491E-04
   7.98000050       8.49464792E-04
   7.99000072       4.81229567E-04
   8.00000095       9.79315140E-04
   8.01000023       6.90913235E-04
   8.02000046       4.02028789E-04
   8.03000069       9.97864641E-04
   8.04000092       4.67133184E-04
   8.05000019       5.32010337E-04
   8.06000042       9.35831689E-04
   8.07000065       3.39119521E-04
   8.08000088       7.27294188E-04
   8.09000015       5.17621229E-04
   8.10000038       7.93273735E-04
   8.11000061       7.45332218E-04
   8.12000084      -8.10825877E-05
   8.13000011       5.03135263E-04
   8.14000034       1.05585158E-03
   8.15000057       7.64106109E-04
   8.16000080       8.46107723E-04
   8.17000103      -4.07126528E-04
   8.18000031       1.61358470E-03
   8.19000053       6.19879982E-04
   8.20000076       7.18364143E-04
   8.21000099       1.06211961E-03
   8.22000027       1.06302160E-03
   8.23000050       6.38354977E-04
   8.24000072       6.71661692E-04
   8.25000095       4.59086208E-04
   8.26000023       9.84593426E-05
   8.27000046       8.04770214E-04
   8.28000069       1.18352892E-03
   8.29000092       9.21308412E-04
   8.30000019       5.92775992E-04
   8.31000042       3.29601695E-04
   8.32000065       4.61837451E-04
   8.33000088       4.95249813E-04
   8.34000015       1.00787194E-03
   8.35000038       9.92200105E-04
   8.36000061       7.94441905E-04
   8.37000084       1.09329727E-03
   8.38000107       1.22687349E-03
   8.39000034       9.45837819E-04
   8.40000057       4.48414823E-04
   8.41000080       7.64624740E-04
   8.42000103       1.11465424E-03
   8.43000031       1.51524262E-03
   8.44000053       6.99947297E-04
   8.45000076       9.17391269E-04
   8.46000099       5.34217514E-04
   8.47000027       1.98834529E-03
   8.48000050       3.67912377E-04
   8.49000072       1.38923852E-03
   8.50000095       7.53856380E-04
   8.51000023       6.87444874E-04
   8.52000046       7.71951454E-04
   8.53000069       7.39031937E-04
   8.54000092       3.02595086E-04
   8.55000019       1.09365885E-03
   8.56000042       1.02725427E-03
   8.57000065       6.91053458E-04
   8.58000088      -3.03655019E-04
   8.59000015       9.96185932E-04
   8.60000038      -1.52093868E-04
   8.61000061       1.01484952E-03
   8.62000084       7.78734684E-04
   8.63000107       7.28587911E-04
   8.64000034       8.47941381E-04
   8.65000057       1.01842568E-03
   8.66000080       8.66425049E-04
   8.67000103       6.46141416E-04
   8.68000031       9.53049981E-04
   8.69000053       5.62115340E-04
   8.70000076       5.62612666E-04
   8.71000099       1.53575744E-03
   8.72000027       7.34400935E-04
   8.73000050       1.47010584E-03
   8.74000072       1.02656614E-03
   8.75000095       7.02110119E-04
   8.76000023       1.21693104E-03
   8.77000046       6.86205283E-04
   8.78000069       7.72669446E-04
   8.79000092       1.34048820E-03
   8.80000019       7.56847847E-04
   8.81000042       5.16493979E-04
   8.82000065       9.47752676E-04
   8.83000088       1.12107338E-03
   8.84000015       1.89890081E-04
   8.85000038       1.05397194E-03
   8.86000061       6.91749854E-04
   8.87000084       1.26357714E-03
   8.88000107       6.92993126E-05
   8.89000034       1.68202177E-03
   8.90000057       4.51257394E-04
   8.91000080       7.81726791E-04
   8.92000103       1.28666637E-03
   8.93000031       5.22092567E-04
   8.94000053       4.70308500E-04
   8.95000076       1.01120607E-03
   8.96000099       6.45664055E-04
   8.97000027       1.11783703E-03
   8.98000050       1.20626180E-03
   8.99000072       1.06737402E-03
   9.00000095       5.07901248E-04
   9.01000023       1.40238227E-03
   9.02000046       1.22820245E-04
   9.03000069       1.51030894E-03
   9.04000092       1.75778150E-05
   9.05000019       9.85253253E-04
   9.06000042       1.07420282E-03
   9.07000065       1.37482805E-03
   9.08000088       5.11622115E-04
   9.09000111       7.94624269E-04
   9.10000038       1.25489035E-03
   9.11000061       4.95340617E-04
   9.12000084       1.11554167E-03
   9.13000107       9.03887732E-04
   9.14000034       5.32188511E-04
   9.15000057       1.34945335E-03
   9.16000080       9.41934180E-04
   9.17000103       3.37986334E-04
   9.18000031       1.15733780E-03
   9.19000053       6.23758533E-04
   9.20000076       1.05245225E-03
   9.21000099       1.14270067E-03
   9.22000027       1.71564042E-03
   9.23000050       6.79738529E-04
   9.24000072       3.58089601E-04
   9.25000095       1.00358366E-03
   9.26000023       1.00451824E-03
   9.27000046       9.15681769E-04
   9.28000069       1.41973142E-03
   9.29000092       5.57630090E-04
   9.30000019       1.13430771E-03
   9.31000042       7.74934189E-04
   9.32000065       1.04623835E-03
   9.33000088       1.26388576E-03
   9.34000111       7.04824750E-04
   9.35000038       3.43698717E-04
   9.36000061       5.25086012E-04
   9.37000084       7.06814171E-04
   9.38000107       1.07028987E-03
   9.39000034       7.44461839E-04
   9.40000057       9.81435762E-04
   9.41000080       9.09594761E-04
   9.42000103       3.27763701E-04
   9.43000031       5.83242101E-04
   9.44000053       1.29529415E-03
   9.45000076       9.13043623E-04
   9.46000099       6.94571296E-04
   9.47000027       2.01251110E-04
   9.48000050       6.40953542E-04
   9.49000072       9.53179318E-04
   9.50000095       5.32087346E-04
   9.51000023       5.50959609E-04
   9.52000046       2.94125522E-04
   9.53000069       2.02404481E-04
   9.54000092       8.47227755E-04
   9.55000114       7.37424649E-04
   9.56000042       9.78023629E-04
   9.57000065       7.38838207E-05
   9.58000088       9.61412210E-04
   9.59000111      -4.62661410E-04
   9.60000038       9.07688227E-04
   9.61000061       7.78767630E-04
   9.62000084       9.27997316E-05
   9.63000107       9.47469671E-04
   9.64000034       5.20681613E-04
   9.65000057       5.21184760E-04
   9.66000080       9.68850742E-04
   9.67000103       6.90041750E-04
   9.68000031       5.60035696E-04
   9.69000053       4.48463019E-04
   9.70000076       3.92786111E-04
   9.71000099       6.92724017E-04
   9.72000027       5.62214773E-05
   9.73000050       8.44143040E-04
   9.74000072       6.94749702E-04
   9.75000095       6.95427472E-04
   9.76000023       2.25764306E-04
   9.77000046       1.09226059E-03
   9.78000069       1.41378795E-03
   9.79000092       1.01892429E-03
   9.80000114       1.51099739E-04
   9.81000042       6.42804254E-04
   9.82000065       9.27304151E-04
   9.83000088       6.63011335E-04
   9.84000111       1.00497680E-03
   9.85000038       9.11064853E-04
   9.86000061       7.02971593E-04
   9.87000084       6.65629457E-04
   9.88000107       6.85324019E-04
   9.89000034       5.14501822E-04
   9.90000057       2.47968303E-04
   9.91000080       3.24587425E-04
   9.92000103       1.03206537E-03
   9.93000031       7.84383505E-04
   9.94000053       8.42613925E-04
   9.95000076       9.58468881E-04
   9.96000099       6.14030985E-04
   9.97000027       6.14642981E-04
   9.98000050       5.96029800E-04
   9.99000072       5.00395428E-04
   10.0000010       1.13664824E-03
   10.0100012       6.17104291E-04
   10.0200005       6.56330434E-04
   10.0300007       4.05787112E-04
   10.0400009       7.35018461E-04
   10.0500011       1.06491195E-03
   10.0600004       7.17115996E-04
   10.0700006       6.40234095E-04
   10.0800009       1.43712317E-03
   10.0900011       1.57465460E-03
   10.1000004       9.92450980E-04
   10.1100006       3.70110443E-04
   10.1200008       5.84976282E-04
   10.1300011       5.66049945E-04
   10.1400003       1.69987243E-03
   10.1500006       6.06316724E-04
   10.1600008       4.11148038E-04
   10.1700010       5.87951799E-04
   10.1800003       1.62832346E-03
   10.1900005       9.42640821E-04
   10.2000008      -2.55558989E-04
   10.2100010       3.93569382E-04
   10.2200003       7.48546328E-04
   10.2300005       7.09874963E-04
   10.2400007       8.29036173E-04
   10.2500010       6.91572146E-04
   10.2600012       1.46368204E-03
   10.2700005       2.37597720E-04
   10.2800007       3.96403120E-05
   10.2900009       1.46820454E-03
   10.3000011       2.58193642E-04
   10.3100004       1.63028669E-03
   10.3200006       4.37845883E-04
   10.3300009       1.39458687E-04
   10.3400011       5.18525601E-04
   10.3500004       5.98919105E-05
   10.3600006       1.45888072E-03
   10.3700008       9.20249324E-04
   10.3800011       9.41232371E-04
   10.3900003       4.20988159E-04
   10.4000006       1.20407603E-04
   10.4100008       6.02666551E-05
   10.4200010       1.10604090E-03
   10.4300003       6.44187152E-04
   10.4400005       1.00759475E-03
   10.4500008       6.85882173E-04
   10.4600010       1.29242567E-03
   10.4700003       6.67106186E-04
   10.4800005       1.35585072E-03
   10.4900007       7.29282852E-04
   10.5000010       1.21675075E-04
   10.5100012       1.03532814E-03
   10.5200005       1.05674216E-03
   10.5300007       9.15454410E-04
   10.5400009       1.42554473E-03
   10.5500011       7.33913155E-04
   10.5600004       3.06121103E-04
   10.5700006       7.35469628E-04
   10.5800009       7.15799164E-04
   10.5900011       4.50408988E-04
   10.6000004       1.43464407E-04
   10.6100006       9.43770225E-04
   10.6200008       9.03699140E-04
   10.6300011       1.43923782E-04
   10.6400003       1.11145503E-03
   10.6500006       1.35989825E-03
   10.6600008       8.66315968E-04
   10.6700010       6.60757825E-04
   10.6800003       7.02808669E-04
   10.6900005       8.27721495E-04
   10.7000008       5.80028165E-04
   10.7100010       7.25815713E-04
   10.7200012       8.30397417E-04
   10.7300005       8.93640332E-04
   10.7400007       9.36214637E-04
   10.7500010       9.58054094E-04
   10.7600012       4.16996074E-04
   10.7700005       7.51406187E-04
   10.7800007       8.56696453E-04
   10.7900009       2.71930563E-04
   10.8000011       3.97868629E-04
   10.8100004       6.70823734E-04
   10.8200006       1.15423440E-03
   10.8300009       6.93295791E-04
   10.8400011       6.51988841E-04
   10.8500004       1.68439074E-04
   10.8600006       9.06350499E-04
   10.8700008       9.70646972E-04
   10.8800011       2.95737816E-04
   10.8900003       7.61303760E-04
   10.9000006       4.23411257E-05
   10.9100008       7.84172909E-04
   10.9200010       1.14572910E-03
   10.9300003       8.92104988E-04
   10.9400005       7.01713609E-04
   10.9500008       7.66351295E-04
   10.9600010       4.26221726E-04
   10.9700012       9.81395366E-04
   10.9800005       7.26183585E-04
   10.9900007       4.91786981E-04
   11.0000010       6.20768173E-04
   11.0100012       3.85732972E-04
   11.0200005       1.26575516E-03
   11.0300007       7.51708867E-04
   11.0400009       1.11807103E-03
   11.0500011      -1.29152220E-04
   11.0600004       3.87890526E-04
   11.0700006      -1.51015251E-04
   11.0800009       1.01509562E-03
   11.0900011       6.48660818E-04
   11.1000004       6.06096932E-04
   11.1100006       3.25059955E-04
   11.1200008       1.08475343E-03
   11.1300011       4.99549089E-04
   11.1400003       1.67429168E-03
   11.1500006       4.78909526E-04
   11.1600008       4.79451235E-04
   11.1700010       5.23630064E-04
   11.1800013       1.09213253E-03
   11.1900005       7.87228055E-04
   11.2000008       9.41368868E-04
   11.2100010       6.57515848E-05
   11.2200012       7.24091486E-04
   11.2300005       9.22621810E-04
   11.2400007       1.09961336E-04
   11.2500010       6.60521968E-04
   11.2600012       1.21234229E-03
   11.2700005       5.29628131E-04
   11.2800007       6.40701037E-04
   11.2900009       5.08725760E-04
   11.3000011       1.77151451E-04
   11.3100004       1.44101214E-03
   11.3200006       6.88043656E-04
   11.3300009       4.22190467E-04
   11.3400011       6.89632609E-04
   11.3500004       9.79964971E-04
   11.3600006       1.38245779E-03
   11.3700008       1.45103026E-03
   11.3800011       9.16327233E-04
   11.3900003      -6.71262169E-05
   11.4000006       2.68817064E-04
   11.4100008       1.07651984E-03
   11.4200010       6.06248213E-04
   11.4300013       2.24798336E-04
   11.4400005      -9.00244122E-05
   11.4500008       6.30907714E-04
   11.4600010       6.54205389E-04
   11.4700012       7.45313184E-04
   11.4800005       8.36635183E-04
   11.4900007       1.13191677E-03
   11.5000010       5.43959381E-04
   11.5100012       1.06650824E-03
   11.5200005       2.95339472E-04
   11.5300007       1.18275254E-03
   11.5400009       4.09898115E-04
   11.5500011       1.07155659E-03
   11.5600004       5.02174022E-04
   11.5700006       4.79916635E-04
   11.5800009       7.77930662E-04
   11.5900011       7.33040506E-04
   11.6000004       6.19239290E-04
   11.6100006       8.03674397E-04
   11.6200008       5.74738020E-04
   11.6300011       7.82577787E-04
   11.6400013       9.90914414E-04
   11.6500006       1.15360599E-03
   11.6600008       7.62292766E-04
   11.6700010       3.70040274E-04
   11.6800013       6.02038112E-04
   11.6900005       1.29825796E-03
   11.7000008       1.62477852E-04
   11.7100010       1.16195544E-04
   11.7200012       8.84152832E-04
   11.7300005       1.58408098E-03
   11.7400007       1.42273423E-03
   11.7500010       1.44781044E-03
   11.7600012       1.02872530E-03
   11.7700005       7.25664489E-04
   11.7800007       1.05466566E-03
   11.7900009       9.38622048E-04
   11.8000011       7.98802066E-04
   11.8100004       1.12909719E-03
   11.8200006       7.30100088E-04
   11.8300009       1.08470058E-03
   11.8400011       3.77749442E-04
   11.8500004       5.20042842E-04
   11.8600006       8.75691941E-04
   11.8700008       4.02839767E-04
   11.8800011       3.08433315E-04
   11.8900013       1.04521541E-03
   11.9000006       1.02272199E-03
   11.9100008       1.00017234E-03
   11.9200010       5.72234159E-04
   11.9300013       7.87797442E-04
   11.9400005       8.84383568E-04
   11.9500008       6.22230815E-04
   11.9600010       3.35464079E-04
   11.9700012       1.10361143E-03
   11.9800005       7.20644137E-04
   11.9900007       7.93698244E-04
   12.0000010       7.46527454E-04
   12.0100012       8.19796813E-04
   12.0200005       1.13466848E-03
   12.0300007       1.08774786E-03
   12.0400009       1.93620333E-04
   12.0500011       6.30057591E-04
   12.0600004       9.70540103E-04
   12.0700006       2.67235126E-04
   12.0800009       1.41083717E-03
   12.0900011       1.09599857E-03
   12.1000004       1.12177210E-03
   12.1100006       6.59266196E-04
   12.1200008       2.93378980E-04
   12.1300011       1.02813123E-03
   12.1400013       6.37272082E-04
   12.1500006       1.12891744E-03
   12.1600008       1.35151390E-03
   12.1700010       7.87339814E-04
   12.1800013       1.35497085E-03
   12.1900005       7.89356069E-04
   12.2000008       6.42174040E-04
   12.2100010       6.42998319E-04
   12.2200012       1.16383703E-03
   12.2300005       1.56204519E-03
   12.2400007       2.01093149E-03
   12.2500010       1.14348426E-03
   12.2600012       1.24452333E-03
   12.2700005       7.97525281E-04
   12.2800007       3.49369249E-04
   12.2900009       1.04946748E-03
   12.3000011       8.75691767E-04
   12.3100004       1.00209226E-03
   12.3200006       1.50509493E-03
   12.3300009       1.78335211E-03
   12.3400011       1.38327316E-03
   12.3500013       7.55498826E-04
   12.3600006       8.82569235E-04
   12.3700008       3.53490323E-04
   12.3800011       1.59279443E-03
   12.3900013       1.39236136E-03
   12.4000006       1.26744888E-03
   12.4100008       1.14220695E-03
   12.4200010       8.89554969E-04
   12.4300013       1.17067399E-03
   12.4400005       5.86111099E-04
   12.4500008       1.55652803E-03
   12.4600010       3.06608388E-04
   12.4700012       8.18707980E-04
   12.4800005       9.22271167E-04
   12.4900007       1.28263794E-03
   12.5000010       5.90800191E-04
   12.5100012       1.15745666E-03
   12.5200005       1.13324856E-03
   12.5300007       1.31529616E-03
   12.5400009       6.97266601E-04
   12.5500011       9.82655562E-04
   12.5600004       1.00987055E-03
   12.5700006       1.16680341E-03
   12.5800009       1.42801495E-03
   12.5900011       1.32594618E-03
   12.6000013       1.56204536E-04
   12.6100006       9.12425807E-04
   12.6200008       1.56627840E-03
   12.6300011       8.10341618E-04
   12.6400013       8.89969349E-04
   12.6500006       1.28434808E-03
   12.6600008       8.39900749E-04
   12.6700010       8.14763887E-04
   12.6800013       5.52690704E-04
   12.6900005       9.22411855E-04
   12.7000008       8.18112225E-04
   12.7100010       8.19234177E-04
   12.7200012       2.91095290E-04
   12.7300005       1.58997747E-04
   12.7400007       1.22066145E-03
   12.7500010       7.97181681E-04
   12.7600012       4.78969683E-04
   12.7700005       1.86523554E-04
   12.7800007       5.06979472E-04
   12.7900009       1.09552580E-03
   12.8000011       1.33786257E-03
   12.8100014       5.89478062E-04
   12.8200006       6.43962761E-04
   12.8300009       9.40422295E-04
   12.8400011       1.34533635E-04
   12.8500013       6.73609204E-04
   12.8600006       1.34910486E-04
   12.8700008       1.64821662E-03
   12.8800011       4.32926317E-04
   12.8900013       6.23206841E-04
   12.9000006       8.95425677E-04
   12.9100008       5.16275468E-04
   12.9200010       7.61901378E-04
   12.9300013       5.17735840E-04
   12.9400005       4.63893433E-04
   12.9500008       1.36632763E-04
   12.9600010       1.75138377E-03
   12.9700012       1.42502377E-03
   12.9800005       1.07028976E-03
   12.9900007       1.78636098E-03
   13.0000010       5.50434808E-04
   13.0100012       7.16589042E-04
   13.0200005       7.45216268E-04
   13.0300007       1.79661345E-03
   13.0400009       2.76799110E-04
   13.0500011       1.71862391E-03
   13.0600014       4.16395138E-04
   13.0700006       1.16758945E-03
   13.0800009       6.95997791E-04
   13.0900011       1.47765095E-03
   13.1000013       1.25642773E-03
   13.1100006       9.22717270E-04
   13.1200008       1.12007116E-03
   13.1300011       4.76723188E-04
   13.1400013       1.68500454E-04
   13.1500006       1.88433554E-03
   13.1600008       1.29561417E-03
   13.1700010       1.69240593E-04
   13.1800013       1.35590986E-03
   13.1900005       9.90136294E-04
   13.2000008       1.41656038E-03
   13.2100010       1.36190059E-03
   13.2200012       8.24028684E-04
   13.2300005       4.55307920E-04
   13.2400007       1.05445751E-03
   13.2500010       7.42067932E-04
   13.2600012       2.25808937E-03
   13.2700014       3.43510561E-04
   13.2800007       9.17391444E-04
   13.2900009       1.11973716E-03
   13.3000011       7.47605634E-04
   13.3100014       8.92708253E-04
   13.3200006       6.34483353E-04
   13.3300009       7.22084835E-04
   13.3400011       1.33063085E-03
   13.3500013       1.18778087E-03
   13.3600006       6.09291543E-04
   13.3700008       1.42382481E-03
   13.3800011       1.01855397E-03
   13.3900013       1.45727815E-03
   13.4000006       2.62707530E-04
   13.4100008       1.60787138E-03
   13.4200010       1.43464410E-03
   13.4300013       7.33075314E-04
   13.4400005       1.14534097E-03
   13.4500008       1.67651544E-03
   13.4600010       1.14884402E-03
   13.4700012       1.18010538E-03
   13.4800005       1.12281973E-03
   13.4900007       1.00617111E-03
   13.5000010       1.33374601E-03
   13.5100012       4.15582617E-04
   13.5200014       6.83796243E-04
   13.5300007       1.75679743E-03
   13.5400009       2.11738492E-03
   13.5500011       9.25925327E-04
   13.5600014       1.31625682E-03
   13.5700006       1.40818907E-03
   13.5800009       5.10138227E-04
   13.5900011       1.95357134E-03
   13.6000013       8.72955483E-04
   13.6100006       7.53725413E-04
   13.6200008       1.02667313E-03
   13.6300011       1.14925974E-03
   13.6400013       1.63572619E-03
   13.6500006       1.82033598E-03
   13.6600008       6.07735710E-04
   13.6700010       2.00869632E-03
   13.6800013       1.34124979E-03
   13.6900005       1.64868787E-03
   13.7000008       8.86811758E-04
   13.7100010       1.04136346E-03
   13.7200012       2.02468876E-03
   13.7300005       1.16758887E-03
   13.7400007       7.38602714E-04
   13.7500010       9.24730499E-04
   13.7600012      -1.23495032E-04
   13.7700014       3.71079659E-04
   13.7800007       7.12379406E-04
   13.7900009       9.92732705E-04
   13.8000011       1.33613590E-03
   13.8100014       1.46278751E-03
   13.8200006       2.49387958E-04
   13.8300009       9.67944507E-04
   13.8400011       1.31353771E-03
   13.8500013       1.34699920E-03
   13.8600006       1.75708847E-03
   13.8700008       1.13139965E-03
   13.8800011       9.12894378E-04
   13.8900013       1.10357255E-03
   13.9000006       2.05285102E-03
   13.9100008       9.80659737E-04
   13.9200010       4.43607103E-04
   13.9300013       1.74561318E-03
   13.9400005       9.85514722E-04
   13.9500008       1.17820362E-03
   13.9600010       4.46544786E-04
   13.9700012       8.62621702E-04
   13.9800014       1.15207292E-03
   13.9900007       7.69326580E-04
   14.0000010       1.25223945E-03
   14.0100012       4.18109878E-04
   14.0200014       1.38529157E-03
   14.0300007       5.80860884E-04
   14.0400009       1.19599514E-03
   14.0500011       1.29514094E-03
   14.0600014       1.78381684E-03
   14.0700006       1.42946013E-03
   14.0800009       7.15937407E-04
   14.0900011       5.86757960E-04
   14.1000013       1.17550499E-03
   14.1100006       1.24291773E-03
   14.1200008       2.22795084E-03
   14.1300011       1.50971068E-03
   14.1400013       1.05202571E-03
   14.1500006       7.90368009E-04
   14.1600008       1.22057041E-03
   14.1700010       1.55311357E-03
   14.1800013       1.25786674E-03
   14.1900005       9.61602898E-04
   14.2000008       9.30045207E-04
   14.2100010       9.98197938E-04
   14.2200012       9.66593972E-04
   14.2300014       1.43570954E-03
   14.2400007       1.20407646E-03
   14.2500010       1.50771288E-03
   14.2600012       1.00689312E-03
   14.2700014       6.05190231E-04
   14.2800007       9.43052815E-04
   14.2900009       9.10964969E-04
   14.3000011       7.43570039E-04
   14.3100014       4.74012399E-04
   14.3200006       8.47940857E-04
   14.3300009       1.39307592E-03
   14.3400011       1.02112500E-03
   14.3500013       9.88834305E-04
   14.3600006       7.51480286E-04
   14.3700008       8.21252819E-04
   14.3800011       7.54154404E-04
   14.3900013       1.30495231E-03
   14.4000006       1.20407646E-03
   14.4100008       1.17176666E-03
   14.4200010       1.27744267E-03
   14.4300013       1.07221189E-03
   14.4400015       2.04433152E-03
   14.4500008       1.00665144E-03
   14.4600010       1.14756729E-03
   14.4700012       3.83214210E-04
   14.4800014       1.57053408E-03
   14.4900007       1.04892300E-03
   14.5000010       1.57624518E-03
   14.5100012       1.01765268E-03
   14.5200014       1.05466519E-03
   14.5300007       3.58842712E-11
   14.5400009       1.02324435E-03
   14.5500011       7.42329517E-04
   14.5600014       1.02700642E-03
   14.5700006       5.32188336E-04
   14.5800009       1.77723425E-03
   14.5900011       2.49272707E-04
   14.6000013       1.21299562E-03
   14.6100006       1.57267111E-03
   14.6200008       1.50397653E-03
   14.6300011       1.47090165E-03
   14.6400013       1.36581797E-03
   14.6500006       1.00827310E-03
   14.6600008       1.11839280E-03
   14.6700010       1.30121561E-03
   14.6800013       5.79405227E-04
   14.6900015       1.16099231E-03
   14.7000008       1.16318313E-03
   14.7100010       8.74036457E-04
   14.7200012       5.47307369E-04
   14.7300014       1.64503790E-03
   14.7400007       2.56381201E-04
   14.7500010       1.83478289E-04
   14.7600012       9.55908035E-04
   14.7700014       1.95230730E-03
   14.7800007      -7.38131115E-04
   14.7900009       1.81189214E-03
   14.8000011       3.70485068E-04
   14.8100014       5.56798361E-04
   14.8200006       9.29788570E-04
   14.8300009       1.30422227E-03
   14.8400011       6.34706928E-04
   14.8500013       1.60855264E-03
   14.8600006       4.49771731E-04
   14.8700008       1.42705336E-03
   14.8800011       1.05356681E-03
   14.8900013       4.14711219E-04
   14.9000015       4.53299290E-04
   14.9100008       1.28687138E-03
   14.9200010       4.55083966E-04
   14.9300013       3.41986190E-04
   14.9400015       8.37618660E-04
   14.9500008       1.52595807E-03
   14.9600010       1.22318871E-03
   14.9700012       9.95816546E-04
   14.9800014       1.53507746E-03
   14.9900007       1.23051321E-03
   15.0000010       1.92652282E-04
   15.0100012       8.87976144E-04
   15.0200014       9.67129541E-04
   15.0300007       5.03919146E-04
   15.0400009       1.04871148E-03
   15.0500011       1.75138388E-03
   15.0600014       1.20895100E-03
   15.0700006       6.64318039E-04
   15.0800009       7.04825041E-04
   15.0900011       1.41252170E-03
   15.1000013       9.04285756E-04
   15.1100006       1.33950426E-03
   15.1200008       1.50016055E-03
   15.1300011       1.58235885E-03
   15.1400013       9.91009409E-04
   15.1500015       9.53330426E-04
   15.1600008       1.03490846E-03
   15.1700010       1.03705120E-03
   15.1800013       1.43889617E-03
   15.1900015       1.36178313E-03
   15.2000008       1.08366867E-03
   15.2100010       1.76966540E-03
   15.2200012       1.16881041E-03
   15.2300014       1.37320266E-03
   15.2400007       4.45204700E-04
   15.2500010       1.46010052E-03
   15.2600012       1.30060571E-03
   15.2700014       1.54773449E-03
   15.2800007       1.34693272E-03
   15.2900009       8.18056054E-04
   15.3000011       7.37816794E-04
   15.3100014       1.60201208E-03
   15.3200006       6.99804979E-04
   15.3300009       1.15508784E-03
   15.3400011       1.03354210E-03
   15.3500013       2.07152939E-03
   15.3600006       1.12103659E-03
   15.3700008       1.66438182E-03
   15.3800011       6.67193788E-04
   15.3900013       8.77591432E-04
   15.4000015       1.25642749E-03
   15.4100008       1.80480315E-03
   15.4200010       1.26191392E-03
   15.4300013       1.43329857E-03
   15.4400015       1.35194510E-03
   15.4500008       1.18555210E-03
   15.4600010       1.35790103E-03
   15.4700012       1.23331463E-03
   15.4800014       1.40653190E-03
   15.4900007       8.97050078E-04
   15.5000010       4.28116036E-04
   15.5100012       2.01662700E-03
   15.5200014       1.76311145E-03
   15.5300007       1.03437447E-03
   15.5400009       8.63911235E-04
   15.5500011       1.03902328E-03
   15.5600014       9.54583113E-04
   15.5700006       7.82785297E-04
   15.5800009       7.40970077E-04
   15.5900011       1.09213265E-03
   15.6000013       1.79516862E-03
   15.6100016       1.31653005E-03
   15.6200008       1.31953566E-03
   15.6300011       7.93533283E-04
   15.6400013       1.14884344E-03
   15.6500015       1.50578737E-03
   15.6600008       5.77069062E-04
   15.6700010       1.11231091E-03
   15.6800013       2.00679363E-03
   15.6900015       1.51976210E-03
   15.7000008       2.82257795E-03
   15.7100010       1.79629133E-03
   15.7200012       1.35036604E-03
   15.7300014       4.51176224E-04
   15.7400007       1.58282311E-03
   15.7500010       1.90385722E-03
   15.7600012       2.09009484E-03
   15.7700014       1.32078328E-03
   15.7800007       8.21739319E-04
   15.7900009       6.86409418E-04
   15.8000011       5.50434925E-04
   15.8100014       8.73602112E-04
   15.8200006       1.01395883E-03
   15.8300009       1.43218657E-03
   15.8400011       1.38931908E-03
   15.8500013       1.76404405E-03
   15.8600016       8.84152774E-04
   15.8700008       1.58599892E-03
   15.8800011       1.12224615E-03
   15.8900013       1.12497620E-03
   15.9000015       1.69158063E-03
   15.9100008       1.22468406E-03
   15.9200010       1.27490435E-03
   15.9300013       1.42004108E-03
   15.9400015       1.94550247E-03
   15.9500008       1.80760107E-03
   15.9600010       1.23984076E-03
   15.9700012       1.81657157E-03
   15.9800014       2.20447802E-03
   15.9900007       1.48933148E-03
