   0.00000000       2.40814519    
   1.00000007E-02   2.25756311    
   2.00000014E-02   2.07767510    
   3.00000012E-02   1.86314166    
   4.00000028E-02   1.58590090    
   5.00000045E-02   1.19436669    
   6.00000024E-02  0.539032042    
   7.00000077E-02   8.26678053E-02
   8.00000057E-02 -0.273562223    
   9.00000036E-02 -0.388880163    
  0.100000009     -0.491189390    
  0.110000007     -0.468046218    
  0.120000005     -0.557806790    
  0.130000010     -0.602364480    
  0.140000015     -0.815794885    
  0.150000006     -0.967782259    
  0.160000011      -1.04451692    
  0.170000017      -1.07544899    
  0.180000007      -1.16763008    
  0.190000013      -1.21515274    
  0.200000018      -1.31802320    
  0.210000008      -1.25745857    
  0.220000014      -1.30903602    
  0.230000019      -1.40268838    
  0.240000010      -1.45070863    
  0.250000030      -1.37498200    
  0.260000020      -1.36378801    
  0.270000011      -1.42199135    
  0.280000031      -1.62789619    
  0.290000021      -1.58316290    
  0.300000012      -1.62128866    
  0.310000032      -1.63584185    
  0.320000023      -1.73475242    
  0.330000013      -1.74979341    
  0.340000033      -1.68641055    
  0.350000024      -1.85609293    
  0.360000014      -1.80287468    
  0.370000035      -1.84128261    
  0.380000025      -1.80901408    
  0.390000015      -1.68591499    
  0.400000036      -1.76228154    
  0.410000026      -1.70770419    
  0.420000017      -1.80191994    
  0.430000037      -1.73301220    
  0.440000027      -1.78599143    
  0.450000018      -1.82454860    
  0.460000038      -1.68241704    
  0.470000029      -1.72058797    
  0.480000019      -1.80693603    
  0.490000039      -1.91302025    
  0.500000060      -2.00400782    
  0.510000050      -2.02633572    
  0.520000041      -2.00118470    
  0.530000031      -1.91588748    
  0.540000021      -1.97978556    
  0.550000012      -2.01278377    
  0.560000062      -2.00753593    
  0.570000052      -2.21369457    
  0.580000043      -2.16684914    
  0.590000033      -2.02812362    
  0.600000024      -1.98863578    
  0.610000014      -2.13442016    
  0.620000064      -2.20984936    
  0.630000055      -2.22046113    
  0.640000045      -2.12626004    
  0.650000036      -2.34797835    
  0.660000026      -2.36409521    
  0.670000076      -2.51774859    
  0.680000067      -2.28865218    
  0.690000057      -2.33253169    
  0.700000048      -2.46513748    
  0.710000038      -2.77582860    
  0.720000029      -2.36724687    
  0.730000079      -2.39034414    
  0.740000069      -2.33320665    
  0.750000060      -2.48336935    
  0.760000050      -2.29841232    
  0.770000041      -2.32665420    
  0.780000031      -2.27043962    
  0.790000081      -2.47960925    
  0.800000072      -2.43950915    
  0.810000062      -2.30278134    
  0.820000052      -2.12655711    
  0.830000043      -2.27255511    
  0.840000033      -2.22080493    
  0.850000083      -2.35475397    
  0.860000074      -2.45032072    
  0.870000064      -2.40906549    
  0.880000055      -2.32090235    
  0.890000045      -2.24636197    
  0.900000036      -2.09887624    
  0.910000086      -2.40283942    
  0.920000076      -2.62570119    
  0.930000067      -2.62513351    
  0.940000057      -2.44221902    
  0.950000048      -2.56898451    
  0.960000038      -2.49191618    
  0.970000088      -2.43749666    
  0.980000079      -2.52062917    
  0.990000069      -2.53852201    
   1.00000012      -2.52281761    
   1.01000011      -2.63981748    
   1.02000010      -2.33670640    
   1.03000009      -2.37799430    
   1.04000008      -2.32320476    
   1.05000007      -2.45211220    
   1.06000006      -2.16824746    
   1.07000005      -2.40463948    
   1.08000004      -2.46487403    
   1.09000003      -2.38752866    
   1.10000002      -2.39169407    
   1.11000013      -2.53769517    
   1.12000012      -2.53823495    
   1.13000011      -2.74245667    
   1.14000010      -2.47122693    
   1.15000010      -2.62515163    
   1.16000009      -2.47235918    
   1.17000008      -2.71443319    
   1.18000007      -2.46607590    
   1.19000006      -2.59747982    
   1.20000005      -2.55697417    
   1.21000004      -2.66225696    
   1.22000003      -2.82424450    
   1.23000014      -2.81600785    
   1.24000013      -2.39302158    
   1.25000012      -2.51234722    
   1.26000011      -2.55546498    
   1.27000010      -2.84243155    
   1.28000009      -2.98096609    
   1.29000008      -2.73950028    
   1.30000007      -2.59694958    
   1.31000006      -2.70634389    
   1.32000005      -2.67166948    
   1.33000004      -2.36089563    
   1.34000015      -2.21824384    
   1.35000014      -2.53047752    
   1.36000013      -2.71977544    
   1.37000012      -2.63101506    
   1.38000011      -2.62215257    
   1.39000010      -2.56287193    
   1.40000010      -2.87341905    
   1.41000009      -2.59404445    
   1.42000008      -2.79736161    
   1.43000007      -2.51789284    
   1.44000006      -2.79024696    
   1.45000005      -3.79719281    
   1.46000016      -3.04436469    
   1.47000015      -3.14570093    
   1.48000014      -2.86245775    
   1.49000013      -2.63155842    
   1.50000012      -2.59980154    
   1.51000011      -2.64616013    
   1.52000010      -2.89132595    
   1.53000009      -2.77538943    
   1.54000008      -2.91713119    
   1.55000007      -2.73073101    
   1.56000006      -2.48982787    
   1.57000005      -2.45965433    
   1.58000016      -2.33489966    
   1.59000015      -2.51437497    
   1.60000014      -2.52820039    
   1.61000013      -2.46397328    
   1.62000012      -2.32782388    
   1.63000011      -2.30129457    
   1.64000010      -2.20446205    
   1.65000010      -2.36331964    
   1.66000009      -2.38730597    
   1.67000008      -2.23595691    
   1.68000007      -2.44660425    
   1.69000018      -2.68713164    
   1.70000017      -2.71476412    
   1.71000016      -3.10518980    
   1.72000015      -2.88460159    
   1.73000014      -2.97829366    
   1.74000013      -2.92336941    
   1.75000012      -3.27548242    
   1.76000011      -3.75123644    
   1.77000010      -3.44515681    
   1.78000009      -3.68546724    
   1.79000008      -4.00688887    
   1.80000007      -3.31731963    
   1.81000018      -3.60427141    
   1.82000017      -3.08592558    
   1.83000016      -3.40314579    
   1.84000015      -3.42941666    
   1.85000014      -3.34662485    
   1.86000013      -3.06426287    
   1.87000012      -2.96290660    
   1.88000011      -3.27758527    
   1.89000010      -3.19940925    
   1.90000010      -3.10366583    
   1.91000009      -2.82914114    
   1.92000008      -2.50422668    
   1.93000019      -2.64139032    
   1.94000018      -3.01981783    
   1.95000017      -2.78169274    
   1.96000016      -2.66739202    
   1.97000015      -2.74471712    
   1.98000014      -2.69852304    
   1.99000013      -2.52414274    
   2.00000024      -2.67081213    
   2.01000023      -2.70152950    
   2.02000022      -3.38617682    
   2.03000021      -3.05819678    
   2.04000020      -3.09942555    
   2.05000019      -2.82855725    
   2.06000018      -3.35409880    
   2.07000017      -4.02127838    
   2.08000016      -3.59060884    
   2.09000015      -3.94506907    
   2.10000014      -4.18703222    
   2.11000013      -3.49487972    
   2.12000012      -3.80867171    
   2.13000011      -3.57560086    
   2.14000010      -4.20558453    
   2.15000010      -2.99226952    
   2.16000009      -3.16733980    
   2.17000008      -2.85845470    
   2.18000007      -2.64871693    
   2.19000006      -3.00473309    
   2.20000005      -2.83567572    
   2.21000004      -2.67026234    
   2.22000027      -2.98528814    
   2.23000026      -2.55370188    
   2.24000025      -2.56362367    
   2.25000024      -2.61830616    
   2.26000023      -2.87518287    
   2.27000022      -2.73011422    
   2.28000021      -2.86085939    
   2.29000020      -2.73691130    
   2.30000019      -2.43226266    
   2.31000018      -2.34634495    
   2.32000017      -2.59800291    
   2.33000016      -2.46796465    
   2.34000015      -2.62714076    
   2.35000014      -2.42420411    
   2.36000013      -2.46683288    
   2.37000012      -2.42620683    
   2.38000011      -2.64508677    
   2.39000010      -2.43479061    
   2.40000010      -2.56058025    
   2.41000009      -2.52166915    
   2.42000008      -2.53315687    
   2.43000007      -2.56668854    
   2.44000006      -2.64936042    
   2.45000029      -2.62782621    
   2.46000028      -2.78880548    
   2.47000027      -2.98035169    
   2.48000026      -3.25302052    
   2.49000025      -3.15868902    
   2.50000024      -3.03492236    
   2.51000023      -3.34716702    
   2.52000022      -3.50560880    
   2.53000021      -3.17664194    
   2.54000020      -3.15509772    
   2.55000019      -3.18990660    
   2.56000018      -3.44074392    
   2.57000017      -3.16491342    
   2.58000016      -2.67860174    
   2.59000015      -2.64000154    
   2.60000014      -2.40045428    
   2.61000013      -2.65193272    
   2.62000012      -2.84078836    
   2.63000011      -2.85919666    
   2.64000010      -3.05063915    
   2.65000010      -2.80319834    
   2.66000009      -2.90508270    
   2.67000008      -2.78746390    
   2.68000031      -2.63270450    
   2.69000030      -2.90910673    
   2.70000029      -2.99193573    
   2.71000028      -3.06709981    
   2.72000027      -2.92114067    
   2.73000026      -2.83813143    
   2.74000025      -2.97462893    
   2.75000024      -2.96106243    
   2.76000023      -3.13302183    
   2.77000022      -2.58101106    
   2.78000021      -2.62596464    
   2.79000020      -2.78517675    
   2.80000019      -2.84713411    
   2.81000018      -2.71477962    
   2.82000017      -2.68788314    
   2.83000016      -2.61274838    
   2.84000015      -2.38130903    
   2.85000014      -2.47917318    
   2.86000013      -2.32066870    
   2.87000012      -2.37675643    
   2.88000011      -2.59485674    
   2.89000010      -2.52039099    
   2.90000010      -2.39451027    
   2.91000032      -2.33946013    
   2.92000031      -2.44901371    
   2.93000031      -2.72340155    
   2.94000030      -2.67834568    
   2.95000029      -3.00221586    
   2.96000028      -2.70722151    
   2.97000027      -2.93666911    
   2.98000026      -2.68651581    
   2.99000025      -2.86476111    
   3.00000024      -3.28078890    
   3.01000023      -3.37764955    
   3.02000022      -3.11106229    
   3.03000021      -2.91367316    
   3.04000020      -2.75037265    
   3.05000019      -3.05816412    
   3.06000018      -2.81660151    
   3.07000017      -3.18110776    
   3.08000016      -3.16953969    
   3.09000015      -3.08884692    
   3.10000014      -2.97553754    
   3.11000013      -2.83165550    
   3.12000012      -3.15945363    
   3.13000011      -3.14044905    
   3.14000010      -3.65912938    
   3.15000033      -2.95321465    
   3.16000032      -2.71835756    
   3.17000031      -3.13280034    
   3.18000031      -2.60407281    
   3.19000030      -2.52935147    
   3.20000029      -2.72750139    
   3.21000028      -2.81456399    
   3.22000027      -2.72875524    
   3.23000026      -2.68137121    
   3.24000025      -3.00235105    
   3.25000024      -2.96023941    
   3.26000023      -3.51285982    
   3.27000022      -3.71870518    
   3.28000021      -3.31739473    
   3.29000020      -3.64590025    
   3.30000019      -3.90485930    
   3.31000018      -3.73929787    
   3.32000017      -3.64265990    
   3.33000016      -4.76484108    
   3.34000015      -3.57174921    
   3.35000014      -3.17722607    
   3.36000013      -3.02234554    
   3.37000012      -2.82475185    
   3.38000035      -3.02837849    
   3.39000034      -2.94568753    
   3.40000033      -3.24059701    
   3.41000032      -2.70552111    
   3.42000031      -2.76444530    
   3.43000031      -2.87354469    
   3.44000030      -2.82490396    
   3.45000029      -2.72810483    
   3.46000028      -3.07613659    
   3.47000027      -3.08579540    
   3.48000026      -3.07842898    
   3.49000025      -2.90042424    
   3.50000024      -2.82431889    
   3.51000023      -2.60751057    
   3.52000022      -3.30236006    
   3.53000021      -2.95109344    
   3.54000020      -3.07807112    
   3.55000019      -2.68046546    
   3.56000018      -3.17137647    
   3.57000017      -2.97981119    
   3.58000016      -2.86990118    
   3.59000015      -2.90320826    
   3.60000014      -3.32616806    
   3.61000037      -3.23813605    
   3.62000036      -3.41546011    
   3.63000035      -3.36605120    
   3.64000034      -4.37530279    
   3.65000033      -3.11969471    
   3.66000032      -3.86081433    
   3.67000031      -3.66718745    
   3.68000031      -3.55345464    
   3.69000030      -3.44508147    
   3.70000029      -2.98930812    
   3.71000028      -2.96208310    
   3.72000027      -3.17294574    
   3.73000026      -3.03415704    
   3.74000025      -2.49957180    
   3.75000024      -2.47901607    
   3.76000023      -2.81105995    
   3.77000022      -2.42909908    
   3.78000021      -2.41120648    
   3.79000020      -2.51242185    
   3.80000019      -2.43766856    
   3.81000018      -2.76781130    
   3.82000017      -2.55147052    
   3.83000016      -2.47542906    
   3.84000015      -2.89682698    
   3.85000038      -3.29994011    
   3.86000037      -3.08299303    
   3.87000036      -2.94879007    
   3.88000035      -3.24218392    
   3.89000034      -3.02547503    
   3.90000033      -2.83502102    
   3.91000032      -4.36302519    
   3.92000031      -3.97537971    
   3.93000031      -3.60606384    
   3.94000030      -4.47219944    
   3.95000029      -3.71070051    
   3.96000028      -3.46876717    
   3.97000027      -3.31494451    
   3.98000026      -3.16103482    
   3.99000025      -3.26966262    
   4.00000048      -2.96389341    
   4.01000023      -3.34253359    
   4.02000046      -2.70593762    
   4.03000021      -2.76261020    
   4.04000044      -2.98547721    
   4.05000019      -2.62883782    
   4.06000042      -2.76690006    
   4.07000017      -2.61153483    
   4.08000040      -2.98923969    
   4.09000015      -2.83061123    
   4.10000038      -3.12742162    
   4.11000013      -3.83313537    
   4.12000036      -4.02279997    
   4.13000011      -3.29248333    
   4.14000034      -3.51453424    
   4.15000010      -2.96326756    
   4.16000032      -2.88927293    
   4.17000008      -3.12295079    
   4.18000031      -3.57603526    
   4.19000053      -3.16717672    
   4.20000029      -4.07467651    
   4.21000051      -3.16921091    
   4.22000027      -2.83550620    
   4.23000050      -2.75597668    
   4.24000025      -3.34616303    
   4.25000048      -3.11739683    
   4.26000023      -3.42832708    
   4.27000046      -3.38395143    
   4.28000021      -3.03787947    
   4.29000044      -3.35268617    
   4.30000019      -3.02762556    
   4.31000042      -2.90665317    
   4.32000017      -2.94851780    
   4.33000040      -3.60495710    
   4.34000015      -3.56134820    
   4.35000038      -3.26016808    
   4.36000013      -3.49408984    
   4.37000036      -3.76676512    
   4.38000011      -5.63841963    
   4.39000034      -3.95318103    
   4.40000010      -3.28503537    
   4.41000032      -3.99606514    
   4.42000008      -3.87081480    
   4.43000031      -3.70928597    
   4.44000053      -4.00380278    
   4.45000029      -3.16276908    
   4.46000051      -3.62145185    
   4.47000027      -3.47297525    
   4.48000050      -3.89657688    
   4.49000025      -3.23741961    
   4.50000048      -3.13854837    
   4.51000023      -3.77223325    
   4.52000046      -4.39330006    
   4.53000021      -3.80587959    
   4.54000044      -3.81431723    
   4.55000019      -3.09692311    
   4.56000042      -3.53399110    
   4.57000017      -3.10414624    
   4.58000040      -3.24605298    
   4.59000015      -2.82728744    
   4.60000038      -3.04921222    
   4.61000013      -3.13905931    
   4.62000036      -3.32449913    
   4.63000011      -2.78903246    
   4.64000034      -2.93090582    
   4.65000010      -2.86330557    
   4.66000032      -2.96839857    
   4.67000055      -2.78727579    
   4.68000031      -3.02515006    
   4.69000053      -3.03586745    
   4.70000029      -3.58295059    
   4.71000051      -3.24915409    
   4.72000027      -3.17884469    
   4.73000050      -2.91817355    
   4.74000025      -2.99474263    
   4.75000048      -2.85448432    
   4.76000023      -3.23096323    
   4.77000046      -3.12318254    
   4.78000021      -3.36399007    
   4.79000044      -3.27047992    
   4.80000019      -2.90492892    
   4.81000042      -2.55869603    
   4.82000017      -2.68297696    
   4.83000040      -2.91811275    
   4.84000015      -2.89857173    
   4.85000038      -2.91191483    
   4.86000013      -2.81070924    
   4.87000036      -2.75966668    
   4.88000011      -2.67071414    
   4.89000034      -2.45882463    
   4.90000057      -2.56889153    
   4.91000032      -2.79810715    
   4.92000055      -2.75584340    
   4.93000031      -2.56904984    
   4.94000053      -2.37967992    
   4.95000029      -2.52657747    
   4.96000051      -2.76593161    
   4.97000027      -2.94170284    
   4.98000050      -2.68246269    
   4.99000025      -3.00286937    
   5.00000048      -3.10514784    
   5.01000023      -2.88753724    
   5.02000046      -2.68758249    
   5.03000021      -3.12559152    
   5.04000044      -3.45218539    
   5.05000019      -3.31474710    
   5.06000042      -2.80615520    
   5.07000017      -2.76582766    
   5.08000040      -2.91671014    
   5.09000015      -3.40844178    
   5.10000038      -3.12149358    
   5.11000013      -3.44039440    
   5.12000036      -3.15344977    
   5.13000059      -3.87858772    
   5.14000034      -3.42635298    
   5.15000057      -3.08733940    
   5.16000032      -3.45991755    
   5.17000055      -3.41059828    
   5.18000031      -3.38771892    
   5.19000053      -3.34849095    
   5.20000029      -3.43030834    
   5.21000051      -3.24605513    
   5.22000027      -3.31466269    
   5.23000050      -3.50513935    
   5.24000025      -3.04383445    
   5.25000048      -3.06624079    
   5.26000023      -3.12390709    
   5.27000046      -2.95022273    
   5.28000021      -3.00143528    
   5.29000044      -2.78145432    
   5.30000019      -2.83101869    
   5.31000042      -2.66004038    
   5.32000017      -2.76795149    
   5.33000040      -2.68272686    
   5.34000015      -2.47679329    
   5.35000038      -2.55207324    
   5.36000061      -2.42323685    
   5.37000036      -2.66407084    
   5.38000059      -2.94751191    
   5.39000034      -3.15409231    
   5.40000057      -3.25796819    
   5.41000032      -3.30223656    
   5.42000055      -3.37960505    
   5.43000031      -3.48052883    
   5.44000053      -3.45773983    
   5.45000029      -4.36132288    
   5.46000051      -3.97815490    
   5.47000027      -4.80440903    
   5.48000050      -4.20549107    
   5.49000025      -4.11034155    
   5.50000048      -3.87700820    
   5.51000023      -4.43387890    
   5.52000046      -3.88393307    
   5.53000021      -3.88434124    
   5.54000044      -3.20514107    
   5.55000019      -3.22174931    
   5.56000042      -3.35148048    
   5.57000017      -3.33374357    
   5.58000040      -3.43125558    
   5.59000063      -3.20493364    
   5.60000038      -3.16503978    
   5.61000061      -3.03399634    
   5.62000036      -2.71699762    
   5.63000059      -2.95903850    
   5.64000034      -3.11014819    
   5.65000057      -3.58129120    
   5.66000032      -3.46224737    
   5.67000055      -3.71025181    
   5.68000031      -3.47852492    
   5.69000053      -3.30762720    
   5.70000029      -4.60456038    
   5.71000051      -3.33278537    
   5.72000027                  NaN
   5.73000050                  NaN
   5.74000025      -5.40638208    
   5.75000048      -3.70096397    
   5.76000023      -3.63873839    
   5.77000046      -3.85767817    
   5.78000021      -3.32048726    
   5.79000044      -3.36485672    
   5.80000019      -3.42672682    
   5.81000042      -2.91903710    
   5.82000065      -3.46113753    
   5.83000040      -2.78837657    
   5.84000063      -2.63448548    
   5.85000038      -2.48065066    
   5.86000061      -2.49835587    
   5.87000036      -2.73643208    
   5.88000059      -2.81614733    
   5.89000034      -2.65159726    
   5.90000057      -2.90303397    
   5.91000032      -2.78280377    
   5.92000055      -2.59597349    
   5.93000031      -2.70261526    
   5.94000053      -2.78836560    
   5.95000029      -3.03221369    
   5.96000051      -3.24700260    
   5.97000027      -3.34114408    
   5.98000050      -3.02668619    
   5.99000025      -2.82945657    
   6.00000048      -3.08896089    
   6.01000023      -2.87707496    
   6.02000046      -3.19355273    
   6.03000021      -3.88898087    
   6.04000044      -3.24877334    
   6.05000019      -3.35788846    
   6.06000042      -3.83631968    
   6.07000065      -3.15479469    
   6.08000040      -3.12031579    
   6.09000063      -3.10377836    
   6.10000038      -3.11878300    
   6.11000061      -3.45738530    
   6.12000036      -3.78229618    
   6.13000059      -3.27210164    
   6.14000034      -2.77254415    
   6.15000057      -2.77555346    
   6.16000032      -2.73033094    
   6.17000055      -2.57724881    
   6.18000031      -2.69161701    
   6.19000053      -2.73441720    
   6.20000029      -2.88353634    
   6.21000051      -2.87490129    
   6.22000027      -2.53212047    
   6.23000050      -2.46810937    
   6.24000025      -2.63723207    
   6.25000048      -2.85237479    
   6.26000023      -2.98567176    
   6.27000046      -2.97119164    
   6.28000021      -3.02719426    
   6.29000044      -3.44941735    
   6.30000067      -3.40299439    
   6.31000042      -2.94557047    
   6.32000065      -2.85146928    
   6.33000040      -3.24624634    
   6.34000063      -3.39080000    
   6.35000038      -3.03509760    
   6.36000061      -2.96612620    
   6.37000036      -3.08983707    
   6.38000059      -2.98808718    
   6.39000034      -2.62055063    
   6.40000057      -2.41407967    
   6.41000032      -2.50314021    
   6.42000055      -2.75039101    
   6.43000031      -2.83827901    
   6.44000053      -2.55283165    
   6.45000029      -2.79956818    
   6.46000051      -2.67026496    
   6.47000027      -2.71513915    
   6.48000050      -2.71521187    
   6.49000025      -3.05907989    
   6.50000048      -3.26988602    
   6.51000023      -3.71022058    
   6.52000046      -3.44946504    
   6.53000069      -3.34817839    
   6.54000044      -3.56342483    
   6.55000067      -3.65892625    
   6.56000042      -2.77477145    
   6.57000065      -3.25785804    
   6.58000040      -3.21467805    
   6.59000063      -3.03768134    
   6.60000038      -2.71188140    
   6.61000061      -2.63270497    
   6.62000036      -2.51984739    
   6.63000059      -2.51358318    
   6.64000034      -2.40319800    
   6.65000057      -2.39826345    
   6.66000032      -2.51852512    
   6.67000055      -2.54286051    
   6.68000031      -2.35668111    
   6.69000053      -2.43884635    
   6.70000029      -2.63839555    
   6.71000051      -2.54313064    
   6.72000027      -2.89196372    
   6.73000050      -3.05533242    
   6.74000025      -2.84358430    
   6.75000048      -3.10554433    
   6.76000071      -3.06574202    
   6.77000046      -2.96082711    
   6.78000069      -3.05927205    
   6.79000044      -2.99443007    
   6.80000067      -3.45233560    
   6.81000042      -3.03901982    
   6.82000065      -3.23633313    
   6.83000040      -2.97648287    
   6.84000063      -2.97270131    
   6.85000038      -3.21068478    
   6.86000061      -3.11437678    
   6.87000036      -3.00646687    
   6.88000059      -3.13052535    
   6.89000034      -3.48032188    
   6.90000057      -3.74109602    
   6.91000032      -2.86192036    
   6.92000055      -2.90465212    
   6.93000031      -2.92097497    
   6.94000053      -2.61565948    
   6.95000029      -2.74033356    
   6.96000051      -2.94492865    
   6.97000027      -2.98399591    
   6.98000050      -2.94111300    
   6.99000072      -2.71939588    
   7.00000048      -2.46611738    
   7.01000071      -2.59516096    
   7.02000046      -2.98295832    
   7.03000069      -3.29917908    
   7.04000044      -3.53901243    
   7.05000067      -3.68078065    
   7.06000042      -3.07326889    
   7.07000065      -2.78960872    
   7.08000040      -2.55254221    
   7.09000063      -2.61962366    
   7.10000038      -2.59289503    
   7.11000061      -3.00082040    
   7.12000036      -2.66832376    
   7.13000059      -2.66486573    
   7.14000034      -2.41509247    
   7.15000057      -2.10016537    
   7.16000032      -2.42811942    
   7.17000055      -2.66305208    
   7.18000031      -2.82982183    
   7.19000053      -2.82265449    
   7.20000029      -2.73864293    
   7.21000051      -2.63544106    
   7.22000074      -2.58686519    
   7.23000050      -3.21391487    
   7.24000072      -2.91636539    
   7.25000048      -2.92624998    
   7.26000071      -3.76032352    
   7.27000046      -3.19516826    
   7.28000069      -3.18768930    
   7.29000044      -2.87756872    
   7.30000067      -3.29831743    
   7.31000042      -3.33091760    
   7.32000065      -4.30762768    
   7.33000040      -3.55218148    
   7.34000063      -2.95080686    
   7.35000038      -3.33746314    
   7.36000061      -3.33038521    
   7.37000036      -3.22949576    
   7.38000059      -3.54812360    
   7.39000034      -3.10794306    
   7.40000057      -3.41020870    
   7.41000032      -2.85255790    
   7.42000055      -2.90816450    
   7.43000031      -2.98114872    
   7.44000053      -3.59289193    
   7.45000076      -3.23365998    
   7.46000051      -2.95721126    
   7.47000074      -3.00584888    
   7.48000050      -3.03842902    
   7.49000072      -2.38811040    
   7.50000048      -2.62188768    
   7.51000071      -2.57820916    
   7.52000046      -2.97316360    
   7.53000069      -2.84545684    
   7.54000044      -2.59480047    
   7.55000067      -2.71521664    
   7.56000042      -2.77031660    
   7.57000065      -2.35091662    
   7.58000040      -2.33498311    
   7.59000063      -2.45368528    
   7.60000038      -2.83972692    
   7.61000061      -2.67687821    
   7.62000036      -2.64129615    
   7.63000059      -2.48426723    
   7.64000034      -2.61374068    
   7.65000057      -2.80473614    
   7.66000032      -2.42100096    
   7.67000055      -2.49159026    
   7.68000031      -3.00547051    
   7.69000053      -3.37811947    
   7.70000076      -2.96969295    
   7.71000051      -2.98115873    
   7.72000074      -2.79003024    
   7.73000050      -2.91019416    
   7.74000072      -3.23263860    
   7.75000048      -3.18360233    
   7.76000071      -3.22834587    
   7.77000046      -3.07299972    
   7.78000069      -3.07128382    
   7.79000044      -3.31483722    
   7.80000067      -3.28492951    
   7.81000042      -3.38007045    
   7.82000065      -3.64213324    
   7.83000040      -3.61146975    
   7.84000063      -3.36313200    
   7.85000038      -3.74488735    
   7.86000061      -4.44264412    
   7.87000036      -4.64728451    
   7.88000059                  NaN
   7.89000034      -4.89128685    
   7.90000057      -3.52905488    
   7.91000032      -3.36367416    
   7.92000055      -3.50156069    
   7.93000078      -3.12470865    
   7.94000053      -4.37023640    
   7.95000076      -5.25155687    
   7.96000051      -3.75501418    
   7.97000074      -3.29651594    
   7.98000050      -2.96943998    
   7.99000072      -3.02897072    
   8.00000095      -3.01847768    
   8.01000023      -3.45003581    
   8.02000046      -3.35417557    
   8.03000069      -3.42924953    
   8.04000092      -3.15580153    
   8.05000019      -2.77566075    
   8.06000042      -3.00479126    
   8.07000065      -3.20785213    
   8.08000088      -3.11902237    
   8.09000015      -2.96219611    
   8.10000038      -3.41664553    
   8.11000061      -3.50774431    
   8.12000084      -3.54943776    
   8.13000011      -3.31340170    
   8.14000034      -3.77302074    
   8.15000057      -5.28495121    
   8.16000080                  NaN
   8.17000103      -3.21873045    
   8.18000031      -3.47700596    
   8.19000053      -3.12564731    
   8.20000076      -3.97865748    
   8.21000099      -3.27107525    
   8.22000027      -3.05066776    
   8.23000050      -3.30971193    
   8.24000072      -3.50727248    
   8.25000095      -2.83241320    
   8.26000023      -2.77239680    
   8.27000046      -2.54618502    
   8.28000069      -3.35146952    
   8.29000092      -2.95336771    
   8.30000019      -3.15209079    
   8.31000042      -2.96724963    
   8.32000065      -2.77311206    
   8.33000088      -3.55886388    
   8.34000015      -2.88161826    
   8.35000038      -2.84451175    
   8.36000061      -3.00626755    
   8.37000084      -3.17509007    
   8.38000107      -3.27702570    
   8.39000034      -2.80785894    
   8.40000057      -2.80545259    
   8.41000080      -2.94773340    
   8.42000103      -2.79470873    
   8.43000031      -3.13776112    
   8.44000053      -2.79649448    
   8.45000076      -2.93496418    
   8.46000099      -3.14399409    
   8.47000027      -3.15958548    
   8.48000050      -3.24948740    
   8.49000072      -3.27065849    
   8.50000095      -3.75977254    
   8.51000023      -3.74600148    
   8.52000046      -3.61907315    
   8.53000069      -4.04901409    
   8.54000092      -3.32995105    
   8.55000019      -3.26115012    
   8.56000042      -3.26031852    
   8.57000065      -3.17330432    
   8.58000088      -3.25131750    
   8.59000015      -3.44718933    
   8.60000038      -3.24588323    
   8.61000061      -3.58142900    
   8.62000084      -3.41336966    
   8.63000107      -3.48887062    
   8.64000034      -3.03952622    
   8.65000057      -3.33033323    
   8.66000080      -4.50026369    
   8.67000103      -4.01450872    
   8.68000031      -3.40698266    
   8.69000053      -3.13244057    
   8.70000076      -2.99736404    
   8.71000099      -3.03111172    
   8.72000027      -2.74316669    
   8.73000050      -2.60348082    
   8.74000072      -2.81077814    
   8.75000095      -2.96467996    
   8.76000023      -3.10151124    
   8.77000046      -2.63545465    
   8.78000069      -2.68258023    
   8.79000092      -2.98326993    
   8.80000019      -3.22428274    
   8.81000042      -2.89696264    
   8.82000065      -2.94498062    
   8.83000088      -2.79207373    
   8.84000015      -2.82588768    
   8.85000038      -2.63912082    
   8.86000061      -2.80496311    
   8.87000084      -2.41943002    
   8.88000107      -2.54289722    
   8.89000034      -2.46895027    
   8.90000057      -2.32416272    
   8.91000080      -2.42546940    
   8.92000103      -2.48309708    
   8.93000031      -2.32010007    
   8.94000053      -2.30941725    
   8.95000076      -2.33244014    
   8.96000099      -2.47695470    
   8.97000027      -2.51933241    
   8.98000050      -2.81391716    
   8.99000072      -2.42922664    
   9.00000095      -2.44233632    
   9.01000023      -2.62233377    
   9.02000046      -2.45053053    
   9.03000069      -2.69889712    
   9.04000092      -2.62978649    
   9.05000019      -2.80489683    
   9.06000042      -2.62124753    
   9.07000065      -2.53532219    
   9.08000088      -2.42203689    
   9.09000111      -2.36918163    
   9.10000038      -2.94850254    
   9.11000061      -3.27105212    
   9.12000084      -3.00440383    
   9.13000107      -2.86809492    
   9.14000034      -2.68864775    
   9.15000057      -2.94305038    
   9.16000080      -2.94223452    
   9.17000103      -3.16984105    
   9.18000031      -2.79817867    
   9.19000053      -3.16562080    
   9.20000076      -3.21799994    
   9.21000099      -3.34420657    
   9.22000027      -2.96667790    
   9.23000050      -3.04787683    
   9.24000072      -3.23998380    
   9.25000095      -2.77227545    
   9.26000023      -3.11213803    
   9.27000046      -3.09862328    
   9.28000069      -2.93596578    
   9.29000092      -3.11379242    
   9.30000019      -3.03985214    
   9.31000042      -2.71900368    
   9.32000065      -2.76499629    
   9.33000088      -2.75978279    
   9.34000111      -2.88570166    
   9.35000038      -2.65142846    
   9.36000061      -3.00672483    
   9.37000084      -2.82961655    
   9.38000107      -2.90179706    
   9.39000034      -3.16461778    
   9.40000057      -3.59257722    
   9.41000080      -2.76052427    
   9.42000103      -3.39044833    
   9.43000031      -2.74700665    
   9.44000053      -3.32651067    
   9.45000076      -3.24584913    
   9.46000099      -3.63664627    
   9.47000027      -3.15195084    
   9.48000050      -2.85899305    
   9.49000072      -2.71328092    
   9.50000095      -2.69537950    
   9.51000023      -2.47340870    
   9.52000046      -2.69866371    
   9.53000069      -2.41145587    
   9.54000092      -2.51338387    
   9.55000114      -2.40077019    
   9.56000042      -2.24570012    
   9.57000065      -2.17844152    
   9.58000088      -2.30536819    
   9.59000111      -2.36307120    
   9.60000038      -2.54602432    
   9.61000061      -2.68237925    
   9.62000084      -2.66962075    
   9.63000107      -2.46228814    
   9.64000034      -2.84610152    
   9.65000057      -2.85525393    
   9.66000080      -2.45275211    
   9.67000103      -2.48526359    
   9.68000031      -2.51941156    
   9.69000053      -2.51153851    
   9.70000076      -2.60279369    
   9.71000099      -2.47276759    
   9.72000027      -2.32289624    
   9.73000050      -2.44690871    
   9.74000072      -2.60794449    
   9.75000095      -2.39240408    
   9.76000023      -2.56221724    
   9.77000046      -2.77947116    
   9.78000069      -2.70415735    
   9.79000092      -2.87888503    
   9.80000114      -3.04930878    
   9.81000042      -2.82866740    
   9.82000065      -2.63703036    
   9.83000088      -2.94670844    
   9.84000111      -2.81970215    
   9.85000038      -2.69046569    
   9.86000061      -2.51814461    
   9.87000084      -2.39237809    
   9.88000107      -2.49166703    
   9.89000034      -2.71706080    
   9.90000057      -2.48941517    
   9.91000080      -2.16121650    
   9.92000103      -2.34296703    
   9.93000031      -3.02962470    
   9.94000053      -2.76127744    
   9.95000076      -2.84935069    
   9.96000099      -2.94735789    
   9.97000027      -2.88774133    
   9.98000050      -2.76888037    
   9.99000072      -2.86977386    
   10.0000010      -2.84166980    
   10.0100012      -2.90274358    
   10.0200005      -3.24205637    
   10.0300007      -2.95325446    
   10.0400009      -2.37096596    
   10.0500011      -2.32800722    
   10.0600004      -2.31552839    
   10.0700006      -2.61242151    
   10.0800009      -2.80601430    
   10.0900011      -3.05011392    
   10.1000004      -2.98908520    
   10.1100006      -2.85999012    
   10.1200008      -2.50091147    
   10.1300011      -2.89167833    
   10.1400003      -3.22600651    
   10.1500006      -2.93955302    
   10.1600008      -3.11872125    
   10.1700010      -3.16547275    
   10.1800003      -2.69362545    
   10.1900005      -2.77382374    
   10.2000008      -2.63674116    
   10.2100010      -2.59231281    
   10.2200003      -2.78384542    
   10.2300005      -3.27185082    
   10.2400007      -3.01790047    
   10.2500010      -2.79994440    
   10.2600012      -3.01787090    
   10.2700005      -3.03902197    
   10.2800007      -3.15806603    
   10.2900009      -4.00469017    
   10.3000011      -3.35042334    
   10.3100004      -3.44836426    
   10.3200006      -3.39111829    
   10.3300009      -3.02425694    
   10.3400011      -3.29458380    
   10.3500004      -3.35319805    
   10.3600006      -3.80121279    
   10.3700008      -3.64072704    
   10.3800011      -3.06386924    
   10.3900003      -2.77861357    
   10.4000006      -2.79432797    
   10.4100008      -2.86829329    
   10.4200010      -3.01936007    
   10.4300003      -3.03180027    
   10.4400005      -3.07356334    
   10.4500008      -3.39840150    
   10.4600010      -3.33877134    
   10.4700003      -3.14613724    
   10.4800005      -3.22340846    
   10.4900007      -3.71261024    
   10.5000010      -4.24214458    
   10.5100012      -3.31700230    
   10.5200005      -3.43505812    
   10.5300007      -3.13752222    
   10.5400009      -3.27882147    
   10.5500011      -3.47460675    
   10.5600004      -3.10359383    
   10.5700006      -2.96683073    
   10.5800009      -2.74748707    
   10.5900011      -2.54407835    
   10.6000004      -2.92256069    
   10.6100006      -2.82046151    
   10.6200008      -2.92852616    
   10.6300011      -3.17919374    
   10.6400003      -3.14759111    
   10.6500006      -3.01302528    
   10.6600008      -2.81809783    
   10.6700010      -2.74806857    
   10.6800003      -2.71422172    
   10.6900005      -2.93243384    
   10.7000008      -3.23059130    
   10.7100010      -2.76645184    
   10.7200012      -2.81468940    
   10.7300005      -2.90480590    
   10.7400007      -2.63208294    
   10.7500010      -2.90364718    
   10.7600012      -3.01203084    
   10.7700005      -3.08207488    
   10.7800007      -2.85226130    
   10.7900009      -2.97550130    
   10.8000011      -2.92078733    
   10.8100004      -3.08490777    
   10.8200006      -3.12302208    
   10.8300009      -2.74186039    
   10.8400011      -2.69559526    
   10.8500004      -3.08445096    
   10.8600006      -2.80031395    
   10.8700008      -2.86848307    
   10.8800011      -3.19881010    
   10.8900003      -3.64032745    
   10.9000006      -3.51413631    
   10.9100008      -3.41325212    
   10.9200010      -3.54788804    
   10.9300003      -3.87153387    
   10.9400005      -4.04201555    
   10.9500008      -3.61528635    
   10.9600010      -3.17549443    
   10.9700012      -3.11760259    
   10.9800005      -2.58522701    
   10.9900007      -2.45843720    
   11.0000010      -2.70203400    
   11.0100012      -2.57926464    
   11.0200005      -2.50129390    
   11.0300007      -2.60178113    
   11.0400009      -2.37365317    
   11.0500011      -2.59070826    
   11.0600004      -2.50566268    
   11.0700006      -2.39442968    
   11.0800009      -2.44428706    
   11.0900011      -2.60379887    
   11.1000004      -2.57900596    
   11.1100006      -2.56662798    
   11.1200008      -2.44033337    
   11.1300011      -3.06815624    
   11.1400003      -2.74346328    
   11.1500006      -2.68282533    
   11.1600008      -2.60258365    
   11.1700010      -2.99255872    
   11.1800013      -3.24348927    
   11.1900005      -3.12206483    
   11.2000008      -3.20531797    
   11.2100010      -3.22628260    
   11.2200012      -2.69605756    
   11.2300005      -3.15760112    
   11.2400007      -2.55681276    
   11.2500010      -2.44323230    
   11.2600012      -2.76935482    
   11.2700005      -2.86397672    
   11.2800007      -2.63823891    
   11.2900009      -2.87566662    
   11.3000011      -2.67448473    
   11.3100004      -3.03706026    
   11.3200006      -2.86744046    
   11.3300009      -3.08667660    
   11.3400011      -2.86474538    
   11.3500004      -2.91282344    
   11.3600006      -3.49430561    
   11.3700008      -3.43043566    
   11.3800011      -3.40121627    
   11.3900003      -3.08828473    
   11.4000006      -3.39350510    
   11.4100008      -3.29379368    
   11.4200010      -2.65942407    
   11.4300013      -2.68398428    
   11.4400005      -2.92768192    
   11.4500008      -2.98431611    
   11.4600010      -3.32930493    
   11.4700012      -2.98337722    
   11.4800005      -2.85364127    
   11.4900007      -2.68717575    
   11.5000010      -2.92502379    
   11.5100012      -2.80036044    
   11.5200005      -3.15635705    
   11.5300007      -5.33164740    
   11.5400009                  NaN
   11.5500011      -3.99442554    
   11.5600004      -3.95248008    
   11.5700006      -3.21655250    
   11.5800009      -3.26166677    
   11.5900011      -3.09483814    
   11.6000004      -3.47853589    
   11.6100006      -4.10182667    
   11.6200008      -3.34168839    
   11.6300011      -3.01814294    
   11.6400013      -2.59839821    
   11.6500006      -2.40730333    
   11.6600008      -2.29417872    
   11.6700010      -2.27437115    
   11.6800013      -2.34073591    
   11.6900005      -2.58604455    
   11.7000008      -2.89908767    
   11.7100010      -2.77125978    
   11.7200012      -2.55707812    
   11.7300005      -2.33690190    
   11.7400007      -2.58129096    
   11.7500010      -2.68515372    
   11.7600012      -2.85699463    
   11.7700005      -2.99692988    
   11.7800007      -2.98009181    
   11.7900009      -2.99311018    
   11.8000011      -2.76503038    
   11.8100004      -2.66010952    
   11.8200006      -2.80614662    
   11.8300009      -2.62974882    
   11.8400011      -2.86997914    
   11.8500004      -2.63505244    
   11.8600006      -2.65604210    
   11.8700008      -2.48690557    
   11.8800011      -2.57108498    
   11.8900013      -2.95137644    
   11.9000006      -2.74480820    
   11.9100008      -2.67365909    
   11.9200010      -2.63910151    
   11.9300013      -2.63966870    
   11.9400005      -2.64321065    
   11.9500008      -2.99945951    
   11.9600010      -2.97635865    
   11.9700012      -2.80972052    
   11.9800005      -2.88763452    
   11.9900007      -3.11142254    
   12.0000010      -2.91153669    
   12.0100012      -2.76158261    
   12.0200005      -2.94350243    
   12.0300007      -3.03962255    
   12.0400009      -2.79346323    
   12.0500011      -2.79771042    
   12.0600004      -2.60014987    
   12.0700006      -3.04071307    
   12.0800009      -3.09870458    
   12.0900011      -2.90565038    
   12.1000004      -2.76711583    
   12.1100006      -2.78876352    
   12.1200008      -3.29437876    
   12.1300011      -3.09088850    
   12.1400013      -3.11015773    
   12.1500006      -3.54576731    
   12.1600008      -3.84470272    
   12.1700010      -3.92907834    
   12.1800013      -3.04117727    
   12.1900005      -3.44615626    
   12.2000008      -3.29408097    
   12.2100010      -3.83062267    
   12.2200012      -3.39608502    
   12.2300005      -3.04676700    
   12.2400007      -3.65820575    
   12.2500010      -3.04748321    
   12.2600012      -2.74821234    
   12.2700005      -2.80444002    
   12.2800007      -2.85672569    
   12.2900009      -3.18246818    
   12.3000011      -2.80675817    
   12.3100004      -3.32563448    
   12.3200006      -2.95013094    
   12.3300009      -3.16586804    
   12.3400011      -3.22452545    
   12.3500013      -2.78264022    
   12.3600006      -3.19420505    
   12.3700008      -4.68389654    
   12.3800011      -4.13886452    
   12.3900013      -3.44797063    
   12.4000006      -3.15474176    
   12.4100008      -3.06320143    
   12.4200010      -4.01070309    
   12.4300013      -3.77148342    
   12.4400005      -3.30243206    
   12.4500008      -4.01419497    
   12.4600010      -3.83571482    
   12.4700012      -4.14347076    
   12.4800005      -2.91180873    
   12.4900007      -3.15171647    
   12.5000010      -4.43294048    
   12.5100012      -3.61928415    
   12.5200005      -4.91588020    
   12.5300007      -3.23642087    
   12.5400009      -4.11759996    
   12.5500011      -3.92913985    
   12.5600004      -3.43287182    
   12.5700006      -3.04538536    
   12.5800009      -2.60403681    
   12.5900011      -2.94161963    
   12.6000013      -2.74528384    
   12.6100006      -2.61364651    
   12.6200008      -3.18998671    
   12.6300011      -2.46470857    
   12.6400013      -2.57184935    
   12.6500006      -2.28026915    
   12.6600008      -2.48268390    
   12.6700010      -2.70910788    
   12.6800013      -3.93048191    
   12.6900005      -3.68597841    
   12.7000008      -3.16717339    
   12.7100010      -3.43882561    
   12.7200012      -3.47683907    
   12.7300005      -3.14715981    
   12.7400007      -5.30315971    
   12.7500010                  NaN
   12.7600012                  NaN
   12.7700005      -3.87689304    
   12.7800007      -3.12382221    
   12.7900009      -2.66115427    
   12.8000011      -2.75753093    
   12.8100014      -2.88062882    
   12.8200006      -2.65685987    
   12.8300009      -2.79113793    
   12.8400011      -2.71082449    
   12.8500013      -2.55831432    
   12.8600006      -2.52122974    
   12.8700008      -3.04440546    
   12.8800011      -3.96249771    
   12.8900013      -4.38789272    
   12.9000006      -3.39797616    
   12.9100008      -3.16632628    
   12.9200010      -3.37275457    
   12.9300013      -3.59566975    
   12.9400005      -3.75147796    
   12.9500008      -3.52859282    
   12.9600010                  NaN
   12.9700012                  NaN
   12.9800005      -3.32845831    
   12.9900007      -3.27944207    
   13.0000010      -3.52630043    
   13.0100012                  NaN
   13.0200005                  NaN
   13.0300007      -5.28454256    
   13.0400009      -4.84891510    
   13.0500011      -3.48344755    
   13.0600014      -3.23491335    
   13.0700006      -2.74432802    
   13.0800009      -2.63656902    
   13.0900011      -3.12701106    
   13.1000013      -2.51657724    
   13.1100006      -2.31133366    
   13.1200008      -2.36091876    
   13.1300011      -2.19794536    
   13.1400013      -2.25948381    
   13.1500006      -2.46266103    
   13.1600008      -2.26522112    
   13.1700010      -2.62627912    
   13.1800013      -2.62162042    
   13.1900005      -2.57186580    
   13.2000008      -2.45062637    
   13.2100010      -2.67146540    
   13.2200012      -2.60928130    
   13.2300005      -2.50436997    
   13.2400007      -2.53070760    
   13.2500010      -2.73338270    
   13.2600012      -2.65106130    
   13.2700014      -2.76703024    
   13.2800007      -2.40787268    
   13.2900009      -2.44469213    
   13.3000011      -2.40148425    
   13.3100014      -2.39888740    
   13.3200006      -2.36796618    
   13.3300009      -2.70994186    
   13.3400011      -2.67948103    
   13.3500013      -2.76830888    
   13.3600006      -2.66609836    
   13.3700008      -2.55467272    
   13.3800011      -2.84445333    
   13.3900013      -3.40523458    
   13.4000006      -3.47192788    
   13.4100008      -3.37847877    
   13.4200010      -4.62065029    
   13.4300013      -5.47080755    
   13.4400005      -3.60649657    
   13.4500008      -3.82164860    
   13.4600010      -4.22461414    
   13.4700012      -5.19041920    
   13.4800005      -6.59133244    
   13.4900007      -3.72229385    
   13.5000010      -4.17273903    
   13.5100012      -3.75327444    
   13.5200014      -3.51671529    
   13.5300007      -2.99403930    
   13.5400009      -3.06298089    
   13.5500011      -3.34751558    
   13.5600014      -3.08578396    
   13.5700006      -2.96916652    
   13.5800009      -2.88067031    
   13.5900011      -2.76846719    
   13.6000013      -2.77381730    
   13.6100006      -2.96087456    
   13.6200008      -3.22219825    
   13.6300011      -3.10645938    
   13.6400013      -3.38573003    
   13.6500006      -3.79578638    
   13.6600008                  NaN
   13.6700010      -4.04144907    
   13.6800013      -4.73839378    
   13.6900005      -6.48047543    
   13.7000008                  NaN
   13.7100010      -5.53403139    
   13.7200012      -3.98457527    
   13.7300005      -3.95641637    
   13.7400007      -7.27610493    
   13.7500010      -4.34732676    
   13.7600012      -3.28802133    
   13.7700014      -3.12051463    
   13.7800007      -3.40569854    
   13.7900009      -3.21191978    
   13.8000011      -3.48919392    
   13.8100014      -3.39974308    
   13.8200006      -3.88216162    
   13.8300009      -2.97320867    
   13.8400011      -3.64338899    
   13.8500013      -2.44516587    
   13.8600006      -2.59321618    
   13.8700008      -3.04852343    
   13.8800011      -3.01162028    
   13.8900013      -3.35544252    
   13.9000006      -2.97258234    
   13.9100008      -2.74006343    
   13.9200010      -2.61053038    
   13.9300013      -2.90153670    
   13.9400005      -3.05059624    
   13.9500008      -2.60693574    
   13.9600010      -4.44923162    
   13.9700012      -3.92650914    
   13.9800014      -3.11738467    
   13.9900007      -3.14418173    
   14.0000010      -3.52001333    
   14.0100012      -5.42579460    
   14.0200014      -4.72704983    
   14.0300007                  NaN
   14.0400009      -3.62489724    
   14.0500011      -5.13588190    
   14.0600014      -3.65621543    
   14.0700006      -4.14498854    
   14.0800009      -4.13554144    
   14.0900011      -3.56952858    
   14.1000013      -3.25513482    
   14.1100006      -2.86913800    
   14.1200008      -2.55636239    
   14.1300011      -2.77062631    
   14.1400013      -2.83570313    
   14.1500006      -3.89215732    
   14.1600008      -4.39731264    
   14.1700010      -4.26931810    
   14.1800013      -3.28115797    
   14.1900005      -3.53831100    
   14.2000008      -3.92229700    
   14.2100010                  NaN
   14.2200012      -4.37830973    
   14.2300014                  NaN
   14.2400007                  NaN
   14.2500010                  NaN
   14.2600012                  NaN
   14.2700014      -4.21632290    
   14.2800007      -3.79450798    
   14.2900009      -10.8567553    
   14.3000011      -4.61303759    
   14.3100014                  NaN
   14.3200006      -3.18582487    
   14.3300009      -3.92772746    
   14.3400011      -3.43501997    
   14.3500013      -2.72068906    
   14.3600006      -2.70606852    
   14.3700008      -2.95565104    
   14.3800011      -3.14379287    
   14.3900013      -3.99320555    
   14.4000006      -2.94964266    
   14.4100008      -3.10178781    
   14.4200010      -2.82867026    
   14.4300013      -2.73469043    
   14.4400015      -2.63911009    
   14.4500008      -2.57569337    
   14.4600010      -3.04325199    
   14.4700012      -2.93620849    
   14.4800014      -2.42855787    
   14.4900007      -2.50337911    
   14.5000010      -2.52596688    
   14.5100012      -2.53979945    
   14.5200014      -2.31082845    
   14.5300007      -2.53581738    
   14.5400009      -2.71195245    
   14.5500011      -2.69372201    
   14.5600014      -2.89261055    
   14.5700006      -2.69053030    
   14.5800009      -2.74083829    
   14.5900011      -2.93875861    
   14.6000013      -2.56445551    
   14.6100006      -2.59951329    
   14.6200008      -2.99759889    
   14.6300011      -2.84924173    
   14.6400013      -2.89084101    
   14.6500006      -3.06324291    
   14.6600008      -3.03637862    
   14.6700010      -2.85343695    
   14.6800013      -3.86923528    
   14.6900015      -4.02931452    
   14.7000008      -4.15929317    
   14.7100010      -3.65834117    
   14.7200012      -2.94787979    
   14.7300014      -2.53203464    
   14.7400007      -3.25214481    
   14.7500010      -3.02542114    
   14.7600012      -2.93293595    
   14.7700014      -2.84660316    
   14.7800007      -2.49618697    
   14.7900009      -2.09782982    
   14.8000011      -2.06758118    
   14.8100014      -2.10458231    
   14.8200006      -2.60865402    
   14.8300009      -2.42840528    
   14.8400011      -2.71945000    
   14.8500013      -2.48494315    
   14.8600006      -2.33567905    
   14.8700008      -2.44083428    
   14.8800011      -2.86475492    
   14.8900013      -3.18648744    
   14.9000015      -4.12975550    
   14.9100008      -3.63560820    
   14.9200010      -3.68290472    
   14.9300013      -3.45049000    
   14.9400015      -3.69041443    
   14.9500008      -3.13028216    
   14.9600010      -3.43452883    
   14.9700012      -3.50033402    
   14.9800014      -3.28600764    
   14.9900007      -2.78042722    
   15.0000010      -2.57263136    
   15.0100012      -2.79174399    
   15.0200014      -2.82893991    
   15.0300007      -2.67101049    
   15.0400009      -2.25407124    
   15.0500011      -2.54186273    
   15.0600014      -2.66378784    
   15.0700006      -2.61918378    
   15.0800009      -2.89092469    
   15.0900011      -3.10188365    
   15.1000013      -3.06234026    
   15.1100006      -3.74041867    
   15.1200008      -3.08539772    
   15.1300011      -3.11901689    
   15.1400013      -2.86008501    
   15.1500015      -3.42269015    
   15.1600008      -3.20276761    
   15.1700010      -3.87568712    
   15.1800013      -3.74455976    
   15.1900015      -3.37928534    
   15.2000008      -2.81231189    
   15.2100010      -2.69640255    
   15.2200012      -3.58627295    
   15.2300014      -4.08620596    
   15.2400007      -3.19133091    
   15.2500010      -4.05392694    
   15.2600012      -3.10440898    
   15.2700014      -3.72138500    
   15.2800007      -3.38869882    
   15.2900009      -3.43965268    
   15.3000011      -2.89200377    
   15.3100014      -3.69100523    
   15.3200006      -3.74607110    
   15.3300009      -2.83006477    
   15.3400011      -2.54059696    
   15.3500013      -2.53723049    
   15.3600006      -2.47407079    
   15.3700008      -2.29860997    
   15.3800011      -2.38727713    
   15.3900013      -2.24583697    
   15.4000015      -1.96842325    
   15.4100008      -2.24371552    
   15.4200010      -2.11319399    
   15.4300013      -2.17031837    
   15.4400015      -2.03014946    
   15.4500008      -2.24122715    
   15.4600010      -2.59637642    
   15.4700012      -2.61377168    
   15.4800014      -3.28538322    
   15.4900007      -2.89341736    
   15.5000010      -3.13440394    
   15.5100012      -4.50634718    
   15.5200014      -4.22858286    
   15.5300007      -7.27583218    
   15.5400009                  NaN
   15.5500011      -7.17854500    
   15.5600014      -4.39598942    
   15.5700006      -4.05748940    
   15.5800009      -3.66708446    
   15.5900011      -3.30979872    
   15.6000013      -2.94438791    
   15.6100016      -2.99879313    
   15.6200008      -3.52122879    
   15.6300011      -3.21338701    
   15.6400013      -4.26637793    
   15.6500015      -5.79760742    
   15.6600008                  NaN
   15.6700010      -6.45719910    
   15.6800013                  NaN
   15.6900015                  NaN
   15.7000008                  NaN
   15.7100010                  NaN
   15.7200012                  NaN
   15.7300014                  NaN
   15.7400007                  NaN
   15.7500010      -4.39699459    
   15.7600012      -5.62615585    
   15.7700014      -4.24678516    
   15.7800007      -3.37722039    
   15.7900009      -3.36467218    
   15.8000011      -3.55405545    
   15.8100014      -2.90366316    
   15.8200006      -2.88266134    
   15.8300009      -2.60865164    
   15.8400011      -2.51713634    
   15.8500013      -2.88041687    
   15.8600016      -2.96658826    
   15.8700008      -2.72829390    
   15.8800011      -3.04425931    
   15.8900013      -3.40886116    
   15.9000015      -3.64475656    
   15.9100008      -3.36142206    
   15.9200010      -4.21995258    
   15.9300013      -3.54534149    
   15.9400015      -5.10132504    
   15.9500008      -10.2153711    
   15.9600010      -3.31751442    
   15.9700012      -3.01720715    
   15.9800014      -2.70936203    
   15.9900007      -2.85613465    
