   0.00000000            -Infinity
   1.00000007E-02  -2.51130867    
   2.00000014E-02  -2.13757396    
   3.00000012E-02  -1.98005021    
   4.00000028E-02  -1.91828310    
   5.00000045E-02  -1.87595701    
   6.00000024E-02  -1.85117412    
   7.00000077E-02  -1.81757283    
   8.00000057E-02  -1.78659689    
   9.00000036E-02  -1.74857247    
  0.100000009      -1.72042608    
  0.110000007      -1.68827379    
  0.120000005      -1.67062521    
  0.130000010      -1.65613079    
  0.140000015      -1.64682424    
  0.150000006      -1.63303816    
  0.160000011      -1.62191904    
  0.170000017      -1.60646904    
  0.180000007      -1.59556377    
  0.190000013      -1.58128548    
  0.200000018      -1.57078469    
  0.210000008      -1.56321609    
  0.220000014      -1.55564451    
  0.230000019      -1.54755199    
  0.240000010      -1.53972280    
  0.250000030      -1.53092575    
  0.260000020      -1.52017784    
  0.270000011      -1.51038218    
  0.280000031      -1.50369704    
  0.290000021      -1.49685311    
  0.300000012      -1.48847878    
  0.310000032      -1.47832108    
  0.320000023      -1.47022712    
  0.330000013      -1.46736431    
  0.340000033      -1.46297395    
  0.350000024      -1.45964646    
  0.360000014      -1.44954872    
  0.370000035      -1.44625676    
  0.380000025      -1.43781614    
  0.390000015      -1.43436587    
  0.400000036      -1.43097031    
  0.410000026      -1.42813957    
  0.420000017      -1.42203474    
  0.430000037      -1.41940546    
  0.440000027      -1.41568029    
  0.450000018      -1.41077542    
  0.460000038      -1.40511799    
  0.470000029      -1.40039051    
  0.480000019      -1.39505136    
  0.490000039      -1.39098907    
  0.500000060      -1.38760948    
  0.510000050      -1.38388216    
  0.520000041      -1.38305593    
  0.530000031      -1.37774110    
  0.540000021      -1.37302196    
  0.550000012      -1.37074351    
  0.560000062      -1.36802709    
  0.570000052      -1.36672127    
  0.580000043      -1.36541486    
  0.590000033      -1.36161184    
  0.600000024      -1.35559428    
  0.610000014      -1.35164511    
  0.620000064      -1.34926665    
  0.630000055      -1.34598148    
  0.640000045      -1.34175825    
  0.650000036      -1.33896327    
  0.660000026      -1.33698845    
  0.670000076      -1.33343184    
  0.680000067      -1.32984197    
  0.690000057      -1.32753623    
  0.700000048      -1.32582772    
  0.710000038      -1.32267892    
  0.720000029      -1.31848121    
  0.730000079      -1.31442285    
  0.740000069      -1.30949712    
  0.750000060      -1.30425656    
  0.760000050      -1.30227804    
  0.770000041      -1.29847634    
  0.780000031      -1.29841232    
  0.790000081      -1.29797530    
  0.800000072      -1.29413915    
  0.810000062      -1.29006672    
  0.820000052      -1.28600657    
  0.830000043      -1.28253126    
  0.840000033      -1.28033257    
  0.850000083      -1.27662575    
  0.860000074      -1.27467775    
  0.870000064      -1.26980984    
  0.880000055      -1.26572752    
  0.890000045      -1.26133549    
  0.900000036      -1.25643682    
  0.910000086      -1.25451303    
  0.920000076      -1.25091398    
  0.930000067      -1.24772179    
  0.940000057      -1.24731755    
  0.950000048      -1.24440920    
  0.960000038      -1.24435997    
  0.970000088      -1.24137759    
  0.980000079      -1.23895252    
  0.990000069      -1.23597932    
   1.00000012      -1.23375940    
   1.01000011      -1.23319387    
   1.02000010      -1.23337567    
   1.03000009      -1.23280811    
   1.04000008      -1.22921550    
   1.05000007      -1.22512102    
   1.06000006      -1.22181940    
   1.07000005      -1.21903050    
   1.08000004      -1.21745288    
   1.09000003      -1.21540785    
   1.10000002      -1.21305597    
   1.11000013      -1.21008885    
   1.12000012      -1.20554698    
   1.13000011      -1.20378566    
   1.14000010      -1.20237088    
   1.15000010      -1.20049727    
   1.16000009      -1.19850898    
   1.17000008      -1.19816947    
   1.18000007      -1.19694936    
   1.19000006      -1.19282460    
   1.20000005      -1.18981445    
   1.21000004      -1.18905497    
   1.22000003      -1.18707740    
   1.23000014      -1.18445694    
   1.24000013      -1.18199062    
   1.25000012      -1.17919087    
   1.26000011      -1.17839253    
   1.27000010      -1.17585993    
   1.28000009      -1.17250431    
   1.29000008      -1.17242110    
   1.30000007      -1.17049646    
   1.31000006      -1.16744971    
   1.32000005      -1.16347587    
   1.33000004      -1.16055441    
   1.34000015      -1.15741611    
   1.35000014      -1.15424895    
   1.36000013      -1.15326726    
   1.37000012      -1.15165806    
   1.38000011      -1.14942217    
   1.39000010      -1.14630425    
   1.40000010      -1.14396310    
   1.41000009      -1.14206827    
   1.42000008      -1.13826871    
   1.43000007      -1.13626814    
   1.44000006      -1.13587475    
   1.45000005      -1.13497126    
   1.46000016      -1.13231623    
   1.47000015      -1.12752199    
   1.48000014      -1.12488031    
   1.49000013      -1.12579024    
   1.50000012      -1.12390769    
   1.51000011      -1.12300527    
   1.52000010      -1.12192190    
   1.53000009      -1.12007868    
   1.54000008      -1.11870611    
   1.55000007      -1.11639690    
   1.56000006      -1.11293936    
   1.57000005      -1.11228871    
   1.58000016      -1.11235714    
   1.59000015      -1.10976648    
   1.60000014      -1.10936725    
   1.61000013      -1.10717416    
   1.62000012      -1.10652375    
   1.63000011      -1.10511899    
   1.64000010      -1.10468233    
   1.65000010      -1.10281384    
   1.66000009      -1.09984112    
   1.67000008      -1.09641147    
   1.68000007      -1.09494138    
   1.69000018      -1.09290409    
   1.70000017      -1.09111607    
   1.71000016      -1.09280491    
   1.72000015      -1.09190285    
   1.73000014      -1.09014928    
   1.74000013      -1.08811498    
   1.75000012      -1.08678782    
   1.76000011      -1.08369589    
   1.77000010      -1.08247769    
   1.78000009      -1.08090603    
   1.79000008      -1.07912529    
   1.80000007      -1.07797897    
   1.81000018      -1.07549715    
   1.82000017      -1.07361424    
   1.83000016      -1.07204890    
   1.84000015      -1.06995940    
   1.85000014      -1.07182300    
   1.86000013      -1.07085204    
   1.87000012      -1.06628036    
   1.88000011      -1.06398606    
   1.89000010      -1.06280792    
   1.90000010      -1.05985594    
   1.91000009      -1.05819297    
   1.92000008      -1.05757070    
   1.93000019      -1.05535412    
   1.94000018      -1.05518186    
   1.95000017      -1.05155003    
   1.96000016      -1.05065000    
   1.97000015      -1.04820013    
   1.98000014      -1.04692197    
   1.99000013      -1.04481959    
   2.00000024      -1.04275239    
   2.01000023      -1.04175091    
   2.02000022      -1.03889883    
   2.03000021      -1.03543699    
   2.04000020      -1.03470993    
   2.05000019      -1.03231311    
   2.06000018      -1.03025901    
   2.07000017      -1.02956402    
   2.08000016      -1.02914274    
   2.09000015      -1.02630842    
   2.10000014      -1.02256548    
   2.11000013      -1.02268410    
   2.12000012      -1.02161765    
   2.13000011      -1.01977217    
   2.14000010      -1.01917958    
   2.15000010      -1.01868641    
   2.16000009      -1.01772070    
   2.17000008      -1.01517034    
   2.18000007      -1.01312733    
   2.19000006      -1.01064885    
   2.20000005      -1.00921476    
   2.21000004      -1.00741184    
   2.22000027      -1.00725055    
   2.23000026      -1.00424480    
   2.24000025      -1.00090933    
   2.25000024     -0.999812424    
   2.26000023     -0.999048948    
   2.27000022     -0.999685645    
   2.28000021     -0.998721242    
   2.29000020     -0.995924413    
   2.30000019     -0.994494319    
   2.31000018     -0.993230164    
   2.32000017     -0.990805745    
   2.33000016     -0.988781631    
   2.34000015     -0.987055957    
   2.35000014     -0.986655891    
   2.36000013     -0.986089408    
   2.37000012     -0.987011850    
   2.38000011     -0.984227061    
   2.39000010     -0.983130097    
   2.40000010     -0.981570959    
   2.41000009     -0.979947388    
   2.42000008     -0.979741454    
   2.43000007     -0.977754414    
   2.44000006     -0.977778256    
   2.45000029     -0.977077127    
   2.46000028     -0.975748897    
   2.47000027     -0.975607157    
   2.48000026     -0.974508524    
   2.49000025     -0.975025952    
   2.50000024     -0.975213468    
   2.51000023     -0.974245191    
   2.52000022     -0.973838508    
   2.53000021     -0.972310305    
   2.54000020     -0.968743861    
   2.55000019     -0.967973113    
   2.56000018     -0.967794478    
   2.57000017     -0.968173921    
   2.58000016     -0.968718946    
   2.59000015     -0.967881560    
   2.60000014     -0.965563774    
   2.61000013     -0.965843916    
   2.62000012     -0.965334535    
   2.63000011     -0.964692771    
   2.64000010     -0.963065803    
   2.65000010     -0.961110234    
   2.66000009     -0.959549487    
   2.67000008     -0.959890604    
   2.68000031     -0.959510386    
   2.69000030     -0.958571613    
   2.70000029     -0.957633853    
   2.71000028     -0.956957102    
   2.72000027     -0.955197990    
   2.73000026     -0.953310251    
   2.74000025     -0.952730060    
   2.75000024     -0.953035235    
   2.76000023     -0.952389956    
   2.77000022     -0.951973081    
   2.78000021     -0.950770557    
   2.79000020     -0.948652685    
   2.80000019     -0.946472049    
   2.81000018     -0.945498526    
   2.82000017     -0.944819927    
   2.83000016     -0.943422675    
   2.84000015     -0.941407561    
   2.85000014     -0.939621806    
   2.86000013     -0.937414944    
   2.87000012     -0.935988784    
   2.88000011     -0.935827076    
   2.89000010     -0.936117887    
   2.90000010     -0.934852421    
   2.91000032     -0.933229864    
   2.92000031     -0.932708919    
   2.93000031     -0.932609856    
   2.94000030     -0.931634426    
   2.95000029     -0.932053208    
   2.96000028     -0.930559397    
   2.97000027     -0.930555403    
   2.98000026     -0.929449797    
   2.99000025     -0.927501976    
   3.00000024     -0.927010596    
   3.01000023     -0.927296281    
   3.02000022     -0.926026821    
   3.03000021     -0.923756421    
   3.04000020     -0.923070371    
   3.05000019     -0.922965169    
   3.06000018     -0.921599150    
   3.07000017     -0.920718551    
   3.08000016     -0.920579970    
   3.09000015     -0.918922961    
   3.10000014     -0.917492747    
   3.11000013     -0.914967597    
   3.12000012     -0.914085150    
   3.13000011     -0.914264858    
   3.14000010     -0.915638626    
   3.15000033     -0.914206862    
   3.16000032     -0.913194537    
   3.17000031     -0.912987232    
   3.18000031     -0.912135184    
   3.19000030     -0.910702348    
   3.20000029     -0.909206450    
   3.21000028     -0.907613754    
   3.22000027     -0.907371640    
   3.23000026     -0.908384800    
   3.24000025     -0.909076571    
   3.25000024     -0.906483471    
   3.26000023     -0.904760480    
   3.27000022     -0.902395785    
   3.28000021     -0.901765883    
   3.29000020     -0.902194142    
   3.30000019     -0.902142167    
   3.31000018     -0.901736259    
   3.32000017     -0.900269032    
   3.33000016     -0.898546457    
   3.34000015     -0.897561371    
   3.35000014     -0.897602260    
   3.36000013     -0.895623565    
   3.37000012     -0.894028723    
   3.38000035     -0.893907726    
   3.39000034     -0.893530071    
   3.40000033     -0.892928064    
   3.41000032     -0.891716838    
   3.42000031     -0.889578462    
   3.43000031     -0.888495147    
   3.44000030     -0.889010489    
   3.45000029     -0.889142692    
   3.46000028     -0.888570130    
   3.47000027     -0.886846125    
   3.48000026     -0.886752546    
   3.49000025     -0.884452760    
   3.50000024     -0.883781254    
   3.51000023     -0.884391010    
   3.52000022     -0.884584069    
   3.53000021     -0.883209407    
   3.54000020     -0.881962895    
   3.55000019     -0.881642699    
   3.56000018     -0.880427480    
   3.57000017     -0.880906165    
   3.58000016     -0.881224334    
   3.59000015     -0.881288052    
   3.60000014     -0.880518436    
   3.61000037     -0.878948152    
   3.62000036     -0.878562152    
   3.63000035     -0.878302991    
   3.64000034     -0.876572013    
   3.65000033     -0.876248598    
   3.66000032     -0.874549806    
   3.67000031     -0.874641240    
   3.68000031     -0.873899698    
   3.69000030     -0.872456729    
   3.70000029     -0.869992197    
   3.71000028     -0.869537592    
   3.72000027     -0.868828416    
   3.73000026     -0.870641172    
   3.74000025     -0.870345116    
   3.75000024     -0.869985342    
   3.76000023     -0.868378758    
   3.77000022     -0.867955089    
   3.78000021     -0.868362069    
   3.79000020     -0.868545234    
   3.80000019     -0.868184209    
   3.81000018     -0.866990209    
   3.82000017     -0.866661370    
   3.83000016     -0.864443243    
   3.84000015     -0.864048004    
   3.85000038     -0.863237023    
   3.86000037     -0.863032937    
   3.87000036     -0.862606168    
   3.88000035     -0.861091077    
   3.89000034     -0.860853434    
   3.90000033     -0.860360384    
   3.91000032     -0.857599437    
   3.92000031     -0.856339753    
   3.93000031     -0.855270386    
   3.94000030     -0.854393899    
   3.95000029     -0.853165865    
   3.96000028     -0.852478862    
   3.97000027     -0.853257358    
   3.98000026     -0.852314115    
   3.99000025     -0.851912975    
   4.00000048     -0.851958096    
   4.01000023     -0.851747215    
   4.02000046     -0.849846423    
   4.03000021     -0.848136723    
   4.04000044     -0.846809745    
   4.05000019     -0.846756577    
   4.06000042     -0.845906317    
   4.07000017     -0.846265852    
   4.08000040     -0.845351398    
   4.09000015     -0.843576968    
   4.10000038     -0.843171179    
   4.11000013     -0.842796326    
   4.12000036     -0.841721833    
   4.13000011     -0.842110574    
   4.14000034     -0.840716064    
   4.15000010     -0.840084970    
   4.16000032     -0.840058208    
   4.17000008     -0.838250160    
   4.18000031     -0.838254094    
   4.19000053     -0.837080896    
   4.20000029     -0.835716546    
   4.21000051     -0.834893942    
   4.22000027     -0.833276033    
   4.23000050     -0.832672954    
   4.24000025     -0.832388461    
   4.25000048     -0.832356513    
   4.26000023     -0.831626713    
   4.27000046     -0.828831851    
   4.28000021     -0.827466965    
   4.29000044     -0.827782333    
   4.30000019     -0.826891124    
   4.31000042     -0.827237904    
   4.32000017     -0.827362537    
   4.33000040     -0.826248229    
   4.34000015     -0.825037539    
   4.35000038     -0.823543549    
   4.36000013     -0.823126614    
   4.37000036     -0.823184490    
   4.38000011     -0.822512686    
   4.39000034     -0.821744919    
   4.40000010     -0.821644008    
   4.41000032     -0.821320355    
   4.42000008     -0.819789529    
   4.43000031     -0.819687307    
   4.44000053     -0.818822026    
   4.45000029     -0.818211973    
   4.46000051     -0.817060590    
   4.47000027     -0.817114532    
   4.48000050     -0.817391276    
   4.49000025     -0.817541897    
   4.50000048     -0.816609681    
   4.51000023     -0.815330029    
   4.52000046     -0.814176321    
   4.53000021     -0.813497007    
   4.54000044     -0.812470317    
   4.55000019     -0.812585175    
   4.56000042     -0.812350214    
   4.57000017     -0.811829150    
   4.58000040     -0.810356498    
   4.59000015     -0.808596730    
   4.60000038     -0.807883084    
   4.61000013     -0.807202995    
   4.62000036     -0.807472050    
   4.63000011     -0.806790590    
   4.64000034     -0.807091892    
   4.65000010     -0.807108760    
   4.66000032     -0.805980206    
   4.67000055     -0.805106223    
   4.68000031     -0.805343568    
   4.69000053     -0.805708051    
   4.70000029     -0.804005325    
   4.71000051     -0.803351641    
   4.72000027     -0.802283466    
   4.73000050     -0.802169323    
   4.74000025     -0.801864028    
   4.75000048     -0.802672565    
   4.76000023     -0.802654743    
   4.77000046     -0.802669108    
   4.78000021     -0.802362800    
   4.79000044     -0.801258624    
   4.80000019     -0.801079273    
   4.81000042     -0.799304783    
   4.82000017     -0.799028575    
   4.83000040     -0.799582422    
   4.84000015     -0.799369931    
   4.85000038     -0.797816932    
   4.86000013     -0.796805263    
   4.87000036     -0.796686411    
   4.88000011     -0.796311915    
   4.89000034     -0.795683205    
   4.90000057     -0.794160366    
   4.91000032     -0.794518888    
   4.92000055     -0.793632448    
   4.93000031     -0.791469157    
   4.94000053     -0.790996671    
   4.95000029     -0.790205657    
   4.96000051     -0.788743854    
   4.97000027     -0.789321542    
   4.98000050     -0.788369596    
   4.99000025     -0.787767351    
   5.00000048     -0.788025618    
   5.01000023     -0.788380206    
   5.02000046     -0.789151847    
   5.03000021     -0.788677454    
   5.04000044     -0.787784517    
   5.05000019     -0.786699891    
   5.06000042     -0.786126316    
   5.07000017     -0.785617590    
   5.08000040     -0.784818828    
   5.09000015     -0.783253491    
   5.10000038     -0.782294691    
   5.11000013     -0.781431675    
   5.12000036     -0.780983150    
   5.13000059     -0.780439436    
   5.14000034     -0.780149817    
   5.15000057     -0.780661345    
   5.16000032     -0.781749070    
   5.17000055     -0.781106830    
   5.18000031     -0.780239582    
   5.19000053     -0.779726088    
   5.20000029     -0.778826177    
   5.21000051     -0.777284563    
   5.22000027     -0.776960135    
   5.23000050     -0.777693868    
   5.24000025     -0.776343942    
   5.25000048     -0.776467741    
   5.26000023     -0.775147796    
   5.27000046     -0.774918199    
   5.28000021     -0.773629963    
   5.29000044     -0.772502244    
   5.30000019     -0.771853983    
   5.31000042     -0.770435810    
   5.32000017     -0.768698931    
   5.33000040     -0.766834438    
   5.34000015     -0.767399311    
   5.35000038     -0.766524732    
   5.36000061     -0.765970170    
   5.37000036     -0.765991032    
   5.38000059     -0.765627265    
   5.39000034     -0.764846742    
   5.40000057     -0.764194489    
   5.41000032     -0.763284743    
   5.42000055     -0.763367712    
   5.43000031     -0.762329161    
   5.44000053     -0.761899889    
   5.45000029     -0.760443866    
   5.46000051     -0.760428488    
   5.47000027     -0.759067953    
   5.48000050     -0.758860469    
   5.49000025     -0.758234799    
   5.50000048     -0.757769883    
   5.51000023     -0.759260952    
   5.52000046     -0.759052873    
   5.53000021     -0.757686794    
   5.54000044     -0.756385982    
   5.55000019     -0.755629957    
   5.56000042     -0.754489124    
   5.57000017     -0.754982471    
   5.58000040     -0.754803181    
   5.59000063     -0.753820896    
   5.60000038     -0.752196372    
   5.61000061     -0.750923693    
   5.62000036     -0.749427676    
   5.63000059     -0.748860240    
   5.64000034     -0.749125600    
   5.65000057     -0.748718262    
   5.66000032     -0.747892201    
   5.67000055     -0.747996926    
   5.68000031     -0.746079981    
   5.69000053     -0.745188773    
   5.70000029     -0.745131016    
   5.71000051     -0.745779455    
   5.72000027     -0.743090093    
   5.73000050     -0.742325842    
   5.74000025     -0.742169678    
   5.75000048     -0.742366195    
   5.76000023     -0.741793215    
   5.77000046     -0.739614427    
   5.78000021     -0.738879681    
   5.79000044     -0.737438560    
   5.80000019     -0.736479044    
   5.81000042     -0.736255407    
   5.82000065     -0.735902488    
   5.83000040     -0.734972060    
   5.84000063     -0.733817875    
   5.85000038     -0.733175337    
   5.86000061     -0.733141541    
   5.87000036     -0.732017994    
   5.88000059     -0.730732799    
   5.89000034     -0.729000449    
   5.90000057     -0.727811158    
   5.91000032     -0.727262497    
   5.92000055     -0.725785017    
   5.93000031     -0.725522101    
   5.94000053     -0.724043787    
   5.95000029     -0.724643350    
   5.96000051     -0.723035634    
   5.97000027     -0.722419322    
   5.98000050     -0.722568870    
   5.99000025     -0.719874978    
   6.00000048     -0.717948318    
   6.01000023     -0.717456102    
   6.02000046     -0.716486514    
   6.03000021     -0.714878738    
   6.04000044     -0.713843524    
   6.05000019     -0.713094890    
   6.06000042     -0.712059796    
   6.07000065     -0.711660743    
   6.08000040     -0.709860504    
   6.09000063     -0.709078312    
   6.10000038     -0.708136916    
   6.11000061     -0.707734883    
   6.12000036     -0.706187844    
   6.13000059     -0.705277145    
   6.14000034     -0.704237223    
   6.15000057     -0.702848732    
   6.16000032     -0.702094436    
   6.17000055     -0.702102304    
   6.18000031     -0.701188624    
   6.19000053     -0.700432658    
   6.20000029     -0.699485600    
   6.21000051     -0.699905336    
   6.22000027     -0.699274838    
   6.23000050     -0.698104680    
   6.24000025     -0.696932733    
   6.25000048     -0.694967031    
   6.26000023     -0.695033431    
   6.27000046     -0.694368362    
   6.28000021     -0.693196118    
   6.29000044     -0.692879736    
   6.30000067     -0.693039179    
   6.31000042     -0.691609859    
   6.32000065     -0.690402329    
   6.33000040     -0.689544618    
   6.34000063     -0.689129829    
   6.35000038     -0.687921584    
   6.36000061     -0.687347591    
   6.37000036     -0.685599864    
   6.38000059     -0.686261117    
   6.39000034     -0.685051143    
   6.40000057     -0.683870792    
   6.41000032     -0.681677341    
   6.42000055     -0.681163490    
   6.43000031     -0.679793298    
   6.44000053     -0.679942906    
   6.45000029     -0.677842915    
   6.46000051     -0.677263618    
   6.47000027     -0.675795436    
   6.48000050     -0.675278425    
   6.49000025     -0.674254239    
   6.50000048     -0.673735380    
   6.51000023     -0.672013819    
   6.52000046     -0.670797348    
   6.53000069     -0.670214295    
   6.54000044     -0.669597685    
   6.55000067     -0.668917120    
   6.56000042     -0.669154286    
   6.57000065     -0.667777240    
   6.58000040     -0.667190850    
   6.59000063     -0.665465117    
   6.60000038     -0.664624333    
   6.61000061     -0.663404644    
   6.62000036     -0.663762629    
   6.63000059     -0.663236141    
   6.64000034     -0.662804723    
   6.65000057     -0.660886347    
   6.66000032     -0.659947693    
   6.67000055     -0.658597112    
   6.68000031     -0.658383846    
   6.69000053     -0.658896565    
   6.70000029     -0.659252942    
   6.71000051     -0.658374608    
   6.72000027     -0.656576693    
   6.73000050     -0.655539393    
   6.74000025     -0.655670524    
   6.75000048     -0.654505432    
   6.76000071     -0.652896345    
   6.77000046     -0.652678788    
   6.78000069     -0.653060913    
   6.79000044     -0.652684033    
   6.80000067     -0.651926696    
   6.81000042     -0.649839997    
   6.82000065     -0.648417473    
   6.83000040     -0.648544371    
   6.84000063     -0.647025585    
   6.85000038     -0.646929622    
   6.86000061     -0.645347357    
   6.87000036     -0.644996226    
   6.88000059     -0.644803464    
   6.89000034     -0.643155575    
   6.90000057     -0.642898560    
   6.91000032     -0.641913533    
   6.92000055     -0.641465485    
   6.93000031     -0.641871512    
   6.94000053     -0.639524460    
   6.95000029     -0.638378263    
   6.96000051     -0.638308406    
   6.97000027     -0.638426363    
   6.98000050     -0.638767362    
   6.99000072     -0.637427449    
   7.00000048     -0.636627734    
   7.01000071     -0.635383546    
   7.02000046     -0.634549439    
   7.03000069     -0.633621454    
   7.04000044     -0.633260965    
   7.05000067     -0.632014215    
   7.06000042     -0.630419850    
   7.07000065     -0.629425883    
   7.08000040     -0.628462017    
   7.09000063     -0.628004313    
   7.10000038     -0.627039433    
   7.11000061     -0.627022803    
   7.12000036     -0.626848161    
   7.13000059     -0.626229107    
   7.14000034     -0.624028981    
   7.15000057     -0.623852313    
   7.16000032     -0.624274969    
   7.17000055     -0.624097586    
   7.18000031     -0.622494578    
   7.19000053     -0.621935904    
   7.20000029     -0.621313393    
   7.21000051     -0.620721340    
   7.22000074     -0.619908512    
   7.23000050     -0.618935645    
   7.24000072     -0.618405104    
   7.25000048     -0.617684722    
   7.26000071     -0.615918338    
   7.27000046     -0.614342391    
   7.28000069     -0.613335431    
   7.29000044     -0.613496482    
   7.30000067     -0.612235844    
   7.31000042     -0.611258447    
   7.32000065     -0.611799777    
   7.33000040     -0.610250473    
   7.34000063     -0.608923674    
   7.35000038     -0.608765662    
   7.36000061     -0.608037889    
   7.37000036     -0.607880116    
   7.38000059     -0.607372642    
   7.39000034     -0.607181549    
   7.40000057     -0.606610477    
   7.41000032     -0.606292605    
   7.42000055     -0.606449246    
   7.43000031     -0.605400980    
   7.44000053     -0.605525315    
   7.45000076     -0.605077684    
   7.46000051     -0.604917109    
   7.47000074     -0.604977608    
   7.48000050     -0.603542447    
   7.49000072     -0.602013111    
   7.50000048     -0.600355327    
   7.51000071     -0.600253344    
   7.52000046     -0.598881245    
   7.53000069     -0.597476244    
   7.54000044     -0.596134603    
   7.55000067     -0.596188784    
   7.56000042     -0.595067918    
   7.57000065     -0.594326913    
   7.58000040     -0.594855964    
   7.59000063     -0.593733549    
   7.60000038     -0.593180358    
   7.61000061     -0.590977430    
   7.62000036     -0.589916170    
   7.63000059     -0.589551449    
   7.64000034     -0.589282811    
   7.65000057     -0.589489877    
   7.66000032     -0.589507043    
   7.67000055     -0.589015067    
   7.68000031     -0.588044345    
   7.69000053     -0.587454855    
   7.70000076     -0.585654795    
   7.71000051     -0.584238350    
   7.72000074     -0.583456099    
   7.73000050     -0.582896292    
   7.74000072     -0.582302809    
   7.75000048     -0.582186401    
   7.76000071     -0.582038581    
   7.77000046     -0.581221461    
   7.78000069     -0.580945432    
   7.79000044     -0.580954790    
   7.80000067     -0.580741405    
   7.81000042     -0.579220057    
   7.82000065     -0.578909099    
   7.83000040     -0.578566313    
   7.84000063     -0.577680945    
   7.85000038     -0.577974677    
   7.86000061     -0.577631354    
   7.87000036     -0.576711416    
   7.88000059     -0.575343668    
   7.89000034     -0.575635672    
   7.90000057     -0.574106693    
   7.91000032     -0.573632061    
   7.92000055     -0.573188424    
   7.93000078     -0.572967708    
   7.94000053     -0.572683036    
   7.95000076     -0.572077334    
   7.96000051     -0.571727931    
   7.97000074     -0.571120739    
   7.98000050     -0.571892858    
   7.99000072     -0.571959376    
   8.00000095     -0.571576536    
   8.01000023     -0.570774674    
   8.02000046     -0.571033478    
   8.03000069     -0.570295632    
   8.04000092     -0.569813848    
   8.05000019     -0.569331229    
   8.06000042     -0.567592442    
   8.07000065     -0.568171382    
   8.08000088     -0.567267895    
   8.09000015     -0.567009330    
   8.10000038     -0.566427052    
   8.11000061     -0.566198230    
   8.12000084     -0.566648901    
   8.13000011     -0.565677702    
   8.14000034     -0.564867258    
   8.15000057     -0.564023674    
   8.16000080     -0.564148724    
   8.17000103     -0.562980771    
   8.18000031     -0.562134743    
   8.19000053     -0.559867561    
   8.20000076     -0.559989214    
   8.21000099     -0.559238136    
   8.22000027     -0.557066143    
   8.23000050     -0.556442320    
   8.24000072     -0.556173146    
   8.25000095     -0.555322886    
   8.26000023     -0.555084944    
   8.27000046     -0.554426014    
   8.28000069     -0.553767741    
   8.29000092     -0.552914143    
   8.30000019     -0.552706718    
   8.31000042     -0.552758098    
   8.32000065     -0.552710950    
   8.33000088     -0.551045299    
   8.34000015     -0.550608873    
   8.35000038     -0.550010622    
   8.36000061     -0.550220966    
   8.37000084     -0.549134195    
   8.38000107     -0.548501730    
   8.39000034     -0.546732664    
   8.40000057     -0.546551406    
   8.41000080     -0.546111107    
   8.42000103     -0.545636356    
   8.43000031     -0.544416487    
   8.44000053     -0.543875515    
   8.45000076     -0.543399632    
   8.46000099     -0.543182790    
   8.47000027     -0.541991472    
   8.48000050     -0.541059136    
   8.49000072     -0.540319800    
   8.50000095     -0.538542271    
   8.51000023     -0.538678527    
   8.52000046     -0.538620591    
   8.53000069     -0.538398981    
   8.54000092     -0.538535893    
   8.55000019     -0.537922621    
   8.56000042     -0.537635744    
   8.57000065     -0.537641227    
   8.58000088     -0.537157476    
   8.59000015     -0.537097991    
   8.60000038     -0.537494838    
   8.61000061     -0.537598789    
   8.62000084     -0.537244081    
   8.63000107     -0.537118733    
   8.64000034     -0.536762416    
   8.65000057     -0.537654161    
   8.66000080     -0.538186371    
   8.67000103     -0.537633240    
   8.68000031     -0.536947489    
   8.69000053     -0.537578464    
   8.70000076     -0.536792278    
   8.71000099     -0.535116374    
   8.72000027     -0.533670127    
   8.73000050     -0.533409655    
   8.74000072     -0.534599006    
   8.75000095     -0.533875763    
   8.76000023     -0.533052266    
   8.77000046     -0.531864882    
   8.78000069     -0.531436026    
   8.79000092     -0.530809104    
   8.80000019     -0.530081570    
   8.81000042     -0.528890848    
   8.82000065     -0.528359950    
   8.83000088     -0.527861834    
   8.84000015     -0.526238799    
   8.85000038     -0.526830256    
   8.86000061     -0.527123928    
   8.87000084     -0.526690543    
   8.88000107     -0.526918471    
   8.89000034     -0.527478516    
   8.90000057     -0.527009666    
   8.91000080     -0.526041627    
   8.92000103     -0.527036130    
   8.93000031     -0.525467157    
   8.94000053     -0.524430811    
   8.95000076     -0.523459256    
   8.96000099     -0.524018109    
   8.97000027     -0.523245215    
   8.98000050     -0.521938205    
   8.99000072     -0.520531774    
   9.00000095     -0.519523084    
   9.01000023     -0.518281758    
   9.02000046     -0.516772628    
   9.03000069     -0.516658783    
   9.04000092     -0.516512632    
   9.05000019     -0.516732633    
   9.06000042     -0.516820192    
   9.07000065     -0.516039133    
   9.08000088     -0.514922917    
   9.09000111     -0.515643418    
   9.10000038     -0.515729249    
   9.11000061     -0.515983462    
   9.12000084     -0.515466630    
   9.13000107     -0.515384972    
   9.14000034     -0.514498174    
   9.15000057     -0.515592396    
   9.16000080     -0.515813172    
   9.17000103     -0.515058815    
   9.18000031     -0.515043259    
   9.19000053     -0.514658451    
   9.20000076     -0.515183032    
   9.21000099     -0.514357209    
   9.22000027     -0.514274478    
   9.23000050     -0.513245583    
   9.24000072     -0.514006197    
   9.25000095     -0.513448954    
   9.26000023     -0.511740744    
   9.27000046     -0.511079311    
   9.28000069     -0.509978056    
   9.29000092     -0.509010375    
   9.30000019     -0.509226382    
   9.31000042     -0.509139121    
   9.32000065     -0.509423673    
   9.33000088     -0.508351862    
   9.34000111     -0.507108331    
   9.35000038     -0.506780565    
   9.36000061     -0.506383717    
   9.37000084     -0.505444169    
   9.38000107     -0.505182266    
   9.39000034     -0.505226314    
   9.40000057     -0.505099773    
   9.41000080     -0.504394889    
   9.42000103     -0.503483593    
   9.43000031     -0.503492177    
   9.44000053     -0.503739417    
   9.45000076     -0.503269315    
   9.46000099     -0.502320886    
   9.47000027     -0.502123117    
   9.48000050     -0.502438247    
   9.49000072     -0.502616823    
   9.50000095     -0.502932489    
   9.51000023     -0.502390921    
   9.52000046     -0.502192199    
   9.53000069     -0.502061903    
   9.54000092     -0.501691401    
   9.55000114     -0.501663327    
   9.56000042     -0.501635671    
   9.57000065     -0.501366675    
   9.58000088     -0.500096977    
   9.59000111     -0.499205381    
   9.60000038     -0.498968661    
   9.61000061     -0.498523772    
   9.62000084     -0.499253124    
   9.63000107     -0.499395609    
   9.64000034     -0.499746770    
   9.65000057     -0.499612778    
   9.66000080     -0.500069201    
   9.67000103     -0.499274433    
   9.68000031     -0.498931676    
   9.69000053     -0.497857213    
   9.70000076     -0.497617304    
   9.71000099     -0.497898012    
   9.72000027     -0.496230334    
   9.73000050     -0.496091902    
   9.74000072     -0.496372610    
   9.75000095     -0.495361239    
   9.76000023     -0.494386107    
   9.77000046     -0.493164152    
   9.78000069     -0.491873801    
   9.79000092     -0.491556376    
   9.80000114     -0.491239727    
   9.81000042     -0.491410136    
   9.82000065     -0.491897106    
   9.83000088     -0.491298676    
   9.84000111     -0.490420520    
   9.85000038     -0.488910466    
   9.86000061     -0.488940477    
   9.87000084     -0.489635050    
   9.88000107     -0.488893539    
   9.89000034     -0.489273310    
   9.90000057     -0.488881975    
   9.91000080     -0.488946021    
   9.92000103     -0.488623291    
   9.93000031     -0.487877190    
   9.94000053     -0.487165600    
   9.95000076     -0.486135811    
   9.96000099     -0.485915631    
   9.97000027     -0.486259878    
   9.98000050     -0.486428738    
   9.99000072     -0.485994518    
   10.0000010     -0.484005690    
   10.0100012     -0.483393580    
   10.0200005     -0.483453214    
   10.0300007     -0.483087808    
   10.0400009     -0.483040869    
   10.0500011     -0.482248694    
   10.0600004     -0.481492013    
   10.0700006     -0.481442600    
   10.0800009     -0.481180757    
   10.0900011     -0.481096745    
   10.1000004     -0.480441898    
   10.1100006     -0.478578627    
   10.1200008     -0.477780193    
   10.1300011     -0.477656305    
   10.1400003     -0.477781445    
   10.1500006     -0.477407634    
   10.1600008     -0.477532744    
   10.1700010     -0.478265792    
   10.1800003     -0.479107708    
   10.1900005     -0.479342759    
   10.2000008     -0.479003787    
   10.2100010     -0.479383200    
   10.2200003     -0.478721082    
   10.2300005     -0.477877170    
   10.2400007     -0.478615671    
   10.2500010     -0.479356825    
   10.2600012     -0.480243981    
   10.2700005     -0.479324847    
   10.2800007     -0.479236871    
   10.2900009     -0.478315502    
   10.3000011     -0.478298753    
   10.3100004     -0.478863090    
   10.3200006     -0.478774101    
   10.3300009     -0.478793740    
   10.3400011     -0.478704661    
   10.3500004     -0.478359640    
   10.3600006     -0.479656041    
   10.3700008     -0.478800565    
   10.3800011     -0.478601336    
   10.3900003     -0.478840590    
   10.4000006     -0.479813397    
   10.4100008     -0.479284525    
   10.4200010     -0.478790939    
   10.4300003     -0.478333473    
   10.4400005     -0.478426963    
   10.4500008     -0.478372812    
   10.4600010     -0.477840751    
   10.4700003     -0.477012843    
   10.4800005     -0.476073354    
   10.4900007     -0.474396259    
   10.5000010     -0.474743843    
   10.5100012     -0.474907786    
   10.5200005     -0.474739432    
   10.5300007     -0.474126756    
   10.5400009     -0.474475384    
   10.5500011     -0.474416554    
   10.5600004     -0.474617541    
   10.5700006     -0.474336207    
   10.5800009     -0.473238945    
   10.5900011     -0.473587573    
   10.6000004     -0.473080993    
   10.6100006     -0.472798377    
   10.6200008     -0.472923368    
   10.6300011     -0.473273963    
   10.6400003     -0.473251671    
   10.6500006     -0.472855061    
   10.6600008     -0.470850766    
   10.6700010     -0.470824808    
   10.6800003     -0.470612913    
   10.6900005     -0.470250577    
   10.7000008     -0.470411032    
   10.7100010     -0.470423341    
   10.7200012     -0.470847607    
   10.7300005     -0.470822603    
   10.7400007     -0.470195055    
   10.7500010     -0.469415009    
   10.7600012     -0.468861014    
   10.7700005     -0.469285488    
   10.7800007     -0.468088210    
   10.7900009     -0.466362178    
   10.8000011     -0.467011005    
   10.8100004     -0.467057586    
   10.8200006     -0.466989607    
   10.8300009     -0.466921717    
   10.8400011     -0.467650354    
   10.8500004     -0.467050731    
   10.8600006     -0.466375589    
   10.8700008     -0.466040879    
   10.8800011     -0.466503680    
   10.8900003     -0.466434956    
   10.9000006     -0.466023207    
   10.9100008     -0.465877205    
   10.9200010     -0.465235293    
   10.9300003     -0.464821070    
   10.9400005     -0.464749932    
   10.9500008     -0.464755237    
   10.9600010     -0.464530617    
   10.9700012     -0.463462561    
   10.9800005     -0.462775320    
   10.9900007     -0.462779671    
   11.0000010     -0.463167369    
   11.0100012     -0.462979078    
   11.0200005     -0.463213295    
   11.0300007     -0.464414448    
   11.0400009     -0.465270609    
   11.0500011     -0.464579642    
   11.0600004     -0.464933991    
   11.0700006     -0.466105074    
   11.0800009     -0.466306388    
   11.0900011     -0.465496153    
   11.1000004     -0.465074420    
   11.1100006     -0.464338750    
   11.1200008     -0.463877231    
   11.1300011     -0.463023871    
   11.1400003     -0.462832302    
   11.1500006     -0.462796241    
   11.1600008     -0.463230342    
   11.1700010     -0.463429481    
   11.1800013     -0.463787585    
   11.1900005     -0.463006467    
   11.2000008     -0.462774068    
   11.2100010     -0.462581038    
   11.2200012     -0.462387562    
   11.2300005     -0.461562902    
   11.2400007     -0.461761594    
   11.2500010     -0.462080896    
   11.2600012     -0.462162077    
   11.2700005     -0.461136311    
   11.2800007     -0.460979968    
   11.2900009     -0.460029364    
   11.3000011     -0.459237576    
   11.3100004     -0.459276468    
   11.3200006     -0.459633738    
   11.3300009     -0.460787863    
   11.3400011     -0.460549951    
   11.3500004     -0.459992468    
   11.3600006     -0.459832430    
   11.3700008     -0.458634526    
   11.3800011     -0.457835078    
   11.3900003     -0.457712501    
   11.4000006     -0.457630664    
   11.4100008     -0.457828283    
   11.4200010     -0.457425416    
   11.4300013     -0.457743227    
   11.4400005     -0.457620770    
   11.4500008     -0.456693202    
   11.4600010     -0.456125706    
   11.4700012     -0.456282586    
   11.4800005     -0.457005411    
   11.4900007     -0.457527786    
   11.5000010     -0.456998795    
   11.5100012     -0.455821127    
   11.5200005     -0.453712970    
   11.5300007     -0.453745991    
   11.5400009     -0.453253508    
   11.5500011     -0.452597320    
   11.5600004     -0.452670157    
   11.5700006     -0.452905059    
   11.5800009     -0.452247143    
   11.5900011     -0.452807844    
   11.6000004     -0.452758908    
   11.6100006     -0.452342629    
   11.6200008     -0.452783108    
   11.6300011     -0.452365786    
   11.6400013     -0.451743245    
   11.6500006     -0.451160014    
   11.6600008     -0.450330615    
   11.6700010     -0.450565547    
   11.6800013     -0.450062186    
   11.6900005     -0.450132102    
   11.7000008     -0.450080127    
   11.7100010     -0.449532658    
   11.7200012     -0.450015455    
   11.7300005     -0.449920654    
   11.7400007     -0.449248374    
   11.7500010     -0.448077232    
   11.7600012     -0.447650015    
   11.7700005     -0.447511643    
   11.7800007     -0.447455496    
   11.7900009     -0.446735471    
   11.8000011     -0.446428984    
   11.8100004     -0.446745634    
   11.8200006     -0.446146876    
   11.8300009     -0.445506603    
   11.8400011     -0.445739090    
   11.8500004     -0.445012867    
   11.8600006     -0.444995552    
   11.8700008     -0.445604235    
   11.8800011     -0.445671231    
   11.8900013     -0.446283221    
   11.9000006     -0.446181893    
   11.9100008     -0.445871830    
   11.9200010     -0.444844604    
   11.9300013     -0.443985134    
   11.9400005     -0.443334073    
   11.9500008     -0.442681879    
   11.9600010     -0.441144556    
   11.9700012     -0.440741777    
   11.9800005     -0.440254837    
   11.9900007     -0.439133197    
   12.0000010     -0.439403713    
   12.0100012     -0.439758956    
   12.0200005     -0.439692259    
   12.0300007     -0.440346032    
   12.0400009     -0.439939588    
   12.0500011     -0.439362645    
   12.0600004     -0.438911587    
   12.0700006     -0.437906444    
   12.0800009     -0.438091815    
   12.0900011     -0.438619584    
   12.1000004     -0.437781870    
   12.1100006     -0.437156439    
   12.1200008     -0.436913669    
   12.1300011     -0.437270880    
   12.1400013     -0.437414318    
   12.1500006     -0.437085092    
   12.1600008     -0.436369449    
   12.1700010     -0.435694218    
   12.1800013     -0.435707122    
   12.1900005     -0.435633302    
   12.2000008     -0.434568048    
   12.2100010     -0.434363425    
   12.2200012     -0.434201390    
   12.2300005     -0.432828665    
   12.2400007     -0.432103008    
   12.2500010     -0.430856049    
   12.2600012     -0.431425869    
   12.2700005     -0.431822985    
   12.2800007     -0.432222396    
   12.2900009     -0.431317806    
   12.3000011     -0.430541277    
   12.3100004     -0.430373311    
   12.3200006     -0.430379272    
   12.3300009     -0.430298060    
   12.3400011     -0.430172682    
   12.3500013     -0.428778946    
   12.3600006     -0.428958416    
   12.3700008     -0.427429259    
   12.3800011     -0.427125245    
   12.3900013     -0.426994413    
   12.4000006     -0.426864803    
   12.4100008     -0.426953673    
   12.4200010     -0.425196588    
   12.4300013     -0.423392773    
   12.4400005     -0.423740894    
   12.4500008     -0.423959196    
   12.4600010     -0.423162490    
   12.4700012     -0.422320157    
   12.4800005     -0.421565652    
   12.4900007     -0.420676202    
   12.5000010     -0.420625716    
   12.5100012     -0.421814173    
   12.5200005     -0.422030419    
   12.5300007     -0.421581566    
   12.5400009     -0.421219558    
   12.5500011     -0.421303213    
   12.5600004     -0.421787560    
   12.5700006     -0.421782285    
   12.5800009     -0.421552658    
   12.5900011     -0.420964986    
   12.6000013     -0.420331925    
   12.6100006     -0.420189559    
   12.6200008     -0.418521464    
   12.6300011     -0.418331712    
   12.6400013     -0.418861389    
   12.6500006     -0.418806642    
   12.6600008     -0.418842077    
   12.6700010     -0.418245941    
   12.6800013     -0.417965084    
   12.6900005     -0.417727739    
   12.7000008     -0.416947216    
   12.7100010     -0.417070836    
   12.7200012     -0.416423708    
   12.7300005     -0.416819960    
   12.7400007     -0.417672336    
   12.7500010     -0.417296469    
   12.7600012     -0.417056561    
   12.7700005     -0.417821705    
   12.7800007     -0.417673439    
   12.7900009     -0.418212354    
   12.8000011     -0.418432057    
   12.8100014     -0.418283522    
   12.8200006     -0.417766392    
   12.8300009     -0.418631792    
   12.8400011     -0.417697787    
   12.8500013     -0.418749928    
   12.8600006     -0.418740332    
   12.8700008     -0.418962508    
   12.8800011     -0.418209553    
   12.8900013     -0.418338418    
   12.9000006     -0.417256743    
   12.9100008     -0.416872144    
   12.9200010     -0.416952640    
   12.9300013     -0.417547911    
   12.9400005     -0.417115092    
   12.9500008     -0.416915566    
   12.9600010     -0.416152388    
   12.9700012     -0.415152073    
   12.9800005     -0.413869590    
   12.9900007     -0.413194954    
   13.0000010     -0.413083345    
   13.0100012     -0.413583726    
   13.0200005     -0.413377523    
   13.0300007     -0.413407445    
   13.0400009     -0.413909525    
   13.0500011     -0.413276583    
   13.0600014     -0.414065450    
   13.0700006     -0.413763106    
   13.0800009     -0.413650781    
   13.0900011     -0.413919628    
   13.1000013     -0.413281292    
   13.1100006     -0.412307948    
   13.1200008     -0.411811620    
   13.1300011     -0.411647588    
   13.1400013     -0.412872910    
   13.1500006     -0.413431048    
   13.1600008     -0.411537498    
   13.1700010     -0.411084145    
   13.1800013     -0.411881447    
   13.1900005     -0.412054300    
   13.2000008     -0.411889702    
   13.2100010     -0.410417676    
   13.2200012     -0.410782099    
   13.2300005     -0.409645528    
   13.2400007     -0.409476489    
   13.2500010     -0.408821315    
   13.2600012     -0.408552855    
   13.2700014     -0.408917397    
   13.2800007     -0.408550799    
   13.2900009     -0.408964872    
   13.3000011     -0.408401757    
   13.3100014     -0.408131540    
   13.3200006     -0.407614678    
   13.3300009     -0.407293767    
   13.3400011     -0.408150792    
   13.3500013     -0.407582790    
   13.3600006     -0.406373143    
   13.3700008     -0.405309170    
   13.3800011     -0.405130565    
   13.3900013     -0.404556572    
   13.4000006     -0.404178351    
   13.4100008     -0.403750390    
   13.4200010     -0.404113084    
   13.4300013     -0.404627413    
   13.4400005     -0.404446006    
   13.4500008     -0.403666943    
   13.4600010     -0.403085053    
   13.4700012     -0.402202576    
   13.4800005     -0.401867658    
   13.4900007     -0.400531888    
   13.5000010     -0.399844080    
   13.5100012     -0.400455028    
   13.5200014     -0.400667757    
   13.5300007     -0.401433110    
   13.5400009     -0.400338948    
   13.5500011     -0.400249571    
   13.5600014     -0.399706095    
   13.5700006     -0.398353696    
   13.5800009     -0.398008704    
   13.5900011     -0.397611558    
   13.6000013     -0.397923142    
   13.6100006     -0.398184597    
   13.6200008     -0.398700327    
   13.6300011     -0.398811966    
   13.6400013     -0.398055822    
   13.6500006     -0.397451282    
   13.6600008     -0.397611380    
   13.6700010     -0.398540497    
   13.6800013     -0.398241669    
   13.6900005     -0.398249924    
   13.7000008     -0.397743821    
   13.7100010     -0.398266256    
   13.7200012     -0.398894817    
   13.7300005     -0.398025185    
   13.7400007     -0.396894157    
   13.7500010     -0.397107393    
   13.7600012     -0.397373855    
   13.7700014     -0.398837805    
   13.7800007     -0.398847133    
   13.7900009     -0.398125201    
   13.8000011     -0.398133725    
   13.8100014     -0.398298740    
   13.8200006     -0.398360163    
   13.8300009     -0.397948802    
   13.8400011     -0.397482932    
   13.8500013     -0.397489667    
   13.8600006     -0.396864474    
   13.8700008     -0.395761847    
   13.8800011     -0.395449519    
   13.8900013     -0.394395679    
   13.9000006     -0.393709570    
   13.9100008     -0.393763900    
   13.9200010     -0.393499285    
   13.9300013     -0.393021822    
   13.9400005     -0.392596126    
   13.9500008     -0.392755091    
   13.9600010     -0.393182009    
   13.9700012     -0.393289417    
   13.9800014     -0.392914802    
   13.9900007     -0.391734779    
   14.0000010     -0.392322898    
   14.0100012     -0.392698437    
   14.0200014     -0.392698348    
   14.0300007     -0.392914265    
   14.0400009     -0.391778082    
   14.0500011     -0.391180307    
   14.0600014     -0.391339689    
   14.0700006     -0.389980406    
   14.0800009     -0.388509303    
   14.0900011     -0.387632847    
   14.1000013     -0.387189001    
   14.1100006     -0.386797518    
   14.1200008     -0.386460096    
   14.1300011     -0.386012435    
   14.1400013     -0.385727346    
   14.1500006     -0.385112673    
   14.1600008     -0.385592252    
   14.1700010     -0.385195285    
   14.1800013     -0.385456949    
   14.1900005     -0.385444134    
   14.2000008     -0.385154992    
   14.2100010     -0.383981109    
   14.2200012     -0.383855730    
   14.2300014     -0.384116501    
   14.2400007     -0.384323329    
   14.2500010     -0.383863062    
   14.2600012     -0.383457690    
   14.2700014     -0.382214934    
   14.2800007     -0.381694287    
   14.2900009     -0.381786734    
   14.3000011     -0.381766677    
   14.3100014     -0.381186545    
   14.3200006     -0.381783694    
   14.3300009     -0.381482840    
   14.3400011     -0.380392253    
   14.3500013     -0.379862696    
   14.3600006     -0.380347699    
   14.3700008     -0.381797999    
   14.3800011     -0.381891429    
   14.3900013     -0.381302893    
   14.4000006     -0.382136941    
   14.4100008     -0.382117122    
   14.4200010     -0.381754518    
   14.4300013     -0.381505370    
   14.4400015     -0.381656736    
   14.4500008     -0.382096589    
   14.4600010     -0.381443739    
   14.4700012     -0.380731314    
   14.4800014     -0.380881786    
   14.4900007     -0.380570769    
   14.5000010     -0.379911333    
   14.5100012     -0.380177945    
   14.5200014     -0.380096704    
   14.5300007     -0.379200250    
   14.5400009     -0.378593087    
   14.5500011     -0.379266351    
   14.5600014     -0.379416615    
   14.5700006     -0.379802316    
   14.5800009     -0.380012959    
   14.5900011     -0.379518360    
   14.6000013     -0.379375577    
   14.6100006     -0.378878772    
   14.6200008     -0.378615797    
   14.6300011     -0.378174961    
   14.6400013     -0.377791792    
   14.6500006     -0.378951728    
   14.6600008     -0.380176991    
   14.6700010     -0.380033791    
   14.6800013     -0.378992558    
   14.6900015     -0.377529979    
   14.7000008     -0.376901746    
   14.7100010     -0.377051800    
   14.7200012     -0.375939637    
   14.7300014     -0.376268685    
   14.7400007     -0.376539111    
   14.7500010     -0.376024097    
   14.7600012     -0.376839608    
   14.7700014     -0.376445055    
   14.7800007     -0.376231074    
   14.7900009     -0.376929790    
   14.8000011     -0.376411527    
   14.8100014     -0.376196265    
   14.8200006     -0.377205372    
   14.8300009     -0.377543807    
   14.8400011     -0.377760321    
   14.8500013     -0.377915889    
   14.8600006     -0.377392352    
   14.8700008     -0.375692099    
   14.8800011     -0.375286907    
   14.8900013     -0.375190705    
   14.9000015     -0.375528783    
   14.9100008     -0.375930786    
   14.9200010     -0.375897527    
   14.9300013     -0.376677573    
   14.9400015     -0.375516981    
   14.9500008     -0.375608176    
   14.9600010     -0.373688251    
   14.9700012     -0.373021841    
   14.9800014     -0.372982115    
   14.9900007     -0.371807456    
   15.0000010     -0.371702522    
   15.0100012     -0.372229934    
   15.0200014     -0.372315049    
   15.0300007     -0.372210294    
   15.0400009     -0.371596128    
   15.0500011     -0.371297896    
   15.0600014     -0.371062726    
   15.0700006     -0.371531039    
   15.0800009     -0.371487826    
   15.0900011     -0.371637017    
   15.1000013     -0.371143073    
   15.1100006     -0.370969951    
   15.1200008     -0.369955897    
   15.1300011     -0.369520694    
   15.1400013     -0.369213343    
   15.1500015     -0.369489878    
   15.1600008     -0.369247049    
   15.1700010     -0.369654477    
   15.1800013     -0.370260805    
   15.1900015     -0.368837714    
   15.2000008     -0.367214859    
   15.2100010     -0.366636842    
   15.2200012     -0.366911232    
   15.2300014     -0.366791666    
   15.2400007     -0.365483791    
   15.2500010     -0.364699632    
   15.2600012     -0.363781780    
   15.2700014     -0.363190740    
   15.2800007     -0.362399220    
   15.2900009     -0.361405969    
   15.3000011     -0.361272871    
   15.3100014     -0.359941006    
   15.3200006     -0.359405339    
   15.3300009     -0.359869003    
   15.3400011     -0.358728647    
   15.3500013     -0.358923316    
   15.3600006     -0.358582765    
   15.3700008     -0.358240128    
   15.3800011     -0.357290268    
   15.3900013     -0.357146531    
   15.4000015     -0.356122822    
   15.4100008     -0.355570912    
   15.4200010     -0.354676723    
   15.4300013     -0.353983521    
   15.4400015     -0.354443371    
   15.4500008     -0.356408566    
   15.4600010     -0.356740355    
   15.4700012     -0.355563879    
   15.4800014     -0.354726434    
   15.4900007     -0.354092300    
   15.5000010     -0.353387713    
   15.5100012     -0.353369981    
   15.5200014     -0.353283077    
   15.5300007     -0.353196204    
   15.5400009     -0.352066576    
   15.5500011     -0.351906985    
   15.5600014     -0.352304339    
   15.5700006     -0.353403926    
   15.5800009     -0.352824688    
   15.5900011     -0.352383971    
   15.6000013     -0.352504611    
   15.6100016     -0.352061749    
   15.6200008     -0.350839853    
   15.6300011     -0.350745738    
   15.6400013     -0.350508749    
   15.6500015     -0.350625634    
   15.6600008     -0.350032181    
   15.6700010     -0.350291371    
   15.6800013     -0.349622786    
   15.6900015     -0.348234981    
   15.7000008     -0.347774088    
   15.7100010     -0.347240508    
   15.7200012     -0.347783864    
   15.7300014     -0.348474711    
   15.7400007     -0.347866148    
   15.7500010     -0.346529424    
   15.7600012     -0.345623642    
   15.7700014     -0.344714880    
   15.7800007     -0.345112771    
   15.7900009     -0.345513254    
   15.8000011     -0.345256299    
   15.8100014     -0.345071286    
   15.8200006     -0.344665170    
   15.8300009     -0.343888849    
   15.8400011     -0.343626082    
   15.8500013     -0.342549026    
   15.8600016     -0.341837853    
   15.8700008     -0.342533231    
   15.8800011     -0.343009293    
   15.8900013     -0.342890680    
   15.9000015     -0.341948241    
   15.9100008     -0.341901779    
   15.9200010     -0.341028988    
   15.9300013     -0.339851916    
   15.9400015     -0.338971376    
   15.9500008     -0.338313311    
   15.9600010     -0.338559896    
   15.9700012     -0.338806689    
   15.9800014     -0.338448256    
   15.9900007     -0.337173820    
