   0.00000000       6.43582568E-02
   1.00000007E-02   6.28451928E-02
   2.00000014E-02   6.19413331E-02
   3.00000012E-02   6.15466759E-02
   4.00000028E-02   6.13563098E-02
   5.00000045E-02   6.12095110E-02
   6.00000024E-02   6.10087141E-02
   7.00000077E-02   6.08351491E-02
   8.00000057E-02   6.05721176E-02
   9.00000036E-02   6.03854284E-02
  0.100000009       6.01495095E-02
  0.110000007       6.00509346E-02
  0.120000005       5.99048361E-02
  0.130000010       5.98235540E-02
  0.140000015       5.96996024E-02
  0.150000006       5.96018210E-02
  0.160000011       5.94934337E-02
  0.170000017       5.94191030E-02
  0.180000007       5.93356453E-02
  0.190000013       5.92835769E-02
  0.200000018       5.92047088E-02
  0.210000008       5.91191500E-02
  0.220000014       5.90520091E-02
  0.230000019       5.89730218E-02
  0.240000010       5.89311644E-02
  0.250000030       5.88498712E-02
  0.260000020       5.87912202E-02
  0.270000011       5.86918443E-02
  0.280000031       5.86375743E-02
  0.290000021       5.85302040E-02
  0.300000012       5.85074835E-02
  0.310000032       5.84536120E-02
  0.320000023       5.84296323E-02
  0.330000013       5.83396032E-02
  0.340000033       5.83052076E-02
  0.350000024       5.82522266E-02
  0.360000014       5.81528991E-02
  0.370000035       5.80619425E-02
  0.380000025       5.80257364E-02
  0.390000015       5.79552725E-02
  0.400000036       5.79197742E-02
  0.410000026       5.78874908E-02
  0.420000017       5.78211509E-02
  0.430000037       5.77351339E-02
  0.440000027       5.76814078E-02
  0.450000018       5.76286577E-02
  0.460000038       5.75768612E-02
  0.470000029       5.75257987E-02
  0.480000019       5.74597530E-02
  0.490000039       5.73792085E-02
  0.500000060       5.73657341E-02
  0.510000050       5.73537499E-02
  0.520000041       5.72843179E-02
  0.530000031       5.72440885E-02
  0.540000021       5.72270900E-02
  0.550000012       5.71540482E-02
  0.560000062       5.70854768E-02
  0.570000052       5.70679531E-02
  0.580000043       5.70226051E-02
  0.590000033       5.70108294E-02
  0.600000024       5.69594204E-02
  0.610000014       5.68723604E-02
  0.620000064       5.68467565E-02
  0.630000055       5.68384677E-02
  0.640000045       5.68083078E-02
  0.650000036       5.67778870E-02
  0.660000026       5.67172617E-02
  0.670000076       5.66734672E-02
  0.680000067       5.66792600E-02
  0.690000057       5.66346645E-02
  0.700000048       5.65829873E-02
  0.710000038       5.65479361E-02
  0.720000029       5.65022528E-02
  0.730000079       5.64345941E-02
  0.740000069       5.64237311E-02
  0.750000060       5.63749522E-02
  0.760000050       5.63337356E-02
  0.770000041       5.62892072E-02
  0.780000031       5.62347844E-02
  0.790000081       5.61838821E-02
  0.800000072       5.61392829E-02
  0.810000062       5.61060719E-02
  0.820000052       5.60926273E-02
  0.830000043       5.60388267E-02
  0.840000033       5.59999757E-02
  0.850000083       5.59501834E-02
  0.860000074       5.59026562E-02
  0.870000064       5.58762029E-02
  0.880000055       5.58105521E-02
  0.890000045       5.57980798E-02
  0.900000036       5.57626635E-02
  0.910000086       5.57741374E-02
  0.920000076       5.57193123E-02
  0.930000067       5.56955896E-02
  0.940000057       5.56723587E-02
  0.950000048       5.56373745E-02
  0.960000038       5.56179546E-02
  0.970000088       5.55862524E-02
  0.980000079       5.55642582E-02
  0.990000069       5.55409677E-02
   1.00000012       5.55268861E-02
   1.01000011       5.54287657E-02
   1.02000010       5.54067194E-02
   1.03000009       5.53736389E-02
   1.04000008       5.53279594E-02
   1.05000007       5.53071685E-02
   1.06000006       5.52981757E-02
   1.07000005       5.52624576E-02
   1.08000004       5.52020259E-02
   1.09000003       5.51541671E-02
   1.10000002       5.51299751E-02
   1.11000013       5.51111773E-02
   1.12000012       5.50498478E-02
   1.13000011       5.50609306E-02
   1.14000010       5.50222471E-02
   1.15000010       5.49995340E-02
   1.16000009       5.49830087E-02
   1.17000008       5.49631119E-02
   1.18000007       5.49550988E-02
   1.19000006       5.48943169E-02
   1.20000005       5.48697338E-02
   1.21000004       5.48169129E-02
   1.22000003       5.47858290E-02
   1.23000014       5.47575764E-02
   1.24000013       5.47466837E-02
   1.25000012       5.47189191E-02
   1.26000011       5.46825752E-02
   1.27000010       5.46529628E-02
   1.28000009       5.46376333E-02
   1.29000008       5.45619577E-02
   1.30000007       5.45583107E-02
   1.31000006       5.45476414E-02
   1.32000005       5.45322746E-02
   1.33000004       5.45213334E-02
   1.34000015       5.44652790E-02
   1.35000014       5.44394515E-02
   1.36000013       5.44342324E-02
   1.37000012       5.44308387E-02
   1.38000011       5.44060133E-02
   1.39000010       5.44214398E-02
   1.40000010       5.43848202E-02
   1.41000009       5.43586537E-02
   1.42000008       5.43277487E-02
   1.43000007       5.42614684E-02
   1.44000006       5.42667098E-02
   1.45000005       5.42313047E-02
   1.46000016       5.42173982E-02
   1.47000015       5.42087331E-02
   1.48000014       5.41543588E-02
   1.49000013       5.41070476E-02
   1.50000012       5.40620759E-02
   1.51000011       5.40402383E-02
   1.52000010       5.39865308E-02
   1.53000009       5.39470203E-02
   1.54000008       5.39051145E-02
   1.55000007       5.38755804E-02
   1.56000006       5.38576432E-02
   1.57000005       5.38000986E-02
   1.58000016       5.37810773E-02
   1.59000015       5.37538640E-02
   1.60000014       5.37208058E-02
   1.61000013       5.36689572E-02
   1.62000012       5.36191985E-02
   1.63000011       5.36170751E-02
   1.64000010       5.36080673E-02
   1.65000010       5.35598099E-02
   1.66000009       5.35478741E-02
   1.67000008       5.35147004E-02
   1.68000007       5.34647778E-02
   1.69000018       5.34589291E-02
   1.70000017       5.34429811E-02
   1.71000016       5.34206405E-02
   1.72000015       5.33461161E-02
   1.73000014       5.33077717E-02
   1.74000013       5.33059090E-02
   1.75000012       5.32757826E-02
   1.76000011       5.32752499E-02
   1.77000010       5.32232076E-02
   1.78000009       5.32042496E-02
   1.79000008       5.31916916E-02
   1.80000007       5.31205870E-02
   1.81000018       5.31026684E-02
   1.82000017       5.30737601E-02
   1.83000016       5.30796573E-02
   1.84000015       5.30405380E-02
   1.85000014       5.30576929E-02
   1.86000013       5.30386530E-02
   1.87000012       5.30000143E-02
   1.88000011       5.29404134E-02
   1.89000010       5.29366545E-02
   1.90000010       5.28880060E-02
   1.91000009       5.28799444E-02
   1.92000008       5.28710634E-02
   1.93000019       5.28266393E-02
   1.94000018       5.27619906E-02
   1.95000017       5.27487844E-02
   1.96000016       5.27204685E-02
   1.97000015       5.27142622E-02
   1.98000014       5.26861809E-02
   1.99000013       5.26726805E-02
   2.00000024       5.26191629E-02
   2.01000023       5.26124015E-02
   2.02000022       5.26134856E-02
   2.03000021       5.25782891E-02
   2.04000020       5.25837056E-02
   2.05000019       5.25406115E-02
   2.06000018       5.25115915E-02
   2.07000017       5.25050759E-02
   2.08000016       5.24858013E-02
   2.09000015       5.24591804E-02
   2.10000014       5.24417870E-02
   2.11000013       5.24349846E-02
   2.12000012       5.23898192E-02
   2.13000011       5.23438156E-02
   2.14000010       5.23323715E-02
   2.15000010       5.22904024E-02
   2.16000009       5.23274876E-02
   2.17000008       5.22854663E-02
   2.18000007       5.22950217E-02
   2.19000006       5.22548631E-02
   2.20000005       5.22250719E-02
   2.21000004       5.22051118E-02
   2.22000027       5.21873273E-02
   2.23000026       5.21613210E-02
   2.24000025       5.21602221E-02
   2.25000024       5.21295257E-02
   2.26000023       5.21051176E-02
   2.27000022       5.20793237E-02
   2.28000021       5.20504974E-02
   2.29000020       5.20477481E-02
   2.30000019       5.20144925E-02
   2.31000018       5.20120151E-02
   2.32000017       5.19999079E-02
   2.33000016       5.19740246E-02
   2.34000015       5.19566685E-02
   2.35000014       5.19200116E-02
   2.36000013       5.19015305E-02
   2.37000012       5.18998727E-02
   2.38000011       5.18515557E-02
   2.39000010       5.18584587E-02
   2.40000010       5.18203191E-02
   2.41000009       5.17943203E-02
   2.42000008       5.17727397E-02
   2.43000007       5.17419986E-02
   2.44000006       5.17228842E-02
   2.45000029       5.16638346E-02
   2.46000028       5.16660586E-02
   2.47000027       5.16252592E-02
   2.48000026       5.16122095E-02
   2.49000025       5.15969284E-02
   2.50000024       5.15813567E-02
   2.51000023       5.15510403E-02
   2.52000022       5.15465848E-02
   2.53000021       5.15293218E-02
   2.54000020       5.15337773E-02
   2.55000019       5.14953025E-02
   2.56000018       5.14964201E-02
   2.57000017       5.14609776E-02
   2.58000016       5.14274649E-02
   2.59000015       5.13964482E-02
   2.60000014       5.13466783E-02
   2.61000013       5.12996837E-02
   2.62000012       5.13150766E-02
   2.63000011       5.12937941E-02
   2.64000010       5.12985550E-02
   2.65000010       5.12744412E-02
   2.66000009       5.12225330E-02
   2.67000008       5.12289889E-02
   2.68000031       5.12228124E-02
   2.69000030       5.11986427E-02
   2.70000029       5.11575826E-02
   2.71000028       5.11511117E-02
   2.72000027       5.11550531E-02
   2.73000026       5.11063188E-02
   2.74000025       5.11032194E-02
   2.75000024       5.10750115E-02
   2.76000023       5.10377586E-02
   2.77000022       5.10278791E-02
   2.78000021       5.09976447E-02
   2.79000020       5.10126278E-02
   2.80000019       5.09741604E-02
   2.81000018       5.09334058E-02
   2.82000017       5.08852638E-02
   2.83000016       5.08764796E-02
   2.84000015       5.08452915E-02
   2.85000014       5.08160777E-02
   2.86000013       5.08061424E-02
   2.87000012       5.08084111E-02
   2.88000011       5.07885218E-02
   2.89000010       5.07748723E-02
   2.90000010       5.07671908E-02
   2.91000032       5.07723168E-02
   2.92000031       5.07389903E-02
   2.93000031       5.07124811E-02
   2.94000030       5.06537333E-02
   2.95000029       5.06428890E-02
   2.96000028       5.06271906E-02
   2.97000027       5.06149083E-02
   2.98000026       5.05960397E-02
   2.99000025       5.05843125E-02
   3.00000024       5.05382344E-02
   3.01000023       5.05322218E-02
   3.02000022       5.05029969E-02
   3.03000021       5.04608527E-02
   3.04000020       5.04545458E-02
   3.05000019       5.04054613E-02
   3.06000018       5.04046008E-02
   3.07000017       5.03738523E-02
   3.08000016       5.03488407E-02
   3.09000015       5.02956174E-02
   3.10000014       5.02780564E-02
   3.11000013       5.02460822E-02
   3.12000012       5.01988120E-02
   3.13000011       5.01575805E-02
   3.14000010       5.01443073E-02
   3.15000033       5.01480624E-02
   3.16000032       5.01035713E-02
   3.17000031       5.00888303E-02
   3.18000031       5.00385016E-02
   3.19000030       4.99968268E-02
   3.20000029       4.99887168E-02
   3.21000028       4.99855280E-02
   3.22000027       4.99484167E-02
   3.23000026       4.99321707E-02
   3.24000025       4.99167852E-02
   3.25000024       4.99095246E-02
   3.26000023       4.98575047E-02
   3.27000022       4.97917831E-02
   3.28000021       4.98188436E-02
   3.29000020       4.97839078E-02
   3.30000019       4.97571044E-02
   3.31000018       4.97512780E-02
   3.32000017       4.97084036E-02
   3.33000016       4.96859290E-02
   3.34000015       4.96467985E-02
   3.35000014       4.96725105E-02
   3.36000013       4.96456139E-02
   3.37000012       4.96026091E-02
   3.38000035       4.95885611E-02
   3.39000034       4.95466776E-02
   3.40000033       4.95273359E-02
   3.41000032       4.95029949E-02
   3.42000031       4.94985953E-02
   3.43000031       4.94651236E-02
   3.44000030       4.94419150E-02
   3.45000029       4.94148657E-02
   3.46000028       4.94228080E-02
   3.47000027       4.93801385E-02
   3.48000026       4.93845567E-02
   3.49000025       4.93338704E-02
   3.50000024       4.93108705E-02
   3.51000023       4.93253283E-02
   3.52000022       4.92565446E-02
   3.53000021       4.92636338E-02
   3.54000020       4.92388085E-02
   3.55000019       4.92068641E-02
   3.56000018       4.91541885E-02
   3.57000017       4.91207279E-02
   3.58000016       4.91251759E-02
   3.59000015       4.91180569E-02
   3.60000014       4.91311103E-02
   3.61000037       4.90747169E-02
   3.62000036       4.90729325E-02
   3.63000035       4.90348935E-02
   3.64000034       4.89947498E-02
   3.65000033       4.89888005E-02
   3.66000032       4.90126163E-02
   3.67000031       4.89866957E-02
   3.68000031       4.89723906E-02
   3.69000030       4.89181019E-02
   3.70000029       4.89136241E-02
   3.71000028       4.89040688E-02
   3.72000027       4.88822535E-02
   3.73000026       4.88523543E-02
   3.74000025       4.88278158E-02
   3.75000024       4.88164388E-02
   3.76000023       4.87499312E-02
   3.77000022       4.87325490E-02
   3.78000021       4.87235487E-02
   3.79000020       4.86833304E-02
   3.80000019       4.86394837E-02
   3.81000018       4.86346781E-02
   3.82000017       4.85916771E-02
   3.83000016       4.85594869E-02
   3.84000015       4.85354029E-02
   3.85000038       4.85254601E-02
   3.86000037       4.85097840E-02
   3.87000036       4.85185347E-02
   3.88000035       4.84642126E-02
   3.89000034       4.84312922E-02
   3.90000033       4.84204143E-02
   3.91000032       4.83995527E-02
   3.92000031       4.83550765E-02
   3.93000031       4.83278297E-02
   3.94000030       4.83481251E-02
   3.95000029       4.83202375E-02
   3.96000028       4.82789874E-02
   3.97000027       4.82865758E-02
   3.98000026       4.82443646E-02
   3.99000025       4.82483134E-02
   4.00000048       4.82081771E-02
   4.01000023       4.82182167E-02
   4.02000046       4.81719412E-02
   4.03000021       4.81810793E-02
   4.04000044       4.81225513E-02
   4.05000019       4.81313989E-02
   4.06000042       4.81146090E-02
   4.07000017       4.80584204E-02
   4.08000040       4.80538346E-02
   4.09000015       4.80495542E-02
   4.10000038       4.80278283E-02
   4.11000013       4.80039492E-02
   4.12000036       4.80272323E-02
   4.13000011       4.80109826E-02
   4.14000034       4.79717217E-02
   4.15000010       4.79486994E-02
   4.16000032       4.79367189E-02
   4.17000008       4.79102880E-02
   4.18000031       4.78773862E-02
   4.19000053       4.78469208E-02
   4.20000029       4.78167422E-02
   4.21000051       4.77939472E-02
   4.22000027       4.77745235E-02
   4.23000050       4.77575548E-02
   4.24000025       4.77442816E-02
   4.25000048       4.76933122E-02
   4.26000023       4.76685874E-02
   4.27000046       4.76630181E-02
   4.28000021       4.76345420E-02
   4.29000044       4.76379506E-02
   4.30000019       4.76236977E-02
   4.31000042       4.75505218E-02
   4.32000017       4.75657247E-02
   4.33000040       4.74943183E-02
   4.34000015       4.75294217E-02
   4.35000038       4.75051738E-02
   4.36000013       4.74914871E-02
   4.37000036       4.74843271E-02
   4.38000011       4.74587902E-02
   4.39000034       4.74332348E-02
   4.40000010       4.74142097E-02
   4.41000032       4.73992303E-02
   4.42000008       4.73908000E-02
   4.43000031       4.73808050E-02
   4.44000053       4.73626666E-02
   4.45000029       4.73767444E-02
   4.46000051       4.73610908E-02
   4.47000027       4.73441742E-02
   4.48000050       4.73429188E-02
   4.49000025       4.73310016E-02
   4.50000048       4.72848602E-02
   4.51000023       4.72553372E-02
   4.52000046       4.72697951E-02
   4.53000021       4.73144501E-02
   4.54000044       4.72795218E-02
   4.55000019       4.72505502E-02
   4.56000042       4.72240821E-02
   4.57000017       4.72029559E-02
   4.58000040       4.71597351E-02
   4.59000015       4.71606813E-02
   4.60000038       4.71123457E-02
   4.61000013       4.70936969E-02
   4.62000036       4.70842049E-02
   4.63000011       4.70905341E-02
   4.64000034       4.70797680E-02
   4.65000010       4.70423661E-02
   4.66000032       4.70096990E-02
   4.67000055       4.70281057E-02
   4.68000031       4.69969846E-02
   4.69000053       4.69807759E-02
   4.70000029       4.69572432E-02
   4.71000051       4.69572432E-02
   4.72000027       4.69378233E-02
   4.73000050       4.69005480E-02
   4.74000025       4.68973666E-02
   4.75000048       4.68737595E-02
   4.76000023       4.68913168E-02
   4.77000046       4.68737483E-02
   4.78000021       4.68695909E-02
   4.79000044       4.68603149E-02
   4.80000019       4.68244664E-02
   4.81000042       4.68110144E-02
   4.82000017       4.67802472E-02
   4.83000040       4.67696637E-02
   4.84000015       4.67792898E-02
   4.85000038       4.67853956E-02
   4.86000013       4.67513315E-02
   4.87000036       4.67066392E-02
   4.88000011       4.66680266E-02
   4.89000034       4.66387272E-02
   4.90000057       4.66164947E-02
   4.91000032       4.66016605E-02
   4.92000055       4.66384441E-02
   4.93000031       4.66423184E-02
   4.94000053       4.65673655E-02
   4.95000029       4.65537868E-02
   4.96000051       4.65308242E-02
   4.97000027       4.65398878E-02
   4.98000050       4.65087891E-02
   4.99000025       4.64867465E-02
   5.00000048       4.64666374E-02
   5.01000023       4.64776754E-02
   5.02000046       4.64422777E-02
   5.03000021       4.64052260E-02
   5.04000044       4.63792123E-02
   5.05000019       4.63831164E-02
   5.06000042       4.63017039E-02
   5.07000017       4.62727062E-02
   5.08000040       4.62638997E-02
   5.09000015       4.62472588E-02
   5.10000038       4.62015495E-02
   5.11000013       4.61969711E-02
   5.12000036       4.61734310E-02
   5.13000059       4.61606719E-02
   5.14000034       4.61059995E-02
   5.15000057       4.61020693E-02
   5.16000032       4.60814126E-02
   5.17000055       4.60718982E-02
   5.18000031       4.60282415E-02
   5.19000053       4.59934212E-02
   5.20000029       4.59792838E-02
   5.21000051       4.59496789E-02
   5.22000027       4.59532961E-02
   5.23000050       4.59012538E-02
   5.24000025       4.59029041E-02
   5.25000048       4.58808057E-02
   5.26000023       4.58217226E-02
   5.27000046       4.58015800E-02
   5.28000021       4.58055437E-02
   5.29000044       4.58114967E-02
   5.30000019       4.57956120E-02
   5.31000042       4.57290411E-02
   5.32000017       4.57456112E-02
   5.33000040       4.57403064E-02
   5.34000015       4.56978306E-02
   5.35000038       4.57210764E-02
   5.36000061       4.57021333E-02
   5.37000036       4.56951484E-02
   5.38000059       4.56538871E-02
   5.39000034       4.56282459E-02
   5.40000057       4.55899276E-02
   5.41000032       4.55589145E-02
   5.42000055       4.55515757E-02
   5.43000031       4.55492400E-02
   5.44000053       4.55479026E-02
   5.45000029       4.55194786E-02
   5.46000051       4.54997383E-02
   5.47000027       4.55057658E-02
   5.48000050       4.54960503E-02
   5.49000025       4.54722457E-02
   5.50000048       4.54397053E-02
   5.51000023       4.54212353E-02
   5.52000046       4.54037637E-02
   5.53000021       4.53832522E-02
   5.54000044       4.53946926E-02
   5.55000019       4.53967154E-02
   5.56000042       4.54037897E-02
   5.57000017       4.53596190E-02
   5.58000040       4.52874228E-02
   5.59000063       4.52563576E-02
   5.60000038       4.52472381E-02
   5.61000061       4.52012569E-02
   5.62000036       4.51867096E-02
   5.63000059       4.51850183E-02
   5.64000034       4.51836623E-02
   5.65000057       4.51660343E-02
   5.66000032       4.51568700E-02
   5.67000055       4.51527946E-02
   5.68000031       4.51001376E-02
   5.69000053       4.50987779E-02
   5.70000029       4.51181754E-02
   5.71000051       4.51079570E-02
   5.72000027       4.50953506E-02
   5.73000050       4.50581945E-02
   5.74000025       4.50667217E-02
   5.75000048       4.50356565E-02
   5.76000023       4.49967049E-02
   5.77000046       4.49597798E-02
   5.78000021       4.49631996E-02
   5.79000044       4.49347831E-02
   5.80000019       4.49060053E-02
   5.81000042       4.48806360E-02
   5.82000065       4.48706858E-02
   5.83000040       4.48710285E-02
   5.84000063       4.48761843E-02
   5.85000038       4.48603667E-02
   5.86000061       4.48517650E-02
   5.87000036       4.48176749E-02
   5.88000059       4.47780490E-02
   5.89000034       4.47721928E-02
   5.90000057       4.47628759E-02
   5.91000032       4.47566584E-02
   5.92000055       4.47552763E-02
   5.93000031       4.47248481E-02
   5.94000053       4.47127372E-02
   5.95000029       4.46562953E-02
   5.96000051       4.46746610E-02
   5.97000027       4.46916521E-02
   5.98000050       4.46881801E-02
   5.99000025       4.46551926E-02
   6.00000048       4.46399041E-02
   6.01000023       4.46423404E-02
   6.02000046       4.46252860E-02
   6.03000021       4.46030013E-02
   6.04000044       4.45709378E-02
   6.05000019       4.45182733E-02
   6.06000042       4.44732532E-02
   6.07000065       4.44390252E-02
   6.08000040       4.44456674E-02
   6.09000063       4.44421694E-02
   6.10000038       4.44299169E-02
   6.11000061       4.44320217E-02
   6.12000036       4.44008261E-02
   6.13000059       4.43671532E-02
   6.14000034       4.43534628E-02
   6.15000057       4.43857834E-02
   6.16000032       4.43348140E-02
   6.17000055       4.42883745E-02
   6.18000031       4.42665517E-02
   6.19000053       4.42602076E-02
   6.20000029       4.42401133E-02
   6.21000051       4.42305915E-02
   6.22000027       4.42108177E-02
   6.23000050       4.41744328E-02
   6.24000025       4.41574603E-02
   6.25000048       4.41500284E-02
   6.26000023       4.41422388E-02
   6.27000046       4.41546366E-02
   6.28000021       4.40957770E-02
   6.29000044       4.40826453E-02
   6.30000067       4.40574326E-02
   6.31000042       4.39810269E-02
   6.32000065       4.40062806E-02
   6.33000040       4.39696200E-02
   6.34000063       4.39104959E-02
   6.35000038       4.39236835E-02
   6.36000061       4.38990742E-02
   6.37000036       4.39079963E-02
   6.38000059       4.38679904E-02
   6.39000034       4.38436829E-02
   6.40000057       4.38154303E-02
   6.41000032       4.38011102E-02
   6.42000055       4.37767468E-02
   6.43000031       4.37882207E-02
   6.44000053       4.37982678E-02
   6.45000029       4.37659509E-02
   6.46000051       4.37242724E-02
   6.47000027       4.36739288E-02
   6.48000050       4.36710529E-02
   6.49000025       4.36706915E-02
   6.50000048       4.36443835E-02
   6.51000023       4.36497964E-02
   6.52000046       4.35981862E-02
   6.53000069       4.36090194E-02
   6.54000044       4.35620286E-02
   6.55000067       4.35605831E-02
   6.56000042       4.35421243E-02
   6.57000065       4.35127802E-02
   6.58000040       4.34855893E-02
   6.59000063       4.34845015E-02
   6.60000038       4.34641726E-02
   6.61000061       4.34445515E-02
   6.62000036       4.34027314E-02
   6.63000059       4.33874540E-02
   6.64000034       4.33699749E-02
   6.65000057       4.33539413E-02
   6.66000032       4.33590449E-02
   6.67000055       4.33685370E-02
   6.68000031       4.33126539E-02
   6.69000053       4.33280021E-02
   6.70000029       4.32822816E-02
   6.71000051       4.32896018E-02
   6.72000027       4.32639569E-02
   6.73000050       4.32071351E-02
   6.74000025       4.32152078E-02
   6.75000048       4.32342961E-02
   6.76000071       4.31887358E-02
   6.77000046       4.31913100E-02
   6.78000069       4.31449413E-02
   6.79000044       4.31099497E-02
   6.80000067       4.31062654E-02
   6.81000042       4.30789739E-02
   6.82000065       4.30619977E-02
   6.83000040       4.30291221E-02
   6.84000063       4.30010222E-02
   6.85000038       4.30054627E-02
   6.86000061       4.29899134E-02
   6.87000036       4.29806449E-02
   6.88000059       4.29661870E-02
   6.89000034       4.29572798E-02
   6.90000057       4.29387093E-02
   6.91000032       4.29264456E-02
   6.92000055       4.29216065E-02
   6.93000031       4.29242179E-02
   6.94000053       4.28675935E-02
   6.95000029       4.28631231E-02
   6.96000051       4.28172313E-02
   6.97000027       4.28302996E-02
   6.98000050       4.27832156E-02
   6.99000072       4.27600294E-02
   7.00000048       4.27488051E-02
   7.01000071       4.27645333E-02
   7.02000046       4.27540392E-02
   7.03000069       4.27521653E-02
   7.04000044       4.26890999E-02
   7.05000067       4.26936112E-02
   7.06000042       4.26593944E-02
   7.07000065       4.26172614E-02
   7.08000040       4.26357090E-02
   7.09000063       4.26251590E-02
   7.10000038       4.26134691E-02
   7.11000061       4.25670482E-02
   7.12000036       4.25402299E-02
   7.13000059       4.25273776E-02
   7.14000034       4.25092205E-02
   7.15000057       4.24762815E-02
   7.16000032       4.24418077E-02
   7.17000055       4.24687266E-02
   7.18000031       4.24630344E-02
   7.19000053       4.24326546E-02
   7.20000029       4.24216278E-02
   7.21000051       4.24208678E-02
   7.22000074       4.23801392E-02
   7.23000050       4.23534662E-02
   7.24000072       4.22951356E-02
   7.25000048       4.22810167E-02
   7.26000071       4.22978178E-02
   7.27000046       4.22962904E-02
   7.28000069       4.22289744E-02
   7.29000044       4.22393084E-02
   7.30000067       4.22661230E-02
   7.31000042       4.22818400E-02
   7.32000065       4.22480740E-02
   7.33000040       4.22085263E-02
   7.34000063       4.22019921E-02
   7.35000038       4.21900712E-02
   7.36000061       4.21792939E-02
   7.37000036       4.21642698E-02
   7.38000059       4.21369001E-02
   7.39000034       4.21048813E-02
   7.40000057       4.20960002E-02
   7.41000032       4.20647003E-02
   7.42000055       4.20755260E-02
   7.43000031       4.20364365E-02
   7.44000053       4.20333371E-02
   7.45000076       4.20011617E-02
   7.46000051       4.20069806E-02
   7.47000074       4.19821292E-02
   7.48000050       4.19739708E-02
   7.49000072       4.19335254E-02
   7.50000048       4.19366397E-02
   7.51000071       4.19230089E-02
   7.52000046       4.19155993E-02
   7.53000069       4.18769754E-02
   7.54000044       4.18742411E-02
   7.55000067       4.18316498E-02
   7.56000042       4.17866707E-02
   7.57000065       4.17823642E-02
   7.58000040       4.17886339E-02
   7.59000063       4.17764820E-02
   7.60000038       4.17678468E-02
   7.61000061       4.17219065E-02
   7.62000036       4.16802503E-02
   7.63000059       4.16767113E-02
   7.64000034       4.16589975E-02
   7.65000057       4.16247249E-02
   7.66000032       4.16097455E-02
   7.67000055       4.15773876E-02
   7.68000031       4.15939726E-02
   7.69000053       4.15441766E-02
   7.70000076       4.15370576E-02
   7.71000051       4.15437855E-02
   7.72000074       4.15053554E-02
   7.73000050       4.15069461E-02
   7.74000072       4.14652750E-02
   7.75000048       4.14104685E-02
   7.76000071       4.14033122E-02
   7.77000046       4.13603485E-02
   7.78000069       4.13714983E-02
   7.79000044       4.13511768E-02
   7.80000067       4.13041227E-02
   7.81000042       4.12933491E-02
   7.82000065       4.12326343E-02
   7.83000040       4.12334353E-02
   7.84000063       4.11978215E-02
   7.85000038       4.12174463E-02
   7.86000061       4.12066281E-02
   7.87000036       4.12126407E-02
   7.88000059       4.12178598E-02
   7.89000034       4.11624201E-02
   7.90000057       4.11817208E-02
   7.91000032       4.11885604E-02
   7.92000055       4.11861427E-02
   7.93000078       4.11611535E-02
   7.94000053       4.10949960E-02
   7.95000076       4.10550237E-02
   7.96000051       4.10719961E-02
   7.97000074       4.10444923E-02
   7.98000050       4.09914739E-02
   7.99000072       4.10137512E-02
   8.00000095       4.10096981E-02
   8.01000023       4.09760214E-02
   8.02000046       4.09642421E-02
   8.03000069       4.09678966E-02
   8.04000092       4.09475602E-02
   8.05000019       4.09255773E-02
   8.06000042       4.09210958E-02
   8.07000065       4.09096777E-02
   8.08000088       4.08753902E-02
   8.09000015       4.08484302E-02
   8.10000038       4.08226773E-02
   8.11000061       4.08075377E-02
   8.12000084       4.08050790E-02
   8.13000011       4.07849960E-02
   8.14000034       4.07423340E-02
   8.15000057       4.07788716E-02
   8.16000080       4.07636687E-02
   8.17000103       4.07546237E-02
   8.18000031       4.07192223E-02
   8.19000053       4.06755581E-02
   8.20000076       4.06384543E-02
   8.21000099       4.06603217E-02
   8.22000027       4.06714752E-02
   8.23000050       4.06545252E-02
   8.24000072       4.06346656E-02
   8.25000095       4.05870490E-02
   8.26000023       4.05961685E-02
   8.27000046       4.06189822E-02
   8.28000069       4.06052843E-02
   8.29000092       4.05932330E-02
   8.30000019       4.05570567E-02
   8.31000042       4.05408256E-02
   8.32000065       4.05125059E-02
   8.33000088       4.04829048E-02
   8.34000015       4.04365882E-02
   8.35000038       4.04282361E-02
   8.36000061       4.04161178E-02
   8.37000084       4.03822362E-02
   8.38000107       4.03592065E-02
   8.39000034       4.03516665E-02
   8.40000057       4.03223075E-02
   8.41000080       4.03088778E-02
   8.42000103       4.02920693E-02
   8.43000031       4.02794555E-02
   8.44000053       4.02693562E-02
   8.45000076       4.02381867E-02
   8.46000099       4.02276441E-02
   8.47000027       4.02061269E-02
   8.48000050       4.01740298E-02
   8.49000072       4.01397943E-02
   8.50000095       4.01211791E-02
   8.51000023       4.01017033E-02
   8.52000046       4.01000082E-02
   8.53000069       4.00923714E-02
   8.54000092       4.00677510E-02
   8.55000019       4.00465056E-02
   8.56000042       4.00107801E-02
   8.57000065       3.99741754E-02
   8.58000088       3.99754532E-02
   8.59000015       3.99592519E-02
   8.60000038       3.99490148E-02
   8.61000061       3.99575569E-02
   8.62000084       3.99541371E-02
   8.63000107       3.99015062E-02
   8.64000034       3.98479737E-02
   8.65000057       3.98153923E-02
   8.66000080       3.98209691E-02
   8.67000103       3.98110934E-02
   8.68000031       3.97797190E-02
   8.69000053       3.97861749E-02
   8.70000076       3.97215933E-02
   8.71000099       3.97164226E-02
   8.72000027       3.97034846E-02
   8.73000050       3.96901034E-02
   8.74000072       3.96641754E-02
   8.75000095       3.96512039E-02
   8.76000023       3.96477394E-02
   8.77000046       3.96347418E-02
   8.78000069       3.95926833E-02
   8.79000092       3.95709835E-02
   8.80000019       3.95405740E-02
   8.81000042       3.95501405E-02
   8.82000065       3.95283848E-02
   8.83000088       3.95471118E-02
   8.84000015       3.95266265E-02
   8.85000038       3.95161547E-02
   8.86000061       3.94965000E-02
   8.87000084       3.94912586E-02
   8.88000107       3.94715667E-02
   8.89000034       3.94711308E-02
   8.90000057       3.94273028E-02
   8.91000080       3.94602008E-02
   8.92000103       3.94356139E-02
   8.93000031       3.94074880E-02
   8.94000053       3.93938497E-02
   8.95000076       3.94163057E-02
   8.96000099       3.93841378E-02
   8.97000027       3.93611975E-02
   8.98000050       3.93227935E-02
   8.99000072       3.93201411E-02
   9.00000095       3.93183678E-02
   9.01000023       3.93152721E-02
   9.02000046       3.93055268E-02
   9.03000069       3.93112898E-02
   9.04000092       3.93033028E-02
   9.05000019       3.92650887E-02
   9.06000042       3.92708704E-02
   9.07000065       3.92882302E-02
   9.08000088       3.92592736E-02
   9.09000111       3.92325148E-02
   9.10000038       3.92280519E-02
   9.11000061       3.92070524E-02
   9.12000084       3.91990058E-02
   9.13000107       3.91766280E-02
   9.14000034       3.91300395E-02
   9.15000057       3.91851887E-02
   9.16000080       3.91991027E-02
   9.17000103       3.91523838E-02
   9.18000031       3.91514860E-02
   9.19000053       3.91573347E-02
   9.20000076       3.91064323E-02
   9.21000099       3.91276218E-02
   9.22000027       3.90978381E-02
   9.23000050       3.90829295E-02
   9.24000072       3.90404277E-02
   9.25000095       3.90381664E-02
   9.26000023       3.90254818E-02
   9.27000046       3.90146002E-02
   9.28000069       3.90404649E-02
   9.29000092       3.89891379E-02
   9.30000019       3.89764048E-02
   9.31000042       3.89641188E-02
   9.32000065       3.89427096E-02
   9.33000088       3.89527380E-02
   9.34000111       3.89536545E-02
   9.35000038       3.89107130E-02
   9.36000061       3.88942510E-02
   9.37000084       3.88960838E-02
   9.38000107       3.88887525E-02
   9.39000034       3.88795808E-02
   9.40000057       3.88543420E-02
   9.41000080       3.87987532E-02
   9.42000103       3.88024300E-02
   9.43000031       3.87978293E-02
   9.44000053       3.88061181E-02
   9.45000076       3.88056599E-02
   9.46000099       3.87895033E-02
   9.47000027       3.87511551E-02
   9.48000050       3.87830660E-02
   9.49000072       3.87775116E-02
   9.50000095       3.87858488E-02
   9.51000023       3.87705453E-02
   9.52000046       3.87176238E-02
   9.53000069       3.87139060E-02
   9.54000092       3.86999585E-02
   9.55000114       3.86850573E-02
   9.56000042       3.86738740E-02
   9.57000065       3.86463515E-02
   9.58000088       3.86384167E-02
   9.59000111       3.86332758E-02
   9.60000038       3.86557318E-02
   9.61000061       3.86257619E-02
   9.62000084       3.86032686E-02
   9.63000107       3.86121795E-02
   9.64000034       3.86074856E-02
   9.65000057       3.86206433E-02
   9.66000080       3.85707729E-02
   9.67000103       3.85684185E-02
   9.68000031       3.85410748E-02
   9.69000053       3.85457911E-02
   9.70000076       3.85061204E-02
   9.71000099       3.85453589E-02
   9.72000027       3.85316387E-02
   9.73000050       3.84994261E-02
   9.74000072       3.85183878E-02
   9.75000095       3.85444947E-02
   9.76000023       3.85003090E-02
   9.77000046       3.84694003E-02
   9.78000069       3.84774916E-02
   9.79000092       3.84489000E-02
   9.80000114       3.84536721E-02
   9.81000042       3.84360030E-02
   9.82000065       3.84317040E-02
   9.83000088       3.84508409E-02
   9.84000111       3.84585038E-02
   9.85000038       3.84589806E-02
   9.86000061       3.84364314E-02
   9.87000084       3.84301879E-02
   9.88000107       3.83768268E-02
   9.89000034       3.83590236E-02
   9.90000057       3.83354202E-02
   9.91000080       3.83513346E-02
   9.92000103       3.83329913E-02
   9.93000031       3.83088365E-02
   9.94000053       3.82817537E-02
   9.95000076       3.82594876E-02
   9.96000099       3.82546447E-02
   9.97000027       3.82590070E-02
   9.98000050       3.82458977E-02
   9.99000072       3.82313207E-02
   10.0000010       3.81933711E-02
   10.0100012       3.81622016E-02
   10.0200005       3.81700024E-02
   10.0300007       3.81563380E-02
   10.0400009       3.81426588E-02
   10.0500011       3.81715111E-02
   10.0600004       3.81661244E-02
   10.0700006       3.81372161E-02
   10.0800009       3.81563455E-02
   10.0900011       3.81219797E-02
   10.1000004       3.81494984E-02
   10.1100006       3.81160490E-02
   10.1200008       3.80978286E-02
   10.1300011       3.80736776E-02
   10.1400003       3.80504876E-02
   10.1500006       3.80401164E-02
   10.1600008       3.80534641E-02
   10.1700010       3.80366370E-02
   10.1800003       3.79880890E-02
   10.1900005       3.79989967E-02
   10.2000008       3.80461626E-02
   10.2100010       3.79964635E-02
   10.2200003       3.79860178E-02
   10.2300005       3.79870161E-02
   10.2400007       3.79371680E-02
   10.2500010       3.79681028E-02
   10.2600012       3.79980728E-02
   10.2700005       3.80030721E-02
   10.2800007       3.79685387E-02
   10.2900009       3.79820652E-02
   10.3000011       3.79374251E-02
   10.3100004       3.79148349E-02
   10.3200006       3.79218683E-02
   10.3300009       3.78997326E-02
   10.3400011       3.79067846E-02
   10.3500004       3.78911570E-02
   10.3600006       3.78598645E-02
   10.3700008       3.78452130E-02
   10.3800011       3.78634222E-02
   10.3900003       3.78482305E-02
   10.4000006       3.78097184E-02
   10.4100008       3.77742052E-02
   10.4200010       3.77691239E-02
   10.4300003       3.77381146E-02
   10.4400005       3.77691574E-02
   10.4500008       3.77604999E-02
   10.4600010       3.77701893E-02
   10.4700003       3.77007574E-02
   10.4800005       3.77099589E-02
   10.4900007       3.77396308E-02
   10.5000010       3.76945622E-02
   10.5100012       3.76658551E-02
   10.5200005       3.76679078E-02
   10.5300007       3.76581438E-02
   10.5400009       3.76355164E-02
   10.5500011       3.76123488E-02
   10.5600004       3.75747308E-02
   10.5700006       3.75685394E-02
   10.5800009       3.75396162E-02
   10.5900011       3.75509895E-02
   10.6000004       3.75401191E-02
   10.6100006       3.74888293E-02
   10.6200008       3.74530405E-02
   10.6300011       3.74483690E-02
   10.6400003       3.74291390E-02
   10.6500006       3.74374613E-02
   10.6600008       3.74093316E-02
   10.6700010       3.73989083E-02
   10.6800003       3.74103896E-02
   10.6900005       3.74177061E-02
   10.7000008       3.74124758E-02
   10.7100010       3.73705812E-02
   10.7200012       3.73836868E-02
   10.7300005       3.73605900E-02
   10.7400007       3.73548120E-02
   10.7500010       3.73232588E-02
   10.7600012       3.73264179E-02
   10.7700005       3.73127125E-02
   10.7800007       3.72905508E-02
   10.7900009       3.72937210E-02
   10.8000011       3.72804999E-02
   10.8100004       3.72492634E-02
   10.8200006       3.72312479E-02
   10.8300009       3.72248814E-02
   10.8400011       3.72036323E-02
   10.8500004       3.71690728E-02
   10.8600006       3.71504426E-02
   10.8700008       3.71078141E-02
   10.8800011       3.71051468E-02
   10.8900003       3.71120870E-02
   10.9000006       3.70987244E-02
   10.9100008       3.71035412E-02
   10.9200010       3.70799601E-02
   10.9300003       3.70569006E-02
   10.9400005       3.70735452E-02
   10.9500008       3.70009728E-02
   10.9600010       3.70413363E-02
   10.9700012       3.69874537E-02
   10.9800005       3.69480811E-02
   10.9900007       3.69200036E-02
   11.0000010       3.69400047E-02
   11.0100012       3.68940085E-02
   11.0200005       3.68891284E-02
   11.0300007       3.68934684E-02
   11.0400009       3.68902087E-02
   11.0500011       3.68836895E-02
   11.0600004       3.68989259E-02
   11.0700006       3.68804000E-02
   11.0800009       3.68553139E-02
   11.0900011       3.68301980E-02
   11.1000004       3.68356630E-02
   11.1100006       3.68192494E-02
   11.1200008       3.68077457E-02
   11.1300011       3.67940292E-02
   11.1400003       3.67973261E-02
   11.1500006       3.67791802E-02
   11.1600008       3.67538705E-02
   11.1700010       3.67400907E-02
   11.1800013       3.67141701E-02
   11.1900005       3.67152765E-02
   11.2000008       3.67058776E-02
   11.2100010       3.67031097E-02
   11.2200012       3.67069878E-02
   11.2300005       3.67008820E-02
   11.2400007       3.66792232E-02
   11.2500010       3.66497561E-02
   11.2600012       3.66380662E-02
   11.2700005       3.66436392E-02
   11.2800007       3.66163030E-02
   11.2900009       3.65755260E-02
   11.3000011       3.65749672E-02
   11.3100004       3.65598500E-02
   11.3200006       3.65424752E-02
   11.3300009       3.64914164E-02
   11.3400011       3.64790596E-02
   11.3500004       3.64694931E-02
   11.3600006       3.64565440E-02
   11.3700008       3.64255384E-02
   11.3800011       3.64102982E-02
   11.3900003       3.63871306E-02
   11.4000006       3.63407433E-02
   11.4100008       3.63481082E-02
   11.4200010       3.63333635E-02
   11.4300013       3.63401771E-02
   11.4400005       3.62816378E-02
   11.4500008       3.62878963E-02
   11.4600010       3.62662487E-02
   11.4700012       3.62742357E-02
   11.4800005       3.62142771E-02
   11.4900007       3.62028442E-02
   11.5000010       3.61896791E-02
   11.5100012       3.61518599E-02
   11.5200005       3.61225978E-02
   11.5300007       3.60904373E-02
   11.5400009       3.60697359E-02
   11.5500011       3.60564925E-02
   11.5600004       3.60253640E-02
   11.5700006       3.60276736E-02
   11.5800009       3.59906927E-02
   11.5900011       3.59912701E-02
   11.6000004       3.59941684E-02
   11.6100006       3.60040255E-02
   11.6200008       3.59918326E-02
   11.6300011       3.59499864E-02
   11.6400013       3.59400883E-02
   11.6500006       3.59360091E-02
   11.6600008       3.58735919E-02
   11.6700010       3.59057151E-02
   11.6800013       3.58624458E-02
   11.6900005       3.58682983E-02
   11.7000008       3.58313732E-02
   11.7100010       3.58108319E-02
   11.7200012       3.57984975E-02
   11.7300005       3.57714333E-02
   11.7400007       3.57355066E-02
   11.7500010       3.57195847E-02
   11.7600012       3.57555971E-02
   11.7700005       3.57118510E-02
   11.7800007       3.56745683E-02
   11.7900009       3.56650874E-02
   11.8000011       3.56710218E-02
   11.8100004       3.56567651E-02
   11.8200006       3.56002636E-02
   11.8300009       3.56068127E-02
   11.8400011       3.56133692E-02
   11.8500004       3.55805382E-02
   11.8600006       3.55369076E-02
   11.8700008       3.55363116E-02
   11.8800011       3.55333164E-02
   11.8900013       3.55015211E-02
   11.9000006       3.54792997E-02
   11.9100008       3.55051570E-02
   11.9200010       3.54931168E-02
   11.9300013       3.54846716E-02
   11.9400005       3.54967490E-02
   11.9500008       3.54774073E-02
   11.9600010       3.54459435E-02
   11.9700012       3.54114100E-02
   11.9800005       3.53744030E-02
   11.9900007       3.53634730E-02
   12.0000010       3.53209004E-02
   12.0100012       3.53282057E-02
   12.0200005       3.53233330E-02
   12.0300007       3.52879278E-02
   12.0400009       3.52714248E-02
   12.0500011       3.52671407E-02
   12.0600004       3.52732725E-02
   12.0700006       3.53211239E-02
   12.0800009       3.52627672E-02
   12.0900011       3.52806039E-02
   12.1000004       3.52639742E-02
   12.1100006       3.52584235E-02
   12.1200008       3.52361947E-02
   12.1300011       3.52021977E-02
   12.1400013       3.52046750E-02
   12.1500006       3.52028161E-02
   12.1600008       3.51947471E-02
   12.1700010       3.51966098E-02
   12.1800013       3.51978540E-02
   12.1900005       3.51299569E-02
   12.2000008       3.51499133E-02
   12.2100010       3.51055749E-02
   12.2200012       3.51105779E-02
   12.2300005       3.50936726E-02
   12.2400007       3.50711010E-02
   12.2500010       3.50698456E-02
   12.2600012       3.50264795E-02
   12.2700005       3.50120030E-02
   12.2800007       3.49899456E-02
   12.2900009       3.49546075E-02
   12.3000011       3.49602923E-02
   12.3100004       3.49343531E-02
   12.3200006       3.49337198E-02
   12.3300009       3.49001028E-02
   12.3400011       3.48384939E-02
   12.3500013       3.48346792E-02
   12.3600006       3.47964689E-02
   12.3700008       3.47327106E-02
   12.3800011       3.47467549E-02
   12.3900013       3.47435586E-02
   12.4000006       3.47563624E-02
   12.4100008       3.47281620E-02
   12.4200010       3.47750112E-02
   12.4300013       3.47280949E-02
   12.4400005       3.47158723E-02
   12.4500008       3.47248912E-02
   12.4600010       3.46771441E-02
   12.4700012       3.46306227E-02
   12.4800005       3.46209221E-02
   12.4900007       3.45567875E-02
   12.5000010       3.45866308E-02
   12.5100012       3.45554501E-02
   12.5200005       3.45762633E-02
   12.5300007       3.45521644E-02
   12.5400009       3.45326029E-02
   12.5500011       3.44914570E-02
   12.5600004       3.44528817E-02
   12.5700006       3.44142467E-02
   12.5800009       3.43650728E-02
   12.5900011       3.43519412E-02
   12.6000013       3.43874432E-02
   12.6100006       3.43630835E-02
   12.6200008       3.43301222E-02
   12.6300011       3.43182422E-02
   12.6400013       3.43030356E-02
   12.6500006       3.42646465E-02
   12.6600008       3.42076458E-02
   12.6700010       3.41737941E-02
   12.6800013       3.41605023E-02
   12.6900005       3.41425315E-02
   12.7000008       3.41292061E-02
   12.7100010       3.41405496E-02
   12.7200012       3.41318622E-02
   12.7300005       3.40562426E-02
   12.7400007       3.40441801E-02
   12.7500010       3.40576023E-02
   12.7600012       3.40515561E-02
   12.7700005       3.40300202E-02
   12.7800007       3.40138488E-02
   12.7900009       3.39801088E-02
   12.8000011       3.39855179E-02
   12.8100014       3.39848436E-02
   12.8200006       3.39658707E-02
   12.8300009       3.39366905E-02
   12.8400011       3.39047536E-02
   12.8500013       3.38979512E-02
   12.8600006       3.38706933E-02
   12.8700008       3.38461325E-02
   12.8800011       3.38317826E-02
   12.8900013       3.38673629E-02
   12.9000006       3.38378996E-02
   12.9100008       3.38495672E-02
   12.9200010       3.38852964E-02
   12.9300013       3.38667184E-02
   12.9400005       3.38536240E-02
   12.9500008       3.38080786E-02
   12.9600010       3.38205174E-02
   12.9700012       3.37921456E-02
   12.9800005       3.37540284E-02
   12.9900007       3.37623581E-02
   13.0000010       3.37157920E-02
   13.0100012       3.37095261E-02
   13.0200005       3.36941928E-02
   13.0300007       3.36900055E-02
   13.0400009       3.36837173E-02
   13.0500011       3.35941128E-02
   13.0600014       3.36095355E-02
   13.0700006       3.35330181E-02
   13.0800009       3.34795862E-02
   13.0900011       3.35091539E-02
   13.1000013       3.35140899E-02
   13.1100006       3.35204452E-02
   13.1200008       3.34263965E-02
   13.1300011       3.34221497E-02
   13.1400013       3.34044211E-02
   13.1500006       3.34342457E-02
   13.1600008       3.34541611E-02
   13.1700010       3.34185511E-02
   13.1800013       3.33807431E-02
   13.1900005       3.33235897E-02
   13.2000008       3.32942568E-02
   13.2100010       3.33365314E-02
   13.2200012       3.32956277E-02
   13.2300005       3.33164707E-02
   13.2400007       3.33128721E-02
   13.2500010       3.32674608E-02
   13.2600012       3.32768448E-02
   13.2700014       3.32616679E-02
   13.2800007       3.32232974E-02
   13.2900009       3.31928469E-02
   13.3000011       3.31790484E-02
   13.3100014       3.31848674E-02
   13.3200006       3.32030728E-02
   13.3300009       3.31819206E-02
   13.3400011       3.31475884E-02
   13.3500013       3.31410058E-02
   13.3600006       3.30911800E-02
   13.3700008       3.30765061E-02
   13.3800011       3.30610760E-02
   13.3900013       3.30485590E-02
   13.4000006       3.30013819E-02
   13.4100008       3.30095030E-02
   13.4200010       3.29777077E-02
   13.4300013       3.29540148E-02
   13.4400005       3.29428911E-02
   13.4500008       3.29168923E-02
   13.4600010       3.29072252E-02
   13.4700012       3.28997709E-02
   13.4800005       3.28423195E-02
   13.4900007       3.28468047E-02
   13.5000010       3.28108780E-02
   13.5100012       3.27958800E-02
   13.5200014       3.28131504E-02
   13.5300007       3.28026228E-02
   13.5400009       3.27687338E-02
   13.5500011       3.27340364E-02
   13.5600014       3.27249728E-02
   13.5700006       3.27060595E-02
   13.5800009       3.26689258E-02
   13.5900011       3.26529890E-02
   13.6000013       3.26066166E-02
   13.6100006       3.26028094E-02
   13.6200008       3.25906090E-02
   13.6300011       3.26219238E-02
   13.6400013       3.25867347E-02
   13.6500006       3.26020606E-02
   13.6600008       3.26266140E-02
   13.6700010       3.26573588E-02
   13.6800013       3.25903855E-02
   13.6900005       3.25502940E-02
   13.7000008       3.25695984E-02
   13.7100010       3.25603187E-02
   13.7200012       3.25223580E-02
   13.7300005       3.25122699E-02
   13.7400007       3.24866250E-02
   13.7500010       3.25302146E-02
   13.7600012       3.24982516E-02
   13.7700014       3.24982516E-02
   13.7800007       3.24841738E-02
   13.7900009       3.24395150E-02
   13.8000011       3.24371643E-02
   13.8100014       3.24796028E-02
   13.8200006       3.24740931E-02
   13.8300009       3.24567445E-02
   13.8400011       3.24354209E-02
   13.8500013       3.24654803E-02
   13.8600006       3.24076377E-02
   13.8700008       3.24243046E-02
   13.8800011       3.24123800E-02
   13.8900013       3.24299000E-02
   13.9000006       3.23772617E-02
   13.9100008       3.23301293E-02
   13.9200010       3.23229283E-02
   13.9300013       3.23068984E-02
   13.9400005       3.22723761E-02
   13.9500008       3.22788097E-02
   13.9600010       3.22473943E-02
   13.9700012       3.22441682E-02
   13.9800014       3.22134569E-02
   13.9900007       3.22029330E-02
   14.0000010       3.21867168E-02
   14.0100012       3.21542285E-02
   14.0200014       3.21460925E-02
   14.0300007       3.21420208E-02
   14.0400009       3.21020186E-02
   14.0500011       3.21093798E-02
   14.0600014       3.21061015E-02
   14.0700006       3.21175903E-02
   14.0800009       3.21167670E-02
   14.0900011       3.20204534E-02
   14.1000013       3.19742784E-02
   14.1100006       3.19784097E-02
   14.1200008       3.19726169E-02
   14.1300011       3.19543816E-02
   14.1400013       3.19560431E-02
   14.1500006       3.19701806E-02
   14.1600008       3.19885090E-02
   14.1700010       3.19835022E-02
   14.1800013       3.19626033E-02
   14.1900005       3.19374837E-02
   14.2000008       3.18796076E-02
   14.2100010       3.18627991E-02
   14.2200012       3.18207107E-02
   14.2300014       3.17886733E-02
   14.2400007       3.17852944E-02
   14.2500010       3.17649879E-02
   14.2600012       3.17836329E-02
   14.2700014       3.17258984E-02
   14.2800007       3.17131393E-02
   14.2900009       3.16773579E-02
   14.3000011       3.16688195E-02
   14.3100014       3.16235051E-02
   14.3200006       3.16226482E-02
   14.3300009       3.15780304E-02
   14.3400011       3.16313244E-02
   14.3500013       3.16080749E-02
   14.3600006       3.16072106E-02
   14.3700008       3.15657333E-02
   14.3800011       3.15605365E-02
   14.3900013       3.15093733E-02
   14.4000006       3.14711481E-02
   14.4100008       3.14850733E-02
   14.4200010       3.14545557E-02
   14.4300013       3.13925445E-02
   14.4400015       3.13601717E-02
   14.4500008       3.13671827E-02
   14.4600010       3.13267857E-02
   14.4700012       3.12889591E-02
   14.4800014       3.12819071E-02
   14.4900007       3.12907360E-02
   14.5000010       3.12765837E-02
   14.5100012       3.12765837E-02
   14.5200014       3.11984569E-02
   14.5300007       3.12278066E-02
   14.5400009       3.12483013E-02
   14.5500011       3.11742090E-02
   14.5600014       3.11938841E-02
   14.5700006       3.11643165E-02
   14.5800009       3.11634205E-02
   14.5900011       3.11805066E-02
   14.6000013       3.11543792E-02
   14.6100006       3.11002228E-02
   14.6200008       3.10794245E-02
   14.6300011       3.10522448E-02
   14.6400013       3.10949050E-02
   14.6500006       3.10148820E-02
   14.6600008       3.09775285E-02
   14.6700010       3.09684016E-02
   14.6800013       3.09373066E-02
   14.6900015       3.09125707E-02
   14.7000008       3.09171602E-02
   14.7100010       3.08969282E-02
   14.7200012       3.08766533E-02
   14.7300014       3.08868084E-02
   14.7400007       3.08562871E-02
   14.7500010       3.08525804E-02
   14.7600012       3.08247264E-02
   14.7700014       3.08414716E-02
   14.7800007       3.08200363E-02
   14.7900009       3.08191013E-02
   14.8000011       3.07826120E-02
   14.8100014       3.07244956E-02
   14.8200006       3.07705160E-02
   14.8300009       3.07441689E-02
   14.8400011       3.07451114E-02
   14.8500013       3.07167713E-02
   14.8600006       3.06883752E-02
   14.8700008       3.06836329E-02
   14.8800011       3.06655783E-02
   14.8900013       3.06474902E-02
   14.9000015       3.06074247E-02
   14.9100008       3.05863954E-02
   14.9200010       3.05873528E-02
   14.9300013       3.05460915E-02
   14.9400015       3.05287875E-02
   14.9500008       3.05788796E-02
   14.9600010       3.05672996E-02
   14.9700012       3.05972807E-02
   14.9800014       3.06040645E-02
   14.9900007       3.05399764E-02
   15.0000010       3.05039734E-02
   15.0100012       3.04678995E-02
   15.0200014       3.04552000E-02
   15.0300007       3.04816291E-02
   15.0400009       3.04757450E-02
   15.0500011       3.04472428E-02
   15.0600014       3.04058790E-02
   15.0700006       3.04058790E-02
   15.0800009       3.03772036E-02
   15.0900011       3.03435139E-02
   15.1000013       3.03375591E-02
   15.1100006       3.02579664E-02
   15.1200008       3.02190874E-02
   15.1300011       3.01961098E-02
   15.1400013       3.01991124E-02
   15.1500015       3.02121546E-02
   15.1600008       3.02222054E-02
   15.1700010       3.01839299E-02
   15.1800013       3.01667713E-02
   15.1900015       3.01991384E-02
   15.2000008       3.02123129E-02
   15.2100010       3.01869214E-02
   15.2200012       3.02032065E-02
   15.2300014       3.02287042E-02
   15.2400007       3.01837344E-02
   15.2500010       3.01919281E-02
   15.2600012       3.01867947E-02
   15.2700014       3.01806238E-02
   15.2800007       3.01919617E-02
   15.2900009       3.01620085E-02
   15.3000011       3.01578660E-02
   15.3100014       3.01412698E-02
   15.3200006       3.00799366E-02
   15.3300009       3.00934799E-02
   15.3400011       3.00391912E-02
   15.3500013       3.00161727E-02
   15.3600006       3.00056897E-02
   15.3700008       3.00403647E-02
   15.3800011       3.00656371E-02
   15.3900013       3.00656371E-02
   15.4000015       3.00836172E-02
   15.4100008       3.00655980E-02
   15.4200010       2.99806204E-02
   15.4300013       2.99721025E-02
   15.4400015       2.99635679E-02
   15.4500008       2.99090333E-02
   15.4600010       2.99154650E-02
   15.4700012       2.98821684E-02
   15.4800014       2.99036987E-02
   15.4900007       2.98713353E-02
   15.5000010       2.98345778E-02
   15.5100012       2.98248269E-02
   15.5200014       2.97694411E-02
   15.5300007       2.97433212E-02
   15.5400009       2.97051426E-02
   15.5500011       2.97062360E-02
   15.5600014       2.97182892E-02
   15.5700006       2.96787526E-02
   15.5800009       2.96611413E-02
   15.5900011       2.96545234E-02
   15.6000013       2.96423603E-02
   15.6100016       2.96423603E-02
   15.6200008       2.96356957E-02
   15.6300011       2.95967329E-02
   15.6400013       2.95889210E-02
   15.6500015       2.95810923E-02
   15.6600008       2.95721255E-02
   15.6700010       2.95283068E-02
   15.6800013       2.95339357E-02
   15.6900015       2.95395814E-02
   15.7000008       2.94875354E-02
   15.7100010       2.94864010E-02
   15.7200012       2.95057260E-02
   15.7300014       2.94954702E-02
   15.7400007       2.95068920E-02
   15.7500010       2.94645373E-02
   15.7600012       2.94278208E-02
   15.7700014       2.93933172E-02
   15.7800007       2.93714106E-02
   15.7900009       2.93725673E-02
   15.8000011       2.93100178E-02
   15.8100014       2.92867962E-02
   15.8200006       2.92425677E-02
   15.8300009       2.92752348E-02
   15.8400011       2.92413197E-02
   15.8500013       2.92249080E-02
   15.8600016       2.92202067E-02
   15.8700008       2.92225629E-02
   15.8800011       2.91824136E-02
   15.8900013       2.91279610E-02
   15.9000015       2.91066039E-02
   15.9100008       2.90851928E-02
   15.9200010       2.90637277E-02
   15.9300013       2.89991796E-02
   15.9400015       2.89824046E-02
   15.9500008       2.89631840E-02
   15.9600010       2.89812479E-02
   15.9700012       2.89824549E-02
   15.9800014       2.89473571E-02
   15.9900007       2.89412923E-02
