   0.00000000       2.55880451    
   1.00000007E-02   2.41092348    
   2.00000014E-02   2.23516464    
   3.00000012E-02   2.02843976    
   4.00000028E-02   1.75919461    
   5.00000045E-02   1.40140235    
   6.00000024E-02  0.810794771    
   7.00000077E-02  0.397578835    
   8.00000057E-02   4.36287969E-02
   9.00000036E-02  -8.64103287E-02
  0.100000009     -0.209753916    
  0.110000007     -0.200424790    
  0.120000005     -0.284547806    
  0.130000010     -0.311943263    
  0.140000015     -0.436938584    
  0.150000006     -0.522430658    
  0.160000011     -0.711579680    
  0.170000017     -0.782628834    
  0.180000007     -0.852873564    
  0.190000013     -0.840878129    
  0.200000018     -0.862255335    
  0.210000008     -0.831662774    
  0.220000014     -0.926457226    
  0.230000019     -0.947236717    
  0.240000010      -1.02466369    
  0.250000030      -1.02090418    
  0.260000020     -0.976799607    
  0.270000011      -1.02931476    
  0.280000031      -1.06028867    
  0.290000021      -1.14787447    
  0.300000012      -1.06282175    
  0.310000032      -1.19204867    
  0.320000023      -1.18558443    
  0.330000013      -1.21868241    
  0.340000033      -1.25115573    
  0.350000024      -1.34751844    
  0.360000014      -1.39345407    
  0.370000035      -1.55130243    
  0.380000025      -1.52519810    
  0.390000015      -1.52142644    
  0.400000036      -1.39654076    
  0.410000026      -1.56215489    
  0.420000017      -1.45536661    
  0.430000037      -1.58333826    
  0.440000027      -1.59135389    
  0.450000018      -1.55325639    
  0.460000038      -1.60688508    
  0.470000029      -1.64411891    
  0.480000019      -1.54954219    
  0.490000039      -1.56706667    
  0.500000060      -1.59317303    
  0.510000050      -1.69899952    
  0.520000041      -1.80399752    
  0.530000031      -1.88759828    
  0.540000021      -1.79806733    
  0.550000012      -1.73842311    
  0.560000062      -1.82997942    
  0.570000052      -1.70525563    
  0.580000043      -1.72314370    
  0.590000033      -1.79648542    
  0.600000024      -1.80981386    
  0.610000014      -1.79561377    
  0.620000064      -1.71825492    
  0.630000055      -1.65298653    
  0.640000045      -1.69356382    
  0.650000036      -1.80443811    
  0.660000026      -1.81489301    
  0.670000076      -1.76120389    
  0.680000067      -1.70720851    
  0.690000057      -1.64925289    
  0.700000048      -1.69757056    
  0.710000038      -1.59138095    
  0.720000029      -1.68123102    
  0.730000079      -1.83775151    
  0.740000069      -1.80354571    
  0.750000060      -1.72052205    
  0.760000050      -1.67721331    
  0.770000041      -1.68596208    
  0.780000031      -1.74805331    
  0.790000081      -1.75082481    
  0.800000072      -1.94619811    
  0.810000062      -1.81135821    
  0.820000052      -1.86030865    
  0.830000043      -1.73186004    
  0.840000033      -1.53214002    
  0.850000083      -1.60008025    
  0.860000074      -1.60157394    
  0.870000064      -1.59325409    
  0.880000055      -1.72450781    
  0.890000045      -1.64213729    
  0.900000036      -1.81626284    
  0.910000086      -1.73278761    
  0.920000076      -1.81844306    
  0.930000067      -1.83453119    
  0.940000057      -1.86618745    
  0.950000048      -2.06372786    
  0.960000038      -2.12528896    
  0.970000088      -2.34947991    
  0.980000079      -2.42636967    
  0.990000069      -2.15598631    
   1.00000012      -2.17583275    
   1.01000011      -1.98102915    
   1.02000010      -2.05172634    
   1.03000009      -2.06758356    
   1.04000008      -2.12290144    
   1.05000007      -2.17504883    
   1.06000006      -1.95541537    
   1.07000005      -1.86626339    
   1.08000004      -1.79827809    
   1.09000003      -1.83907497    
   1.10000002      -1.88208735    
   1.11000013      -2.02493000    
   1.12000012      -2.17229486    
   1.13000011      -2.02295160    
   1.14000010      -1.92845047    
   1.15000010      -1.99772513    
   1.16000009      -2.00740314    
   1.17000008      -2.14891768    
   1.18000007      -2.12958670    
   1.19000006      -2.00511003    
   1.20000005      -2.08883691    
   1.21000004      -2.11835742    
   1.22000003      -1.90399659    
   1.23000014      -1.92701519    
   1.24000013      -2.06431699    
   1.25000012      -2.13669801    
   1.26000011      -1.94237721    
   1.27000010      -1.89931726    
   1.28000009      -1.88187528    
   1.29000008      -1.80888665    
   1.30000007      -1.93417907    
   1.31000006      -1.88895643    
   1.32000005      -1.90332305    
   1.33000004      -1.96315515    
   1.34000015      -1.83616066    
   1.35000014      -1.84998786    
   1.36000013      -1.77010465    
   1.37000012      -1.82840908    
   1.38000011      -1.92891407    
   1.39000010      -2.05385637    
   1.40000010      -2.17644811    
   1.41000009      -1.93870938    
   1.42000008      -1.79875612    
   1.43000007      -1.95987535    
   1.44000006      -1.99693000    
   1.45000005      -2.07577658    
   1.46000016      -2.08494258    
   1.47000015      -2.20906901    
   1.48000014      -2.30753851    
   1.49000013      -2.21004701    
   1.50000012      -1.97104239    
   1.51000011      -1.99638271    
   1.52000010      -2.34942484    
   1.53000009      -2.40793395    
   1.54000008      -2.27478552    
   1.55000007      -2.25325918    
   1.56000006      -2.27580905    
   1.57000005      -2.20474172    
   1.58000016      -2.33755350    
   1.59000015      -2.33270669    
   1.60000014      -2.25715590    
   1.61000013      -2.29426408    
   1.62000012      -2.28114080    
   1.63000011      -2.09399080    
   1.64000010      -2.09818006    
   1.65000010      -2.24623752    
   1.66000009      -2.39258122    
   1.67000008      -2.31059790    
   1.68000007      -2.26923656    
   1.69000018      -2.23830819    
   1.70000017      -2.07502842    
   1.71000016      -2.18163610    
   1.72000015      -2.33809519    
   1.73000014      -2.27864909    
   1.74000013      -2.38875055    
   1.75000012      -2.42963672    
   1.76000011      -2.12794280    
   1.77000010      -2.07183218    
   1.78000009      -1.95711088    
   1.79000008      -2.26150680    
   1.80000007      -2.34310842    
   1.81000018      -2.24632311    
   1.82000017      -2.13664937    
   1.83000016      -2.20603776    
   1.84000015      -2.12163520    
   1.85000014      -2.03331709    
   1.86000013      -2.19638634    
   1.87000012      -2.12632966    
   1.88000011      -2.29881573    
   1.89000010      -2.24524999    
   1.90000010      -2.05544257    
   1.91000009      -1.87575459    
   1.92000008      -2.10597968    
   1.93000019      -2.15121722    
   1.94000018      -2.03527665    
   1.95000017      -2.21934700    
   1.96000016      -2.19950843    
   1.97000015      -1.93956780    
   1.98000014      -2.10396147    
   1.99000013      -1.91255260    
   2.00000024      -2.01159954    
   2.01000023      -1.98308587    
   2.02000022      -2.17519879    
   2.03000021      -2.07689285    
   2.04000020      -1.89904940    
   2.05000019      -2.04008961    
   2.06000018      -2.00986695    
   2.07000017      -2.01657200    
   2.08000016      -2.24172664    
   2.09000015      -2.21299911    
   2.10000014      -2.34866142    
   2.11000013      -2.31335950    
   2.12000012      -2.24895024    
   2.13000011      -2.03062534    
   2.14000010      -2.07843328    
   2.15000010      -2.23801041    
   2.16000009      -2.28300500    
   2.17000008      -2.15193629    
   2.18000007      -2.03466034    
   2.19000006      -2.00009680    
   2.20000005      -1.93615913    
   2.21000004      -2.01072216    
   2.22000027      -2.17717123    
   2.23000026      -2.07013202    
   2.24000025      -2.15497613    
   2.25000024      -2.19179940    
   2.26000023      -2.19077849    
   2.27000022      -2.00031376    
   2.28000021      -2.01611233    
   2.29000020      -2.24001241    
   2.30000019      -2.22900939    
   2.31000018      -2.54288030    
   2.32000017      -2.18883634    
   2.33000016      -2.12855053    
   2.34000015      -2.25702119    
   2.35000014      -2.20304441    
   2.36000013      -2.28219771    
   2.37000012      -2.25496125    
   2.38000011      -2.43984842    
   2.39000010      -2.61315227    
   2.40000010      -2.47513533    
   2.41000009      -2.62291002    
   2.42000008      -2.26460719    
   2.43000007      -2.61017299    
   2.44000006      -2.78011107    
   2.45000029      -2.80305266    
   2.46000028      -3.15805864    
   2.47000027      -3.00329161    
   2.48000026      -2.75900841    
   2.49000025      -2.61759877    
   2.50000024      -2.60496116    
   2.51000023      -2.83967161    
   2.52000022      -2.96160674    
   2.53000021      -3.19081783    
   2.54000020      -2.62750673    
   2.55000019      -2.61231375    
   2.56000018      -2.68388486    
   2.57000017      -2.63677621    
   2.58000016      -2.55105472    
   2.59000015      -2.83299136    
   2.60000014      -2.67972612    
   2.61000013      -2.80129099    
   2.62000012      -2.75368381    
   2.63000011      -2.54030657    
   2.64000010      -2.49195910    
   2.65000010      -2.84589815    
   2.66000009      -2.58112550    
   2.67000008      -2.40759754    
   2.68000031      -2.35658550    
   2.69000030      -2.54873848    
   2.70000029      -2.70424819    
   2.71000028      -3.01586032    
   2.72000027      -2.85628319    
   2.73000026      -2.64427519    
   2.74000025      -2.48124027    
   2.75000024      -2.47524714    
   2.76000023      -2.46427202    
   2.77000022      -2.54203224    
   2.78000021      -2.58544087    
   2.79000020      -2.51830006    
   2.80000019      -2.25573540    
   2.81000018      -2.16795254    
   2.82000017      -2.13813949    
   2.83000016      -2.24982786    
   2.84000015      -2.31812882    
   2.85000014      -2.35881138    
   2.86000013      -2.38186955    
   2.87000012      -2.42269421    
   2.88000011      -2.37120152    
   2.89000010      -2.67730808    
   2.90000010      -2.61723757    
   2.91000032      -2.96590424    
   2.92000031      -3.15188050    
   2.93000031      -2.81336570    
   2.94000030      -2.60953093    
   2.95000029      -2.84297919    
   2.96000028      -3.03931093    
   2.97000027      -2.73100424    
   2.98000026      -2.58793640    
   2.99000025      -2.78903222    
   3.00000024      -2.49713492    
   3.01000023      -2.57091260    
   3.02000022      -2.57272959    
   3.03000021      -2.45664763    
   3.04000020      -2.63380718    
   3.05000019      -2.40796232    
   3.06000018      -2.22778654    
   3.07000017      -2.24391460    
   3.08000016      -2.76637483    
   3.09000015      -2.70752835    
   3.10000014      -2.54543853    
   3.11000013      -2.69971085    
   3.12000012      -2.79785252    
   3.13000011      -2.60076737    
   3.14000010      -2.66832995    
   3.15000033      -2.53296423    
   3.16000032      -2.78038764    
   3.17000031      -3.14992142    
   3.18000031      -3.82271218    
   3.19000030      -2.73581338    
   3.20000029      -2.76601243    
   3.21000028      -2.57254434    
   3.22000027      -2.45706439    
   3.23000026      -2.56458068    
   3.24000025      -2.73440647    
   3.25000024      -2.91267085    
   3.26000023      -3.02361345    
   3.27000022      -2.85888171    
   3.28000021      -2.55488348    
   3.29000020      -2.43534589    
   3.30000019      -2.51555848    
   3.31000018      -2.43557310    
   3.32000017      -2.74862671    
   3.33000016      -2.85969400    
   3.34000015      -2.73334718    
   3.35000014      -2.61436105    
   3.36000013      -2.36984777    
   3.37000012      -2.34266329    
   3.38000035      -2.59307313    
   3.39000034      -2.83274770    
   3.40000033      -2.72389245    
   3.41000032      -2.67607880    
   3.42000031      -3.10653710    
   3.43000031      -2.68294954    
   3.44000030      -2.59868646    
   3.45000029      -2.72002435    
   3.46000028      -2.92492867    
   3.47000027      -3.10039425    
   3.48000026      -3.06185055    
   3.49000025      -2.96944404    
   3.50000024      -2.64113545    
   3.51000023      -2.69321227    
   3.52000022      -3.07954288    
   3.53000021      -3.00721717    
   3.54000020      -3.51716137    
   3.55000019      -3.29408765    
   3.56000018      -3.07906508    
   3.57000017      -3.04129314    
   3.58000016      -2.89855623    
   3.59000015      -3.26645184    
   3.60000014      -2.81465435    
   3.61000037      -3.17052126    
   3.62000036      -3.00153804    
   3.63000035      -2.81950378    
   3.64000034      -2.40442681    
   3.65000033      -2.40279508    
   3.66000032      -2.40970707    
   3.67000031      -2.73619413    
   3.68000031      -2.64691305    
   3.69000030      -2.96824050    
   3.70000029      -2.64177179    
   3.71000028      -2.82503963    
   3.72000027      -2.88897228    
   3.73000026      -3.00468636    
   3.74000025      -3.14925718    
   3.75000024      -3.51086712    
   3.76000023      -3.85872102    
   3.77000022      -3.45084167    
   3.78000021      -2.88579106    
   3.79000020      -2.77361155    
   3.80000019      -2.74852753    
   3.81000018      -3.08198476    
   3.82000017      -2.89139628    
   3.83000016      -2.75570393    
   3.84000015      -2.77749205    
   3.85000038      -2.41362548    
   3.86000037      -2.45319223    
   3.87000036      -2.30115700    
   3.88000035      -2.51204062    
   3.89000034      -2.40391326    
   3.90000033      -2.37240052    
   3.91000032      -2.51126313    
   3.92000031      -2.39238071    
   3.93000031      -2.55334663    
   3.94000030      -2.58542585    
   3.95000029      -2.57112408    
   3.96000028      -2.72765088    
   3.97000027      -2.64479613    
   3.98000026      -2.55230832    
   3.99000025      -2.65735316    
   4.00000048      -2.66151905    
   4.01000023      -2.96541190    
   4.02000046      -2.69947863    
   4.03000021      -2.54151058    
   4.04000044      -2.55382466    
   4.05000019      -2.55063939    
   4.06000042      -2.34003901    
   4.07000017      -2.64321494    
   4.08000040      -2.65042734    
   4.09000015      -2.77665377    
   4.10000038      -2.84744263    
   4.11000013      -2.67084122    
   4.12000036      -2.62734413    
   4.13000011      -2.55195212    
   4.14000034      -2.63189220    
   4.15000010      -2.62806749    
   4.16000032      -2.40771675    
   4.17000008      -2.51989341    
   4.18000031      -2.36351895    
   4.19000053      -2.57390928    
   4.20000029      -2.68829560    
   4.21000051      -2.27134895    
   4.22000027      -2.30830193    
   4.23000050      -2.32648706    
   4.24000025      -2.30410075    
   4.25000048      -2.50811863    
   4.26000023      -2.61908698    
   4.27000046      -2.72885180    
   4.28000021      -2.66637874    
   4.29000044      -2.49580145    
   4.30000019      -2.40930176    
   4.31000042      -2.43068123    
   4.32000017      -2.75886631    
   4.33000040      -2.90725565    
   4.34000015      -2.79396963    
   4.35000038      -3.04580593    
   4.36000013      -2.64829445    
   4.37000036      -2.60311866    
   4.38000011      -2.60729074    
   4.39000034      -2.68707538    
   4.40000010      -2.71171570    
   4.41000032      -2.75423121    
   4.42000008      -2.73465419    
   4.43000031      -2.88423586    
   4.44000053      -2.90835381    
   4.45000029      -2.68667078    
   4.46000051      -2.48680663    
   4.47000027      -2.67371178    
   4.48000050      -2.45932865    
   4.49000025      -2.59797382    
   4.50000048      -2.61142230    
   4.51000023      -2.82708454    
   4.52000046      -2.65224433    
   4.53000021      -2.39099312    
   4.54000044      -2.26859093    
   4.55000019      -2.24466515    
   4.56000042      -2.44152427    
   4.57000017      -2.46434236    
   4.58000040      -2.53600025    
   4.59000015      -2.79492760    
   4.60000038      -2.60184360    
   4.61000013      -2.47885871    
   4.62000036      -2.49266148    
   4.63000011      -2.81908870    
   4.64000034      -2.83192945    
   4.65000010      -2.87353110    
   4.66000032      -2.82734513    
   4.67000055      -2.72793913    
   4.68000031      -2.74265289    
   4.69000053      -2.85780787    
   4.70000029      -2.75917435    
   4.71000051      -2.93917084    
   4.72000027      -3.21224284    
   4.73000050      -2.90813422    
   4.74000025      -2.79020143    
   4.75000048      -2.74851847    
   4.76000023      -2.72574544    
   4.77000046      -3.08681607    
   4.78000021      -3.14848423    
   4.79000044      -3.02128386    
   4.80000019      -2.65946746    
   4.81000042      -2.68949509    
   4.82000017      -2.66084623    
   4.83000040      -2.61862469    
   4.84000015      -2.52792716    
   4.85000038      -2.57178831    
   4.86000013      -2.86218810    
   4.87000036      -2.56885195    
   4.88000011      -2.44082475    
   4.89000034      -2.37380433    
   4.90000057      -2.31630111    
   4.91000032      -2.58783603    
   4.92000055      -2.45660377    
   4.93000031      -2.38084030    
   4.94000053      -2.43778086    
   4.95000029      -2.71404576    
   4.96000051      -2.79348207    
   4.97000027      -2.77817249    
   4.98000050      -3.12731528    
   4.99000025      -2.96020389    
   5.00000048      -2.94181180    
   5.01000023      -3.30317903    
   5.02000046      -2.96781993    
   5.03000021      -2.86111760    
   5.04000044      -2.87850904    
   5.05000019      -2.68780947    
   5.06000042      -2.62707210    
   5.07000017      -2.40018511    
   5.08000040      -2.36245489    
   5.09000015      -2.47227335    
   5.10000038      -2.86424828    
   5.11000013      -2.86350846    
   5.12000036      -2.78845334    
   5.13000059      -2.79214692    
   5.14000034      -2.96306419    
   5.15000057      -2.76731038    
   5.16000032      -2.79416513    
   5.17000055      -3.14370561    
   5.18000031      -2.91564608    
   5.19000053      -3.17929554    
   5.20000029      -2.80688810    
   5.21000051      -2.59672117    
   5.22000027      -2.50655818    
   5.23000050      -2.47160411    
   5.24000025      -2.49695730    
   5.25000048      -2.43909311    
   5.26000023      -2.48469949    
   5.27000046      -2.28786469    
   5.28000021      -2.26905799    
   5.29000044      -2.35627604    
   5.30000019      -2.21839356    
   5.31000042      -2.40812302    
   5.32000017      -2.36982679    
   5.33000040      -2.41771698    
   5.34000015      -2.50051069    
   5.35000038      -2.37755132    
   5.36000061      -2.56397843    
   5.37000036      -2.61847472    
   5.38000059      -3.05699110    
   5.39000034      -2.56053376    
   5.40000057      -2.77898455    
   5.41000032      -2.66617465    
   5.42000055      -2.65077782    
   5.43000031      -2.58508921    
   5.44000053      -2.51273370    
   5.45000029      -2.89515066    
   5.46000051      -3.23022342    
   5.47000027      -2.90592146    
   5.48000050      -2.88931775    
   5.49000025      -2.81569552    
   5.50000048      -2.84103703    
   5.51000023      -2.88493919    
   5.52000046      -3.25916386    
   5.53000021      -3.11631370    
   5.54000044      -2.93684292    
   5.55000019      -3.01841211    
   5.56000042      -2.45812798    
   5.57000017      -2.33582497    
   5.58000040      -2.51695991    
   5.59000063      -2.67634225    
   5.60000038      -2.57487607    
   5.61000061      -2.98881507    
   5.62000036      -2.53281379    
   5.63000059      -2.37398672    
   5.64000034      -2.39302754    
   5.65000057      -2.88167167    
   5.66000032      -2.55099440    
   5.67000055      -2.65001869    
   5.68000031      -2.72647357    
   5.69000053      -2.73548484    
   5.70000029      -2.79258704    
   5.71000051      -2.58130145    
   5.72000027      -2.43525028    
   5.73000050      -2.51601195    
   5.74000025      -2.52176046    
   5.75000048      -2.55851555    
   5.76000023      -2.33076715    
   5.77000046      -2.62059903    
   5.78000021      -2.56907439    
   5.79000044      -2.51885271    
   5.80000019      -2.50893736    
   5.81000042      -2.39845705    
   5.82000065      -2.61930180    
   5.83000040      -2.44458652    
   5.84000063      -2.45464230    
   5.85000038      -2.58234835    
   5.86000061      -2.36737871    
   5.87000036      -2.41021371    
   5.88000059      -2.25467348    
   5.89000034      -2.57873130    
   5.90000057      -2.44274354    
   5.91000032      -2.31389284    
   5.92000055      -2.55218625    
   5.93000031      -2.31961989    
   5.94000053      -2.25697589    
   5.95000029      -2.37473798    
   5.96000051      -2.33001018    
   5.97000027      -2.33576965    
   5.98000050      -2.19419551    
   5.99000025      -2.35201812    
   6.00000048      -2.09549618    
   6.01000023      -2.28277349    
   6.02000046      -2.16285920    
   6.03000021      -1.99557567    
   6.04000044      -2.13749552    
   6.05000019      -2.38202286    
   6.06000042      -2.22773910    
   6.07000065      -2.19992352    
   6.08000040      -2.30433154    
   6.09000063      -2.24916005    
   6.10000038      -2.20626688    
   6.11000061      -2.36700845    
   6.12000036      -2.24650669    
   6.13000059      -2.39019370    
   6.14000034      -2.31427526    
   6.15000057      -2.51335692    
   6.16000032      -2.45499063    
   6.17000055      -2.52969551    
   6.18000031      -2.54334903    
   6.19000053      -2.32634950    
   6.20000029      -2.57068610    
   6.21000051      -2.65391684    
   6.22000027      -2.42139935    
   6.23000050      -2.48416734    
   6.24000025      -2.69890618    
   6.25000048      -2.69716287    
   6.26000023      -2.43019772    
   6.27000046      -2.34335971    
   6.28000021      -2.45219731    
   6.29000044      -2.36919379    
   6.30000067      -2.67196679    
   6.31000042      -2.29827523    
   6.32000065      -2.50961351    
   6.33000040      -2.54639053    
   6.34000063      -2.52027416    
   6.35000038      -2.14149833    
   6.36000061      -2.27130270    
   6.37000036      -2.22065759    
   6.38000059      -2.46857071    
   6.39000034      -2.20355129    
   6.40000057      -2.33510542    
   6.41000032      -2.19037223    
   6.42000055      -2.43757486    
   6.43000031      -2.18795514    
   6.44000053      -2.30180550    
   6.45000029      -2.19310570    
   6.46000051      -2.32126212    
   6.47000027      -2.26593089    
   6.48000050      -2.40546513    
   6.49000025      -2.17461729    
   6.50000048      -2.55910277    
   6.51000023      -2.37834644    
   6.52000046      -2.58426857    
   6.53000069      -2.37485147    
   6.54000044      -2.43438268    
   6.55000067      -2.23493600    
   6.56000042      -2.50083661    
   6.57000065      -2.61984682    
   6.58000040      -2.75149894    
   6.59000063      -2.50157642    
   6.60000038      -2.56389928    
   6.61000061      -2.25687122    
   6.62000036      -2.35215878    
   6.63000059      -2.40179443    
   6.64000034      -2.81195068    
   6.65000057      -2.82622313    
   6.66000032      -2.81610990    
   6.67000055      -2.49388981    
   6.68000031      -2.68369198    
   6.69000053      -2.51730752    
   6.70000029      -2.53727221    
   6.71000051      -2.55958319    
   6.72000027      -2.97577477    
   6.73000050      -3.06666231    
   6.74000025      -2.92379236    
   6.75000048      -2.44948030    
   6.76000071      -2.27709770    
   6.77000046      -2.59685850    
   6.78000069      -2.54595542    
   6.79000044      -2.48367167    
   6.80000067      -2.34174418    
   6.81000042      -2.54376960    
   6.82000065      -2.66775012    
   6.83000040      -2.31655002    
   6.84000063      -2.33953738    
   6.85000038      -2.23097897    
   6.86000061      -2.35481834    
   6.87000036      -2.83685493    
   6.88000059      -2.34555268    
   6.89000034      -2.38904357    
   6.90000057      -2.32223725    
   6.91000032      -2.57401085    
   6.92000055      -2.78819108    
   6.93000031      -2.50084972    
   6.94000053      -2.70334482    
   6.95000029      -2.53426361    
   6.96000051      -2.61474967    
   6.97000027      -2.59094048    
   6.98000050      -2.41048479    
   6.99000072      -2.61857700    
   7.00000048      -2.56973076    
   7.01000071      -2.47427154    
   7.02000046      -2.34484458    
   7.03000069      -2.21965456    
   7.04000044      -2.22693253    
   7.05000067      -2.29407597    
   7.06000042      -2.42967844    
   7.07000065      -2.51639056    
   7.08000040      -2.28806567    
   7.09000063      -2.21081233    
   7.10000038      -2.37601900    
   7.11000061      -2.65104270    
   7.12000036      -2.49256849    
   7.13000059      -2.55882716    
   7.14000034      -2.50413895    
   7.15000057      -2.63358903    
   7.16000032      -2.51205778    
   7.17000055      -2.36820459    
   7.18000031      -2.33723927    
   7.19000053      -2.69023585    
   7.20000029      -2.51947641    
   7.21000051      -2.25520372    
   7.22000074      -2.08910537    
   7.23000050      -2.36164713    
   7.24000072      -2.28629565    
   7.25000048      -2.19631934    
   7.26000071      -2.40233231    
   7.27000046      -2.31884193    
   7.28000069      -2.25919318    
   7.29000044      -2.27859902    
   7.30000067      -2.20894861    
   7.31000042      -2.41909313    
   7.32000065      -2.55453014    
   7.33000040      -2.75276470    
   7.34000063      -2.54739523    
   7.35000038      -2.66034555    
   7.36000061      -3.08567286    
   7.37000036      -2.55743861    
   7.38000059      -2.85340047    
   7.39000034      -3.06567764    
   7.40000057      -3.02571273    
   7.41000032      -3.54973602    
   7.42000055      -3.09073138    
   7.43000031      -2.94401741    
   7.44000053      -2.59049702    
   7.45000076      -2.76950932    
   7.46000051      -2.64753699    
   7.47000074      -2.38238025    
   7.48000050      -2.33719683    
   7.49000072      -2.36080050    
   7.50000048      -2.28546476    
   7.51000071      -2.17852068    
   7.52000046      -2.21939969    
   7.53000069      -2.22843170    
   7.54000044      -2.41009068    
   7.55000067      -2.36091828    
   7.56000042      -2.16650319    
   7.57000065      -2.24068618    
   7.58000040      -2.32576942    
   7.59000063      -2.58832669    
   7.60000038      -2.53902960    
   7.61000061      -2.68340850    
   7.62000036      -2.71735168    
   7.63000059      -2.52482605    
   7.64000034      -2.45536995    
   7.65000057      -2.24048400    
   7.66000032      -2.44537854    
   7.67000055      -2.55360436    
   7.68000031      -2.51633739    
   7.69000053      -2.55653572    
   7.70000076      -2.53211713    
   7.71000051      -2.37451506    
   7.72000074      -2.35343337    
   7.73000050      -2.49870348    
   7.74000072      -2.56379056    
   7.75000048      -2.53649306    
   7.76000071      -2.71091437    
   7.77000046      -2.82606649    
   7.78000069      -2.67042542    
   7.79000044      -2.87746930    
   7.80000067      -2.88877535    
   7.81000042      -2.75211525    
   7.82000065      -2.58164287    
   7.83000040      -2.81838274    
   7.84000063      -2.49399281    
   7.85000038      -2.38209343    
   7.86000061      -2.58100486    
   7.87000036      -2.60225153    
   7.88000059      -2.59980154    
   7.89000034      -2.68053913    
   7.90000057      -2.57214856    
   7.91000032      -2.39851379    
   7.92000055      -2.61521888    
   7.93000078      -3.03984809    
   7.94000053      -2.80327058    
   7.95000076      -2.92395949    
   7.96000051      -3.10797763    
   7.97000074      -3.02865767    
   7.98000050      -2.99769378    
   7.99000072      -3.06236529    
   8.00000095      -2.69938254    
   8.01000023      -2.97531104    
   8.02000046      -3.01888585    
   8.03000069      -2.80422449    
   8.04000092      -2.63562298    
   8.05000019      -2.59206414    
   8.06000042      -3.01524138    
   8.07000065      -2.72573805    
   8.08000088      -2.73460603    
   8.09000015      -2.59945750    
   8.10000038      -2.65742612    
   8.11000061      -2.90285778    
   8.12000084      -2.66441822    
   8.13000011      -2.37645674    
   8.14000034      -2.44925785    
   8.15000057      -2.53961253    
   8.16000080      -2.25557065    
   8.17000103      -2.08040977    
   8.18000031      -2.18580890    
   8.19000053      -2.13827968    
   8.20000076      -2.26002979    
   8.21000099      -2.14317369    
   8.22000027      -2.22739673    
   8.23000050      -2.13026261    
   8.24000072      -2.45316386    
   8.25000095      -2.40379620    
   8.26000023      -2.51023507    
   8.27000046      -2.60466647    
   8.28000069      -2.65279007    
   8.29000092      -2.51349330    
   8.30000019      -2.83833885    
   8.31000042      -2.63865924    
   8.32000065      -2.71683264    
   8.33000088      -2.42909098    
   8.34000015      -2.57749462    
   8.35000038      -2.55256963    
   8.36000061      -2.52451944    
   8.37000084      -2.25881696    
   8.38000107      -2.45864987    
   8.39000034      -2.44605947    
   8.40000057      -2.62397122    
   8.41000080      -2.35302806    
   8.42000103      -2.38649011    
   8.43000031      -2.36590028    
   8.44000053      -2.36121702    
   8.45000076      -2.38141108    
   8.46000099      -2.44223928    
   8.47000027      -2.40316939    
   8.48000050      -2.66088057    
   8.49000072      -2.60479045    
   8.50000095      -2.62752271    
   8.51000023      -2.60425901    
   8.52000046      -2.69281149    
   8.53000069      -2.78502202    
   8.54000092      -2.90987372    
   8.55000019      -3.68626761    
   8.56000042      -3.42563725    
   8.57000065      -3.37843633    
   8.58000088      -3.14991546    
   8.59000015      -3.27161956    
   8.60000038      -3.95243883    
   8.61000061      -3.83027577    
   8.62000084      -3.25353265    
   8.63000107      -4.02245855    
   8.64000034      -3.94473910    
   8.65000057      -3.14709926    
   8.66000080      -2.69800878    
   8.67000103      -2.61945796    
   8.68000031      -3.02360797    
   8.69000053      -3.15158391    
   8.70000076      -2.83803940    
   8.71000099      -2.46659112    
   8.72000027      -2.50159669    
   8.73000050      -2.59432149    
   8.74000072      -2.36447096    
   8.75000095      -2.24857855    
   8.76000023      -2.38262510    
   8.77000046      -2.66866922    
   8.78000069      -2.41762495    
   8.79000092      -2.25324416    
   8.80000019      -2.38983297    
   8.81000042      -2.35849118    
   8.82000065      -2.54170895    
   8.83000088      -2.74878740    
   8.84000015      -2.83459496    
   8.85000038      -2.60652304    
   8.86000061      -3.33565593    
   8.87000084      -2.98945522    
   8.88000107      -2.76153016    
   8.89000034      -2.95543909    
   8.90000057      -3.06569290    
   8.91000080      -2.82214332    
   8.92000103      -2.74219942    
   8.93000031      -2.50479436    
   8.94000053      -2.26963925    
   8.95000076      -2.15436649    
   8.96000099      -2.11296272    
   8.97000027      -1.92968452    
   8.98000050      -2.04379106    
   8.99000072      -2.15308499    
   9.00000095      -2.36343431    
   9.01000023      -2.15680361    
   9.02000046      -2.02717066    
   9.03000069      -2.21786404    
   9.04000092      -2.38421631    
   9.05000019      -2.58506060    
   9.06000042      -2.64500046    
   9.07000065      -3.13638043    
   9.08000088      -2.75653028    
   9.09000111      -3.16411972    
   9.10000038      -3.30285525    
   9.11000061      -2.94061589    
   9.12000084      -3.15354729    
   9.13000107      -3.50212479    
   9.14000034      -3.64153171    
   9.15000057      -3.23776579    
   9.16000080      -3.19330359    
   9.17000103      -2.94276667    
   9.18000031      -3.19542527    
   9.19000053      -3.99635005    
   9.20000076      -2.80982327    
   9.21000099      -2.64459682    
   9.22000027      -2.62706041    
   9.23000050      -2.41598868    
   9.24000072      -2.58568048    
   9.25000095      -2.40148687    
   9.26000023      -2.72197223    
   9.27000046      -2.50755239    
   9.28000069      -2.53695726    
   9.29000092      -2.34276414    
   9.30000019      -2.32344460    
   9.31000042      -2.45198345    
   9.32000065      -2.43845940    
   9.33000088      -2.63904285    
   9.34000111      -2.92096758    
   9.35000038      -2.73538733    
   9.36000061      -2.55352497    
   9.37000084      -2.39901209    
   9.38000107      -2.61016965    
   9.39000034      -2.85071468    
   9.40000057      -2.66398168    
   9.41000080      -2.61612201    
   9.42000103      -2.89682364    
   9.43000031      -3.00333261    
   9.44000053      -3.13282776    
   9.45000076      -2.91259742    
   9.46000099      -2.98665714    
   9.47000027      -3.33231068    
   9.48000050      -3.20237517    
   9.49000072      -3.04453683    
   9.50000095      -3.12196326    
   9.51000023      -3.57106733    
   9.52000046      -3.20562673    
   9.53000069      -2.82492709    
   9.54000092      -2.78086138    
   9.55000114      -2.50683141    
   9.56000042      -2.77432942    
   9.57000065      -2.82372999    
   9.58000088      -2.93545127    
   9.59000111      -2.98153067    
   9.60000038      -3.25712752    
   9.61000061      -2.99192142    
   9.62000084      -2.95070434    
   9.63000107      -2.94680572    
   9.64000034      -3.11831832    
   9.65000057      -3.55747080    
   9.66000080      -3.14462137    
   9.67000103      -2.83399916    
   9.68000031      -2.98575354    
   9.69000053      -2.67676616    
   9.70000076      -2.60278201    
   9.71000099      -2.30782318    
   9.72000027      -2.22978950    
   9.73000050      -2.19590354    
   9.74000072      -2.30230713    
   9.75000095      -2.36343431    
   9.76000023      -2.33228183    
   9.77000046      -2.57974410    
   9.78000069      -2.56350660    
   9.79000092      -2.19599605    
   9.80000114      -2.28622913    
   9.81000042      -2.55912399    
   9.82000065      -2.53206706    
   9.83000088      -2.97651839    
   9.84000111      -2.93386245    
   9.85000038      -3.15364194    
   9.86000061      -3.10386229    
   9.87000084      -2.73938131    
   9.88000107      -2.72016168    
   9.89000034      -2.57203150    
   9.90000057      -2.85816526    
   9.91000080      -2.98533893    
   9.92000103      -2.80596280    
   9.93000031      -3.16370416    
   9.94000053      -2.50665951    
   9.95000076      -2.45355105    
   9.96000099      -2.42881250    
   9.97000027      -2.38214612    
   9.98000050      -2.49927258    
   9.99000072      -2.45098472    
   10.0000010      -2.50059319    
   10.0100012      -2.59084821    
   10.0200005      -2.48049855    
   10.0300007      -2.45264769    
   10.0400009      -2.41850042    
   10.0500011      -2.45329571    
   10.0600004      -2.43321776    
   10.0700006      -2.37989450    
   10.0800009      -2.50565100    
   10.0900011      -2.40506482    
   10.1000004      -2.49183059    
   10.1100006      -2.75504518    
   10.1200008      -2.94998860    
   10.1300011      -3.13866377    
   10.1400003      -2.90337276    
   10.1500006      -3.08843398    
   10.1600008      -3.64653134    
   10.1700010      -3.40739083    
   10.1800003      -3.71042538    
   10.1900005      -3.76270652    
   10.2000008                  NaN
   10.2100010      -4.64782333    
   10.2200003      -4.35964203    
   10.2300005      -3.23021460    
   10.2400007      -3.05196142    
   10.2500010      -3.56090307    
   10.2600012      -3.24004197    
   10.2700005      -3.46437240    
   10.2800007      -4.36568213    
   10.2900009      -3.45737576    
   10.3000011      -4.61222839    
   10.3100004      -3.12777519    
   10.3200006      -3.42633200    
   10.3300009      -3.29645085    
   10.3400011      -5.73972702    
   10.3500004      -5.05662203    
   10.3600006      -3.82772088    
   10.3700008      -3.55356216    
   10.3800011      -3.57489324    
   10.3900003      -3.69096875    
   10.4000006      -4.10973978    
   10.4100008      -2.91326690    
   10.4200010      -3.04427719    
   10.4300003      -2.61063409    
   10.4400005      -2.69277191    
   10.4500008      -2.46515393    
   10.4600010      -2.54306436    
   10.4700003      -2.45558214    
   10.4800005      -2.64077568    
   10.4900007      -2.58639002    
   10.5000010      -2.63192606    
   10.5100012      -2.70650315    
   10.5200005      -2.56406546    
   10.5300007      -2.80161715    
   10.5400009      -3.27708006    
   10.5500011      -3.04047155    
   10.5600004      -3.01866531    
   10.5700006      -3.14213586    
   10.5800009      -3.51888204    
   10.5900011      -3.45803118    
   10.6000004      -2.76649880    
   10.6100006      -2.70185304    
   10.6200008      -2.67053604    
   10.6300011      -2.89584541    
   10.6400003      -2.80179477    
   10.6500006      -2.89156628    
   10.6600008      -3.12687540    
   10.6700010      -3.19189119    
   10.6800003      -2.92930222    
   10.6900005      -2.75676942    
   10.7000008      -2.52900839    
   10.7100010      -3.44306326    
   10.7200012      -3.15355682    
   10.7300005      -2.57681012    
   10.7400007      -2.83147907    
   10.7500010      -2.77494335    
   10.7600012      -2.76728749    
   10.7700005      -2.58647013    
   10.7800007      -2.74153304    
   10.7900009      -2.72334886    
   10.8000011      -2.70173860    
   10.8100004      -2.74867392    
   10.8200006      -2.65387869    
   10.8300009      -2.80098701    
   10.8400011      -3.39337993    
   10.8500004      -3.10543299    
   10.8600006      -2.91516304    
   10.8700008      -2.82207847    
   10.8800011      -2.83521414    
   10.8900003      -2.60870671    
   10.9000006      -2.73675919    
   10.9100008      -2.66909814    
   10.9200010      -2.61485291    
   10.9300003      -2.50771070    
   10.9400005      -2.58884144    
   10.9500008      -2.59613276    
   10.9600010      -2.55801392    
   10.9700012      -2.90233421    
   10.9800005      -3.50395346    
   10.9900007      -3.22724724    
   11.0000010      -3.20446062    
   11.0100012      -3.72114205    
   11.0200005      -6.59607029    
   11.0300007      -6.46804380    
   11.0400009      -5.36007929    
   11.0500011      -3.84775734    
   11.0600004      -3.98773336    
   11.0700006      -3.52973509    
   11.0800009      -3.07131743    
   11.0900011      -2.69712877    
   11.1000004      -3.05698109    
   11.1100006      -3.08506227    
   11.1200008      -2.91365218    
   11.1300011      -2.60729337    
   11.1400003      -2.75531006    
   11.1500006      -2.75762725    
   11.1600008      -2.92040992    
   11.1700010      -2.69541550    
   11.1800013      -2.93652368    
   11.1900005      -3.13709545    
   11.2000008      -3.45794725    
   11.2100010      -2.90447283    
   11.2200012      -2.93766975    
   11.2300005      -2.60351229    
   11.2400007      -2.58896160    
   11.2500010      -2.60642171    
   11.2600012      -2.64950871    
   11.2700005      -3.01481318    
   11.2800007      -3.39471984    
   11.2900009      -3.16387081    
   11.3000011      -3.12771583    
   11.3100004      -2.69798231    
   11.3200006      -2.75368023    
   11.3300009      -2.68065286    
   11.3400011      -2.82950544    
   11.3500004      -3.19858718    
   11.3600006      -3.06550145    
   11.3700008      -3.23104095    
   11.3800011      -2.88825846    
   11.3900003      -2.72664523    
   11.4000006      -2.71051145    
   11.4100008      -2.66324878    
   11.4200010      -3.13514495    
   11.4300013      -4.00943422    
   11.4400005      -4.09951639    
   11.4500008      -3.81687069    
   11.4600010      -2.75007224    
   11.4700012      -2.95823860    
   11.4800005      -2.77837300    
   11.4900007      -2.51261163    
   11.5000010      -2.67284822    
   11.5100012      -2.95933771    
   11.5200005      -2.69413042    
   11.5300007      -2.67169929    
   11.5400009      -2.52478194    
   11.5500011      -2.42090988    
   11.5600004      -2.64118505    
   11.5700006      -3.25154924    
   11.5800009      -2.96705627    
   11.5900011      -2.95635629    
   11.6000004      -2.94323659    
   11.6100006      -3.08267641    
   11.6200008      -2.76660633    
   11.6300011      -3.04922414    
   11.6400013      -2.93709874    
   11.6500006      -2.73022747    
   11.6600008      -3.09424424    
   11.6700010      -2.94465590    
   11.6800013      -2.92957139    
   11.6900005      -2.78925514    
   11.7000008      -2.74957895    
   11.7100010      -2.95790434    
   11.7200012      -2.87473702    
   11.7300005      -2.85929346    
   11.7400007      -2.72163367    
   11.7500010      -2.83450961    
   11.7600012      -2.93496943    
   11.7700005      -2.60583997    
   11.7800007      -2.66328335    
   11.7900009      -2.56909347    
   11.8000011      -2.78000760    
   11.8100004      -3.11980724    
   11.8200006      -3.13498878    
   11.8300009      -3.37465286    
   11.8400011      -3.85284114    
   11.8500004      -4.16766453    
   11.8600006      -3.27320910    
   11.8700008      -3.17794108    
   11.8800011      -3.19141603    
   11.8900013      -2.98802638    
   11.9000006      -2.75500751    
   11.9100008      -2.71250987    
   11.9200010      -2.53743625    
   11.9300013      -2.30153060    
   11.9400005      -2.21534944    
   11.9500008      -2.23835015    
   11.9600010      -2.20582175    
   11.9700012      -2.45869756    
   11.9800005      -2.51033163    
   11.9900007      -2.51741171    
   12.0000010      -2.53210998    
   12.0100012      -2.59520769    
   12.0200005      -2.62795043    
   12.0300007      -2.85971951    
   12.0400009      -3.08187938    
   12.0500011      -2.84058976    
   12.0600004      -2.67528558    
   12.0700006      -2.85267091    
   12.0800009      -2.72050762    
   12.0900011      -2.78599524    
   12.1000004      -2.81645513    
   12.1100006      -2.64181304    
   12.1200008      -2.98458695    
   12.1300011      -3.10559225    
   12.1400013      -2.58612108    
   12.1500006      -2.72019458    
   12.1600008      -2.96531987    
   12.1700010      -2.71578121    
   12.1800013      -2.56982732    
   12.1900005      -2.25057626    
   12.2000008      -2.33874297    
   12.2100010      -2.47622013    
   12.2200012      -2.82717323    
   12.2300005      -2.65967607    
   12.2400007      -2.44898772    
   12.2500010      -2.63457894    
   12.2600012      -2.67394829    
   12.2700005      -2.61285806    
   12.2800007      -3.05634522    
   12.2900009      -2.69837117    
   12.3000011      -3.44251895    
   12.3100004      -2.73625994    
   12.3200006      -2.59510875    
   12.3300009      -2.42153621    
   12.3400011      -2.48915243    
   12.3500013      -2.82627177    
   12.3600006      -2.54666042    
   12.3700008      -2.17259598    
   12.3800011      -2.20503283    
   12.3900013      -2.22719693    
   12.4000006      -2.38344646    
   12.4100008      -2.15424514    
   12.4200010      -2.29380560    
   12.4300013      -2.18648458    
   12.4400005      -2.13336563    
   12.4500008      -2.34788561    
   12.4600010      -2.27972412    
   12.4700012      -2.41722631    
   12.4800005      -2.77812123    
   12.4900007      -2.70053077    
   12.5000010      -2.64799404    
   12.5100012      -2.81693411    
   12.5200005      -2.99808311    
   12.5300007      -3.03243136    
   12.5400009      -3.14337802    
   12.5500011      -3.50037766    
   12.5600004      -2.53203344    
   12.5700006      -2.37359500    
   12.5800009      -2.57195616    
   12.5900011      -2.66194081    
   12.6000013      -2.74149609    
   12.6100006      -2.53498530    
   12.6200008      -2.46578598    
   12.6300011      -2.48745632    
   12.6400013      -2.40737247    
   12.6500006      -2.60015440    
   12.6600008      -2.36974025    
   12.6700010      -2.76454186    
   12.6800013      -3.24557710    
   12.6900005      -2.93167734    
   12.7000008      -2.76594090    
   12.7100010      -2.93154383    
   12.7200012      -2.95408702    
   12.7300005      -3.18800616    
   12.7400007      -3.27729249    
   12.7500010      -3.74216604    
   12.7600012      -3.15425014    
   12.7700005      -5.07350397    
   12.7800007      -3.54264212    
   12.7900009      -3.69394040    
   12.8000011      -3.81860447    
   12.8100014      -5.36146116    
   12.8200006      -3.36688662    
   12.8300009      -4.04987812    
   12.8400011      -3.14087939    
   12.8500013      -2.89130664    
   12.8600006      -2.85573578    
   12.8700008      -3.47577548    
   12.8800011      -2.81287789    
   12.8900013      -3.33908939    
   12.9000006      -2.75562310    
   12.9100008      -2.63372946    
   12.9200010      -2.31204557    
   12.9300013      -2.36163998    
   12.9400005      -2.21261716    
   12.9500008      -2.51451564    
   12.9600010      -2.57344818    
   12.9700012      -2.58726215    
   12.9800005      -2.59685326    
   12.9900007      -2.47641778    
   13.0000010      -2.62196779    
   13.0100012      -2.66348815    
   13.0200005      -2.80044937    
   13.0300007      -3.43398833    
   13.0400009      -3.56942868    
   13.0500011      -3.26844358    
   13.0600014      -2.87642860    
   13.0700006      -2.76814079    
   13.0800009      -3.18136287    
   13.0900011      -3.41134262    
   13.1000013      -3.01192713    
   13.1100006      -2.59708858    
   13.1200008      -2.87583780    
   13.1300011      -3.01204586    
   13.1400013      -2.98466301    
   13.1500006      -2.62364888    
   13.1600008      -3.12406635    
   13.1700010      -2.90651727    
   13.1800013      -3.12204623    
   13.1900005      -2.56926751    
   13.2000008      -2.24520946    
   13.2100010      -2.71440530    
   13.2200012      -2.77478337    
   13.2300005      -2.78681278    
   13.2400007      -2.59615588    
   13.2500010      -2.46706390    
   13.2600012      -2.73902535    
   13.2700014      -2.40844750    
   13.2800007      -2.95599794    
   13.2900009      -2.91589427    
   13.3000011      -2.89479876    
   13.3100014      -2.68378425    
   13.3200006      -2.59694219    
   13.3300009      -2.59458327    
   13.3400011      -2.38407397    
   13.3500013      -2.35334539    
   13.3600006      -2.41075683    
   13.3700008      -2.64539123    
   13.3800011      -2.86868763    
   13.3900013      -2.44907522    
   13.4000006      -2.42051315    
   13.4100008      -2.41730714    
   13.4200010      -2.70118904    
   13.4300013      -2.43268108    
   13.4400005      -2.33196068    
   13.4500008      -2.48263931    
   13.4600010      -2.62463951    
   13.4700012      -2.91032863    
   13.4800005      -2.45886469    
   13.4900007      -2.45862484    
   13.5000010      -2.56552482    
   13.5100012      -2.35885477    
   13.5200014      -2.46906090    
   13.5300007      -2.34559321    
   13.5400009      -2.61287403    
   13.5500011      -2.92112017    
   13.5600014      -2.92894435    
   13.5700006      -3.05145359    
   13.5800009      -2.55813861    
   13.5900011      -2.69444489    
   13.6000013      -2.63591099    
   13.6100006      -2.99194074    
   13.6200008      -3.36161375    
   13.6300011      -3.60120869    
   13.6400013      -3.44505405    
   13.6500006      -3.51648760    
   13.6600008      -4.14349794    
   13.6700010      -3.34413171    
   13.6800013      -2.73974633    
   13.6900005      -2.98407364    
   13.7000008      -3.08446884    
   13.7100010      -3.93643379    
   13.7200012      -3.38623023    
   13.7300005      -3.24164772    
   13.7400007      -3.14091229    
   13.7500010      -3.72663951    
   13.7600012      -3.65145779    
   13.7700014      -3.10965681    
   13.7800007      -3.10463142    
   13.7900009      -3.96610761    
   13.8000011      -3.63692760    
   13.8100014      -3.31985116    
   13.8200006      -2.86303234    
   13.8300009      -2.56260586    
   13.8400011      -2.52212667    
   13.8500013      -2.58367896    
   13.8600006      -2.52152753    
   13.8700008      -2.41775370    
   13.8800011      -2.35292792    
   13.8900013      -2.47824359    
   13.9000006      -2.53035045    
   13.9100008      -2.63728905    
   13.9200010      -2.86264062    
   13.9300013      -2.47206903    
   13.9400005      -2.78589559    
   13.9500008      -3.25496459    
   13.9600010      -3.17306709    
   13.9700012      -3.41151500    
   13.9800014      -3.17562127    
   13.9900007      -3.09444523    
   14.0000010      -3.35192418    
   14.0100012      -2.82022262    
   14.0200014      -2.45807314    
   14.0300007      -2.30878043    
   14.0400009      -2.53251624    
   14.0500011      -2.36672306    
   14.0600014      -2.25583720    
   14.0700006      -2.19010568    
   14.0800009      -2.08801103    
   14.0900011      -2.08540297    
   14.1000013      -2.27417374    
   14.1100006      -2.09236193    
   14.1200008      -2.28570247    
   14.1300011      -2.55523038    
   14.1400013      -2.79730010    
   14.1500006      -2.55312943    
   14.1600008      -2.59573603    
   14.1700010      -2.69035935    
   14.1800013      -2.93845272    
   14.1900005      -2.91068959    
   14.2000008      -3.24578190    
   14.2100010      -2.67629027    
   14.2200012      -2.65808773    
   14.2300014      -2.63415217    
   14.2400007      -2.65850329    
   14.2500010      -2.43683839    
   14.2600012      -2.95512223    
   14.2700014      -3.10406971    
   14.2800007      -2.72113276    
   14.2900009      -2.44952393    
   14.3000011      -2.53231621    
   14.3100014      -2.96060061    
   14.3200006      -3.80048561    
   14.3300009      -3.65788865    
   14.3400011      -4.45050049    
   14.3500013      -4.42293453    
   14.3600006      -5.65263844    
   14.3700008      -3.82879186    
   14.3800011      -3.63710761    
   14.3900013                  NaN
   14.4000006                  NaN
   14.4100008      -5.04471445    
   14.4200010      -3.50933146    
   14.4300013      -3.23195624    
   14.4400015      -3.26038432    
   14.4500008      -2.99636364    
   14.4600010      -2.98245430    
   14.4700012      -2.89675522    
   14.4800014      -2.72053671    
   14.4900007      -2.91318870    
   14.5000010      -2.68444252    
   14.5100012      -2.91997981    
   14.5200014      -3.37565494    
   14.5300007      -3.02082276    
   14.5400009      -3.02684951    
   14.5500011      -3.15705228    
   14.5600014      -2.92091203    
   14.5700006      -2.75182176    
   14.5800009      -2.66446137    
   14.5900011      -3.17168093    
   14.6000013      -3.47275138    
   14.6100006      -3.62466574    
   14.6200008      -3.11396003    
   14.6300011      -2.58736992    
   14.6400013      -2.55955958    
   14.6500006      -2.76714897    
   14.6600008      -2.54140759    
   14.6700010      -2.68726611    
   14.6800013      -2.96882582    
   14.6900015      -3.05184603    
   14.7000008      -3.14853144    
   14.7100010      -2.61578274    
   14.7200012      -2.44943714    
   14.7300014      -2.85016608    
   14.7400007      -3.14203763    
   14.7500010      -3.13494253    
   14.7600012      -3.18549633    
   14.7700014      -4.07109976    
   14.7800007      -3.88905430    
   14.7900009      -3.69224191    
   14.8000011      -4.47200871    
   14.8100014      -2.83238101    
   14.8200006      -2.85485888    
   14.8300009      -2.96333671    
   14.8400011      -2.75280809    
   14.8500013      -3.01077843    
   14.8600006      -3.12062597    
   14.8700008      -3.23008561    
   14.8800011      -2.74611807    
   14.8900013      -2.87554073    
   14.9000015      -2.34426785    
   14.9100008      -2.21338463    
   14.9200010      -2.64930773    
   14.9300013      -2.43642282    
   14.9400015      -2.39933395    
   14.9500008      -2.40847325    
   14.9600010      -2.34919095    
   14.9700012      -2.42468190    
   14.9800014      -2.10729718    
   14.9900007      -2.29277802    
   15.0000010      -2.15035701    
   15.0100012      -2.58775854    
   15.0200014      -2.74411774    
   15.0300007      -2.70308924    
   15.0400009      -2.89145684    
   15.0500011      -3.06990719    
   15.0600014      -2.66139221    
   15.0700006      -2.62068558    
   15.0800009      -2.51901674    
   15.0900011      -2.75240326    
   15.1000013      -2.67669892    
   15.1100006      -2.82711864    
   15.1200008      -3.05341482    
   15.1300011      -2.82638574    
   15.1400013      -2.38951778    
   15.1500015      -2.37243986    
   15.1600008      -2.39918518    
   15.1700010      -2.71162319    
   15.1800013      -2.46722984    
   15.1900015      -2.44979453    
   15.2000008      -2.25751495    
   15.2100010      -2.26325178    
   15.2200012      -2.16020298    
   15.2300014      -1.89892888    
   15.2400007      -2.05684304    
   15.2500010      -2.10182738    
   15.2600012      -2.09523106    
   15.2700014      -2.21212435    
   15.2800007      -1.96979690    
   15.2900009      -2.17404699    
   15.3000011      -2.20959806    
   15.3100014      -2.32953119    
   15.3200006      -2.21929574    
   15.3300009      -2.32041240    
   15.3400011      -2.31604171    
   15.3500013      -2.19793367    
   15.3600006      -2.26901865    
   15.3700008      -2.23628521    
   15.3800011      -2.03782630    
   15.3900013      -2.60249829    
   15.4000015      -2.70828223    
   15.4100008      -2.52119327    
   15.4200010      -2.37835813    
   15.4300013      -2.47675228    
   15.4400015      -2.28688169    
   15.4500008      -2.42591238    
   15.4600010      -2.46959233    
   15.4700012      -2.72448301    
   15.4800014      -2.71005034    
   15.4900007      -2.72715783    
   15.5000010      -2.32694983    
   15.5100012      -2.46124029    
   15.5200014      -2.60028410    
   15.5300007      -2.69562674    
   15.5400009      -2.96333003    
   15.5500011      -3.33961415    
   15.5600014      -2.91746879    
   15.5700006      -2.96698236    
   15.5800009      -2.71981525    
   15.5900011      -3.22773004    
   15.6000013      -2.99897146    
   15.6100016      -3.15570855    
   15.6200008      -2.63414788    
   15.6300011      -2.43460131    
   15.6400013      -2.42652369    
   15.6500015      -2.19580317    
   15.6600008      -2.23772430    
   15.6700010      -2.65476990    
   15.6800013      -2.54809046    
   15.6900015      -2.38585162    
   15.7000008      -2.17755365    
   15.7100010      -2.14528155    
   15.7200012      -2.14230108    
   15.7300014      -2.29096031    
   15.7400007      -2.53458810    
   15.7500010      -2.65719390    
   15.7600012      -2.88228178    
   15.7700014      -2.62404680    
   15.7800007      -2.46514606    
   15.7900009      -2.36145830    
   15.8000011      -2.43808198    
   15.8100014      -2.78911114    
   15.8200006      -3.41738629    
   15.8300009      -3.34989834    
   15.8400011      -2.79113126    
   15.8500013      -3.00764847    
   15.8600016      -2.77237391    
   15.8700008      -2.56124210    
   15.8800011      -2.48391056    
   15.8900013      -2.31244922    
   15.9000015      -2.53838086    
   15.9100008      -2.84831858    
   15.9200010      -2.66668248    
   15.9300013      -2.26585174    
   15.9400015      -2.22440529    
   15.9500008      -2.35635328    
   15.9600010      -2.14227915    
   15.9700012      -2.27916193    
   15.9800014      -3.17986822    
   15.9900007      -3.95541573    
