   0.00000000      0.206434533    
   1.00000007E-02   9.02683362E-02
   2.00000014E-02   5.15268408E-02
   3.00000012E-02   1.99646335E-02
   4.00000028E-02   1.53164351E-02
   5.00000045E-02   6.31955825E-03
   6.00000024E-02   1.09856026E-02
   7.00000077E-02   8.83877836E-03
   8.00000057E-02   1.43743269E-02
   9.00000036E-02   8.95701908E-03
  0.100000009       1.42465299E-02
  0.110000007       7.20347790E-03
  0.120000005       6.46229601E-03
  0.130000010       2.75059766E-03
  0.140000015       5.92059828E-03
  0.150000006       3.59802786E-03
  0.160000011       7.13382941E-03
  0.170000017       3.74440523E-03
  0.180000007       6.50382834E-03
  0.190000013       4.88033751E-03
  0.200000018       3.17821722E-03
  0.210000008       2.94876494E-03
  0.220000014       3.45664215E-03
  0.230000019       3.02884635E-03
  0.240000010       3.19567230E-03
  0.250000030       4.95028822E-03
  0.260000020       4.99691721E-03
  0.270000011       2.78114993E-03
  0.280000031       2.82672839E-03
  0.290000021       3.43577703E-03
  0.300000012       4.96285129E-03
  0.310000032       4.99854703E-03
  0.320000023       9.29406029E-04
  0.330000013       2.32469453E-03
  0.340000033      -5.53779828E-05
  0.350000024       6.34955149E-03
  0.360000014       3.10433097E-04
  0.370000035       5.24676917E-03
  0.380000025       1.68692437E-03
  0.390000015       1.87655003E-03
  0.400000036       4.88818390E-04
  0.410000026       3.76804685E-03
  0.420000017       1.01199944E-03
  0.430000037       1.43532373E-03
  0.440000027       2.32663658E-03
  0.450000018       3.10748280E-03
  0.460000038       2.19529402E-03
  0.470000029       2.90997606E-03
  0.480000019       2.16407864E-03
  0.490000039       1.47322088E-03
  0.500000060       2.53479229E-03
  0.510000050      -7.82054791E-04
  0.520000041       2.95097800E-03
  0.530000031       3.08669894E-03
  0.540000021       1.15251204E-03
  0.550000012       1.71286438E-03
  0.560000062       6.72056805E-04
  0.570000052       1.23273538E-04
  0.580000043       1.45762309E-03
  0.590000033       3.74689838E-03
  0.600000024       2.57030595E-03
  0.610000014       9.99455107E-04
  0.620000064       1.52804551E-03
  0.630000055       2.55180476E-03
  0.640000045       1.64209597E-03
  0.650000036       8.66484945E-04
  0.660000026       1.92526577E-03
  0.670000076       2.26420374E-03
  0.680000067       1.48770935E-03
  0.690000057       5.29988203E-04
  0.700000048       1.50053285E-03
  0.710000038       2.35920213E-03
  0.720000029       1.95384538E-03
  0.730000079       2.62154476E-03
  0.740000069       3.83260986E-03
  0.750000060       7.12624867E-04
  0.760000050       3.08964588E-03
  0.770000041       6.79395598E-05
  0.780000031      -6.34432537E-04
  0.790000081       2.06298055E-03
  0.800000072       2.25685141E-03
  0.810000062       2.46227044E-03
  0.820000052       2.30461638E-03
  0.830000043       7.61033269E-04
  0.840000033       2.55704345E-03
  0.850000083       3.41117178E-04
  0.860000074       2.92376359E-03
  0.870000064       2.24234560E-03
  0.880000055       2.40295543E-03
  0.890000045       3.55504453E-03
  0.900000036       5.58616419E-04
  0.910000086       2.16719927E-03
  0.920000076       2.65906448E-03
  0.930000067      -4.22476005E-04
  0.940000057       2.45621614E-03
  0.950000048      -8.11548496E-04
  0.960000038       1.96703803E-03
  0.970000088       1.40739942E-03
  0.980000079       1.91186403E-03
  0.990000069       1.80978142E-03
   1.00000012       6.41778985E-04
   1.01000011      -2.40793699E-04
   1.02000010      -5.62148402E-04
   1.03000009       1.85951067E-03
   1.04000008       2.57253158E-03
   1.05000007       2.14873860E-03
   1.06000006       1.91993988E-03
   1.07000005       8.85708840E-04
   1.08000004       1.09333603E-03
   1.09000003       1.16300280E-03
   1.10000002       1.27882860E-03
   1.11000013       3.65408324E-03
   1.12000012       1.16485113E-03
   1.13000011       7.61593052E-04
   1.14000010       1.13145041E-03
   1.15000010       1.76738459E-03
   1.16000009      -2.31153335E-05
   1.17000008      -4.62552671E-05
   1.18000007       2.89248838E-03
   1.19000006       2.59304652E-03
   1.20000005       1.15822404E-04
   1.21000004       9.96604562E-04
   1.22000003       1.65802694E-03
   1.23000014       1.42689468E-03
   1.24000013       2.42585246E-03
   1.25000012      -3.48395624E-05
   1.26000011       1.34784367E-03
   1.27000010       2.99939048E-03
   1.28000009      -5.23429015E-04
   1.29000008       8.61210166E-04
   1.30000007       1.57196634E-03
   1.31000006       2.84270383E-03
   1.32000005       1.73684245E-03
   1.33000004       1.95936812E-03
   1.34000015       2.66056741E-03
   1.35000014       2.33508355E-04
   1.36000013       6.30810915E-04
   1.37000012       1.16879446E-03
   1.38000011       2.22190260E-03
   1.39000010       1.62637013E-03
   1.40000010       5.85340022E-04
   1.41000009       3.03369272E-03
   1.42000008       1.81650615E-03
   1.43000007       5.86288079E-05
   1.44000006       7.03916157E-05
   1.45000005       1.02123700E-03
   1.46000016       3.72306444E-03
   1.47000015       3.11402138E-03
   1.48000014      -1.52845774E-03
   1.49000013       1.48222852E-03
   1.50000012       5.88503841E-04
   1.51000011       6.00598578E-04
   1.52000010       1.46106910E-03
   1.53000009       6.71984453E-04
   1.54000008       1.13237556E-03
   1.55000007       3.31635471E-03
   1.56000006       7.32119253E-04
   1.57000005      -8.03405128E-04
   1.58000016       2.45880848E-03
   1.59000015      -1.65586796E-04
   1.60000014       1.85794558E-03
   1.61000013       1.77607188E-04
   1.62000012       1.26762071E-03
   1.63000011      -7.11201355E-05
   1.64000010       8.06468423E-04
   1.65000010       2.01726984E-03
   1.66000009       2.89695361E-03
   1.67000008       7.24633748E-04
   1.68000007       1.56891567E-03
   1.69000018       2.39033578E-03
   1.70000017      -1.91569282E-03
   1.71000016       2.97630206E-04
   1.72000015       1.17926125E-03
   1.73000014       1.84732862E-03
   1.74000013       3.10044474E-04
   1.75000012       2.82772142E-03
   1.76000011       6.80457917E-04
   1.77000010       1.14666275E-03
   1.78000009       1.49386935E-03
   1.79000008       4.06555686E-04
   1.80000007       1.98603887E-03
   1.81000018       1.47239200E-03
   1.82000017       1.07795326E-03
   1.83000016       2.68438249E-03
   1.84000015      -2.27818452E-03
   1.85000014      -5.99852588E-04
   1.86000013       3.94920446E-03
   1.87000012       1.93365593E-03
   1.88000011       1.92270585E-04
   1.89000010       2.50089727E-03
   1.90000010       1.51580409E-03
   1.91000009      -1.32405548E-04
   1.92000008       2.24008947E-03
   1.93000019      -1.08451466E-03
   1.94000018       3.37591441E-03
   1.95000017       1.08571665E-04
   1.96000016       2.11228500E-03
   1.97000015       4.22691781E-04
   1.98000014       1.37753051E-03
   1.99000013       1.88608805E-03
   2.00000024       8.46790936E-05
   2.01000023       1.74294016E-03
   2.02000022       3.46359774E-03
   2.03000021      -1.33289723E-04
   2.04000020       1.69735588E-03
   2.05000019       1.86813110E-03
   2.06000018       6.19011524E-04
   2.07000017      -4.85770084E-04
   2.08000016       1.72544643E-03
   2.09000015       4.01207944E-03
   2.10000014      -3.64938169E-04
   2.11000013       5.72056335E-04
   2.12000012       1.76584150E-03
   2.13000011       5.48326236E-04
   2.14000010       2.92604702E-04
   2.15000010       3.29364324E-04
   2.16000009       2.35566543E-03
   2.17000008       1.41663372E-03
   2.18000007       2.32165121E-03
   2.19000006       1.11257355E-03
   2.20000005       2.12853239E-03
   2.21000004      -7.95588829E-04
   2.22000027       2.22890032E-03
   2.23000026       3.30847246E-03
   2.24000025       9.80839948E-04
   2.25000024       1.23900850E-03
   2.26000023      -9.32848372E-04
   2.27000022      -4.91250103E-05
   2.28000021       2.61738105E-03
   2.29000020       1.22951122E-03
   2.30000019       6.52008748E-04
   2.31000018       1.93251530E-03
   2.32000017       1.76118466E-03
   2.33000016       1.87308877E-03
   2.34000015       3.82227998E-04
   2.35000014       1.13499549E-03
   2.36000013      -1.93799275E-03
   2.37000012       2.80365581E-03
   2.38000011       7.29116902E-04
   2.39000010       1.13757374E-03
   2.40000010       1.88053737E-03
   2.41000009      -2.72337697E-04
   2.42000008       2.37811846E-03
   2.43000007      -2.47860997E-04
   2.44000006       3.59604048E-04
   2.45000029       1.61293661E-03
   2.46000028      -4.96571047E-05
   2.47000027       1.55266980E-03
   2.48000026      -4.84709744E-04
   2.49000025      -5.72035613E-04
   2.50000024       9.45641717E-04
   2.51000023      -1.49397063E-04
   2.52000022       5.10732643E-04
   2.53000021       3.83891840E-03
   2.54000020       9.47808207E-04
   2.55000019       5.36566949E-04
   2.56000018      -4.99417547E-05
   2.57000017      -8.86976311E-04
   2.58000016       3.74993513E-04
   2.59000015       2.80156243E-03
   2.60000014      -3.75424890E-04
   2.61000013       4.63290344E-04
   2.62000012       2.50571291E-04
   2.63000011       1.15329144E-03
   2.64000010       1.76856236E-03
   2.65000010       1.81978382E-03
   2.66000009      -4.39511525E-04
   2.67000008       2.88988405E-04
   2.68000031       8.29749741E-04
   2.69000030       7.67332793E-04
   2.70000029       1.51037995E-04
   2.71000028       1.51125400E-03
   2.72000027       2.07917555E-03
   2.73000026       7.43893499E-04
   2.74000025      -6.30783616E-04
   2.75000024       5.93280245E-04
   2.76000023       3.78910117E-05
   2.77000022       6.44519634E-04
   2.78000021       1.78294152E-03
   2.79000020       2.27741734E-03
   2.80000019       8.22878850E-04
   2.81000018       2.91342149E-04
   2.82000017       8.87209026E-04
   2.83000016       1.67399796E-03
   2.84000015       1.34505425E-03
   2.85000014       1.99336396E-03
   2.86000013       1.58799894E-03
   2.87000012       3.30496667E-04
   2.88000011      -8.14005558E-04
   2.89000010       9.16291203E-04
   2.90000010       1.73178478E-03
   2.91000032       5.35128755E-04
   2.92000031      -1.40235003E-04
   2.93000031       1.36490143E-03
   2.94000030      -1.14872085E-03
   2.95000029       1.77517615E-03
   2.96000028      -3.83356615E-04
   2.97000027       6.00944215E-04
   2.98000026       2.22608005E-03
   2.99000025       7.93667452E-04
   3.00000024      -7.04474107E-04
   3.01000023       6.02359185E-04
   3.02000022       2.43650330E-03
   3.03000021       9.11019568E-04
   3.04000020      -1.41227225E-04
   3.05000019       1.25894661E-03
   3.06000018       1.13115017E-03
   3.07000017      -3.85847175E-04
   3.08000016       1.63438532E-03
   3.09000015       6.82469516E-04
   3.10000014       2.66707269E-03
   3.11000013       1.18606724E-03
   3.12000012       4.38589224E-04
   3.13000011      -2.19424418E-03
   3.14000010       1.40773226E-03
   3.15000033       1.16303726E-03
   3.16000032       3.87902437E-05
   3.17000031       5.17519889E-04
   3.18000031       1.19100348E-03
   3.19000030       1.10103819E-03
   3.20000029       1.76271016E-03
   3.21000028       7.65160308E-04
   3.22000027      -9.08358197E-04
   3.23000026      -1.90868985E-03
   3.24000025       2.54643825E-03
   3.25000024       1.07898249E-03
   3.26000023       2.61451909E-03
   3.27000022       1.02821074E-03
   3.28000021      -5.73016878E-04
   3.29000020      -2.08494559E-04
   3.30000019       2.60774032E-05
   3.31000018       1.22637290E-03
   3.32000017       1.76233670E-03
   3.33000016       1.30621740E-03
   3.34000015      -7.71131017E-04
   3.35000014       1.76551112E-03
   3.36000013       1.91051560E-03
   3.37000012       2.61872447E-05
   3.38000035       3.01333814E-04
   3.39000034       3.53952666E-04
   3.40000033       6.82097394E-04
   3.41000032       2.15252675E-03
   3.42000031       1.51030405E-03
   3.43000031      -6.57050346E-04
   3.44000030      -3.41872335E-04
   3.45000029      -2.63137663E-05
   3.46000028       2.10637390E-03
   3.47000027      -7.50849780E-04
   3.48000026       2.67569814E-03
   3.49000025       9.49591049E-04
   3.50000024      -5.80657506E-04
   3.51000023      -6.47032983E-04
   3.52000022       1.30806433E-03
   3.53000021       1.61293626E-03
   3.54000020      -7.93728250E-05
   3.55000019       1.77374005E-03
   3.56000018      -3.97347438E-04
   3.57000017      -3.84336541E-04
   3.58000016      -3.58048419E-04
   3.59000015       4.51150932E-04
   3.60000014       1.77914766E-03
   3.61000037       3.71988921E-04
   3.62000036      -4.25389968E-04
   3.63000035       2.04843865E-03
   3.64000034      -2.52884172E-04
   3.65000033       2.29066657E-03
   3.66000032      -2.13215448E-04
   3.67000031       3.33353324E-04
   3.68000031       7.47169310E-04
   3.69000030       3.03056021E-03
   3.70000029       4.94271109E-04
   3.71000028       1.71096018E-03
   3.72000027      -2.32726522E-03
   3.73000026       2.40899622E-04
   3.74000025      -1.60698517E-04
   3.75000024       2.03676708E-03
   3.76000023       9.25154542E-04
   3.77000022      -6.17149693E-04
   3.78000021      -2.01368632E-04
   3.79000020       1.47761239E-04
   3.80000019       1.55917217E-03
   3.81000018      -5.11078921E-04
   3.82000017       2.83958646E-03
   3.83000016       3.50118120E-04
   3.84000015       9.29733971E-04
   3.85000038       1.61793098E-04
   3.86000037      -5.39642606E-05
   3.87000036       2.10591732E-03
   3.88000035       1.89109516E-04
   3.89000034      -3.64938285E-04
   3.90000033       3.00246617E-03
   3.91000032       1.24503870E-03
   3.92000031       1.12393987E-03
   3.93000031       7.72342493E-04
   3.94000030       1.31515600E-03
   3.95000029       1.26170833E-03
   3.96000028      -1.16746791E-03
   3.97000027       9.91608715E-04
   3.98000026       5.70870878E-04
   3.99000025       8.16039028E-05
   4.00000048      -3.40228959E-04
   4.01000023       1.85200258E-03
   4.02000046       1.83953508E-03
   4.03000021       1.84068666E-03
   4.04000044      -9.55027717E-05
   4.05000019       1.32422557E-03
   4.06000042      -7.64981378E-04
   4.07000017       4.64744488E-04
   4.08000040       2.36621476E-03
   4.09000015       4.37956420E-04
   4.10000038       1.36946983E-05
   4.11000013       1.76773430E-03
   4.12000036      -9.46127228E-04
   4.13000011       1.76996167E-03
   4.14000034       7.96298555E-04
   4.15000010      -5.76993742E-04
   4.16000032       2.55687116E-03
   4.17000008      -3.98903707E-04
   4.18000031       1.11488381E-03
   4.19000053       1.62517873E-03
   4.20000029       5.23694034E-04
   4.21000051       2.02715117E-03
   4.22000027       7.31341250E-04
   4.23000050       5.10882586E-04
   4.24000025      -1.51980566E-04
   4.25000048      -1.38251344E-05
   4.26000023       3.26481345E-03
   4.27000046       2.07641255E-03
   4.28000021      -6.64874737E-04
   4.29000044       1.38603745E-03
   4.30000019      -3.32860829E-04
   4.31000042      -5.27365599E-04
   4.32000017       1.08317763E-03
   4.33000040       1.15334743E-03
   4.34000015       1.98836206E-03
   4.35000038       5.56540501E-04
   4.36000013      -1.94913708E-04
   4.37000036       6.40840502E-04
   4.38000011       1.11521862E-03
   4.39000034       1.11593523E-04
   4.40000010      -1.53539251E-04
   4.41000032       2.17886129E-03
   4.42000008      -9.78322569E-05
   4.43000031       1.18872523E-03
   4.44000053       4.75795328E-04
   4.45000029       1.76437641E-03
   4.46000051       2.94251979E-04
   4.47000027      -1.54231515E-04
   4.48000050      -4.20901604E-04
   4.49000025       9.40620026E-04
   4.50000048       1.53124856E-03
   4.51000023       1.41978019E-03
   4.52000046       7.17381772E-04
   4.53000021       1.66089728E-03
   4.54000044      -1.26760526E-04
   4.55000019       4.08715074E-04
   4.56000042       2.39746703E-04
   4.57000017       1.46763690E-03
   4.58000040       2.25936715E-03
   4.59000015       9.60853416E-04
   4.60000038       1.27254392E-03
   4.61000013      -4.95199871E-04
   4.62000036       1.28835673E-03
   4.63000011      -1.41668188E-05
   4.64000034      -3.26052541E-04
   4.65000010       1.33343099E-03
   4.66000032       1.46205304E-03
   4.67000055       7.10197492E-05
   4.68000031      -1.00913818E-03
   4.69000053       2.11915164E-03
   4.70000029       6.26199064E-04
   4.71000051       1.53803907E-03
   4.72000027       1.99505681E-04
   4.73000050       1.09800091E-03
   4.74000025      -7.56262045E-04
   4.75000048       3.14126082E-04
   4.76000023       1.85741519E-04
   4.77000046       2.85944789E-05
   4.78000021       1.65956549E-03
   4.79000044      -2.29056110E-04
   4.80000019       2.46397243E-03
   4.81000042       7.45412486E-04
   4.82000017      -6.59837620E-04
   4.83000040      -8.61221706E-05
   4.84000015       1.78103941E-03
   4.85000038       1.50913373E-03
   4.86000013       8.62933011E-05
   4.87000036       4.46142774E-04
   4.88000011       4.03234211E-04
   4.89000034       2.37777387E-03
   4.90000057      -6.63333572E-04
   4.91000032       3.31886637E-04
   4.92000055       2.90232385E-03
   4.93000031       5.20164089E-04
   4.94000053       5.20509493E-04
   4.95000029       2.35831668E-03
   4.96000051      -9.41058563E-04
   4.97000027       1.37630873E-03
   4.98000050       1.20325980E-03
   4.99000025      -1.88587670E-04
   5.00000048       1.01615253E-04
   5.01000023      -1.08945870E-03
   5.02000046       3.34323762E-04
   5.03000021       9.16367804E-04
   5.04000044       1.32452708E-03
   5.05000019       6.84553990E-04
   5.06000042       6.85012143E-04
   5.07000017       6.12548552E-04
   5.08000040       1.83887826E-03
   5.09000015       1.06609601E-03
   5.10000038       1.15449459E-03
   5.11000013       5.70323085E-04
   5.12000036       8.92643293E-04
   5.13000059       7.76096887E-04
   5.14000034      -1.17225565E-04
   5.15000057      -1.56894699E-03
   5.16000032       6.45609398E-04
   5.17000055       1.15994411E-03
   5.18000031       5.58324566E-04
   5.19000053       7.93943938E-04
   5.20000029       2.23631458E-03
   5.21000051       9.12797928E-04
   5.22000027      -1.42905337E-03
   5.23000050       2.01971992E-03
   5.24000025      -6.04851288E-04
   5.25000048       1.87483372E-03
   5.26000023      -8.86349517E-05
   5.27000046       1.31564343E-03
   5.28000021       1.46446330E-03
   5.29000044       3.40460101E-04
   5.30000019       1.34795438E-03
   5.31000042       1.83802226E-03
   5.32000017       2.95174052E-03
   5.33000040      -1.15775224E-03
   5.34000015       1.08427636E-03
   5.35000038       9.66110616E-04
   5.36000061      -1.04113744E-04
   5.37000036       3.42321844E-04
   5.38000059       9.68093111E-04
   5.39000034       7.00484787E-04
   5.40000057       1.61072740E-03
   5.41000032      -3.58184450E-04
   5.42000055       1.43372116E-03
   5.43000031       8.96691636E-05
   5.44000053       2.10867170E-03
   5.45000029      -5.23788563E-04
   5.46000051       1.82703300E-03
   5.47000027      -2.99718140E-05
   5.48000050       8.39793531E-04
   5.49000025       1.68074458E-03
   5.50000048      -2.17746454E-03
   5.51000023      -2.70492543E-04
   5.52000046       1.36843475E-03
   5.53000021       1.48976513E-03
   5.54000044       5.72224497E-04
   5.55000019       1.98910222E-03
   5.56000042      -8.44446418E-04
   5.57000017      -1.81078009E-04
   5.58000040       6.49313442E-04
   5.59000063       1.76796212E-03
   5.60000038       1.07361097E-03
   5.61000061       1.83094642E-03
   5.62000036       1.02967757E-03
   5.63000059      -4.24279715E-04
   5.64000034       1.36470742E-04
   5.65000057       1.32013543E-03
   5.66000032      -8.04781448E-04
   5.67000055       2.38563749E-03
   5.68000031       1.24687224E-03
   5.69000053       4.41275188E-04
   5.70000029      -2.04042112E-03
   5.71000051       3.55037861E-03
   5.72000027       1.12837797E-03
   5.73000050       4.88289166E-04
   5.74000025      -4.42822347E-04
   5.75000048      -1.68084982E-04
   5.76000023       2.92061572E-03
   5.77000046       4.74359695E-04
   5.78000021       1.73033390E-03
   5.79000044       1.37911178E-03
   5.80000019       1.22674042E-04
   5.81000042       1.84141129E-04
   5.82000065       8.59929598E-04
   5.83000040       1.49057212E-03
   5.84000063       9.22654639E-04
   5.85000038      -3.53934185E-04
   5.86000061       8.16164247E-04
   5.87000036       9.86254076E-04
   5.88000059       2.02016882E-03
   5.89000034       1.63579953E-03
   5.90000057       9.26581415E-05
   5.91000032       2.11719400E-03
   5.92000055      -2.31974263E-04
   5.93000031       2.52257753E-03
   5.94000053      -1.71905127E-03
   5.95000029       2.12322176E-03
   5.96000051       9.30540264E-04
   5.97000027      -1.42784591E-03
   5.98000050       3.21494415E-03
   5.99000025       2.64217728E-03
   6.00000048       2.95513193E-04
   6.01000023       6.69270696E-04
   6.02000046       2.04039970E-03
   6.03000021       1.27811078E-03
   6.04000044       7.33100518E-04
   6.05000019       1.46725238E-03
   6.06000042      -2.81164626E-04
   6.07000065       2.26656417E-03
   6.08000040       8.75991362E-04
   6.09000063       1.25231594E-03
   6.10000038      -2.03647796E-04
   6.11000061       1.94388465E-03
   6.12000036       9.72642621E-04
   6.13000059       8.32051970E-04
   6.14000034       1.90096081E-03
   6.15000057       1.19485368E-03
   6.16000032      -4.40527394E-04
   6.17000055       1.13360386E-03
   6.18000031       7.87794823E-04
   6.19000053       1.65556686E-03
   6.20000029      -7.10042601E-04
   6.21000051       4.57915099E-04
   6.22000027       1.24832918E-03
   6.23000050       8.38094391E-04
   6.24000025       2.99084932E-03
   6.25000048      -3.32558149E-04
   6.26000023       5.38819528E-04
   6.27000046       1.55419891E-03
   6.28000021       5.23734197E-04
   6.29000044      -9.52938164E-04
   6.30000067       1.63707207E-03
   6.31000042       1.51102373E-03
   6.32000065       1.32112287E-03
   6.33000040       1.27430569E-04
   6.34000063       1.65780587E-03
   6.35000038       2.87138129E-04
   6.36000061       3.04908864E-03
   6.37000036      -1.61352812E-03
   6.38000059       1.31095480E-03
   6.39000034       7.51953223E-04
   6.40000057       3.10609047E-03
   6.41000032       9.61352634E-05
   6.42000055       2.16463767E-03
   6.43000031      -1.33183144E-03
   6.44000053       3.03496141E-03
   6.45000029       2.08908052E-04
   6.46000051       1.92980666E-03
   6.47000027       3.37965321E-04
   6.48000050       1.19180779E-03
   6.49000025      -3.22348424E-05
   6.50000048       1.98391220E-03
   6.51000023       1.58184953E-03
   6.52000046       6.13825279E-04
   6.53000069       5.49619901E-04
   6.54000044       1.21329760E-03
   6.55000067      -9.87548847E-04
   6.56000042       1.79835234E-03
   6.57000065      -3.24272514E-05
   6.58000040       2.32024863E-03
   6.59000063       5.68316551E-04
   6.60000038       2.01496738E-03
   6.61000061      -7.80569797E-04
   6.62000036       5.37042972E-04
   6.63000059      -3.09437863E-04
   6.64000034       2.64033861E-03
   6.65000057       6.85045088E-04
   6.66000032       2.04035291E-03
   6.67000055       8.33088649E-04
   6.68000031      -4.57725371E-04
   6.69000053      -1.11245376E-03
   6.70000029       3.76554148E-04
   6.71000051       2.12995033E-03
   6.72000027       1.82001898E-03
   6.73000050      -9.35308984E-04
   6.74000025       9.85278166E-04
   6.75000048       2.46505463E-03
   6.76000071       4.60491108E-04
   6.77000046      -7.73551466E-04
   6.78000069       3.12948570E-04
   6.79000044       2.80218781E-04
   6.80000067       2.42490298E-03
   6.81000042       2.29467452E-03
   6.82000065      -9.58216377E-04
   6.83000040       2.18242384E-03
   6.84000063      -4.63290227E-04
   6.85000038       2.48379959E-03
   6.86000061       5.30280522E-04
   6.87000036      -5.47268311E-04
   6.88000059       2.35670712E-03
   6.89000034       9.96554081E-05
   6.90000057       1.37961493E-03
   6.91000032       1.09788124E-03
   6.92000055      -1.69802282E-03
   6.93000031       3.13208322E-03
   6.94000053       1.75064150E-03
   6.95000029       2.83654430E-04
   6.96000051       8.34917009E-05
   6.97000027      -1.11964799E-03
   6.98000050       1.63895218E-03
   6.99000072       6.19263446E-04
   7.00000048       1.42372726E-03
   7.01000071       8.04606301E-04
   7.02000046       1.35881850E-03
   7.03000069      -5.03654737E-05
   7.04000044       1.29370973E-03
   7.05000067       2.15224246E-03
   7.06000042       1.11060776E-03
   7.07000065       1.29671139E-03
   7.08000040       3.53922340E-04
   7.09000063       1.66978315E-03
   7.10000038      -3.37592210E-05
   7.11000061       1.18248732E-04
   7.12000036       3.38112986E-05
   7.13000059       3.62064759E-03
   7.14000034       8.29671859E-04
   7.15000057      -5.42247901E-04
   7.16000032      -2.37417815E-04
   7.17000055       2.40997621E-03
   7.18000031       6.79396093E-04
   7.19000053       8.49908160E-04
   7.20000029       6.63446146E-04
   7.21000051       9.19335522E-04
   7.22000074       1.41415955E-03
   7.23000050       3.41028353E-04
   7.24000072       3.24230554E-04
   7.25000048       2.16892641E-03
   7.26000071       2.17062817E-03
   7.27000046       1.65918318E-03
   7.28000069      -7.87447905E-04
   7.29000044       1.69605785E-03
   7.30000067       1.76597503E-03
   7.31000042      -1.68157252E-03
   7.32000065       1.95765775E-03
   7.33000040       2.01075990E-03
   7.34000063       1.54796071E-04
   7.35000038       1.34262640E-03
   7.36000061      -2.06721204E-04
   7.37000036       8.62020825E-04
   7.38000059       3.27827642E-04
   7.39000034       8.28852411E-04
   7.40000057       6.73977076E-04
   7.41000032      -7.60988391E-04
   7.42000055       1.78282091E-03
   7.43000031      -3.29131290E-04
   7.44000053       8.49488191E-04
   7.45000076       3.29656061E-04
   7.46000051      -9.20300081E-04
   7.47000074       1.73780078E-03
   7.48000050       1.68701296E-03
   7.49000072       2.69789738E-03
   7.50000048      -5.57430903E-04
   7.51000071       1.53416186E-03
   7.52000046       1.55283965E-03
   7.53000069       2.21762597E-03
   7.54000044      -5.94171637E-04
   7.55000067       1.67900883E-03
   7.56000042       1.50532112E-03
   7.57000065      -1.38390763E-03
   7.58000040       1.63046899E-03
   7.59000063      -3.33374803E-04
   7.60000038       3.17839487E-03
   7.61000061       1.72228832E-03
   7.62000036       6.33188698E-04
   7.63000059       6.33699936E-04
   7.64000034      -2.11404273E-04
   7.65000057      -1.41050346E-04
   7.66000032       5.47013013E-04
   7.67000055       1.37747079E-03
   7.68000031       1.59068368E-04
   7.69000053       2.28182715E-03
   7.70000076       2.00043409E-03
   7.71000051       1.04532461E-03
   7.72000074       7.09271873E-04
   7.73000050       9.93790221E-04
   7.74000072       2.84171430E-04
   7.75000048      -1.77751517E-05
   7.76000071       1.33423076E-03
   7.77000046       7.12171430E-04
   7.78000069      -5.34565588E-05
   7.79000044      -4.28003055E-04
   7.80000067       2.51657818E-03
   7.81000042       6.07332098E-04
   7.82000065       2.50283192E-04
   7.83000040       1.80709851E-03
   7.84000063      -4.47669241E-04
   7.85000038       1.97137080E-04
   7.86000061       8.78877821E-04
   7.87000036       2.63880682E-03
   7.88000059      -1.00608903E-03
   7.89000034       2.46335752E-03
   7.90000057       6.47840730E-04
   7.91000032       6.84397412E-04
   7.92000055       3.96558229E-04
   7.93000078       2.70604680E-04
   7.94000053       1.19164726E-03
   7.95000076       4.33685811E-04
   7.96000051       1.77235471E-03
   7.97000074      -1.06791686E-03
   7.98000050      -1.99268790E-04
   7.99000072       3.44478118E-04
   8.00000095       1.68753508E-03
   8.01000023      -3.99534358E-04
   8.02000046       1.07237406E-03
   8.03000069       5.63921349E-04
   8.04000092      -3.64124280E-05
   8.05000019       3.40741267E-03
   8.06000042      -1.38599123E-03
   8.07000065       1.56967330E-03
   8.08000088       2.19207708E-04
   8.09000015       1.07867667E-03
   8.10000038       7.50218751E-04
   8.11000061      -1.11711840E-03
   8.12000084       1.48463575E-03
   8.13000011       1.02727860E-03
   8.14000034       1.67073624E-03
   8.15000057      -5.32881590E-04
   8.16000080       1.78390252E-03
   8.17000103       2.57688080E-04
   8.18000031       4.05280991E-03
   8.19000053      -5.53123944E-04
   8.20000076       1.66077749E-04
   8.21000099       3.54599883E-03
   8.22000027       1.10906526E-03
   8.23000050       7.40004907E-05
   8.24000072       1.57384726E-03
   8.25000095       1.85316167E-04
   8.26000023       8.90275289E-04
   8.27000046       6.31148752E-04
   8.28000069       1.44916575E-03
   8.29000092       5.02062496E-04
   8.30000019      -7.44432909E-05
   8.31000042      -8.00948939E-04
   8.32000065       2.72183097E-03
   8.33000088       6.53052877E-04
   8.34000015       1.30722544E-03
   8.35000038      -8.97152873E-04
   8.36000061       1.51524623E-03
   8.37000084       3.18288046E-04
   8.38000107       3.18562030E-03
   8.39000034       7.50204199E-05
   8.40000057       6.56993943E-04
   8.41000080       1.87874306E-04
   8.42000103       1.82395580E-03
   8.43000031       6.58697274E-04
   8.44000053       7.53447937E-04
   8.45000076      -3.58197605E-04
   8.46000099       1.71706616E-03
   8.47000027       1.26530940E-03
   8.48000050       4.15835442E-04
   8.49000072       3.15930997E-03
   8.50000095      -1.13606788E-04
   8.51000023       1.13705733E-04
   8.52000046       6.25926361E-04
   8.53000069      -3.03743815E-04
   8.54000092       1.19703601E-03
   8.55000019       5.89532021E-04
   8.56000042      -9.51688853E-05
   8.57000065       9.71572124E-04
   8.58000088       5.91080403E-04
   8.59000015      -2.48089549E-04
   8.60000038      -1.71904947E-04
   8.61000061       8.22045724E-04
   8.62000084       2.67877884E-04
   8.63000107       1.49377517E-03
   8.64000034      -9.00887768E-04
   8.65000057      -8.63312045E-04
   8.66000080       9.02476662E-04
   8.67000103       1.69123395E-03
   8.68000031      -1.34648883E-03
   8.69000053       7.31597480E-04
   8.70000076       2.25454383E-03
   8.71000099       2.54584011E-03
   8.72000027       1.33195950E-03
   8.73000050      -2.39579007E-03
   8.74000072       9.08888527E-04
   8.75000095       8.51630524E-04
   8.76000023       1.97599106E-03
   8.77000046       5.62301488E-04
   8.78000069       9.31535673E-04
   8.79000092       7.76971981E-04
   8.80000019       1.98304886E-03
   8.81000042       8.17278808E-04
   8.82000065       1.55811940E-04
   8.83000088       3.45041347E-03
   8.84000015      -6.63385261E-04
   8.85000038      -5.07749734E-04
   8.86000061       1.17278157E-03
   8.87000084       2.34767169E-04
   8.88000107      -1.05740118E-03
   8.89000034       3.33185279E-04
   8.90000057       2.51095043E-03
   8.91000080      -2.15979316E-03
   8.92000103       2.45652581E-03
   8.93000031       1.49491720E-03
   8.94000053       2.28377804E-03
   8.95000076      -1.24145043E-03
   8.96000099       8.48106574E-04
   8.97000027       1.77671586E-03
   8.98000050       2.09447579E-03
   8.99000072       1.42395520E-03
   9.00000095       1.78156118E-03
   9.01000023       2.85309250E-03
   9.02000046       4.36286238E-04
   9.03000069       8.13819875E-04
   9.04000092      -3.97347685E-05
   9.05000019      -2.18740737E-04
   9.06000042       1.13451073E-03
   9.07000065       2.64961389E-03
   9.08000088      -7.97606073E-04
   9.09000111       2.99376406E-04
   9.10000038      -5.19395398E-04
   9.11000061       1.33966992E-03
   9.12000084      -2.00132108E-05
   9.13000107       2.58411141E-03
   9.14000034      -1.54387462E-03
   9.15000057      -5.01719827E-04
   9.16000080       1.56681042E-03
   9.17000103       2.01060502E-05
   9.18000031       1.22759154E-03
   9.19000053      -1.24886970E-03
   9.20000076       1.77423016E-03
   9.21000099      -2.62345129E-04
   9.22000027       2.54508783E-03
   9.23000050      -1.35459774E-03
   9.24000072       1.82129777E-04
   9.25000095       2.99781072E-03
   9.26000023       6.08230417E-04
   9.27000046       1.76551170E-03
   9.28000069       1.88903150E-03
   9.29000092      -3.04966932E-04
   9.30000019       4.47703176E-04
   9.31000042      -9.98089672E-04
   9.32000065       1.40678894E-03
   9.33000088       2.28562509E-03
   9.34000111       5.10662270E-04
   9.35000038       3.88467917E-04
   9.36000061       1.69858604E-03
   9.37000084       7.37429247E-04
   9.38000107       2.05035431E-05
   9.39000034      -4.10454850E-05
   9.40000057       9.24395339E-04
   9.41000080       1.89165922E-03
   9.42000103       4.52780921E-04
   9.43000031      -4.73809632E-04
   9.44000053       5.56738058E-04
   9.45000076       1.81627367E-03
   9.46000099       7.64384982E-04
   9.47000027      -2.68822740E-04
   9.48000050       1.24189930E-04
   9.49000072      -6.42258208E-04
   9.50000095       1.14057667E-03
   9.51000023       4.77423513E-04
   9.52000046       2.49328383E-04
   9.53000069       9.77467396E-04
   9.54000092       2.70621851E-04
   9.55000114       1.66695827E-04
   9.56000042       6.25706380E-05
   9.57000065       2.12944741E-03
   9.58000088       1.79714011E-03
   9.59000111       4.18340671E-04
   9.60000038       1.50747539E-03
   9.61000061      -9.64036328E-04
   9.62000084       1.46842227E-04
   9.63000107      -4.40952543E-04
   9.64000034       7.14611670E-04
   9.65000057      -1.07295346E-03
   9.66000080       1.47410599E-03
   9.67000103       3.16185586E-04
   9.68000031       2.15214584E-03
   9.69000053       8.87036731E-04
   9.70000076      -1.31070672E-03
   9.71000099       3.11066420E-03
   9.72000027       7.62536249E-04
   9.73000050      -7.63278746E-04
   9.74000072       1.57049089E-03
   9.75000095       1.29585702E-03
   9.76000023       1.72240846E-03
   9.77000046       2.34135939E-03
   9.78000069       7.03095226E-04
   9.79000092       9.38378507E-04
   9.80000114       2.34824562E-04
   9.81000042      -9.82957194E-04
   9.82000065       7.70026702E-04
   9.83000088       8.99247825E-04
   9.84000111       3.00044287E-03
   9.85000038       5.14868356E-04
   9.86000061      -1.37433689E-03
   9.87000084       1.95606379E-03
   9.88000107      -7.96108623E-04
   9.89000034       9.69198125E-04
   9.90000057      -1.94031236E-04
   9.91000080       4.96349647E-04
   9.92000103       1.14489708E-03
   9.93000031       8.64931149E-04
   9.94000053       1.99131924E-03
   9.95000076       9.31651681E-04
   9.96000099      -2.60254747E-04
   9.97000027      -4.34190530E-04
   9.98000050      -2.17310280E-05
   9.99000072       3.48046306E-03
   10.0000010       1.39357743E-03
   10.0100012      -8.71856319E-05
   10.0200005       1.00364129E-03
   10.0300007       2.18400346E-05
   10.0400009       1.44289853E-03
   10.0500011       1.86014548E-03
   10.0600004       4.38123207E-05
   10.0700006       6.35916251E-04
   10.0800009       8.78009232E-05
   10.0900011       4.39447875E-04
   10.1000004       3.23320506E-03
   10.1100006       1.58521184E-03
   10.1200008       5.50977944E-04
   10.1300011      -2.42676077E-04
   10.1400003       1.03793945E-03
   10.1500006       5.52656071E-04
   10.1600008      -5.08960104E-04
   10.1700010      -1.10756070E-03
   10.1800003      -2.66085059E-04
   10.1900005       1.26519322E-03
   10.2000008      -7.33227993E-04
   10.2100010       1.04536104E-03
   10.2200003       2.40456196E-03
   10.2300005      -4.23457823E-04
   10.2400007      -4.23891732E-04
   10.2500010      -1.94296881E-03
   10.2600012       1.94496324E-03
   10.2700005      -1.79031209E-04
   10.2800007       1.85935711E-03
   10.2900009       6.05474226E-04
   10.3000011      -8.08131183E-04
   10.3100004       4.71896317E-04
   10.3200006       1.79955940E-04
   10.3300009       3.60283535E-04
   10.3400011       1.64549635E-03
   10.3500004      -2.77542206E-03
   10.3600006       1.80702447E-03
   10.3700008       7.23559991E-04
   10.3800011       3.39521706E-04
   10.3900003      -1.88064075E-03
   10.4000006       9.29958827E-04
   10.4100008       8.62812041E-04
   10.4200010       1.20465155E-03
   10.4300003       1.13765112E-04
   10.4400005       2.27768742E-05
   10.4500008       7.06820807E-04
   10.4600010       1.34665018E-03
   10.4700003       1.05103187E-03
   10.4800005       3.54524166E-03
   10.4900007      -3.20552208E-04
   10.5000010      -1.82512977E-10
   10.5100012       2.06503362E-04
   10.5200005       1.63080159E-03
   10.5300007      -4.13879257E-04
   10.5400009       5.29404788E-04
   10.5500011      -3.68671084E-04
   10.5600004       1.38398245E-04
   10.5700006       2.51689972E-03
   10.5800009      -7.16575421E-04
   10.5900011       1.04129536E-03
   10.6000004       8.10757978E-04
   10.6100006       1.39135213E-04
   10.6200008      -3.94636561E-04
   10.6300011       1.62670694E-04
   10.6400003      -1.86108024E-04
   10.6500006       4.00560210E-03
   10.6600008       1.16566705E-04
   10.6700010       3.73412971E-04
   10.6800003       9.81261022E-04
   10.6900005      -1.16942269E-04
   10.7000008       4.68272017E-04
   10.7100010      -4.68776037E-04
   10.7200012      -1.64248195E-04
   10.7300005       9.63064318E-04
   10.7400007       1.26979535E-03
   10.7500010       1.60073093E-03
   10.7600012      -1.24897854E-03
   10.7700005       1.34469662E-03
   10.7800007       4.08569816E-03
   10.7900009      -8.51126097E-04
   10.8000011       3.07685201E-04
   10.8100004       5.21264679E-04
   10.8200006       9.01347143E-04
   10.8300009      -1.35349506E-03
   10.8400011       1.09348656E-03
   10.8500004       1.42784533E-03
   10.8600006       1.31029019E-03
   10.8700008      -5.00840717E-04
   10.8800011       2.86508468E-04
   10.8900003       1.09948788E-03
   10.9000006       3.58922698E-04
   10.9100008       1.31749769E-03
   10.9200010       1.12710183E-03
   10.9300003       7.92241597E-04
   10.9400005       2.64372095E-04
   10.9500008       1.20301884E-04
   10.9600010       1.95104710E-03
   10.9700012       1.68795697E-03
   10.9800005       4.10386914E-04
   10.9900007      -4.35009657E-04
   11.0000010       9.91956331E-04
   11.0100012       6.53965981E-04
   11.0200005      -1.18814851E-03
   11.0300007      -1.62642251E-03
   11.0400009       1.87125849E-03
   11.0500011       3.89267545E-04
   11.0600004      -1.68059324E-03
   11.0700006      -5.36441454E-04
   11.0800009       1.70877273E-03
   11.0900011       7.08714826E-04
   11.1000004       1.37009029E-03
   11.1100006       6.85815583E-04
   11.1200008       1.83907454E-03
   11.1300011       6.87361869E-04
   11.1400003       6.88137894E-04
   11.1500006      -3.69061832E-04
   11.1600008       2.46319512E-04
   11.1700010      -7.39795389E-04
   11.1800013       1.60470756E-03
   11.1900005       6.42611529E-04
   11.2000008       7.67061196E-04
   11.2100010       2.72492645E-04
   11.2200012       2.13282392E-03
   11.2300005       1.48971652E-04
   11.2400007      -3.47996625E-04
   11.2500010      -5.97247388E-04
   11.2600012       2.14258512E-03
   11.2700005       9.97693860E-05
   11.2800007       1.57316832E-03
   11.2900009       1.69997173E-03
   11.3000011       3.75424803E-04
   11.3100004       3.25742672E-04
   11.3200006      -2.00687977E-03
   11.3300009       5.52528305E-04
   11.3400011       1.28234073E-03
   11.3500004      -2.01383999E-04
   11.3600006       1.96576677E-03
   11.3700008       1.79142470E-03
   11.3800011       5.80994005E-04
   11.3900003       5.31088968E-04
   11.4000006      -3.29151546E-04
   11.4100008       1.08999992E-03
   11.4200010      -4.31432505E-04
   11.4300013      -2.79487867E-04
   11.4400005       1.55169808E-03
   11.4500008       1.32430601E-03
   11.4600010       2.03978023E-04
   11.4700012      -8.67922616E-04
   11.4800005      -9.45612614E-04
   11.4900007       4.60568117E-04
   11.5000010       1.17839267E-03
   11.5100012       4.33441112E-03
   11.5200005      -1.79743554E-04
   11.5300007       7.45530939E-04
   11.5400009       1.80168496E-03
   11.5500011       2.31919359E-04
   11.5600004      -5.67585288E-04
   11.5700006       1.88558607E-03
   11.5800009      -7.49958272E-04
   11.5900011       2.07131015E-04
   11.6000004       1.37387658E-03
   11.6100006      -8.04545474E-04
   11.6200008       7.01569661E-04
   11.6300011       1.17067993E-03
   11.6400013       7.55340385E-04
   11.6500006       1.92972913E-03
   11.6600008      -5.22173825E-04
   11.6700010       1.30700122E-03
   11.6800013       2.09371879E-04
   11.6900005      -1.31014662E-04
   11.7000008       1.54783588E-03
   11.7100010      -8.14251543E-04
   11.7200012       8.11168771E-11
   11.7300005       7.89890357E-04
   11.7400007       2.10892432E-03
   11.7500010       1.08213362E-03
   11.7600012       5.54936298E-04
   11.7700005      -2.64576174E-05
   11.7800007       1.40396133E-03
   11.7900009       1.14045059E-03
   11.8000011      -8.49742442E-04
   11.8100004       9.30540496E-04
   11.8200006       1.51730387E-03
   11.8300009      -4.53082932E-04
   11.8400011       1.57439243E-03
   11.8500004       5.34347433E-04
   11.8600006      -8.82755849E-04
   11.8700008       4.82095726E-04
   11.8800011      -1.04582647E-03
   11.8900013       2.68491985E-05
   11.9000006       4.83881071E-04
   11.9100008       1.56109931E-03
   11.9200010       1.40133838E-03
   11.9300013       1.40307553E-03
   11.9400005       5.67329058E-04
   11.9500008       3.00246663E-03
   11.9600010       7.58321024E-04
   11.9700012       4.60982468E-04
   11.9800005       2.79649557E-03
   11.9900007      -5.43685601E-05
   12.0000010      -2.99401872E-04
   12.0100012       8.72076198E-04
   12.0200005      -1.14603341E-03
   12.0300007       8.74264282E-04
   12.0400009       1.34039856E-03
   12.0500011       4.93010797E-04
   12.0600004       2.46815896E-03
   12.0700006       4.94253822E-04
   12.0800009      -1.18220923E-03
   12.0900011       1.54156762E-03
   12.1000004       1.32301636E-03
   12.1100006       8.55531078E-04
   12.1200008      -3.59226688E-04
   12.1300011      -2.49011238E-04
   12.1400013       4.15546674E-04
   12.1500006       1.13727455E-03
   12.1600008       1.69420056E-03
   12.1700010       1.94664826E-04
   12.1800013      -1.39224052E-04
   12.1900005       2.17467663E-03
   12.2000008       5.02491719E-04
   12.2100010      -2.51568534E-04
   12.2200012       2.46294192E-03
   12.2300005       7.84672389E-04
   12.2400007       2.91825156E-03
   12.2500010      -5.61926223E-04
   12.2600012      -2.25060794E-04
   12.2700005      -1.04225334E-03
   12.2800007       1.43848010E-03
   12.2900009       1.66628277E-03
   12.3000011       5.65575319E-04
   12.3100004       1.98208683E-04
   12.3200006       2.26819291E-04
   12.3300009      -4.25840641E-04
   12.3400011       3.01320176E-03
   12.3500013      -9.67762142E-04
   12.3600006       3.04959062E-03
   12.3700008       8.56146275E-04
   12.3800011       5.14361716E-04
   12.3900013       7.15329603E-04
   12.4000006      -9.74129129E-04
   12.4100008       2.66804011E-03
   12.4200010       4.10788134E-03
   12.4300013      -1.72586399E-04
   12.4400005      -6.91258872E-04
   12.4500008       1.29782665E-03
   12.4600010       1.64609309E-03
   12.4700012       1.35910802E-03
   12.4800005       2.11376208E-03
   12.4900007       1.18876225E-03
   12.5000010      -1.80003734E-03
   12.5100012      -2.03501171E-04
   12.5200005       1.19353016E-03
   12.5300007       1.13682903E-03
   12.5400009       4.37827926E-04
   12.5500011      -2.92277196E-04
   12.5600004       8.78010105E-05
   12.5700006       5.27514901E-04
   12.5800009       1.17383525E-03
   12.5900011       1.52804528E-03
   12.6000013      -2.64826929E-04
   12.6100006       3.65366181E-03
   12.6200008       1.29821757E-03
   12.6300011      -6.20444596E-04
   12.6400013       4.14191541E-04
   12.6500006      -2.07377569E-04
   12.6600008       1.33495789E-03
   12.6700010       7.12949375E-04
   12.6800013       3.56961333E-04
   12.6900005       1.99576141E-03
   12.7000008      -1.78969582E-04
   12.7100010       1.88175915E-03
   12.7200012       2.99102365E-04
   12.7300005      -1.34781154E-03
   12.7400007       9.59764468E-04
   12.7500010       1.47166569E-03
   12.7600012      -1.23309495E-03
   12.7700005       1.17456599E-03
   12.7800007      -4.82540607E-04
   12.7900009      -3.02004210E-05
   12.8000011       4.23395948E-04
   12.8100014       1.90793222E-03
   12.8200006      -2.12287600E-03
   12.8300009       2.79395655E-03
   12.8400011      -1.79427897E-03
   12.8500013       6.39534846E-04
   12.8600006      -4.26953891E-04
   12.8700008       2.01560534E-03
   12.8800011      -6.72812108E-04
   12.8900013       2.35815346E-03
   12.9000006       1.31874578E-03
   12.9100008       6.44947111E-04
   12.9200010      -1.01492018E-03
   12.9300013       1.07795279E-03
   12.9400005       1.54211360E-04
   12.9500008       1.29721314E-03
   12.9600010       1.54649466E-03
   12.9700012       2.57083285E-03
   12.9800005       1.48886477E-03
   12.9900007       9.93991969E-04
   13.0000010      -7.77666282E-04
   13.0100012       8.09929450E-04
   13.0200005       5.30328078E-04
   13.0300007      -1.09341810E-03
   13.0400009       2.12740805E-03
   13.0500011      -1.15922582E-03
   13.0600014       1.00401824E-03
   13.0700006       5.65575145E-04
   13.0800009      -5.66392497E-04
   13.0900011       1.03988894E-03
   13.1000013       2.01967708E-03
   13.1100006       1.16932066E-03
   13.1200008       1.42421387E-03
   13.1300011      -1.77493470E-03
   13.1400013      -2.09493656E-03
   13.1500006       3.84632451E-03
   13.1600008       1.62354810E-03
   13.1700010      -1.08395016E-03
   13.1800013      -1.59638221E-04
   13.1900005      -3.51719733E-04
   13.2000008       3.52237001E-03
   13.2100010      -9.94129688E-04
   13.2200012       2.47293059E-03
   13.2300005       4.18124604E-04
   13.2400007       1.77160616E-03
   13.2500010       1.19357312E-03
   13.2600012      -4.52292530E-04
   13.2700014       1.19712017E-03
   13.2800007      -1.03688810E-03
   13.2900009       1.26559054E-03
   13.3000011       7.79987429E-04
   13.3100014       1.23682595E-03
   13.3200006       1.72762922E-03
   13.3300009      -1.69757369E-03
   13.3400011       6.53893279E-04
   13.3500013       1.96462939E-03
   13.3600006       2.62345164E-03
   13.3700008       2.29898171E-04
   13.3800011       1.21701218E-03
   13.3900013       8.23549286E-04
   13.4000006       1.58361054E-03
   13.4100008       1.98251597E-04
   13.4200010      -7.61119649E-04
   13.4300013       2.31997707E-04
   13.4400005       1.56007370E-03
   13.4500008       9.30824433E-04
   13.4600010       1.99767412E-03
   13.4700012       2.66764459E-04
   13.4800005       2.57154577E-03
   13.4900007       2.30791187E-03
   13.5000010      -6.69989036E-04
   13.5100012       3.01959721E-04
   13.5200014      -1.84815656E-03
   13.5300007       2.59141834E-03
   13.5400009       1.68534607E-04
   13.5500011       5.40146430E-04
   13.5600014       2.80635944E-03
   13.5700006       8.46603536E-04
   13.5800009       1.42450957E-03
   13.5900011       3.39697181E-05
   13.6000013       1.02068632E-04
   13.6100006      -7.15598697E-04
   13.6200008      -3.75424803E-04
   13.6300011       1.46987394E-03
   13.6400013       1.57489500E-03
   13.6500006       6.85815699E-04
   13.6600008      -1.75158773E-03
   13.6700010       1.16957037E-03
   13.6800013       1.03360675E-04
   13.6900005       1.93245674E-03
   13.7000008      -2.07377641E-04
   13.7100010      -1.41933316E-03
   13.7200012       1.42159301E-03
   13.7300005       2.84772087E-03
   13.7400007       3.04188272E-11
   13.7500010       1.04518281E-03
   13.7600012      -2.19840161E-03
   13.7700014      -1.74756235E-04
   13.7800007       1.75037340E-03
   13.7900009       5.61021501E-04
   13.8000011      -1.05361127E-04
   13.8100014       7.03544138E-05
   13.8200006       7.04680977E-04
   13.8300009       1.44693768E-03
   13.8400011       1.62233754E-10
   13.8500013       7.43524521E-04
   13.8600006       2.12781597E-03
   13.8700008       1.06564337E-04
   13.8800011       2.02803058E-03
   13.8900013       2.03134981E-03
   13.9000006       3.56961100E-05
   13.9100008       4.29057080E-04
   13.9200010       1.03859324E-03
   13.9300013       1.29141228E-03
   13.9400005       2.15590815E-04
   13.9500008      -4.31893655E-04
   13.9600010      -1.44203092E-04
   13.9700012       4.69436753E-04
   13.9800014       3.03832279E-03
   13.9900007      -5.43460366E-04
   14.0000010      -4.71783977E-04
   14.0100012       3.63516679E-04
   14.0200014      -6.19011756E-04
   14.0300007       1.93309237E-03
   14.0400009       1.68059324E-03
   14.0500011      -9.14901204E-04
   14.0600014       2.23611738E-03
   14.0700006       2.71724118E-03
   14.0800009       1.98620069E-03
   14.0900011       8.47405870E-04
   14.1000013       1.03337294E-03
   14.1100006       7.02407793E-04
   14.1200008       1.11095130E-03
   14.1300011       7.04801176E-04
   14.1400013       1.96937914E-03
   14.1500006      -6.69989153E-04
   14.1600008       1.34227285E-03
   14.1700010      -1.49397092E-04
   14.1800013       7.48269958E-05
   14.1900005       1.49911517E-04
   14.2000008       2.70305970E-03
   14.2100010       6.76931872E-04
   14.2200012      -3.76722783E-05
   14.2300014      -4.52852430E-04
   14.2400007       9.45080130E-04
   14.2500010       3.40820581E-04
   14.2600012       2.69337953E-03
   14.2700014       1.55804621E-03
   14.2800007       1.14202383E-04
   14.2900009      -3.81341779E-05
   14.3000011       2.06286111E-03
   14.3100014      -1.18631648E-03
   14.3200006      -1.15006980E-04
   14.3300009       2.26579281E-03
   14.3400011       1.73119991E-03
   14.3500013       1.92695981E-04
   14.3600006      -2.70252721E-03
   14.3700008      -5.02788927E-04
   14.3800011       1.97599106E-03
   14.3900013      -1.39730342E-03
   14.4000006       3.88831904E-05
   14.4100008       1.16858596E-03
   14.4200010       9.36543802E-04
   14.4300013       5.08205325E-04
   14.4400015      -9.79075558E-04
   14.4500008       1.41240947E-03
   14.4600010       1.84730755E-03
   14.4700012      -7.87510216E-05
   14.4800014       5.12808503E-04
   14.4900007       1.81784702E-03
   14.5000010      -1.58360985E-04
   14.5100012       7.09772657E-11
   14.5200014       1.66885951E-03
   14.5300007       2.03017727E-03
   14.5400009      -8.37486412E-04
   14.5500011       4.39488242E-04
   14.5600014      -2.80188426E-04
   14.5700006      -4.41106793E-04
   14.5800009       1.40611129E-03
   14.5900011       3.62240011E-04
   14.6000013       1.12905574E-03
   14.6100006       1.00995589E-03
   14.6200008       1.09277957E-03
   14.6300011       2.31127534E-03
   14.6400013      -9.74984316E-04
   14.6500006      -2.03501340E-03
   14.6600008       4.07763582E-05
   14.6700010       1.75667892E-03
   14.6800013       2.94694421E-03
   14.6900015       1.64027407E-03
   14.7000008      -1.10927445E-03
   14.7100010       2.84017087E-03
   14.7200012      -1.64959361E-04
   14.7300014      -7.43726385E-04
   14.7400007       1.82145403E-03
   14.7500010      -1.53459341E-03
   14.7600012       1.24663999E-03
   14.7700014       1.41556025E-03
   14.7800007      -1.45998632E-03
   14.7900009       1.33740588E-03
   14.8000011       1.67497282E-03
   14.8100014      -1.42647000E-03
   14.8200006       2.52215978E-04
   14.8300009       2.94821482E-04
   14.8400011      -1.68795290E-04
   14.8500013       4.22808749E-04
   14.8600006       3.77031788E-03
   14.8700008       1.18847971E-03
   14.8800011       8.50572076E-04
   14.8900013      -4.26118313E-05
   14.9000015      -2.56172236E-04
   14.9100008       1.11226062E-03
   14.9200010      -1.84312987E-03
   14.9300013       3.00636142E-03
   14.9400015      -6.45492983E-04
   14.9500008       4.09622071E-03
   14.9600010       1.81455398E-03
   14.9700012      -4.76184970E-04
   14.9800014       3.03630531E-03
   14.9900007       1.21694652E-03
   15.0000010      -1.30647735E-04
   15.0100012       3.49092559E-04
   15.0200014       3.49793816E-04
   15.0300007       1.70867459E-03
   15.0400009       7.02407910E-04
   15.0500011       1.14371907E-03
   15.0600014      -3.52625764E-04
   15.0700006       7.06682622E-04
   15.0800009      -1.77029593E-04
   15.0900011       1.68520701E-03
   15.1000013       1.33314112E-04
   15.1100006       2.36003357E-03
   15.1200008       7.58543028E-04
   15.1300011       1.29664189E-03
   15.1400013      -4.48039136E-05
   15.1500015       1.25709269E-03
   15.1600008       0.00000000    
   15.1700010      -1.75820116E-03
   15.1800013       1.94255146E-03
   15.1900015       3.30467615E-03
   15.2000008       1.85991765E-03
   15.2100010      -1.36375776E-04
   15.2200012      -3.18875624E-04
   15.2300014       2.69330060E-03
   15.2400007       1.37235166E-03
   15.2500010       1.87949557E-03
   15.2600012       1.10251363E-03
   15.2700014       1.24295021E-03
   15.2800007       2.12210533E-03
   15.2900009      -3.69845104E-04
   15.3000011       2.77974224E-03
   15.3100014       2.04282394E-03
   15.3200006      -1.53539155E-03
   15.3300009       3.07735894E-03
   15.3400011      -1.40179938E-04
   15.3500013       9.36543802E-04
   15.3600006       5.16209227E-04
   15.3700008       2.35147332E-03
   15.3800011       9.42624974E-05
   15.3900013       2.07827450E-03
   15.4000015       8.99387407E-04
   15.4100008       1.94501155E-03
   15.4200010       2.42468785E-03
   15.4300013       9.52938339E-04
   15.4400015      -3.19934520E-03
   15.4500008      -9.57127369E-04
   15.4600010       2.44605076E-03
   15.4700012       1.87463814E-03
   15.4800014       1.39704579E-03
   15.4900007       2.02779449E-03
   15.5000010       6.29045302E-04
   15.5100012       4.84958873E-04
   15.5200014      -2.43020477E-04
   15.5300007       2.53306888E-03
   15.5400009       9.27619520E-04
   15.5500011       3.42522544E-04
   15.5600014      -2.30497401E-03
   15.5700006       1.22881751E-03
   15.5800009       1.13306986E-03
   15.5900011      -3.45629320E-04
   15.6000013       3.46414716E-04
   15.6100016       2.77763139E-03
   15.6200008       2.98282655E-04
   15.6300011       1.44499948E-03
   15.6400013      -3.49593058E-04
   15.6500015       2.05232273E-03
   15.6600008      -3.51203867E-04
   15.6700010       1.00575737E-03
   15.6800013       3.02425656E-03
   15.6900015       1.26303069E-03
   15.7000008       2.22810335E-03
   15.7100010      -2.03026895E-04
   15.7200012      -1.22100825E-03
   15.7300014       1.17287308E-03
   15.7400007       2.86239479E-03
   15.7500010       1.89567474E-03
   15.7600012       2.36234325E-03
   15.7700014      -4.11813817E-04
   15.7800007      -8.77177692E-04
   15.7900009       5.68933901E-04
   15.8000011       2.07377612E-04
   15.8100014       6.23617554E-04
   15.8200006       1.56277337E-03
   15.8300009       5.22173650E-05
   15.8400011       2.09371676E-03
   15.8500013       2.09876103E-03
   15.8600016      -9.46723507E-04
   15.8700008      -7.38123665E-04
   15.8800011      -1.58553317E-04
   15.8900013       2.01322767E-03
   15.9000015      -7.43524579E-04
   15.9100008       1.65040104E-03
   15.9200010       2.24150741E-03
   15.9300013       2.24701525E-03
   15.9400015       1.82349223E-03
   15.9500008      -5.37645283E-05
   15.9600010      -2.69488199E-04
   15.9700012       2.70156917E-04
   15.9800014       2.97911814E-03
   15.9900007       3.25805129E-04
