   0.00000000       16.3913479    
   2.00000014E-02   3.71140480    
   4.00000028E-02  0.860356510    
   6.00000024E-02   1.37860572    
   8.00000057E-02  0.953865170    
  0.100000009       1.29497230    
  0.120000005      0.422603428    
  0.140000015      0.589610279    
  0.160000011      0.488180250    
  0.180000007      0.517224610    
  0.200000018      0.327576637    
  0.220000014      0.387327492    
  0.240000010      0.391024113    
  0.260000020      0.336290628    
  0.280000031      0.233986542    
  0.300000012      0.661793470    
  0.320000023      0.151515767    
  0.340000033      0.336551875    
  0.360000014      0.267077565    
  0.380000025      0.219648406    
  0.400000036      0.272064626    
  0.420000017       2.00088192E-02
  0.440000027      0.311566651    
  0.460000038      0.384287536    
  0.480000019       2.78754476E-02
  0.500000060       6.13888726E-02
  0.520000041      0.389940441    
  0.540000021      0.173360735    
  0.560000062       1.67941116E-02
  0.580000043      0.403473765    
  0.600000024      0.118923068    
  0.620000064      0.247076124    
  0.640000045      0.154019967    
  0.660000026      0.271220505    
  0.680000067      -1.49190047E-08
  0.700000048      0.147732437    
  0.720000029      0.388340950    
  0.740000069      0.158209905    
  0.760000050      0.141405627    
  0.780000031       7.58723095E-02
  0.800000072      0.247125238    
  0.820000052      0.183835045    
  0.840000033      0.218106017    
  0.860000074       6.82293102E-02
  0.880000055      0.421187669    
  0.900000036      0.219930723    
  0.920000076      0.142591551    
  0.940000057      -3.08320597E-02
  0.960000038      0.251488328    
  0.980000079      0.256330013    
   1.00000012      -5.72766643E-03
   1.02000010       9.97665152E-02
   1.04000008      0.140050143    
   1.06000006      0.265456706    
   1.08000004       2.87593622E-02
   1.10000002      0.293656915    
   1.12000012      0.103753455    
   1.14000010      0.236577794    
   1.16000009      -9.58868265E-02
   1.18000007      0.331912935    
   1.20000005       9.84062478E-02
   1.22000003      0.165730372    
   1.24000013       5.22085465E-02
   1.26000011      0.314746976    
   1.28000009      -4.65068081E-03
   1.30000007      0.307272762    
   1.32000005      0.206233010    
   1.34000015       5.71539328E-02
   1.36000013      0.127274796    
   1.38000011      0.126242593    
   1.40000010      0.318286180    
   1.42000008       3.74856405E-02
   1.44000006      0.124305353    
   1.46000016      0.302880883    
   1.48000014       4.46585082E-02
   1.50000012       7.17662051E-02
   1.52000010      0.149576604    
   1.54000008      0.286507845    
   1.56000006      -6.25571236E-02
   1.58000016      0.147700623    
   1.60000014      0.121837579    
   1.62000012       9.71024334E-02
   1.64000010       6.16442710E-02
   1.66000009      0.148344889    
   1.68000007      0.348099977    
   1.70000017     -0.142722398    
   1.72000015       4.40542027E-02
   1.74000013      0.261038870    
   1.76000011      0.112166971    
   1.78000009       4.18101251E-02
   1.80000007      0.214063972    
   1.82000017      0.298103809    
   1.84000015     -0.296034902    
   1.86000013      0.441542417    
   1.88000011       9.96969491E-02
   1.90000010       6.37322515E-02
   1.92000008      0.105936654    
   1.94000018      0.214518115    
   1.96000016      0.179767698    
   1.98000014       7.85091966E-02
   2.00000024      0.142682746    
   2.02000022      0.164630800    
   2.04000020      0.136941180    
   2.06000018       3.63963540E-03
   2.08000016      0.355870187    
   2.10000014       5.71487509E-02
   2.12000012      0.147292167    
   2.14000010      -1.34051964E-02
   2.16000009      0.186663061    
   2.18000007      0.255270392    
   2.20000005       2.32324637E-02
   2.22000027      0.314603239    
   2.24000025       3.43144350E-02
   2.26000023       5.15296943E-02
   2.28000021      0.157220170    
   2.30000019      0.126655981    
   2.32000017      0.242519081    
   2.34000015      -1.97192989E-02
   2.36000013      0.167803869    
   2.38000011       7.16446862E-02
   2.40000010       8.16193745E-02
   2.42000008      0.155996069    
   2.44000006      0.242936939    
   2.46000028       8.93438905E-02
   2.48000026      -6.83267117E-02
   2.50000024       3.73117104E-02
   2.52000022      0.160623938    
   2.54000020      0.153328478    
   2.56000018      -7.48801678E-02
   2.58000016      0.119945765    
   2.60000014       6.50453046E-02
   2.62000012       8.39047879E-02
   2.64000010      0.145435378    
   2.66000009       3.76559165E-03
   2.68000031       6.66024312E-02
   2.70000029      0.211361140    
   2.72000027      0.130994081    
   2.74000025      -4.66576256E-02
   2.76000023       3.91369052E-02
   2.78000021      0.199703574    
   2.80000019      0.111356579    
   2.82000017       9.50166881E-02
   2.84000015      0.254941672    
   2.86000013       3.80954035E-02
   2.88000011       9.02643949E-02
   2.90000010       4.70942296E-02
   2.92000031      0.253587008    
   2.94000030      -7.14448318E-02
   2.96000028       9.45200548E-02
   2.98000026      0.162407488    
   3.00000024       5.12121767E-02
   3.02000022      0.170480967    
   3.04000020       1.41165545E-02
   3.06000018      -7.96599686E-02
   3.08000016      0.248266906    
   3.10000014      0.197045505    
   3.12000012     -0.134098127    
   3.14000010      0.218167976    
   3.16000032      0.142171517    
   3.18000031       3.88201512E-02
   3.20000029       8.80970657E-02
   3.22000027     -0.110252656    
   3.24000025      0.249338374    
   3.26000023      0.133919492    
   3.28000021     -0.122363992    
   3.30000019      0.199405387    
   3.32000017       6.13286830E-02
   3.34000015       7.44666681E-02
   3.36000013      0.146496266    
   3.38000035       9.16703641E-02
   3.40000033      0.163894281    
   3.42000031      -3.54438797E-02
   3.44000030       4.99441922E-02
   3.46000028       2.63182055E-02
   3.48000026      0.272723228    
   3.50000024      -9.23371240E-02
   3.52000022      0.206029490    
   3.54000020      0.124296799    
   3.56000018     -0.182700261    
   3.58000016       9.54379961E-02
   3.60000014       8.49371776E-02
   3.62000036       5.44793457E-02
   3.64000034      0.234148473    
   3.66000032      -5.32806776E-02
   3.68000031      0.281400084    
   3.70000029      0.125516877    
   3.72000027     -0.136366487    
   3.74000025      0.145904154    
   3.76000023       9.38154571E-03
   3.78000021      -2.14699581E-02
   3.80000019       9.00164098E-02
   3.82000017      0.205814004    
   3.84000015       2.69370968E-03
   3.86000037      0.152383089    
   3.88000035      -1.75524987E-02
   3.90000033      0.287949026    
   3.92000031      0.115052193    
   3.94000030       8.94458666E-02
   3.96000028       3.66371088E-02
   3.98000026      -1.35862362E-02
   4.00000048      0.103384525    
   4.02000046      0.241078407    
   4.04000044       1.22735854E-02
   4.06000042       4.09632772E-02
   4.08000040      0.181832030    
   4.10000038       4.38040793E-02
   4.12000036      0.127466023    
   4.14000034       5.07762320E-02
   4.16000032       2.88553461E-02
   4.18000031      0.269656867    
   4.20000029       8.67851451E-02
   4.22000027      0.140687376    
   4.24000025     -0.136722788    
   4.26000023      0.355377823    
   4.28000021       7.75349289E-02
   4.30000019       1.10905524E-02
   4.32000017       7.49565437E-02
   4.34000015      0.119527668    
   4.36000013       3.33992355E-02
   4.38000011      0.146308705    
   4.40000010       9.06881839E-02
   4.42000008       9.35985819E-02
   4.44000053      0.131486252    
   4.46000051       3.22135165E-02
   4.48000050      -2.52430812E-02
   4.50000048      0.217651546    
   4.52000046      0.164504111    
   4.54000044      -5.06821461E-02
   4.56000042       7.18927011E-02
   4.58000040      0.330288440    
   4.60000038       2.26131305E-02
   4.62000036       7.64186531E-02
   4.64000034      -2.40890570E-02
   4.66000032       8.93876031E-02
   4.68000031      0.146332309    
   4.70000029      0.102424242    
   4.72000027      0.162384018    
   4.74000025      -7.27407187E-02
   4.76000023       2.85631958E-02
   4.78000021      0.207355395    
   4.80000019       8.16193670E-02
   4.82000017      -5.73521964E-02
   4.84000015      0.236890018    
   4.86000013      -4.31278311E-02
   4.88000011      0.287899077    
   4.90000057       3.74764353E-02
   4.92000055      0.105361849    
   4.94000053      0.219674915    
   4.96000051       7.23575801E-02
   4.98000050       5.79631738E-02
   5.00000048      -2.46671569E-02
   5.02000046       3.48707549E-02
   5.04000044       7.71091953E-02
   5.06000042      0.132572249    
   5.08000040      0.115244485    
   5.10000038      0.143153310    
   5.12000036      0.140420377    
   5.14000034      -9.52042714E-02
   5.16000032       3.95996794E-02
   5.18000031      0.143926129    
   5.20000029      0.176474243    
   5.22000027       2.94521749E-02
   5.24000025      0.100273088    
   5.26000023      0.135847643    
   5.28000021      -1.41575436E-08
   5.30000019      0.241341561    
   5.32000017      0.128989771    
   5.34000015       6.97791800E-02
   5.36000061       7.73079172E-02
   5.38000059      0.110165618    
   5.40000057       9.39181522E-02
   5.42000055      0.107482299    
   5.44000053       7.77326897E-02
   5.46000051       6.58643022E-02
   5.48000050      0.221848801    
   5.50000048      -9.75679308E-02
   5.52000046      0.201417968    
   5.54000044       6.92390501E-02
   5.56000042      -4.06966433E-02
   5.58000040      0.122259200    
   5.60000038      0.172307506    
   5.62000036      -9.08144005E-03
   5.64000034      0.168240473    
   5.66000032       1.06245605E-02
   5.68000031       9.87944081E-02
   5.70000029      0.150681913    
   5.72000027      0.114312820    
   5.74000025      -2.89998800E-02
   5.76000023      0.328617334    
   5.78000021       2.75508203E-02
   5.80000019       5.36465272E-02
   5.82000065      0.237912565    
   5.84000063      -3.07417493E-02
   5.86000061       4.61778343E-02
   5.88000059      0.309829801    
   5.90000057      -1.08054020E-02
   5.92000055      0.199410930    
   5.94000053       8.20450559E-02
   5.96000051       1.55022219E-02
   5.98000050      0.315144688    
   6.00000048      -1.25301112E-08
   6.02000046      0.171256632    
   6.04000044      0.190211311    
   6.06000042       7.96286538E-02
   6.08000040      0.164176837    
   6.10000038      -2.81851310E-02
   6.12000036      0.255599529    
   6.14000034       3.61182541E-02
   6.16000032       9.12123621E-02
   6.18000031      0.125992239    
   6.20000029      0.121443279    
   6.22000027       9.95068699E-02
   6.24000025      0.123378098    
   6.26000023      0.175832093    
   6.28000021      -6.98008165E-02
   6.30000067      0.255780369    
   6.32000065       5.72767407E-02
   6.34000063      0.140214786    
   6.36000061      0.129250512    
   6.38000059      0.127842352    
   6.40000057      0.126429990    
   6.42000055       4.32738885E-02
   6.44000053      0.239159867    
   6.46000051       8.35885108E-02
   6.48000050       5.95643967E-02
   6.50000048      0.188631400    
   6.52000046       7.75020421E-02
   6.54000044       5.49788550E-02
   6.56000042      0.111740746    
   6.58000040      0.181646630    
   6.60000038      0.108825803    
   6.62000036       5.53075746E-02
   6.64000034      0.211786717    
   6.66000032       6.85260370E-02
   6.68000031      -6.04587756E-02
   6.70000029      0.235652909    
   6.72000027      -5.08072414E-02
   6.74000025      0.221590891    
   6.76000071       2.95901168E-02
   6.78000069      -6.58553187E-03
   6.80000067      0.247331262    
   6.82000065       2.14679074E-02
   6.84000063      0.148849830    
   6.86000061       6.95690066E-02
   6.88000059      0.124419793    
   6.90000057       8.80575255E-02
   6.92000055      0.106496118    
   6.94000053      0.218318239    
   6.96000051      -7.34406933E-02
   6.98000050      0.178868815    
   7.00000048       8.20379108E-02
   7.02000046       2.68291458E-02
   7.04000044      0.159544021    
   7.06000042      0.193430603    
   7.08000040      0.154984087    
   7.10000038      -1.85594615E-02
   7.12000036      0.304171473    
   7.14000034      -8.12385306E-02
   7.16000032      0.166120425    
   7.18000031      0.125633538    
   7.20000029      0.136032268    
   7.22000074      -5.10916254E-03
   7.24000072      0.127929971    
   7.26000071      0.316056073    
   7.28000069      0.116354667    
   7.30000067      -2.22793128E-02
   7.32000065      0.240309387    
   7.34000063       7.04874620E-02
   7.36000061       4.47701029E-02
   7.38000059      0.158668384    
   7.40000057      -2.24561524E-02
   7.42000055       7.09357262E-02
   7.44000053      -1.73289645E-02
   7.46000051      0.190922484    
   7.48000050      0.133859217    
   7.50000048       9.22842845E-02
   7.52000046      0.258112520    
   7.54000044       7.86061138E-02
   7.56000042       9.09797549E-02
   7.58000040       2.10291240E-02
   7.60000038      0.247490928    
   7.62000036      0.126582563    
   7.64000034      -3.52186970E-02
   7.66000032       9.70084667E-02
   7.68000031      0.146632195    
   7.70000076      0.254811615    
   7.72000074       5.13998121E-02
   7.74000072       7.98884332E-02
   7.76000071      0.145812377    
   7.78000069     -0.153175429    
   7.80000067      0.337181598    
   7.82000065       6.07566126E-02
   7.84000063      -2.86383796E-02
   7.86000061      0.168527558    
   7.88000059      0.167009965    
   7.90000057       4.67681177E-02
   7.92000055       5.58543913E-02
   7.94000053      0.135355458    
   7.96000051       4.51934189E-02
   7.98000050       6.15653731E-02
   8.00000095       7.07367510E-02
   8.02000046      0.199847102    
   8.04000092      0.111009598    
   8.06000042      0.100258291    
   8.08000088       3.83446552E-02
   8.10000038       1.82893383E-03
   8.12000084      0.199697241    
   8.14000034       3.11979316E-02
   8.16000080      0.209563240    
   8.18000031      0.143627957    
   8.20000076      0.171538919    
   8.22000027      0.179220706    
   8.24000072       4.99710366E-02
   8.26000023      0.109381951    
   8.28000069      0.178281233    
   8.30000019      -9.11532938E-02
   8.32000065      0.216160879    
   8.34000015      -4.10663486E-02
   8.36000061      0.233732417    
   8.38000107      0.168577015    
   8.40000057       2.43920051E-02
   8.42000103      0.189834297    
   8.44000053      -4.70699854E-02
   8.46000099      0.177289844    
   8.48000050      0.211605713    
   8.50000095      0.138161466    
   8.52000046       1.51673732E-02
   8.54000092       3.03876605E-02
   8.56000042      0.163619220    
   8.58000088       9.52935778E-03
   8.60000038      0.112644240    
   8.62000084      0.170219630    
   8.64000034     -0.206922278    
   8.66000080      0.182335988    
   8.68000031       3.65316197E-02
   8.70000076      0.348627865    
   8.72000027      -5.59565201E-02
   8.74000072       1.73966587E-02
   8.76000023      0.143293768    
   8.78000069      0.149368793    
   8.80000019      0.151578799    
   8.82000065      0.225828156    
   8.84000015      -6.63096160E-02
   8.86000061      0.101596795    
   8.88000107       1.95730897E-03
   8.90000057       6.47072196E-02
   8.92000103      0.172864139    
   8.94000053       3.93583402E-02
   8.96000099      0.134060785    
   8.98000050      0.270583153    
   9.00000095      0.231502131    
   9.02000046      0.178402975    
   9.04000092      -4.96467985E-02
   9.06000042      0.324289054    
   9.08000088     -0.143506587    
   9.10000038      0.165734753    
   9.12000084      0.188044623    
   9.14000034      -2.80582234E-02
   9.16000080       8.03142972E-03
   9.18000031      -5.43122999E-02
   9.20000076      0.257957518    
   9.22000027       5.24948314E-02
   9.24000072      0.196210116    
   9.26000023       8.91682878E-02
   9.28000069       7.10616261E-02
   9.30000019       8.13650414E-02
   9.32000065      0.189528078    
   9.34000111       9.59626958E-02
   9.36000061      0.184103802    
   9.38000107      -4.30384651E-02
   9.40000057      0.217651576    
   9.42000103      -7.20019564E-02
   9.44000053      0.288553268    
   9.46000099       2.27150414E-02
   9.48000050      -7.65504688E-02
   9.50000095      0.145100921    
   9.52000046      0.159915790    
   9.54000092      -2.49696132E-02
   9.56000042      0.181376338    
   9.58000088       2.92430092E-02
   9.60000038      0.173702687    
   9.62000084       7.12924376E-02
   9.64000034     -0.157566205    
   9.66000080      0.183130473    
   9.68000031      0.250974238    
   9.70000076       7.39593059E-02
   9.72000027      -8.46898463E-03
   9.74000072      0.205771968    
   9.76000023      0.263562500    
   9.78000069      0.134168804    
   9.80000114       1.92045365E-02
   9.82000065       4.91746962E-02
   9.84000111      0.149956793    
   9.86000061       6.22474961E-02
   9.88000107      0.105384678    
   9.90000057      -4.30993512E-02
   9.92000103      0.259109139    
   9.94000053      0.144956827    
   9.96000099      -5.63639514E-02
   9.98000050      0.251971930    
   10.0000010      -8.70607235E-03
   10.0200005      0.135214403    
   10.0400009      0.246934026    
   10.0600004      -6.56899903E-03
   10.0800009       4.16873284E-02
   10.1000004      0.307790190    
   10.1200008       4.18560654E-02
   10.1400003      0.156726837    
   10.1600008      -2.87547763E-02
   10.1800003      0.101954944    
   10.2000008       3.10930591E-02
   10.2200003       6.89897463E-02
   10.2400007      -1.11501887E-02
   10.2600012      0.125138506    
   10.2800007      0.145548940    
   10.3000011      -8.97532478E-02
   10.3200006      0.186622798    
   10.3400011      -6.98468015E-02
   10.3600006      0.139983416    
   10.3800011      -7.91871548E-02
   10.4000006      0.154169902    
   10.4200010       8.17897394E-02
   10.4400005      0.127494678    
   10.4600010      0.219020471    
   10.4800005      0.118885338    
   10.5000010      -3.66571136E-02
   10.5200005      0.275508493    
   10.5400009     -0.101233311    
   10.5600004      0.166005477    
   10.5800009       9.01105627E-02
   10.6000004       6.48324117E-02
   10.6200008       9.28151421E-03
   10.6400003      0.232533753    
   10.6600008       1.39819011E-02
   10.6800003      0.170478225    
   10.7000008     -0.140420377    
   10.7200012       6.56707436E-02
   10.7400007      0.275002539    
   10.7600012       8.47993493E-02
   10.7800007       8.26225802E-02
   10.8000011      0.227114752    
   10.8200006      -4.74186502E-02
   10.8400011      0.156823188    
   10.8600006       6.90579563E-02
   10.8800011       9.30747017E-02
   10.9000006      0.196125567    
   10.9200010      0.100675873    
   10.9400005      -7.68747255E-02
   10.9600010      0.438192457    
   10.9800005      -8.44545960E-02
   11.0000010      0.154774487    
   11.0200005     -0.167237818    
   11.0400009      0.206477493    
   11.0600004       4.86489293E-09
   11.0800009      -9.76022240E-03
   11.1000004      0.198087424    
   11.1200008      0.291672826    
   11.1400003      -4.42181677E-02
   11.1600008       5.41667007E-02
   11.1800013      0.115982153    
   11.2000008       3.21530588E-02
   11.2200012      0.171047404    
   11.2400007      -7.45383091E-03
   11.2600012       6.47476092E-02
   11.2800007      0.356928706    
   11.3000011       1.00069791E-02
   11.3200006     -0.115345322    
   11.3400011      0.216143638    
   11.3600006      0.100764655    
   11.3800011      0.148972645    
   11.4000006      0.139195815    
   11.4200010       3.80509868E-02
   11.4400005      0.239009961    
   11.4600010      -7.13611692E-02
   11.4800005     -0.127729803    
   11.5000010      0.473712385    
   11.5200005      -1.28332386E-02
   11.5400009      0.228971556    
   11.5600004      0.144413352    
   11.5800009      -3.87740359E-02
   11.6000004       5.70039935E-02
   11.6200008      0.103891000    
   11.6400013      0.203072026    
   11.6600008       8.09016675E-02
   11.6800013       3.40080895E-02
   11.7000008      0.149471611    
   11.7200012       1.05145937E-02
   11.7400007      0.266135722    
   11.7600012      -1.32070323E-02
   11.7800007      0.169461101    
   11.8000011       7.16656893E-02
   11.8200006      0.135699660    
   11.8400011      0.112026580    
   11.8600006       9.62587222E-02
   11.8800011     -0.112578407    
   11.9000006      0.220338657    
   11.9200010       9.15860534E-02
   11.9400005      0.232233748    
   11.9600010      0.129941270    
   11.9800005      0.276813745    
   12.0000010      -4.89716157E-02
   12.0200005       6.54591396E-02
   12.0400009      0.257025778    
   12.0600004      -1.09648202E-02
   12.0800009      0.178628251    
   12.1000004      0.269998223    
   12.1200008     -0.116007209    
   12.1400013      0.240912035    
   12.1600008      -8.88373926E-02
   12.1800013      0.239361107    
   12.2000008       9.20833498E-02
   12.2200012      0.131486192    
   12.2400007      0.210359156    
   12.2600012      -6.74889013E-02
   12.2800007      0.169159263    
   12.3000011       2.54398044E-02
   12.3200006      0.195546344    
   12.3400011      -1.70484465E-02
   12.3600006      0.304826170    
   12.3800011       7.99769610E-02
   12.4000006      0.140327990    
   12.4200010       9.47559774E-02
   12.4400005      0.276382953    
   12.4600010       2.30929758E-02
   12.4800005      0.277853101    
   12.5000010      -6.96485192E-02
   12.5200005      0.162947759    
   12.5400009      -4.95988950E-02
   12.5600004      0.166749164    
   12.5800009       9.09326077E-02
   12.6000013      0.285300165    
   12.6200008       1.76952593E-02
   12.6400013      -4.43583503E-02
   12.6600008      0.118611231    
   12.6800013      0.377619475    
   12.7000008       4.77044471E-02
   12.7200012     -0.128557950    
   12.7400007      0.326777250    
   12.7600012      0.135280743    
   12.7800007     -0.168815657    
   12.8000011      0.105802849    
   12.8200006      0.127317056    
   12.8400011       8.81549865E-02
   12.8600006      -4.57251109E-02
   12.8800011      0.284292161    
   12.9000006      0.101162024    
   12.9200010       3.07416613E-03
   12.9400005      0.141812652    
   12.9600010      0.281339437    
   12.9800005      0.179826111    
   13.0000010      0.111935116    
   13.0200005     -0.127846926    
   13.0400009      0.284573227    
   13.0600014       9.40856151E-03
   13.0800009       7.54861087E-02
   13.1000013      0.268121541    
   13.1200008     -0.208793700    
   13.1400013      0.272857755    
   13.1600008       1.27281481E-02
   13.1800013      0.159568623    
   13.2000008      0.140833393    
   13.2200012      0.125197828    
   13.2400007      0.215719834    
   13.2600012       8.71897638E-02
   13.2800007      -3.56274880E-02
   13.3000011      0.172172159    
   13.3200006       4.23573330E-02
   13.3400011      0.281051666    
   13.3600006       9.50586721E-02
   13.3800011      0.286037564    
   13.4000006      0.158292040    
   13.4200010      0.165388763    
   13.4400005       7.63107613E-02
   13.4600010       4.32640836E-02
   13.4800005      0.283748239    
   13.5000010      0.100454569    
   13.5200014      0.134352863    
   13.5400009       6.73845038E-03
   13.5600014      0.277134061    
   13.5800009       4.06824760E-02
   13.6000013      -5.18921928E-09
   13.6200008      0.170573369    
   13.6400013      0.136887833    
   13.6600008       5.14948480E-02
   13.6800013      0.223850593    
   13.7000008     -0.217651635    
   13.7200012      0.474813163    
   13.7400007      -3.47684952E-03
   13.7600012       1.39520206E-02
   13.7800007      0.150466546    
   13.8000011       8.77627432E-02
   13.8200006      0.165527955    
   13.8400011       6.35994971E-02
   13.8600006      0.191420004    
   13.8800011      0.231165931    
   13.9000006       7.84973130E-02
   13.9200010      0.171830207    
   13.9400005       4.30993289E-02
   13.9600010       5.40525466E-02
   13.9800014      0.184389234    
   14.0000010      -6.89230114E-02
   14.0200014      0.276614010    
   14.0400009       5.47780357E-02
   14.0600014      0.469013602    
   14.0800009       6.98544085E-02
   14.1000013      0.184450507    
   14.1200008      0.129554525    
   14.1400013      0.185709536    
   14.1600008       7.82651231E-02
   14.1800013       4.11369279E-02
   14.2000008      0.270188242    
   14.2200012      -3.38904001E-02
   14.2400007       8.31307918E-02
   14.2600012      0.447437108    
   14.2800007       6.84917793E-02
   14.3000011      -2.29106955E-02
   14.3200006      0.126452520    
   14.3400011      0.269180447    
   14.3600006      -5.01679294E-02
   14.3800011      -3.48552428E-02
   14.4000006      0.225424871    
   14.4200010      0.167724356    
   14.4400015       9.00357440E-02
   14.4600010       1.57149173E-02
   14.4800014      0.236577913    
   14.5000010       7.51887262E-02
   14.5200014      0.226389468    
   14.5400009       5.18218018E-02
   14.5600014      -8.00189227E-02
   14.5800009      0.164644152    
   14.6000013      0.233773932    
   14.6200008      0.291280955    
   14.6400013     -0.178669199    
   14.6600008      0.199717775    
   14.6800013      0.233198136    
   14.7000008      0.156052113    
   14.7200012      0.119543508    
   14.7400007       7.03436732E-02
   14.7600012       9.55341086E-02
   14.7800007       7.08827302E-02
   14.8000011       5.44129089E-02
   14.8200006       8.40353221E-02
   14.8400011       3.79624851E-02
   14.8600006      0.474260271    
   14.8800011      -2.97570508E-02
   14.9000015      0.251793087    
   14.9200010      -5.56982346E-02
   14.9400015      0.369921744    
   14.9600010      0.172739387    
   14.9800014      0.225455880    
   15.0000010      -6.96485415E-02
   15.0200014      0.310306549    
   15.0400009      0.162361130    
   15.0600014      0.176236093    
   15.0800009      -4.54056703E-09
   15.1000013      0.302047133    
   15.1200008      0.124882050    
   15.1400013      0.228399828    
   15.1600008     -0.184374228    
   15.1800013      0.316091567    
   15.2000008      0.108825825    
   15.2200012      0.122941278    
   15.2400007      0.301785827    
   15.2600012      0.206631273    
   15.2800007      0.152171656    
   15.3000011      0.361209065    
   15.3200006       5.58081195E-02
   15.3400011      0.214849219    
   15.3600006      0.117269181    
   15.3800011      0.216709390    
   15.4000015      0.269698828    
   15.4200010      0.171079859    
   15.4400015     -0.181376368    
   15.4600010      0.321203947    
   15.4800014      0.240765065    
   15.5000010       1.45101110E-02
   15.5200014      0.354655504    
   15.5400009       3.90406251E-02
   15.5600014      0.117649525    
   15.5800009       5.90909198E-02
   15.6000013      0.202811703    
   15.6200008      0.168953329    
   15.6400013      0.254592448    
   15.6600008      -7.52252117E-02
   15.6800013      0.367790937    
   15.7000008      0.278391570    
   15.7200012      0.101706356    
   15.7400007      0.240132019    
   15.7600012      0.164265394    
   15.7800007      -3.09457220E-02
   15.8000011      0.305748731    
   15.8200006       3.64488475E-02
   15.8400011      0.371472716    
   15.8600016      -3.15437131E-02
   15.8800011      -5.28280623E-02
   15.9000015      0.233577266    
   15.9200010      0.405429542    
   15.9400015      0.112578407    
   15.9600010       5.38741685E-02
   15.9800014      0.249054089    
