   5.00000024E-04   1.42373216    
   1.00000005E-03  0.719442427    
   1.50000001E-03  0.733149290    
   2.00000009E-03  0.681418180    
   2.50000018E-03  0.655441046    
   3.00000003E-03  0.564988852    
   3.50000011E-03  0.499009490    
   4.00000019E-03  0.459446013    
   4.50000027E-03  0.355691999    
   5.00000035E-03  0.300319970    
   5.50000044E-03  0.241453856    
   6.00000005E-03  0.173471496    
   6.50000013E-03   8.33180845E-02
   7.00000022E-03   2.68759783E-02
   7.50000030E-03  -2.68050916E-02
   8.00000038E-03 -0.111174427    
   8.50000046E-03  -1.00145042E-02
   9.00000054E-03  -7.94260483E-03
   9.50000063E-03   4.32233587E-02
   1.00000007E-02  -1.00940373E-02
   1.05000008E-02   4.13845032E-02
   1.10000009E-02   1.28904646E-02
   1.15000010E-02  -7.59869888E-02
   1.20000001E-02 -0.122678086    
   1.25000002E-02 -0.225935370    
   1.30000003E-02 -0.223827884    
   1.35000004E-02 -0.330610633    
   1.40000004E-02 -0.310949236    
   1.45000005E-02 -0.531972408    
   1.50000006E-02 -0.644915938    
   1.55000007E-02 -0.718771636    
   1.60000008E-02 -0.784691095    
   1.64999999E-02 -0.782552361    
   1.70000009E-02 -0.948743582    
   1.75000001E-02 -0.792444885    
   1.80000011E-02 -0.734722376    
   1.85000002E-02 -0.679921269    
   1.90000013E-02 -0.557130694    
   1.95000004E-02 -0.467952371    
   2.00000014E-02 -0.415008724    
   2.05000006E-02 -0.442985535    
   2.10000016E-02 -0.471894741    
   2.15000007E-02 -0.490986705    
   2.20000017E-02 -0.478100955    
   2.25000009E-02 -0.612480819    
   2.30000019E-02 -0.797491968    
   2.35000011E-02 -0.795287132    
   2.40000002E-02 -0.952141643    
   2.45000012E-02 -0.985018134    
   2.50000004E-02  -1.17950916    
   2.55000014E-02  -1.22173584    
   2.60000005E-02  -1.47733545    
   2.65000015E-02  -1.21727133    
   2.70000007E-02  -1.01023769    
   2.75000017E-02  -1.02668488    
   2.80000009E-02  -1.04348385    
   2.85000019E-02 -0.985139370    
   2.90000010E-02 -0.756106079    
   2.95000020E-02 -0.739452302    
   3.00000012E-02 -0.681612253    
   3.05000022E-02 -0.840267658    
   3.10000014E-02 -0.791467190    
   3.15000005E-02 -0.989851773    
   3.20000015E-02 -0.969211638    
   3.25000025E-02  -1.33666265    
   3.29999998E-02  -1.25837493    
   3.35000008E-02  -1.30607903    
   3.40000018E-02  -1.35641038    
   3.45000029E-02  -1.49927497    
   3.50000001E-02  -1.74381196    
   3.55000012E-02  -1.74148393    
   3.60000022E-02  -1.49229014    
   3.65000032E-02  -1.65984988    
   3.70000005E-02  -1.42698169    
   3.75000015E-02  -1.31340563    
   3.80000025E-02  -1.45212877    
   3.85000035E-02  -1.61407042    
   3.90000008E-02  -1.28034639    
   3.95000018E-02  -1.27797377    
   4.00000028E-02  -1.30157125    
   4.05000001E-02  -1.22320163    
   4.10000011E-02  -1.17318416    
   4.15000021E-02  -1.34847009    
   4.20000032E-02  -1.46385205    
   4.25000004E-02  -1.40082085    
   4.30000015E-02  -1.59256411    
   4.35000025E-02  -1.62651324    
   4.40000035E-02  -1.82888341    
   4.45000008E-02  -2.02712440    
   4.50000018E-02  -1.65696335    
   4.55000028E-02  -1.73456395    
   4.60000038E-02  -1.61433291    
   4.65000011E-02  -1.54042017    
   4.70000021E-02  -1.37889540    
   4.75000031E-02  -1.34744155    
   4.80000004E-02  -1.37395716    
   4.85000014E-02  -1.80679679    
   4.90000024E-02  -1.52805889    
   4.95000035E-02  -1.45887709    
   5.00000007E-02  -1.71231341    
   5.05000018E-02  -1.75236988    
   5.10000028E-02  -1.99498296    
   5.15000038E-02  -2.04962564    
   5.20000011E-02  -2.17226672    
   5.25000021E-02  -2.31283903    
   5.30000031E-02  -2.04204035    
   5.35000041E-02  -2.30776286    
   5.40000014E-02  -2.23110747    
   5.45000024E-02  -2.46971512    
   5.50000034E-02  -2.38014269    
   5.55000044E-02  -1.97211027    
   5.60000017E-02  -1.91546905    
   5.65000027E-02  -1.67927361    
   5.70000038E-02  -2.08215165    
   5.75000010E-02  -1.96177435    
   5.80000021E-02  -2.36463857    
   5.85000031E-02  -2.01372433    
   5.90000041E-02  -2.07173467    
   5.95000014E-02  -1.89726305    
   6.00000024E-02  -2.13102388    
   6.05000034E-02  -2.53385377    
   6.10000044E-02  -2.12574673    
   6.15000017E-02  -2.43325257    
   6.20000027E-02  -2.34358525    
   6.25000000E-02  -2.11777854    
   6.30000010E-02  -2.42526317    
   6.35000020E-02  -2.33557463    
   6.40000030E-02  -2.62057209    
   6.45000041E-02  -2.25015545    
   6.50000051E-02  -2.61518097    
   6.55000061E-02  -2.03711057    
   6.59999996E-02  -1.81125355    
   6.65000007E-02  -1.62621069    
   6.70000017E-02  -2.02894735    
   6.75000027E-02  -1.62074625    
   6.80000037E-02  -1.85161757    
   6.85000047E-02  -1.79757333    
   6.90000057E-02  -1.79481459    
   6.95000067E-02  -1.95456731    
   7.00000003E-02  -1.60695291    
   7.05000013E-02  -1.83778620    
   7.10000023E-02  -1.78370357    
   7.15000033E-02  -1.78090620    
   7.20000044E-02  -1.63833940    
   7.25000054E-02  -1.82658160    
   7.30000064E-02  -1.93498635    
   7.34999999E-02  -2.05732036    
   7.40000010E-02  -1.67149138    
   7.45000020E-02  -1.50159240    
   7.50000030E-02  -1.46099913    
   7.55000040E-02  -1.61848032    
   7.60000050E-02  -1.57305145    
   7.65000060E-02  -1.70370519    
   7.70000070E-02  -1.41313696    
   7.75000006E-02  -1.48435056    
   7.80000016E-02  -1.37224853    
   7.85000026E-02  -1.51775730    
   7.90000036E-02  -1.36641765    
   7.95000046E-02  -1.29679787    
   8.00000057E-02  -1.32665098    
   8.05000067E-02  -1.42906594    
   8.10000002E-02  -1.38974392    
   8.15000013E-02  -1.38678110    
   8.20000023E-02  -1.38380945    
   8.25000033E-02  -1.27904594    
   8.30000043E-02  -1.21353614    
   8.35000053E-02  -1.15169716    
   8.40000063E-02  -1.17767739    
   8.45000073E-02  -1.09010339    
   8.50000009E-02  -1.03443360    
   8.55000019E-02  -1.05737448    
   8.60000029E-02 -0.978344142    
   8.65000039E-02  -1.07794476    
   8.70000049E-02 -0.972227931    
   8.75000060E-02 -0.993848681    
   8.80000070E-02 -0.990767002    
   8.85000005E-02 -0.987675369    
   8.90000015E-02 -0.844813108    
   8.95000026E-02 -0.886153996    
   9.00000036E-02 -0.883033991    
   9.05000046E-02 -0.950522006    
   9.10000056E-02 -0.923284411    
   9.15000066E-02 -0.994242549    
   9.20000076E-02 -0.965765595    
   9.25000012E-02  -1.12511492    
   9.30000022E-02  -1.15178812    
   9.35000032E-02  -1.21111894    
   9.40000042E-02  -1.17616999    
   9.45000052E-02  -1.50320148    
   9.50000063E-02  -1.37737834    
   9.55000073E-02  -1.37414753    
   9.60000008E-02  -1.26170659    
   9.65000018E-02  -1.53470790    
   9.70000029E-02  -1.57796538    
   9.75000039E-02  -1.52817225    
   9.80000049E-02  -1.52488804    
   9.85000059E-02  -1.84004688    
   9.90000069E-02  -1.71895814    
   9.95000079E-02  -1.56149065    
  0.100000001      -1.60695291    
  0.100500003      -1.46385217    
  0.101000004      -1.50495374    
  0.101500005      -1.15864766    
  0.102000006      -1.15527487    
  0.102500007      -1.18468070    
  0.103000008      -1.53795993    
  0.103500009      -1.53455293    
  0.104000002      -1.35678077    
  0.104500003      -1.27638912    
  0.105000004      -1.20148778    
  0.105500005      -1.23312497    
  0.106000006     -0.950945139    
  0.106500007      -1.12439775    
  0.107000008      -1.08915854    
  0.107500002      -1.29329526    
  0.108000003      -1.45683467    
  0.108500004      -1.36629593    
  0.109000005      -1.13961232    
  0.109500006      -1.20505297    
  0.110000007      -1.31481659    
  0.110500008      -1.16281891    
  0.111000009      -1.30764794    
  0.111500002      -1.52718794    
  0.112000003      -1.57486475    
  0.112500004      -1.87661648    
  0.113000005      -1.94708145    
  0.113500006      -2.42893314    
  0.114000008      -2.20211959    
  0.114500009      -2.19843650    
  0.115000002      -2.19473958    
  0.115500003      -1.92866468    
  0.116000004      -2.29266524    
  0.116500005      -2.18356633    
  0.117000006      -1.70981026    
  0.117500007      -2.08073711    
  0.118000008      -1.98994517    
  0.118500009      -1.98615015    
  0.119000003      -2.27002263    
  0.119500004      -3.07712889    
  0.120000005      -2.66782475    
  0.120500006      -3.35711837    
  0.121000007      -4.45186234    
  0.121500008      -2.83854103    
  0.122000009      -3.05778575    
  0.122500002                  NaN
  0.123000003      -3.33762479    
  0.123500004      -2.82285428    
  0.124000005      -3.04203725    
  0.124500006      -4.42435551    
  0.125000000                  NaN
  0.125500008      -2.62459612    
  0.126000002      -2.46642137    
  0.126500010      -2.21106648    
  0.127000004      -2.32479286    
  0.127500013      -1.76110363    
  0.128000006      -1.91116440    
  0.128500000      -1.68391395    
  0.129000008      -1.55462718    
  0.129500002      -1.61111093    
  0.130000010      -1.60695291    
  0.130500004      -1.60277760    
  0.131000012      -1.42673433    
  0.131500006      -1.88205624    
  0.131999999      -1.72367716    
  0.132500008      -1.71943092    
  0.133000001      -1.71516657    
  0.133500010      -1.51672781    
  0.134000003      -2.04305506    
  0.134500012      -1.85641384    
  0.135000005      -1.62893176    
  0.135500014      -1.69356751    
  0.136000007      -1.68919110    
  0.136500001      -1.92595756    
  0.137000009      -2.12221313    
  0.137500003      -2.01241803    
  0.138000011      -2.00796366    
  0.138500005      -2.36016417    
  0.139000013      -2.22213864    
  0.139500007      -2.21762371    
  0.140000001      -2.21308875    
  0.140500009      -2.20853305    
  0.141000003      -2.20395637    
  0.141500011      -2.19935846    
  0.142000005      -1.87628579    
  0.142500013      -1.96695566    
  0.143000007      -2.31896877    
  0.143500000      -2.18075323    
  0.144000009      -2.17604733    
  0.144500002      -1.85286546    
  0.145000011      -1.94342518    
  0.145500004      -1.67628765    
  0.146000013      -1.52839065    
  0.146500006      -1.59256423    
  0.147000000      -1.58772147    
  0.147500008      -1.58285546    
  0.148000002      -1.57796538    
  0.148500010      -1.37889540    
  0.149000004      -1.64222097    
  0.149500012      -1.56315029    
  0.150000006      -1.55816293    
  0.150500014      -1.35899425    
  0.151000008      -1.24273062    
  0.151500002      -1.29173470    
  0.152000010      -1.69211078    
  0.152500004      -1.53284490    
  0.153000012      -1.52770364    
  0.153500006      -1.52253556    
  0.154000014      -1.32318473    
  0.154500008      -1.20673728    
  0.155000001      -1.25555503    
  0.155500010      -1.25027812    
  0.156000003      -1.24497294    
  0.156500012      -1.42196095    
  0.157000005      -1.35206079    
  0.157500014      -1.81667352    
  0.158000007      -1.91661382    
  0.158500001      -1.54343963    
  0.159000009      -1.90568483    
  0.159500003      -1.79481459    
  0.160000011      -1.52691019    
  0.160500005      -1.88906407    
  0.161000013      -1.77810121    
  0.161500007      -1.77246726    
  0.162000000      -1.76680160    
  0.162500009      -1.76110363    
  0.163000003      -2.11204791    
  0.163500011      -1.97275281    
  0.164000005      -2.43695927    
  0.164500013      -1.84334159    
  0.165000007      -2.42526317    
  0.165500015      -2.93018913    
  0.166000009      -2.63657212    
  0.166500002      -2.63060212    
  0.167000011      -4.01089048    
  0.167500004      -3.31170106    
  0.168000013      -3.30562210    
  0.168500006      -3.29950571    
  0.169000015      -3.29335189    
  0.169500008      -3.28715992    
  0.170000002      -3.28092909    
  0.170500010      -3.27465963    
  0.171000004      -3.26835036    
  0.171500012                  NaN
  0.172000006                  NaN
  0.172500014      -3.94232774    
  0.173000008            -Infinity
  0.173500001            -Infinity
  0.174000010            -Infinity
  0.174500003            -Infinity
  0.175000012            -Infinity
  0.175500005            -Infinity
  0.176000014      -2.79750276    
  0.176500008      -3.19618821    
  0.177000001      -2.27307153    
  0.177500010      -1.92972636    
  0.178000003      -1.67149150    
  0.178500012      -1.78230584    
  0.179000005      -1.45683455    
  0.179500014      -1.28271329    
  0.180000007      -1.35563838    
  0.180500016      -1.34846997    
  0.181000009      -1.34124970    
  0.181500003      -1.11083341    
  0.182000011      -1.41366231    
  0.182500005      -1.31927085    
  0.183000013      -1.31183589    
  0.183500007      -1.59202719    
  0.184000015      -1.21675527    
  0.184500009      -1.28919339    
  0.185000002      -1.28153050    
  0.185500011      -1.27380848    
  0.186000004      -1.26602638    
  0.186500013      -1.54586530    
  0.187000006      -1.43259954    
  0.187500015      -1.16226709    
  0.188000008      -1.23427761    
  0.188500002      -1.22618043    
  0.189000010      -1.50569928    
  0.189500004      -1.12974393    
  0.190000013      -1.48916984    
  0.190500006      -1.11307681    
  0.191000015      -1.47236264    
  0.191500008      -1.35849154    
  0.192000002      -1.34990776    
  0.192500010      -1.34124970    
  0.193000004      -1.33251607    
  0.193500012      -1.32370543    
  0.194000006      -1.31481647    
  0.194500014      -1.30584776    
  0.195000008      -1.29679811    
  0.195500016      -1.64434052    
  0.196000010      -1.18313861    
  0.196500003      -1.62582159    
  0.197000012      -1.48290026    
  0.197500005      -1.94342506    
  0.198000014                  NaN
  0.198500007      -2.84048462    
  0.199000016      -1.91443753    
  0.199500009      -2.12772894    
