   5.00000024E-04   3.17622042    
   1.00000005E-03   1.60035801    
   1.50000001E-03   1.60962951    
   2.00000009E-03   1.52192175    
   2.50000018E-03   1.51892042    
   3.00000003E-03   1.35153317    
   3.50000011E-03   1.26886857    
   4.00000019E-03   1.22865832    
   4.50000027E-03   1.13315904    
   5.00000035E-03   1.03113079    
   5.50000044E-03  0.990187883    
   6.00000005E-03  0.967565000    
   6.50000013E-03  0.895446539    
   7.00000022E-03  0.798277259    
   7.50000030E-03  0.787522018    
   8.00000038E-03  0.714583039    
   8.50000046E-03  0.784556329    
   9.00000054E-03  0.773704529    
   9.50000063E-03  0.756555557    
   1.00000007E-02  0.708007097    
   1.05000008E-02  0.765992999    
   1.10000009E-02  0.717261076    
   1.15000010E-02  0.598971069    
   1.20000001E-02  0.606547415    
   1.25000002E-02  0.506520391    
   1.30000003E-02  0.526623666    
   1.35000004E-02  0.495945334    
   1.40000004E-02  0.509739757    
   1.45000005E-02  0.395887047    
   1.50000006E-02  0.377532601    
   1.55000007E-02  0.339862674    
   1.60000008E-02  0.321310282    
   1.64999999E-02  0.315558285    
   1.70000009E-02  0.283966660    
   1.75000001E-02  0.297512680    
   1.80000011E-02  0.317598641    
   1.85000002E-02  0.331275702    
   1.90000013E-02  0.364541084    
   1.95000004E-02  0.391427100    
   2.00000014E-02  0.418429822    
   2.05000006E-02  0.425893545    
   2.10000016E-02  0.400557518    
   2.15000007E-02  0.408014804    
   2.20000017E-02  0.408909529    
   2.25000009E-02  0.350320011    
   2.30000019E-02  0.271599174    
   2.35000011E-02  0.265559763    
   2.40000002E-02  0.199610472    
   2.45000012E-02  0.206721470    
   2.50000004E-02  0.153714836    
   2.55000014E-02  0.154057220    
   2.60000005E-02  0.100696355    
   2.65000015E-02  0.121105947    
   2.70000007E-02  0.182066217    
   2.75000017E-02  0.182475388    
   2.80000009E-02  0.155792102    
   2.85000019E-02  0.162932575    
   2.90000010E-02  0.265364498    
   2.95000020E-02  0.252326906    
   3.00000012E-02  0.266570717    
   3.05000022E-02  0.239775077    
   3.10000014E-02  0.247188836    
   3.15000005E-02  0.165169671    
   3.20000015E-02  0.172446325    
   3.25000025E-02  0.117533088    
   3.29999998E-02  0.117803909    
   3.35000008E-02  0.125021607    
   3.40000018E-02  0.146196187    
   3.45000029E-02  0.160491124    
   3.50000001E-02   9.09233466E-02
   3.55000012E-02   9.11352858E-02
   3.60000022E-02  0.119455330    
   3.65000032E-02   9.15621445E-02
   3.70000005E-02  0.141195491    
   3.75000015E-02  0.127374947    
   3.80000025E-02  0.106396146    
   3.85000035E-02   7.10984394E-02
   3.90000008E-02  0.128280476    
   3.95000018E-02  0.114297934    
   4.00000028E-02  0.114570074    
   4.05000001E-02  0.114843510    
   4.10000011E-02  0.136702910    
   4.15000021E-02  0.129818588    
   4.20000032E-02  0.108442217    
   4.25000004E-02  0.115950443    
   4.30000015E-02  0.116230503    
   4.35000025E-02  0.116511934    
   4.40000035E-02  0.116794743    
   4.45000008E-02   7.31743127E-02
   4.50000018E-02  0.132035002    
   4.55000028E-02  0.117651418    
   4.60000038E-02  0.140053481    
   4.65000011E-02  0.133008242    
   4.70000021E-02  0.133335844    
   4.75000031E-02  0.155942589    
   4.80000004E-02  0.171217009    
   4.85000014E-02   7.46269077E-02
   4.90000024E-02  0.127181351    
   4.95000035E-02  0.142498299    
   5.00000007E-02   6.76679462E-02
   5.05000018E-02   9.04500484E-02
   5.10000028E-02   4.53386568E-02
   5.15000038E-02   3.78773883E-02
   5.20000011E-02   2.27838196E-02
   5.25000021E-02   5.32968305E-02
   5.30000031E-02   6.86984286E-02
   5.35000041E-02   6.12206459E-02
   5.40000014E-02   6.13768250E-02
   5.45000024E-02   1.53834485E-02
   5.50000034E-02   3.08457911E-02
   5.55000044E-02   5.41188940E-02
   5.60000017E-02   6.97607696E-02
   5.65000027E-02   8.54834840E-02
   5.70000038E-02   3.11654266E-02
   5.75000010E-02   4.68695723E-02
   5.80000021E-02  -2.34958176E-02
   5.85000031E-02   2.35571600E-02
   5.90000041E-02   1.57458931E-02
   5.95000014E-02   1.57872140E-02
   6.00000024E-02   1.58287622E-02
   6.05000034E-02  -3.17410491E-02
   6.10000044E-02   7.95625336E-03
   6.15000017E-02   2.39320714E-02
   6.20000027E-02   1.59971546E-02
   6.25000000E-02   4.00995202E-02
   6.30000010E-02   8.04134738E-03
   6.35000020E-02  -8.06290470E-03
   6.40000030E-02  -2.42537428E-02
   6.45000041E-02   8.10637139E-03
   6.50000051E-02   0.00000000    
   6.55000061E-02   4.89018559E-02
   6.59999996E-02   8.17245692E-02
   6.65000007E-02   9.01419744E-02
   6.70000017E-02   8.21711570E-02
   6.75000027E-02  0.107115157    
   6.80000037E-02   7.43603781E-02
   6.85000047E-02   5.79951853E-02
   6.90000057E-02   6.64632991E-02
   6.95000067E-02   4.16546278E-02
   7.00000003E-02   7.51866102E-02
   7.05000013E-02  0.117282726    
   7.10000023E-02  0.100808851    
   7.15000033E-02  0.101091243    
   7.20000044E-02  0.101375200    
   7.25000054E-02  0.101660766    
   7.30000064E-02  0.101947941    
   7.34999999E-02   7.66775683E-02
   7.40000010E-02  0.111071132    
   7.45000020E-02  0.154228941    
   7.50000030E-02  0.163262337    
   7.55000040E-02  0.155112773    
   7.60000050E-02  0.155558497    
   7.65000060E-02  0.130005643    
   7.70000070E-02  0.191226050    
   7.75000006E-02  0.122042052    
   7.80000016E-02  0.139882043    
   7.85000026E-02  0.113985516    
   7.90000036E-02  0.149493843    
   7.95000046E-02  0.141112685    
   8.00000057E-02  0.141527727    
   8.05000067E-02  0.115330487    
   8.10000002E-02  0.151262984    
   8.15000013E-02  0.142787635    
   8.20000023E-02  0.116360225    
   8.25000033E-02  0.152617589    
   8.30000043E-02  0.171083301    
   8.35000053E-02  0.189659908    
   8.40000063E-02  0.181172535    
   8.45000073E-02  0.208977863    
   8.50000009E-02  0.200497627    
   8.55000019E-02  0.201107010    
   8.60000029E-02  0.201720178    
   8.65000039E-02  0.202337041    
   8.70000049E-02  0.175281629    
   8.75000060E-02  0.212835923    
   8.80000070E-02  0.204210550    
   8.85000005E-02  0.204842746    
   8.90000015E-02  0.261518627    
   8.95000026E-02  0.243595243    
   9.00000036E-02  0.244356513    
   9.05000046E-02  0.216839090    
   9.10000056E-02  0.198606104    
   9.15000066E-02  0.180258110    
   9.20000076E-02  0.190345868    
   9.25000012E-02  0.162307590    
   9.30000022E-02  0.143668681    
   9.35000032E-02  0.153736159    
   9.40000042E-02  0.154228941    
   9.45000052E-02   9.67030376E-02
   9.50000063E-02   8.73134807E-02
   9.55000073E-02   9.73289460E-02
   9.60000008E-02   9.76449475E-02
   9.65000018E-02   6.85740933E-02
   9.70000029E-02   7.86265135E-02
   9.75000039E-02  0.108465917    
   9.80000049E-02   9.89297479E-02
   9.85000059E-02   6.94793686E-02
   9.90000069E-02   7.96679258E-02
   9.95000079E-02   7.99326003E-02
  0.100000001       5.01244105E-02
  0.100500003       6.03504516E-02
  0.101000004       6.05529733E-02
  0.101500005      0.121513709    
  0.102000006      0.132084578    
  0.102500007      0.122337528    
  0.103000008       3.06884106E-02
  0.103500009       6.15862943E-02
  0.104000002       6.17972091E-02
  0.104500003       9.30143669E-02
  0.105000004      0.114076227    
  0.105500005      0.135283858    
  0.106000006      0.187966511    
  0.106500007      0.136226594    
  0.107000008      0.115671709    
  0.107500002      0.126630083    
  0.108000003       9.53069627E-02
  0.108500004      0.106270827    
  0.109000005      0.138641968    
  0.109500006       9.63244811E-02
  0.110000007       7.51866028E-02
  0.110500008      0.118573852    
  0.111000009       7.57275224E-02
  0.111500002       5.42863533E-02
  0.112000003       6.53796569E-02
  0.112500004       0.00000000    
  0.113000005      -1.09761460E-02
  0.113500006      -6.60981163E-02
  0.114000008      -4.42274138E-02
  0.114500009      -4.43906151E-02
  0.115000002      -1.11387577E-02
  0.115500003       1.11801643E-02
  0.116000004       0.00000000    
  0.116500005       3.37917320E-02
  0.117000006       9.04500559E-02
  0.117500007       3.40467654E-02
  0.118000008       4.55676429E-02
  0.118500009       4.57409024E-02
  0.119000003       1.14788711E-02
  0.119500004      -4.60914038E-02
  0.120000005      -2.31343396E-02
  0.120500006      -2.32236609E-02
  0.121000007      -2.33136769E-02
  0.121500008       1.17021948E-02
  0.122000009       0.00000000    
  0.122500002      -7.07638636E-02
  0.123000003      -1.18404105E-02
  0.123500004      -2.37744227E-02
  0.124000005      -2.38687657E-02
  0.124500006      -5.99096492E-02
  0.125000000      -8.42090026E-02
  0.125500008       0.00000000    
  0.126000002      -2.42537428E-02
  0.126500010      -2.43519377E-02
  0.127000004      -2.44509280E-02
  0.127500013       1.22753633E-02
  0.128000006       2.80091927E-09
  0.128500000       3.71291898E-02
  0.129000008       6.21376894E-02
  0.129500002       1.24791069E-02
  0.130000010       2.50622034E-02
  0.130500004       2.51670647E-02
  0.131000012       6.31820261E-02
  0.131500006      -2.53794473E-02
  0.131999999       0.00000000    
  0.132500008       0.00000000    
  0.133000001       0.00000000    
  0.133500010       3.87227163E-02
  0.134000003      -5.18528335E-02
  0.134500012      -2.60386523E-02
  0.135000005       1.30759319E-02
  0.135500014       0.00000000    
  0.136000007       0.00000000    
  0.136500001      -3.97462249E-02
  0.137000009      -6.65368214E-02
  0.137500003      -5.34660332E-02
  0.138000011      -5.37047200E-02
  0.138500005      -5.39455488E-02
  0.139000013      -5.41885458E-02
  0.139500007      -5.44337519E-02
  0.140000001      -5.46811670E-02
  0.140500009      -5.49308509E-02
  0.141000003      -5.51828295E-02
  0.141500011      -5.54371290E-02
  0.142000005      -5.56937829E-02
  0.142500013      -1.39882062E-02
  0.143000007      -7.02678487E-02
  0.143500000      -5.64782023E-02
  0.144000009      -5.67446090E-02
  0.144500002      -1.42533882E-02
  0.145000011      -2.86425184E-02
  0.145500004       1.43897822E-02
  0.146000013       4.33768928E-02
  0.146500006       2.90576257E-02
  0.147000000       2.91986819E-02
  0.147500008       2.93411147E-02
  0.148000002       2.94849444E-02
  0.148500010       7.40754753E-02
  0.149000004       1.48884365E-02
  0.149500012       2.99250167E-02
  0.150000006       3.00746411E-02
  0.150500014       3.02257705E-02
  0.151000008       3.03784274E-02
  0.151500002       3.05326320E-02
  0.152000010      -1.53442053E-02
  0.152500004       0.00000000    
  0.153000012       0.00000000    
  0.153500006       4.67481464E-02
  0.154000014       7.83193856E-02
  0.154500008      0.110221192    
  0.155000001       9.49725658E-02
  0.155500010       9.54750478E-02
  0.156000003       9.59829018E-02
  0.156500012       4.82480861E-02
  0.157000005       6.46766424E-02
  0.157500014       1.62565634E-02
  0.158000007      -1.63449142E-02
  0.158500001       0.00000000    
  0.159000009      -4.95735891E-02
  0.159500003      -3.32316495E-02
  0.160000011       1.67081356E-02
  0.160500005       0.00000000    
  0.161000013       0.00000000    
  0.161500007       5.09739704E-02
  0.162000000       3.41757312E-02
  0.162500009       3.43710184E-02
  0.163000003      -1.72842778E-02
  0.163500011       0.00000000    
  0.164000005       0.00000000    
  0.164500013       0.00000000    
  0.165000007       0.00000000    
  0.165500015      -5.33869416E-02
  0.166000009      -8.95078704E-02
  0.166500002      -7.20350742E-02
  0.167000011      -7.24690184E-02
  0.167500004      -7.29082227E-02
  0.168000013      -7.33527839E-02
  0.168500006      -7.38027990E-02
  0.169000015      -7.42583796E-02
  0.169500008      -7.47196078E-02
  0.170000002      -7.51866102E-02
  0.170500010      -7.56594762E-02
  0.171000004      -7.61383399E-02
  0.171500012      -7.66232908E-02
  0.172000006      -7.71144703E-02
  0.172500014      -1.94029957E-02
  0.173000008      -3.90579775E-02
  0.173500001      -3.93132605E-02
  0.174000010      -3.95718999E-02
  0.174500003      -3.98339629E-02
  0.175000012      -4.00995240E-02
  0.175500005      -4.03686464E-02
  0.176000014      -4.06414084E-02
  0.176500008      -4.09178808E-02
  0.177000001       2.05990709E-02
  0.177500010       0.00000000    
  0.178000003       6.26555085E-02
  0.178500012       4.20624353E-02
  0.179000005      0.105896622    
  0.179500014      0.149306729    
  0.180000007      0.128891334    
  0.180500016      0.129818603    
  0.181000009      0.196138978    
  0.181500003      0.175618351    
  0.182000011      0.110568531    
  0.182500005      0.133665070    
  0.183000013      0.134662583    
  0.183500007      0.135675073    
  0.184000015      0.136702925    
  0.184500009      0.137746453    
  0.185000002      0.138806045    
  0.185500011      0.139882058    
  0.186000004      0.140974879    
  0.186500013       7.10424632E-02
  0.187000006       9.54750627E-02
  0.187500015       9.62388590E-02
  0.188000008       9.70149711E-02
  0.188500002       9.78037119E-02
  0.189000010       9.86053795E-02
  0.189500004      0.173985541    
  0.190000013      0.150373220    
  0.190500006      0.151636869    
  0.191000015       7.64609501E-02
  0.191500008      0.102819294    
  0.192000002       2.59264167E-02
  0.192500010       5.23037240E-02
  0.193000004       5.27625307E-02
  0.193500012       5.32294549E-02
  0.194000006       5.37047200E-02
  0.194500014       5.41885458E-02
  0.195000008       5.46811670E-02
  0.195500016      -2.75914203E-02
  0.196000010       8.35406780E-02
  0.196500003       5.62142842E-02
  0.197000012       5.67446090E-02
  0.197500005       5.72850369E-02
  0.198000014       5.78358546E-02
  0.198500007       5.83973639E-02
  0.199000016      0.147424728    
  0.199500009      0.119107492    
