   0.00000000      0.999135673    
   5.00000024E-04  0.995678484    
   1.00000005E-03  0.986171126    
   1.50000001E-03  0.979256690    
   2.00000009E-03  0.964563549    
   2.50000018E-03  0.942955911    
   3.00000003E-03  0.925669849    
   3.50000011E-03  0.904926538    
   4.00000019E-03  0.887640476    
   4.50000027E-03  0.868625760    
   5.00000035E-03  0.858254135    
   5.50000044E-03  0.840968013    
   6.00000005E-03  0.824546218    
   6.50000013E-03  0.812445998    
   7.00000022E-03  0.808124483    
   7.50000030E-03  0.798617125    
   8.00000038E-03  0.794295609    
   8.50000046E-03  0.790838361    
   9.00000054E-03  0.788245440    
   9.50000063E-03  0.787381172    
   1.00000007E-02  0.785652578    
   1.05000008E-02  0.783059657    
   1.10000009E-02  0.779602408    
   1.15000010E-02  0.775280893    
   1.20000001E-02  0.772687972    
   1.25000002E-02  0.770959377    
   1.30000003E-02  0.765773535    
   1.35000004E-02  0.761452019    
   1.40000004E-02  0.758859098    
   1.45000005E-02  0.751080394    
   1.50000006E-02  0.747623146    
   1.55000007E-02  0.744165957    
   1.60000008E-02  0.741573036    
   1.64999999E-02  0.735522926    
   1.70000009E-02  0.731201410    
   1.75000001E-02  0.726879835    
   1.80000011E-02  0.722558320    
   1.85000002E-02  0.719965398    
   1.90000013E-02  0.719101131    
   1.95000004E-02  0.717372537    
   2.00000014E-02  0.716508210    
   2.05000006E-02  0.714779615    
   2.10000016E-02  0.713915288    
   2.15000007E-02  0.711322367    
   2.20000017E-02  0.708729446    
   2.25000009E-02  0.708729446    
   2.30000019E-02  0.706136584    
   2.35000011E-02  0.705272257    
   2.40000002E-02  0.703543663    
   2.45000012E-02  0.700950742    
   2.50000004E-02  0.700950742    
   2.55000014E-02  0.697493494    
   2.60000005E-02  0.695764899    
   2.65000015E-02  0.689714789    
   2.70000007E-02  0.687986195    
   2.75000017E-02  0.683664680    
   2.80000009E-02  0.681071758    
   2.85000019E-02  0.677614510    
   2.90000010E-02  0.676750243    
   2.95000020E-02  0.674157321    
   3.00000012E-02  0.673292994    
   3.05000022E-02  0.670700073    
   3.10000014E-02  0.668107152    
   3.15000005E-02  0.666378558    
   3.20000015E-02  0.662921369    
   3.25000025E-02  0.658599854    
   3.29999998E-02  0.652549684    
   3.35000008E-02  0.645635247    
   3.40000018E-02  0.643042326    
   3.45000029E-02  0.636992216    
   3.50000001E-02  0.631806374    
   3.55000012E-02  0.629213512    
   3.60000022E-02  0.622299075    
   3.65000032E-02  0.621434748    
   3.70000005E-02  0.617977500    
   3.75000015E-02  0.617113233    
   3.80000025E-02  0.610198796    
   3.85000035E-02  0.607605875    
   3.90000008E-02  0.602420032    
   3.95000018E-02  0.599827111    
   4.00000028E-02  0.599827111    
   4.05000001E-02  0.594641328    
   4.10000011E-02  0.590319812    
   4.15000021E-02  0.586862564    
   4.20000032E-02  0.581676722    
   4.25000004E-02  0.577355206    
   4.30000015E-02  0.574762344    
   4.35000025E-02  0.570440769    
   4.40000035E-02  0.567847908    
   4.45000008E-02  0.563526332    
   4.50000018E-02  0.562662065    
   4.55000028E-02  0.560933471    
   4.60000038E-02  0.559204817    
   4.65000011E-02  0.557476223    
   4.70000021E-02  0.554019034    
   4.75000031E-02  0.550561786    
   4.80000004E-02  0.547104597    
   4.85000014E-02  0.545375943    
   4.90000024E-02  0.540190160    
   4.95000035E-02  0.536732912    
   5.00000007E-02  0.534139991    
   5.05000018E-02  0.533275723    
   5.10000028E-02  0.531547129    
   5.15000038E-02  0.528954208    
   5.20000011E-02  0.525496960    
   5.25000021E-02  0.522039771    
   5.30000031E-02  0.521175444    
   5.35000041E-02  0.516853929    
   5.40000014E-02  0.515989602    
   5.45000024E-02  0.513396740    
   5.50000034E-02  0.512532413    
   5.55000044E-02  0.510803819    
   5.60000017E-02  0.506482303    
   5.65000027E-02  0.502160788    
   5.70000038E-02  0.501296461    
   5.75000010E-02  0.496974945    
   5.80000021E-02  0.494382024    
   5.85000031E-02  0.492653400    
   5.90000041E-02  0.490924805    
   5.95000014E-02  0.490060508    
   6.00000024E-02  0.486603290    
   6.05000034E-02  0.483146071    
   6.10000044E-02  0.481417447    
   6.15000017E-02  0.477960229    
   6.20000027E-02  0.475367337    
   6.25000000E-02  0.473638713    
   6.30000010E-02  0.471910119    
   6.35000020E-02  0.468452901    
   6.40000030E-02  0.466724277    
   6.45000041E-02  0.464995682    
   6.50000051E-02  0.464995682    
   6.55000061E-02  0.464131385    
   6.59999996E-02  0.463267058    
   6.65000007E-02  0.462402761    
   6.70000017E-02  0.459809840    
   6.75000027E-02  0.458945543    
   6.80000037E-02  0.457216948    
   6.85000047E-02  0.456352621    
   6.90000057E-02  0.452895433    
   6.95000067E-02  0.452895433    
   7.00000003E-02  0.449438214    
   7.05000013E-02  0.445980996    
   7.10000023E-02  0.444252372    
   7.15000033E-02  0.440795153    
   7.20000044E-02  0.439930856    
   7.25000054E-02  0.437337935    
   7.30000064E-02  0.434745044    
   7.34999999E-02  0.432152122    
   7.40000010E-02  0.431287825    
   7.45000020E-02  0.428694904    
   7.50000030E-02  0.427830607    
   7.55000040E-02  0.426101983    
   7.60000050E-02  0.424373388    
   7.65000060E-02  0.424373388    
   7.70000070E-02  0.423509061    
   7.75000006E-02  0.422644764    
   7.80000016E-02  0.420916170    
   7.85000026E-02  0.420916170    
   7.90000036E-02  0.420916170    
   7.95000046E-02  0.420051873    
   8.00000057E-02  0.418323249    
   8.05000067E-02  0.418323249    
   8.10000002E-02  0.415730327    
   8.15000013E-02  0.414001733    
   8.20000023E-02  0.414001733    
   8.25000033E-02  0.414001733    
   8.30000043E-02  0.413137436    
   8.35000053E-02  0.411408812    
   8.40000063E-02  0.410544515    
   8.45000073E-02  0.409680218    
   8.50000009E-02  0.409680218    
   8.55000019E-02  0.409680218    
   8.60000029E-02  0.409680218    
   8.65000039E-02  0.407951593    
   8.70000049E-02  0.407951593    
   8.75000060E-02  0.407951593    
   8.80000070E-02  0.406222999    
   8.85000005E-02  0.402765781    
   8.90000015E-02  0.401901484    
   8.95000026E-02  0.400172859    
   9.00000036E-02  0.400172859    
   9.05000046E-02  0.400172859    
   9.10000056E-02  0.400172859    
   9.15000066E-02  0.400172859    
   9.20000076E-02  0.400172859    
   9.25000012E-02  0.398444265    
   9.30000022E-02  0.398444265    
   9.35000032E-02  0.396715641    
   9.40000042E-02  0.395851344    
   9.45000052E-02  0.395851344    
   9.50000063E-02  0.393258423    
   9.55000073E-02  0.390665501    
   9.60000008E-02  0.390665501    
   9.65000018E-02  0.390665501    
   9.70000029E-02  0.389801204    
   9.75000039E-02  0.388072610    
   9.80000049E-02  0.386343986    
   9.85000059E-02  0.386343986    
   9.90000069E-02  0.385479689    
   9.95000079E-02  0.385479689    
  0.100000001      0.383751094    
  0.100500003      0.382886767    
  0.101000004      0.382022470    
  0.101500005      0.381158173    
  0.102000006      0.381158173    
  0.102500007      0.380293876    
  0.103000008      0.379429549    
  0.103500009      0.377700955    
  0.104000002      0.377700955    
  0.104500003      0.376836658    
  0.105000004      0.376836658    
  0.105500005      0.375972331    
  0.106000006      0.375972331    
  0.106500007      0.374243736    
  0.107000008      0.374243736    
  0.107500002      0.372515112    
  0.108000003      0.371650815    
  0.108500004      0.367329299    
  0.109000005      0.367329299    
  0.109500006      0.367329299    
  0.110000007      0.367329299    
  0.110500008      0.367329299    
  0.111000009      0.365600705    
  0.111500002      0.364736378    
  0.112000003      0.364736378    
  0.112500004      0.363872081    
  0.113000005      0.363872081    
  0.113500006      0.363007784    
  0.114000008      0.361279160    
  0.114500009      0.361279160    
  0.115000002      0.360414863    
  0.115500003      0.360414863    
  0.116000004      0.360414863    
  0.116500005      0.359550565    
  0.117000006      0.359550565    
  0.117500007      0.358686268    
  0.118000008      0.358686268    
  0.118500009      0.358686268    
  0.119000003      0.357821941    
  0.119500004      0.356957644    
  0.120000005      0.356093347    
  0.120500006      0.355229050    
  0.121000007      0.355229050    
  0.121500008      0.354364723    
  0.122000009      0.353500426    
  0.122500002      0.352636129    
  0.123000003      0.351771832    
  0.123500004      0.350907505    
  0.124000005      0.350907505    
  0.124500006      0.350907505    
  0.125000000      0.350907505    
  0.125500008      0.350907505    
  0.126000002      0.349178910    
  0.126500010      0.349178910    
  0.127000004      0.347450316    
  0.127500013      0.347450316    
  0.128000006      0.346585989    
  0.128500000      0.346585989    
  0.129000008      0.346585989    
  0.129500002      0.344857395    
  0.130000010      0.344857395    
  0.130500004      0.343993098    
  0.131000012      0.343128771    
  0.131500006      0.342264473    
  0.131999999      0.342264473    
  0.132500008      0.341400176    
  0.133000001      0.340535879    
  0.133500010      0.339671552    
  0.134000003      0.339671552    
  0.134500012      0.339671552    
  0.135000005      0.338807255    
  0.135500014      0.338807255    
  0.136000007      0.338807255    
  0.136500001      0.337078661    
  0.137000009      0.336214334    
  0.137500003      0.336214334    
  0.138000011      0.336214334    
  0.138500005      0.336214334    
  0.139000013      0.336214334    
  0.139500007      0.336214334    
  0.140000001      0.334485739    
  0.140500009      0.334485739    
  0.141000003      0.334485739    
  0.141500011      0.334485739    
  0.142000005      0.334485739    
  0.142500013      0.332757145    
  0.143000007      0.331892818    
  0.143500000      0.331892818    
  0.144000009      0.331028521    
  0.144500002      0.331028521    
  0.145000011      0.329299927    
  0.145500004      0.328435600    
  0.146000013      0.327571303    
  0.146500006      0.327571303    
  0.147000000      0.327571303    
  0.147500008      0.327571303    
  0.148000002      0.324978381    
  0.148500010      0.324978381    
  0.149000004      0.324114084    
  0.149500012      0.323249787    
  0.150000006      0.323249787    
  0.150500014      0.323249787    
  0.151000008      0.323249787    
  0.151500002      0.322385490    
  0.152000010      0.322385490    
  0.152500004      0.322385490    
  0.153000012      0.322385490    
  0.153500006      0.322385490    
  0.154000014      0.320656866    
  0.154500008      0.319792569    
  0.155000001      0.318928272    
  0.155500010      0.318928272    
  0.156000003      0.318928272    
  0.156500012      0.318928272    
  0.157000005      0.318063945    
  0.157500014      0.316335350    
  0.158000007      0.315471053    
  0.158500001      0.315471053    
  0.159000009      0.315471053    
  0.159500003      0.313742429    
  0.160000011      0.312878132    
  0.160500005      0.312878132    
  0.161000013      0.312878132    
  0.161500007      0.311149538    
  0.162000000      0.310285211    
  0.162500009      0.310285211    
  0.163000003      0.309420913    
  0.163500011      0.309420913    
  0.164000005      0.308556616    
  0.164500013      0.305963695    
  0.165000007      0.305963695    
  0.165500015      0.305963695    
  0.166000009      0.305099398    
  0.166500002      0.305099398    
  0.167000011      0.305099398    
  0.167500004      0.305099398    
  0.168000013      0.305099398    
  0.168500006      0.305099398    
  0.169000015      0.305099398    
  0.169500008      0.305099398    
  0.170000002      0.305099398    
  0.170500010      0.303370774    
  0.171000004      0.302506477    
  0.171500012      0.302506477    
  0.172000006      0.302506477    
  0.172500014      0.301642179    
  0.173000008      0.300777882    
  0.173500001      0.299913555    
  0.174000010      0.299913555    
  0.174500003      0.297320664    
  0.175000012      0.296456367    
  0.175500005      0.296456367    
  0.176000014      0.296456367    
  0.176500008      0.295592040    
  0.177000001      0.295592040    
  0.177500010      0.294727743    
  0.178000003      0.294727743    
  0.178500012      0.292999148    
  0.179000005      0.292999148    
  0.179500014      0.292999148    
  0.180000007      0.292134821    
  0.180500016      0.291270524    
  0.181000009      0.291270524    
  0.181500003      0.291270524    
  0.182000011      0.291270524    
  0.182500005      0.291270524    
  0.183000013      0.290406227    
  0.183500007      0.289541930    
  0.184000015      0.289541930    
  0.184500009      0.289541930    
  0.185000002      0.289541930    
  0.185500011      0.289541930    
  0.186000004      0.288677603    
  0.186500013      0.286949009    
  0.187000006      0.286084712    
  0.187500015      0.286084712    
  0.188000008      0.285220385    
  0.188500002      0.285220385    
  0.189000010      0.285220385    
  0.189500004      0.285220385    
  0.190000013      0.285220385    
  0.190500006      0.285220385    
  0.191000015      0.285220385    
  0.191500008      0.285220385    
  0.192000002      0.284356087    
  0.192500010      0.284356087    
  0.193000004      0.284356087    
  0.193500012      0.284356087    
  0.194000006      0.284356087    
  0.194500014      0.284356087    
  0.195000008      0.284356087    
  0.195500016      0.282627493    
  0.196000010      0.282627493    
  0.196500003      0.282627493    
  0.197000012      0.282627493    
  0.197500005      0.281763166    
  0.198000014      0.281763166    
  0.198500007      0.280898869    
  0.199000016      0.278305978    
  0.199500009      0.278305978    
  0.200000003      0.274848759    
  0.200500011      0.274848759    
  0.201000005      0.273984432    
  0.201500013      0.273984432    
  0.202000007      0.273120135    
  0.202500015      0.269662917    
  0.203000009      0.268798620    
  0.203500003      0.267069995    
  0.204000011      0.266205698    
  0.204500005      0.266205698    
  0.205000013      0.266205698    
  0.205500007      0.265341401    
  0.206000015      0.264477104    
  0.206500009      0.264477104    
  0.207000017      0.264477104    
  0.207500011      0.264477104    
  0.208000004      0.264477104    
  0.208500013      0.263612777    
  0.209000006      0.263612777    
  0.209500015      0.262748480    
  0.210000008      0.261884183    
  0.210500017      0.261884183    
  0.211000010      0.261019886    
  0.211500004      0.261019886    
  0.212000012      0.260155588    
  0.212500006      0.259291261    
  0.213000014      0.259291261    
  0.213500008      0.258426964    
  0.214000016      0.257562667    
  0.214500010      0.257562667    
  0.215000004      0.256698370    
  0.215500012      0.256698370    
  0.216000006      0.255834043    
  0.216500014      0.255834043    
  0.217000008      0.254969746    
  0.217500016      0.254969746    
  0.218000010      0.254105449    
  0.218500003      0.252376825    
  0.219000012      0.252376825    
  0.219500005      0.251512527    
  0.220000014      0.251512527    
  0.220500007      0.250648230    
  0.221000016      0.250648230    
  0.221500009      0.249783918    
  0.222000018      0.248919621    
  0.222500011      0.248055309    
  0.223000005      0.248055309    
  0.223500013      0.248055309    
  0.224000007      0.248055309    
  0.224500015      0.248055309    
  0.225000009      0.247191012    
  0.225500017      0.247191012    
  0.226000011      0.245462403    
  0.226500005      0.245462403    
  0.227000013      0.245462403    
  0.227500007      0.245462403    
  0.228000015      0.244598106    
  0.228500009      0.244598106    
  0.229000017      0.243733793    
  0.229500011      0.242005184    
  0.230000004      0.242005184    
  0.230500013      0.242005184    
  0.231000006      0.241140887    
  0.231500015      0.241140887    
  0.232000008      0.240276575    
  0.232500017      0.239412278    
  0.233000010      0.239412278    
  0.233500004      0.238547966    
  0.234000012      0.238547966    
  0.234500006      0.238547966    
  0.235000014      0.237683669    
  0.235500008      0.236819357    
  0.236000016      0.235955060    
  0.236500010      0.235955060    
  0.237000018      0.235955060    
  0.237500012      0.235090747    
  0.238000005      0.235090747    
  0.238500014      0.234226450    
  0.239000008      0.231633529    
  0.239500016      0.230769232    
  0.240000010      0.230769232    
  0.240500018      0.229904920    
  0.241000012      0.229040623    
  0.241500005      0.229040623    
  0.242000014      0.229040623    
  0.242500007      0.229040623    
  0.243000016      0.229040623    
  0.243500009      0.229040623    
  0.244000018      0.229040623    
  0.244500011      0.229040623    
  0.245000005      0.229040623    
  0.245500013      0.229040623    
  0.246000007      0.229040623    
  0.246500015      0.229040623    
  0.247000009      0.229040623    
  0.247500017      0.229040623    
  0.248000011      0.229040623    
  0.248500004      0.228176311    
  0.249000013      0.228176311    
  0.249500006      0.227312014    
  0.250000000      0.226447716    
  0.250500023      0.225583404    
  0.251000017      0.224719107    
  0.251500010      0.224719107    
  0.252000004      0.223854795    
  0.252499998      0.223854795    
  0.253000021      0.222990498    
  0.253500015      0.222990498    
  0.254000008      0.222990498    
  0.254500002      0.222990498    
  0.255000025      0.222990498    
  0.255500019      0.222126186    
  0.256000012      0.222126186    
  0.256500006      0.222126186    
  0.256999999      0.222126186    
  0.257500023      0.221261889    
  0.258000016      0.221261889    
  0.258500010      0.219533280    
  0.259000003      0.219533280    
  0.259500027      0.219533280    
  0.260000020      0.219533280    
  0.260500014      0.219533280    
  0.261000007      0.219533280    
  0.261500001      0.219533280    
  0.262000024      0.219533280    
  0.262500018      0.219533280    
  0.263000011      0.218668967    
  0.263500005      0.218668967    
  0.263999999      0.218668967    
  0.264500022      0.218668967    
  0.265000015      0.217804670    
  0.265500009      0.216940358    
  0.266000003      0.216940358    
  0.266500026      0.216940358    
  0.267000020      0.216940358    
  0.267500013      0.216940358    
  0.268000007      0.216940358    
  0.268500000      0.216940358    
  0.269000024      0.216940358    
  0.269500017      0.216940358    
  0.270000011      0.216940358    
  0.270500004      0.216940358    
  0.271000028      0.216076061    
  0.271500021      0.216076061    
  0.272000015      0.216076061    
  0.272500008      0.216076061    
  0.273000002      0.216076061    
  0.273500025      0.216076061    
  0.274000019      0.215211749    
  0.274500012      0.215211749    
  0.275000006      0.215211749    
  0.275500000      0.215211749    
  0.276000023      0.215211749    
  0.276500016      0.215211749    
  0.277000010      0.213483140    
  0.277500004      0.213483140    
  0.278000027      0.213483140    
  0.278500021      0.212618843    
  0.279000014      0.212618843    
  0.279500008      0.211754531    
  0.280000001      0.210890234    
  0.280500025      0.210890234    
  0.281000018      0.210890234    
  0.281500012      0.210890234    
  0.282000005      0.210025936    
  0.282499999      0.209161624    
  0.283000022      0.209161624    
  0.283500016      0.209161624    
  0.284000009      0.209161624    
  0.284500003      0.209161624    
  0.285000026      0.209161624    
  0.285500020      0.209161624    
  0.286000013      0.209161624    
  0.286500007      0.208297327    
  0.287000000      0.208297327    
  0.287500024      0.208297327    
  0.288000017      0.207433015    
  0.288500011      0.206568718    
  0.289000005      0.206568718    
  0.289500028      0.206568718    
  0.290000021      0.206568718    
  0.290500015      0.206568718    
  0.291000009      0.205704406    
  0.291500002      0.205704406    
  0.292000026      0.205704406    
  0.292500019      0.205704406    
  0.293000013      0.205704406    
  0.293500006      0.205704406    
  0.294000000      0.205704406    
  0.294500023      0.205704406    
  0.295000017      0.205704406    
  0.295500010      0.205704406    
  0.296000004      0.204840109    
  0.296500027      0.204840109    
  0.297000021      0.202247187    
  0.297500014      0.201382890    
  0.298000008      0.201382890    
  0.298500001      0.201382890    
  0.299000025      0.201382890    
  0.299500018      0.201382890    
  0.300000012      0.201382890    
  0.300500005      0.201382890    
  0.301000029      0.201382890    
  0.301500022      0.201382890    
  0.302000016      0.201382890    
  0.302500010      0.201382890    
  0.303000003      0.201382890    
  0.303500026      0.201382890    
  0.304000020      0.200518578    
  0.304500014      0.200518578    
  0.305000007      0.199654281    
  0.305500001      0.199654281    
  0.306000024      0.199654281    
  0.306500018      0.199654281    
  0.307000011      0.197925672    
  0.307500005      0.197061360    
  0.308000028      0.197061360    
  0.308500022      0.197061360    
  0.309000015      0.197061360    
  0.309500009      0.196197063    
  0.310000002      0.196197063    
  0.310500026      0.196197063    
  0.311000019      0.196197063    
  0.311500013      0.195332751    
  0.312000006      0.195332751    
  0.312500000      0.195332751    
  0.313000023      0.195332751    
  0.313500017      0.195332751    
  0.314000010      0.195332751    
  0.314500004      0.195332751    
  0.315000027      0.194468454    
  0.315500021      0.193604141    
  0.316000015      0.193604141    
  0.316500008      0.192739844    
  0.317000002      0.192739844    
  0.317500025      0.192739844    
  0.318000019      0.192739844    
  0.318500012      0.192739844    
  0.319000006      0.192739844    
  0.319500029      0.192739844    
  0.320000023      0.192739844    
  0.320500016      0.192739844    
  0.321000010      0.192739844    
  0.321500003      0.192739844    
  0.322000027      0.191875547    
  0.322500020      0.191875547    
  0.323000014      0.191875547    
  0.323500007      0.191875547    
  0.324000001      0.191875547    
  0.324500024      0.191011235    
  0.325000018      0.191011235    
  0.325500011      0.191011235    
  0.326000005      0.191011235    
  0.326500028      0.191011235    
  0.327000022      0.191011235    
  0.327500015      0.191011235    
  0.328000009      0.191011235    
  0.328500003      0.191011235    
  0.329000026      0.191011235    
  0.329500020      0.191011235    
  0.330000013      0.191011235    
  0.330500007      0.191011235    
  0.331000030      0.191011235    
  0.331500024      0.190146938    
  0.332000017      0.190146938    
  0.332500011      0.189282626    
  0.333000004      0.189282626    
  0.333500028      0.188418329    
  0.334000021      0.188418329    
  0.334500015      0.187554017    
  0.335000008      0.187554017    
  0.335500002      0.187554017    
  0.336000025      0.187554017    
  0.336500019      0.187554017    
  0.337000012      0.187554017    
  0.337500006      0.187554017    
  0.338000029      0.186689720    
  0.338500023      0.186689720    
  0.339000016      0.186689720    
  0.339500010      0.186689720    
  0.340000004      0.184961110    
  0.340500027      0.184961110    
  0.341000021      0.184096798    
  0.341500014      0.183232501    
  0.342000008      0.182368189    
  0.342500031      0.181503892    
  0.343000025      0.180639580    
  0.343500018      0.180639580    
  0.344000012      0.180639580    
  0.344500005      0.179775283    
  0.345000029      0.179775283    
  0.345500022      0.178910971    
  0.346000016      0.178910971    
  0.346500009      0.177182361    
  0.347000003      0.177182361    
  0.347500026      0.177182361    
  0.348000020      0.177182361    
  0.348500013      0.177182361    
  0.349000007      0.177182361    
  0.349500030      0.177182361    
  0.350000024      0.177182361    
  0.350500017      0.177182361    
  0.351000011      0.177182361    
  0.351500005      0.177182361    
  0.352000028      0.177182361    
  0.352500021      0.177182361    
  0.353000015      0.177182361    
  0.353500009      0.177182361    
  0.354000002      0.177182361    
  0.354500026      0.177182361    
  0.355000019      0.177182361    
  0.355500013      0.177182361    
  0.356000006      0.177182361    
  0.356500030      0.177182361    
  0.357000023      0.176318064    
  0.357500017      0.176318064    
  0.358000010      0.176318064    
  0.358500004      0.175453752    
  0.359000027      0.175453752    
  0.359500021      0.174589455    
  0.360000014      0.174589455    
  0.360500008      0.174589455    
  0.361000031      0.174589455    
  0.361500025      0.172860846    
  0.362000018      0.172860846    
  0.362500012      0.172860846    
  0.363000005      0.172860846    
  0.363500029      0.172860846    
  0.364000022      0.172860846    
  0.364500016      0.171996549    
  0.365000010      0.171132237    
  0.365500003      0.171132237    
  0.366000026      0.171132237    
  0.366500020      0.171132237    
  0.367000014      0.171132237    
  0.367500007      0.171132237    
  0.368000031      0.171132237    
  0.368500024      0.169403628    
  0.369000018      0.169403628    
  0.369500011      0.169403628    
  0.370000005      0.169403628    
  0.370500028      0.169403628    
  0.371000022      0.168539330    
  0.371500015      0.168539330    
  0.372000009      0.168539330    
  0.372500032      0.168539330    
  0.373000026      0.168539330    
  0.373500019      0.168539330    
  0.374000013      0.168539330    
  0.374500006      0.167675018    
  0.375000030      0.166810721    
  0.375500023      0.166810721    
  0.376000017      0.166810721    
  0.376500010      0.166810721    
  0.377000004      0.166810721    
  0.377500027      0.166810721    
  0.378000021      0.166810721    
  0.378500015      0.165946409    
  0.379000008      0.165946409    
  0.379500031      0.165946409    
  0.380000025      0.165946409    
  0.380500019      0.165946409    
  0.381000012      0.165946409    
  0.381500006      0.165946409    
  0.382000029      0.165946409    
  0.382500023      0.165946409    
  0.383000016      0.165946409    
  0.383500010      0.165946409    
  0.384000003      0.165946409    
  0.384500027      0.165946409    
  0.385000020      0.165946409    
  0.385500014      0.165082112    
  0.386000007      0.165082112    
  0.386500031      0.165082112    
  0.387000024      0.163353503    
  0.387500018      0.161624894    
  0.388000011      0.161624894    
  0.388500005      0.161624894    
  0.389000028      0.161624894    
  0.389500022      0.161624894    
  0.390000015      0.161624894    
  0.390500009      0.161624894    
  0.391000032      0.161624894    
  0.391500026      0.161624894    
  0.392000020      0.161624894    
  0.392500013      0.161624894    
  0.393000007      0.161624894    
  0.393500030      0.161624894    
  0.394000024      0.161624894    
  0.394500017      0.161624894    
  0.395000011      0.161624894    
  0.395500004      0.161624894    
  0.396000028      0.161624894    
  0.396500021      0.161624894    
  0.397000015      0.161624894    
  0.397500008      0.161624894    
  0.398000032      0.161624894    
  0.398500025      0.161624894    
  0.399000019      0.161624894    
  0.399500012      0.161624894    
  0.400000006      0.160760581    
  0.400500029      0.159896284    
  0.401000023      0.159896284    
  0.401500016      0.159896284    
  0.402000010      0.159896284    
  0.402500033      0.159896284    
  0.403000027      0.159896284    
  0.403500021      0.159031972    
  0.404000014      0.158167675    
  0.404500008      0.158167675    
  0.405000031      0.158167675    
  0.405500025      0.157303378    
  0.406000018      0.157303378    
  0.406500012      0.157303378    
  0.407000005      0.157303378    
  0.407500029      0.157303378    
  0.408000022      0.157303378    
  0.408500016      0.155574769    
  0.409000009      0.153846160    
  0.409500033      0.153846160    
  0.410000026      0.153846160    
  0.410500020      0.153846160    
  0.411000013      0.152981848    
  0.411500007      0.152981848    
  0.412000030      0.152981848    
  0.412500024      0.152981848    
  0.413000017      0.152981848    
  0.413500011      0.152981848    
  0.414000034      0.152981848    
  0.414500028      0.152981848    
  0.415000021      0.152981848    
  0.415500015      0.152981848    
  0.416000009      0.152117550    
  0.416500032      0.152117550    
  0.417000026      0.152117550    
  0.417500019      0.152117550    
  0.418000013      0.152117550    
  0.418500006      0.152117550    
  0.419000030      0.152117550    
  0.419500023      0.152117550    
  0.420000017      0.150388941    
  0.420500010      0.150388941    
  0.421000034      0.149524629    
  0.421500027      0.148660332    
  0.422000021      0.148660332    
  0.422500014      0.148660332    
  0.423000008      0.147796020    
  0.423500031      0.146931723    
  0.424000025      0.146931723    
  0.424500018      0.146931723    
  0.425000012      0.146931723    
  0.425500005      0.146931723    
  0.426000029      0.146931723    
  0.426500022      0.146931723    
  0.427000016      0.146931723    
  0.427500010      0.146931723    
  0.428000033      0.146931723    
  0.428500026      0.146931723    
  0.429000020      0.146067411    
  0.429500014      0.145203114    
  0.430000007      0.144338802    
  0.430500031      0.144338802    
  0.431000024      0.144338802    
  0.431500018      0.144338802    
  0.432000011      0.144338802    
  0.432500035      0.144338802    
  0.433000028      0.144338802    
  0.433500022      0.144338802    
  0.434000015      0.143474504    
  0.434500009      0.143474504    
  0.435000032      0.143474504    
  0.435500026      0.143474504    
  0.436000019      0.142610192    
  0.436500013      0.141745895    
  0.437000006      0.140017286    
  0.437500030      0.140017286    
  0.438000023      0.139152989    
  0.438500017      0.139152989    
  0.439000010      0.138288677    
  0.439500034      0.138288677    
  0.440000027      0.138288677    
  0.440500021      0.137424380    
  0.441000015      0.137424380    
  0.441500008      0.137424380    
  0.442000031      0.137424380    
  0.442500025      0.137424380    
  0.443000019      0.137424380    
  0.443500012      0.137424380    
  0.444000036      0.137424380    
  0.444500029      0.137424380    
  0.445000023      0.136560068    
  0.445500016      0.136560068    
  0.446000010      0.136560068    
  0.446500033      0.136560068    
  0.447000027      0.136560068    
  0.447500020      0.136560068    
  0.448000014      0.136560068    
  0.448500007      0.136560068    
  0.449000031      0.136560068    
  0.449500024      0.136560068    
  0.450000018      0.136560068    
  0.450500011      0.136560068    
  0.451000035      0.136560068    
  0.451500028      0.136560068    
  0.452000022      0.136560068    
  0.452500015      0.136560068    
  0.453000009      0.135695770    
  0.453500032      0.135695770    
  0.454000026      0.135695770    
  0.454500020      0.135695770    
  0.455000013      0.135695770    
  0.455500036      0.135695770    
  0.456000030      0.135695770    
  0.456500024      0.135695770    
  0.457000017      0.135695770    
  0.457500011      0.135695770    
  0.458000034      0.133967161    
  0.458500028      0.133967161    
  0.459000021      0.133967161    
  0.459500015      0.133967161    
  0.460000008      0.133967161    
  0.460500032      0.133967161    
  0.461000025      0.133967161    
  0.461500019      0.133102849    
  0.462000012      0.132238552    
  0.462500036      0.132238552    
  0.463000029      0.131374240    
  0.463500023      0.131374240    
  0.464000016      0.131374240    
  0.464500010      0.131374240    
  0.465000033      0.131374240    
  0.465500027      0.131374240    
  0.466000021      0.130509943    
  0.466500014      0.130509943    
  0.467000008      0.130509943    
  0.467500031      0.130509943    
  0.468000025      0.129645631    
  0.468500018      0.129645631    
  0.469000012      0.129645631    
  0.469500035      0.129645631    
  0.470000029      0.129645631    
  0.470500022      0.129645631    
  0.471000016      0.128781334    
  0.471500009      0.128781334    
  0.472000033      0.128781334    
  0.472500026      0.128781334    
  0.473000020      0.128781334    
  0.473500013      0.128781334    
  0.474000037      0.128781334    
  0.474500030      0.128781334    
  0.475000024      0.127917022    
  0.475500017      0.127052724    
  0.476000011      0.127052724    
  0.476500034      0.127052724    
  0.477000028      0.127052724    
  0.477500021      0.126188412    
  0.478000015      0.126188412    
  0.478500009      0.126188412    
  0.479000032      0.125324115    
  0.479500026      0.125324115    
  0.480000019      0.125324115    
  0.480500013      0.124459811    
  0.481000036      0.124459811    
  0.481500030      0.124459811    
  0.482000023      0.123595506    
  0.482500017      0.123595506    
  0.483000010      0.123595506    
  0.483500034      0.123595506    
  0.484000027      0.123595506    
  0.484500021      0.123595506    
  0.485000014      0.123595506    
  0.485500038      0.123595506    
  0.486000031      0.123595506    
  0.486500025      0.123595506    
  0.487000018      0.123595506    
  0.487500012      0.123595506    
  0.488000035      0.123595506    
  0.488500029      0.123595506    
  0.489000022      0.123595506    
  0.489500016      0.123595506    
  0.490000010      0.123595506    
  0.490500033      0.123595506    
  0.491000026      0.123595506    
  0.491500020      0.123595506    
  0.492000014      0.122731201    
  0.492500037      0.122731201    
  0.493000031      0.122731201    
  0.493500024      0.122731201    
  0.494000018      0.122731201    
  0.494500011      0.122731201    
  0.495000035      0.122731201    
  0.495500028      0.122731201    
  0.496000022      0.122731201    
  0.496500015      0.121866897    
  0.497000009      0.121866897    
  0.497500032      0.121866897    
  0.498000026      0.121866897    
  0.498500019      0.121866897    
  0.499000013      0.121866897    
  0.499500036      0.121866897    
  0.500000000      0.121866897    
  0.500500023      0.121866897    
  0.501000047      0.121866897    
  0.501500010      0.121002592    
  0.502000034      0.120138288    
  0.502499998      0.120138288    
  0.503000021      0.118409678    
  0.503500044      0.117545374    
  0.504000008      0.117545374    
  0.504500031      0.117545374    
  0.504999995      0.117545374    
  0.505500019      0.117545374    
  0.506000042      0.117545374    
  0.506500006      0.117545374    
  0.507000029      0.117545374    
  0.507500052      0.117545374    
  0.508000016      0.117545374    
  0.508500040      0.117545374    
  0.509000003      0.117545374    
  0.509500027      0.117545374    
  0.510000050      0.117545374    
  0.510500014      0.116681069    
  0.511000037      0.116681069    
  0.511500001      0.115816765    
  0.512000024      0.115816765    
  0.512500048      0.115816765    
  0.513000011      0.115816765    
  0.513500035      0.115816765    
  0.513999999      0.115816765    
  0.514500022      0.115816765    
  0.515000045      0.115816765    
  0.515500009      0.115816765    
  0.516000032      0.115816765    
  0.516499996      0.115816765    
  0.517000020      0.114952460    
  0.517500043      0.114088155    
  0.518000007      0.114088155    
  0.518500030      0.113223858    
  0.519000053      0.113223858    
  0.519500017      0.113223858    
  0.520000041      0.113223858    
  0.520500004      0.113223858    
  0.521000028      0.113223858    
  0.521500051      0.113223858    
  0.522000015      0.113223858    
  0.522500038      0.112359554    
  0.523000002      0.111495249    
  0.523500025      0.111495249    
  0.524000049      0.111495249    
  0.524500012      0.111495249    
  0.525000036      0.111495249    
  0.525500000      0.111495249    
  0.526000023      0.111495249    
  0.526500046      0.111495249    
  0.527000010      0.111495249    
  0.527500033      0.111495249    
  0.527999997      0.111495249    
  0.528500021      0.111495249    
  0.529000044      0.111495249    
  0.529500008      0.111495249    
  0.530000031      0.111495249    
  0.530500054      0.111495249    
  0.531000018      0.111495249    
  0.531500041      0.111495249    
  0.532000005      0.111495249    
  0.532500029      0.111495249    
  0.533000052      0.111495249    
  0.533500016      0.111495249    
  0.534000039      0.111495249    
  0.534500003      0.111495249    
  0.535000026      0.111495249    
  0.535500050      0.111495249    
  0.536000013      0.111495249    
  0.536500037      0.111495249    
  0.537000000      0.111495249    
  0.537500024      0.111495249    
  0.538000047      0.111495249    
  0.538500011      0.111495249    
  0.539000034      0.111495249    
  0.539499998      0.111495249    
  0.540000021      0.111495249    
  0.540500045      0.111495249    
  0.541000009      0.111495249    
  0.541500032      0.111495249    
  0.542000055      0.111495249    
  0.542500019      0.110630944    
  0.543000042      0.110630944    
  0.543500006      0.110630944    
  0.544000030      0.110630944    
  0.544500053      0.110630944    
  0.545000017      0.110630944    
  0.545500040      0.110630944    
  0.546000004      0.110630944    
  0.546500027      0.109766640    
  0.547000051      0.109766640    
  0.547500014      0.109766640    
  0.548000038      0.109766640    
  0.548500001      0.109766640    
  0.549000025      0.109766640    
  0.549500048      0.109766640    
  0.550000012      0.109766640    
  0.550500035      0.109766640    
  0.550999999      0.109766640    
  0.551500022      0.109766640    
  0.552000046      0.109766640    
  0.552500010      0.108902335    
  0.553000033      0.108902335    
  0.553499997      0.108902335    
  0.554000020      0.108902335    
  0.554500043      0.108902335    
  0.555000007      0.108902335    
  0.555500031      0.108902335    
  0.556000054      0.108902335    
  0.556500018      0.108902335    
  0.557000041      0.108038031    
  0.557500005      0.108038031    
  0.558000028      0.108038031    
  0.558500051      0.108038031    
  0.559000015      0.107173726    
  0.559500039      0.106309421    
  0.560000002      0.106309421    
  0.560500026      0.106309421    
  0.561000049      0.106309421    
  0.561500013      0.105445117    
  0.562000036      0.105445117    
  0.562500000      0.105445117    
  0.563000023      0.105445117    
  0.563500047      0.104580812    
  0.564000010      0.104580812    
  0.564500034      0.104580812    
  0.564999998      0.104580812    
  0.565500021      0.104580812    
  0.566000044      0.103716508    
  0.566500008      0.103716508    
  0.567000031      0.103716508    
  0.567500055      0.103716508    
  0.568000019      0.103716508    
  0.568500042      0.103716508    
  0.569000006      0.103716508    
  0.569500029      0.103716508    
  0.570000052      0.103716508    
  0.570500016      0.103716508    
  0.571000040      0.103716508    
  0.571500003      0.103716508    
  0.572000027      0.103716508    
  0.572500050      0.103716508    
  0.573000014      0.103716508    
  0.573500037      0.103716508    
  0.574000001      0.103716508    
  0.574500024      0.103716508    
  0.575000048      0.103716508    
  0.575500011      0.103716508    
  0.576000035      0.103716508    
  0.576499999      0.103716508    
  0.577000022      0.103716508    
  0.577500045      0.103716508    
  0.578000009      0.103716508    
  0.578500032      0.103716508    
  0.579000056      0.103716508    
  0.579500020      0.103716508    
  0.580000043      0.103716508    
  0.580500007      0.103716508    
  0.581000030      0.103716508    
  0.581500053      0.103716508    
  0.582000017      0.103716508    
  0.582500041      0.103716508    
  0.583000004      0.103716508    
  0.583500028      0.103716508    
  0.584000051      0.103716508    
  0.584500015      0.103716508    
  0.585000038      0.103716508    
  0.585500002      0.103716508    
  0.586000025      0.103716508    
  0.586500049      0.102852203    
  0.587000012      0.102852203    
  0.587500036      0.102852203    
  0.588000000      0.102852203    
  0.588500023      0.102852203    
  0.589000046      0.102852203    
  0.589500010      0.102852203    
  0.590000033      0.102852203    
  0.590500057      0.102852203    
  0.591000021      0.102852203    
  0.591500044      0.102852203    
  0.592000008      0.102852203    
  0.592500031      0.102852203    
  0.593000054      0.102852203    
  0.593500018      0.101987898    
  0.594000041      0.101987898    
  0.594500005      0.101987898    
  0.595000029      0.101987898    
  0.595500052      0.101987898    
  0.596000016      0.101987898    
  0.596500039      0.101987898    
  0.597000003      0.101987898    
  0.597500026      0.101987898    
  0.598000050      0.101987898    
  0.598500013      0.101987898    
  0.599000037      0.101123594    
  0.599500000      0.101123594    
  0.600000024      0.101123594    
  0.600500047      0.101123594    
  0.601000011      0.101123594    
  0.601500034      0.101123594    
  0.602000058      0.101123594    
  0.602500021      0.101123594    
  0.603000045      0.100259289    
  0.603500009      0.100259289    
  0.604000032      0.100259289    
  0.604500055      0.100259289    
  0.605000019      0.100259289    
  0.605500042      0.100259289    
  0.606000006      0.100259289    
  0.606500030      0.100259289    
  0.607000053      0.100259289    
  0.607500017      0.100259289    
  0.608000040      0.100259289    
  0.608500004      0.100259289    
  0.609000027       9.93949845E-02
  0.609500051       9.93949845E-02
  0.610000014       9.93949845E-02
  0.610500038       9.93949845E-02
  0.611000001       9.85306799E-02
  0.611500025       9.76663753E-02
  0.612000048       9.76663753E-02
  0.612500012       9.76663753E-02
  0.613000035       9.76663753E-02
  0.613500059       9.68020707E-02
  0.614000022       9.68020707E-02
  0.614500046       9.59377736E-02
  0.615000010       9.59377736E-02
  0.615500033       9.59377736E-02
  0.616000056       9.59377736E-02
  0.616500020       9.59377736E-02
  0.617000043       9.59377736E-02
  0.617500007       9.59377736E-02
  0.618000031       9.59377736E-02
  0.618500054       9.59377736E-02
  0.619000018       9.59377736E-02
  0.619500041       9.59377736E-02
  0.620000005       9.59377736E-02
  0.620500028       9.59377736E-02
  0.621000051       9.59377736E-02
  0.621500015       9.59377736E-02
  0.622000039       9.59377736E-02
  0.622500002       9.59377736E-02
  0.623000026       9.59377736E-02
  0.623500049       9.59377736E-02
  0.624000013       9.59377736E-02
  0.624500036       9.59377736E-02
  0.625000000       9.59377736E-02
  0.625500023       9.50734690E-02
  0.626000047       9.50734690E-02
  0.626500010       9.50734690E-02
  0.627000034       9.50734690E-02
  0.627500057       9.42091644E-02
  0.628000021       9.42091644E-02
  0.628500044       9.33448598E-02
  0.629000008       9.33448598E-02
  0.629500031       9.33448598E-02
  0.630000055       9.33448598E-02
  0.630500019       9.33448598E-02
  0.631000042       9.33448598E-02
  0.631500006       9.33448598E-02
  0.632000029       9.33448598E-02
  0.632500052       9.33448598E-02
  0.633000016       9.33448598E-02
  0.633500040       9.33448598E-02
  0.634000003       9.33448598E-02
  0.634500027       9.33448598E-02
  0.635000050       9.33448598E-02
  0.635500014       9.33448598E-02
  0.636000037       9.33448598E-02
  0.636500001       9.33448598E-02
  0.637000024       9.33448598E-02
  0.637500048       9.33448598E-02
  0.638000011       9.33448598E-02
  0.638500035       9.33448598E-02
  0.639000058       9.33448598E-02
  0.639500022       9.33448598E-02
  0.640000045       9.33448598E-02
  0.640500009       9.33448598E-02
  0.641000032       9.33448598E-02
  0.641500056       9.33448598E-02
  0.642000020       9.33448598E-02
  0.642500043       9.33448598E-02
  0.643000007       9.33448598E-02
  0.643500030       9.33448598E-02
  0.644000053       9.33448598E-02
  0.644500017       9.33448598E-02
  0.645000041       9.33448598E-02
  0.645500004       9.33448598E-02
  0.646000028       9.33448598E-02
  0.646500051       9.33448598E-02
  0.647000015       9.33448598E-02
  0.647500038       9.33448598E-02
  0.648000002       9.33448598E-02
  0.648500025       9.33448598E-02
  0.649000049       9.33448598E-02
  0.649500012       9.33448598E-02
  0.650000036       9.33448598E-02
  0.650500059       9.33448598E-02
  0.651000023       9.33448598E-02
  0.651500046       9.33448598E-02
  0.652000010       9.24805552E-02
  0.652500033       9.24805552E-02
  0.653000057       9.24805552E-02
  0.653500021       9.24805552E-02
  0.654000044       9.24805552E-02
  0.654500008       9.24805552E-02
  0.655000031       9.24805552E-02
  0.655500054       9.24805552E-02
  0.656000018       9.24805552E-02
  0.656500041       9.24805552E-02
  0.657000005       9.16162506E-02
  0.657500029       9.16162506E-02
  0.658000052       9.16162506E-02
  0.658500016       9.16162506E-02
  0.659000039       9.16162506E-02
  0.659500003       9.16162506E-02
  0.660000026       9.16162506E-02
  0.660500050       9.16162506E-02
  0.661000013       9.16162506E-02
  0.661500037       9.16162506E-02
  0.662000060       9.16162506E-02
  0.662500024       9.07519460E-02
  0.663000047       9.07519460E-02
  0.663500011       9.07519460E-02
  0.664000034       9.07519460E-02
  0.664500058       9.07519460E-02
  0.665000021       8.98876414E-02
  0.665500045       8.98876414E-02
  0.666000009       8.98876414E-02
  0.666500032       8.98876414E-02
  0.667000055       8.98876414E-02
  0.667500019       8.98876414E-02
  0.668000042       8.98876414E-02
  0.668500006       8.98876414E-02
  0.669000030       8.98876414E-02
  0.669500053       8.98876414E-02
  0.670000017       8.98876414E-02
  0.670500040       8.98876414E-02
  0.671000004       8.98876414E-02
  0.671500027       8.98876414E-02
  0.672000051       8.98876414E-02
  0.672500014       8.98876414E-02
  0.673000038       8.98876414E-02
  0.673500061       8.98876414E-02
  0.674000025       8.90233368E-02
  0.674500048       8.90233368E-02
  0.675000012       8.90233368E-02
  0.675500035       8.90233368E-02
  0.676000059       8.81590322E-02
  0.676500022       8.81590322E-02
  0.677000046       8.81590322E-02
  0.677500010       8.81590322E-02
  0.678000033       8.81590322E-02
  0.678500056       8.81590322E-02
  0.679000020       8.81590322E-02
  0.679500043       8.81590322E-02
  0.680000007       8.81590322E-02
  0.680500031       8.81590322E-02
  0.681000054       8.81590322E-02
  0.681500018       8.81590322E-02
  0.682000041       8.81590322E-02
  0.682500005       8.81590322E-02
  0.683000028       8.72947276E-02
  0.683500051       8.72947276E-02
  0.684000015       8.72947276E-02
  0.684500039       8.72947276E-02
  0.685000062       8.72947276E-02
  0.685500026       8.72947276E-02
  0.686000049       8.72947276E-02
  0.686500013       8.72947276E-02
  0.687000036       8.72947276E-02
  0.687500060       8.72947276E-02
  0.688000023       8.72947276E-02
  0.688500047       8.64304230E-02
  0.689000010       8.64304230E-02
  0.689500034       8.64304230E-02
  0.690000057       8.64304230E-02
  0.690500021       8.64304230E-02
  0.691000044       8.64304230E-02
  0.691500008       8.64304230E-02
  0.692000031       8.64304230E-02
  0.692500055       8.64304230E-02
  0.693000019       8.64304230E-02
  0.693500042       8.64304230E-02
  0.694000006       8.64304230E-02
  0.694500029       8.55661184E-02
  0.695000052       8.55661184E-02
  0.695500016       8.55661184E-02
  0.696000040       8.55661184E-02
  0.696500003       8.55661184E-02
  0.697000027       8.55661184E-02
  0.697500050       8.55661184E-02
  0.698000014       8.55661184E-02
  0.698500037       8.55661184E-02
  0.699000061       8.55661184E-02
  0.699500024       8.47018138E-02
  0.700000048       8.47018138E-02
  0.700500011       8.47018138E-02
  0.701000035       8.47018138E-02
  0.701500058       8.47018138E-02
  0.702000022       8.47018138E-02
  0.702500045       8.47018138E-02
  0.703000009       8.47018138E-02
  0.703500032       8.47018138E-02
  0.704000056       8.38375092E-02
  0.704500020       8.38375092E-02
  0.705000043       8.38375092E-02
  0.705500007       8.38375092E-02
  0.706000030       8.38375092E-02
  0.706500053       8.38375092E-02
  0.707000017       8.38375092E-02
  0.707500041       8.38375092E-02
  0.708000004       8.38375092E-02
  0.708500028       8.38375092E-02
  0.709000051       8.38375092E-02
  0.709500015       8.38375092E-02
  0.710000038       8.38375092E-02
  0.710500062       8.38375092E-02
  0.711000025       8.38375092E-02
  0.711500049       8.38375092E-02
  0.712000012       8.38375092E-02
  0.712500036       8.38375092E-02
  0.713000059       8.38375092E-02
  0.713500023       8.38375092E-02
  0.714000046       8.38375092E-02
  0.714500010       8.38375092E-02
  0.715000033       8.38375092E-02
  0.715500057       8.38375092E-02
  0.716000021       8.38375092E-02
  0.716500044       8.29732046E-02
  0.717000008       8.29732046E-02
  0.717500031       8.29732046E-02
  0.718000054       8.29732046E-02
  0.718500018       8.29732046E-02
  0.719000041       8.29732046E-02
  0.719500005       8.29732046E-02
  0.720000029       8.29732046E-02
  0.720500052       8.29732046E-02
  0.721000016       8.29732046E-02
  0.721500039       8.29732046E-02
  0.722000062       8.29732046E-02
  0.722500026       8.29732046E-02
  0.723000050       8.29732046E-02
  0.723500013       8.29732046E-02
  0.724000037       8.29732046E-02
  0.724500060       8.29732046E-02
  0.725000024       8.29732046E-02
  0.725500047       8.29732046E-02
  0.726000011       8.29732046E-02
  0.726500034       8.29732046E-02
  0.727000058       8.29732046E-02
  0.727500021       8.21089000E-02
  0.728000045       8.21089000E-02
  0.728500009       8.21089000E-02
  0.729000032       8.21089000E-02
  0.729500055       8.21089000E-02
  0.730000019       8.21089000E-02
  0.730500042       8.21089000E-02
  0.731000006       8.12445953E-02
  0.731500030       8.12445953E-02
  0.732000053       8.12445953E-02
  0.732500017       8.12445953E-02
  0.733000040       8.12445953E-02
  0.733500063       8.12445953E-02
  0.734000027       8.03802907E-02
  0.734500051       8.03802907E-02
  0.735000014       8.03802907E-02
  0.735500038       8.03802907E-02
  0.736000061       8.03802907E-02
  0.736500025       8.03802907E-02
  0.737000048       8.03802907E-02
  0.737500012       8.03802907E-02
  0.738000035       8.03802907E-02
  0.738500059       8.03802907E-02
  0.739000022       8.03802907E-02
  0.739500046       8.03802907E-02
  0.740000010       8.03802907E-02
  0.740500033       8.03802907E-02
  0.741000056       8.03802907E-02
  0.741500020       8.03802907E-02
  0.742000043       8.03802907E-02
  0.742500007       8.03802907E-02
  0.743000031       8.03802907E-02
  0.743500054       8.03802907E-02
  0.744000018       8.03802907E-02
  0.744500041       8.03802907E-02
  0.745000064       8.03802907E-02
  0.745500028       8.03802907E-02
  0.746000051       8.03802907E-02
  0.746500015       8.03802907E-02
  0.747000039       8.03802907E-02
  0.747500062       8.03802907E-02
  0.748000026       7.95159861E-02
  0.748500049       7.95159861E-02
  0.749000013       7.95159861E-02
  0.749500036       7.95159861E-02
  0.750000060       7.95159861E-02
  0.750500023       7.95159861E-02
  0.751000047       7.95159861E-02
  0.751500010       7.95159861E-02
  0.752000034       7.95159861E-02
  0.752500057       7.95159861E-02
  0.753000021       7.95159861E-02
  0.753500044       7.95159861E-02
  0.754000008       7.95159861E-02
  0.754500031       7.86516890E-02
  0.755000055       7.86516890E-02
  0.755500019       7.86516890E-02
  0.756000042       7.86516890E-02
  0.756500065       7.86516890E-02
  0.757000029       7.86516890E-02
  0.757500052       7.86516890E-02
  0.758000016       7.86516890E-02
  0.758500040       7.86516890E-02
  0.759000063       7.77873844E-02
  0.759500027       7.69230798E-02
  0.760000050       7.69230798E-02
  0.760500014       7.69230798E-02
  0.761000037       7.69230798E-02
  0.761500061       7.69230798E-02
  0.762000024       7.69230798E-02
  0.762500048       7.69230798E-02
  0.763000011       7.69230798E-02
  0.763500035       7.69230798E-02
  0.764000058       7.60587752E-02
  0.764500022       7.60587752E-02
  0.765000045       7.51944706E-02
  0.765500009       7.51944706E-02
  0.766000032       7.51944706E-02
  0.766500056       7.51944706E-02
  0.767000020       7.51944706E-02
  0.767500043       7.51944706E-02
  0.768000007       7.51944706E-02
  0.768500030       7.51944706E-02
  0.769000053       7.51944706E-02
  0.769500017       7.51944706E-02
  0.770000041       7.51944706E-02
  0.770500064       7.43301660E-02
  0.771000028       7.43301660E-02
  0.771500051       7.43301660E-02
  0.772000015       7.43301660E-02
  0.772500038       7.43301660E-02
  0.773000062       7.43301660E-02
  0.773500025       7.43301660E-02
  0.774000049       7.43301660E-02
  0.774500012       7.43301660E-02
  0.775000036       7.43301660E-02
  0.775500059       7.43301660E-02
  0.776000023       7.43301660E-02
  0.776500046       7.43301660E-02
  0.777000010       7.43301660E-02
  0.777500033       7.43301660E-02
  0.778000057       7.34658614E-02
  0.778500021       7.34658614E-02
  0.779000044       7.34658614E-02
  0.779500008       7.34658614E-02
  0.780000031       7.34658614E-02
  0.780500054       7.34658614E-02
  0.781000018       7.34658614E-02
  0.781500041       7.34658614E-02
  0.782000065       7.34658614E-02
  0.782500029       7.26015568E-02
  0.783000052       7.26015568E-02
  0.783500016       7.26015568E-02
  0.784000039       7.26015568E-02
  0.784500062       7.26015568E-02
  0.785000026       7.26015568E-02
  0.785500050       7.26015568E-02
  0.786000013       7.26015568E-02
  0.786500037       7.26015568E-02
  0.787000060       7.26015568E-02
  0.787500024       7.26015568E-02
  0.788000047       7.26015568E-02
  0.788500011       7.26015568E-02
  0.789000034       7.26015568E-02
  0.789500058       7.26015568E-02
  0.790000021       7.26015568E-02
  0.790500045       7.26015568E-02
  0.791000009       7.26015568E-02
  0.791500032       7.26015568E-02
  0.792000055       7.26015568E-02
  0.792500019       7.26015568E-02
  0.793000042       7.26015568E-02
  0.793500066       7.26015568E-02
  0.794000030       7.17372522E-02
  0.794500053       7.17372522E-02
  0.795000017       7.17372522E-02
  0.795500040       7.17372522E-02
  0.796000063       7.08729476E-02
  0.796500027       7.08729476E-02
  0.797000051       7.08729476E-02
  0.797500014       7.08729476E-02
  0.798000038       7.08729476E-02
  0.798500061       7.08729476E-02
  0.799000025       7.08729476E-02
  0.799500048       7.08729476E-02
  0.800000012       7.08729476E-02
  0.800500035       7.08729476E-02
  0.801000059       7.08729476E-02
  0.801500022       7.08729476E-02
  0.802000046       7.08729476E-02
  0.802500010       7.08729476E-02
  0.803000033       7.08729476E-02
  0.803500056       7.08729476E-02
  0.804000020       7.08729476E-02
  0.804500043       7.08729476E-02
  0.805000067       7.08729476E-02
  0.805500031       7.08729476E-02
  0.806000054       7.08729476E-02
  0.806500018       7.08729476E-02
  0.807000041       7.08729476E-02
  0.807500064       7.08729476E-02
  0.808000028       7.08729476E-02
  0.808500051       7.08729476E-02
  0.809000015       7.08729476E-02
  0.809500039       7.08729476E-02
  0.810000062       7.08729476E-02
  0.810500026       7.08729476E-02
  0.811000049       7.00086430E-02
  0.811500013       7.00086430E-02
  0.812000036       7.00086430E-02
  0.812500060       7.00086430E-02
  0.813000023       6.91443384E-02
  0.813500047       6.91443384E-02
  0.814000010       6.91443384E-02
  0.814500034       6.91443384E-02
  0.815000057       6.91443384E-02
  0.815500021       6.91443384E-02
  0.816000044       6.82800338E-02
  0.816500068       6.82800338E-02
  0.817000031       6.82800338E-02
  0.817500055       6.82800338E-02
  0.818000019       6.82800338E-02
  0.818500042       6.74157292E-02
  0.819000065       6.74157292E-02
  0.819500029       6.74157292E-02
  0.820000052       6.65514246E-02
  0.820500016       6.65514246E-02
  0.821000040       6.65514246E-02
  0.821500063       6.65514246E-02
  0.822000027       6.65514246E-02
  0.822500050       6.65514246E-02
  0.823000014       6.65514246E-02
  0.823500037       6.56871200E-02
  0.824000061       6.56871200E-02
  0.824500024       6.56871200E-02
  0.825000048       6.56871200E-02
  0.825500011       6.56871200E-02
  0.826000035       6.56871200E-02
  0.826500058       6.56871200E-02
  0.827000022       6.48228154E-02
  0.827500045       6.48228154E-02
  0.828000069       6.48228154E-02
  0.828500032       6.48228154E-02
  0.829000056       6.48228154E-02
  0.829500020       6.48228154E-02
  0.830000043       6.48228154E-02
  0.830500066       6.48228154E-02
  0.831000030       6.48228154E-02
  0.831500053       6.48228154E-02
  0.832000017       6.48228154E-02
  0.832500041       6.48228154E-02
  0.833000064       6.48228154E-02
  0.833500028       6.48228154E-02
  0.834000051       6.48228154E-02
  0.834500015       6.48228154E-02
  0.835000038       6.48228154E-02
  0.835500062       6.48228154E-02
  0.836000025       6.48228154E-02
  0.836500049       6.48228154E-02
  0.837000012       6.48228154E-02
  0.837500036       6.48228154E-02
  0.838000059       6.48228154E-02
  0.838500023       6.48228154E-02
  0.839000046       6.48228154E-02
  0.839500070       6.48228154E-02
  0.840000033       6.48228154E-02
  0.840500057       6.48228154E-02
  0.841000021       6.48228154E-02
  0.841500044       6.48228154E-02
  0.842000067       6.48228154E-02
  0.842500031       6.48228154E-02
  0.843000054       6.48228154E-02
  0.843500018       6.39585108E-02
  0.844000041       6.39585108E-02
  0.844500065       6.39585108E-02
  0.845000029       6.39585108E-02
  0.845500052       6.39585108E-02
  0.846000016       6.39585108E-02
  0.846500039       6.39585108E-02
  0.847000062       6.39585108E-02
  0.847500026       6.39585108E-02
  0.848000050       6.39585108E-02
  0.848500013       6.39585108E-02
  0.849000037       6.39585108E-02
  0.849500060       6.39585108E-02
  0.850000024       6.39585108E-02
  0.850500047       6.39585108E-02
  0.851000011       6.39585108E-02
  0.851500034       6.39585108E-02
  0.852000058       6.39585108E-02
  0.852500021       6.39585108E-02
  0.853000045       6.39585108E-02
  0.853500068       6.39585108E-02
  0.854000032       6.39585108E-02
  0.854500055       6.39585108E-02
  0.855000019       6.39585108E-02
  0.855500042       6.39585108E-02
  0.856000066       6.39585108E-02
  0.856500030       6.39585108E-02
  0.857000053       6.39585108E-02
  0.857500017       6.39585108E-02
  0.858000040       6.39585108E-02
  0.858500063       6.39585108E-02
  0.859000027       6.39585108E-02
  0.859500051       6.39585108E-02
  0.860000014       6.39585108E-02
  0.860500038       6.39585108E-02
  0.861000061       6.39585108E-02
  0.861500025       6.39585108E-02
  0.862000048       6.39585108E-02
  0.862500012       6.39585108E-02
  0.863000035       6.39585108E-02
  0.863500059       6.39585108E-02
  0.864000022       6.39585108E-02
  0.864500046       6.39585108E-02
  0.865000069       6.39585108E-02
  0.865500033       6.39585108E-02
  0.866000056       6.39585108E-02
  0.866500020       6.39585108E-02
  0.867000043       6.39585108E-02
  0.867500067       6.39585108E-02
  0.868000031       6.39585108E-02
  0.868500054       6.39585108E-02
  0.869000018       6.39585108E-02
  0.869500041       6.39585108E-02
  0.870000064       6.39585108E-02
  0.870500028       6.39585108E-02
  0.871000051       6.39585108E-02
  0.871500015       6.30942062E-02
  0.872000039       6.30942062E-02
  0.872500062       6.30942062E-02
  0.873000026       6.30942062E-02
  0.873500049       6.30942062E-02
  0.874000013       6.30942062E-02
  0.874500036       6.30942062E-02
  0.875000060       6.30942062E-02
  0.875500023       6.30942062E-02
  0.876000047       6.30942062E-02
  0.876500070       6.30942062E-02
  0.877000034       6.30942062E-02
  0.877500057       6.30942062E-02
  0.878000021       6.30942062E-02
  0.878500044       6.30942062E-02
  0.879000068       6.30942062E-02
  0.879500031       6.30942062E-02
  0.880000055       6.30942062E-02
  0.880500019       6.22299053E-02
  0.881000042       6.22299053E-02
  0.881500065       6.22299053E-02
  0.882000029       6.22299053E-02
  0.882500052       6.22299053E-02
  0.883000016       6.22299053E-02
  0.883500040       6.22299053E-02
  0.884000063       6.22299053E-02
  0.884500027       6.22299053E-02
  0.885000050       6.22299053E-02
  0.885500014       6.22299053E-02
  0.886000037       6.22299053E-02
  0.886500061       6.22299053E-02
  0.887000024       6.22299053E-02
  0.887500048       6.13656007E-02
  0.888000071       6.13656007E-02
  0.888500035       6.13656007E-02
  0.889000058       6.13656007E-02
  0.889500022       6.13656007E-02
  0.890000045       6.13656007E-02
  0.890500069       6.13656007E-02
  0.891000032       6.13656007E-02
  0.891500056       6.13656007E-02
  0.892000020       6.13656007E-02
  0.892500043       6.13656007E-02
  0.893000066       6.13656007E-02
  0.893500030       6.13656007E-02
  0.894000053       6.13656007E-02
  0.894500017       6.13656007E-02
  0.895000041       6.05012961E-02
  0.895500064       6.05012961E-02
  0.896000028       6.05012961E-02
  0.896500051       6.05012961E-02
  0.897000015       6.05012961E-02
  0.897500038       6.05012961E-02
  0.898000062       6.05012961E-02
  0.898500025       6.05012961E-02
  0.899000049       6.05012961E-02
  0.899500072       6.05012961E-02
  0.900000036       6.05012961E-02
  0.900500059       6.05012961E-02
  0.901000023       6.05012961E-02
  0.901500046       6.05012961E-02
  0.902000070       6.05012961E-02
  0.902500033       6.05012961E-02
  0.903000057       6.05012961E-02
  0.903500021       6.05012961E-02
  0.904000044       6.05012961E-02
  0.904500067       6.05012961E-02
  0.905000031       6.05012961E-02
  0.905500054       6.05012961E-02
  0.906000018       6.05012961E-02
  0.906500041       6.05012961E-02
  0.907000065       6.05012961E-02
  0.907500029       5.96369915E-02
  0.908000052       5.96369915E-02
  0.908500016       5.96369915E-02
  0.909000039       5.87726869E-02
  0.909500062       5.87726869E-02
  0.910000026       5.87726869E-02
  0.910500050       5.87726869E-02
  0.911000073       5.87726869E-02
  0.911500037       5.87726869E-02
  0.912000060       5.87726869E-02
  0.912500024       5.87726869E-02
  0.913000047       5.87726869E-02
  0.913500071       5.87726869E-02
  0.914000034       5.87726869E-02
  0.914500058       5.87726869E-02
  0.915000021       5.87726869E-02
  0.915500045       5.87726869E-02
  0.916000068       5.87726869E-02
  0.916500032       5.87726869E-02
  0.917000055       5.87726869E-02
  0.917500019       5.87726869E-02
  0.918000042       5.87726869E-02
  0.918500066       5.87726869E-02
  0.919000030       5.87726869E-02
  0.919500053       5.87726869E-02
  0.920000017       5.87726869E-02
  0.920500040       5.87726869E-02
  0.921000063       5.87726869E-02
  0.921500027       5.87726869E-02
  0.922000051       5.87726869E-02
  0.922500014       5.87726869E-02
  0.923000038       5.87726869E-02
  0.923500061       5.87726869E-02
  0.924000025       5.87726869E-02
  0.924500048       5.87726869E-02
  0.925000072       5.87726869E-02
  0.925500035       5.87726869E-02
  0.926000059       5.87726869E-02
  0.926500022       5.87726869E-02
  0.927000046       5.87726869E-02
  0.927500069       5.87726869E-02
  0.928000033       5.87726869E-02
  0.928500056       5.87726869E-02
  0.929000020       5.87726869E-02
  0.929500043       5.87726869E-02
  0.930000067       5.87726869E-02
  0.930500031       5.87726869E-02
  0.931000054       5.87726869E-02
  0.931500018       5.87726869E-02
  0.932000041       5.87726869E-02
  0.932500064       5.87726869E-02
  0.933000028       5.87726869E-02
  0.933500051       5.87726869E-02
  0.934000015       5.87726869E-02
  0.934500039       5.87726869E-02
  0.935000062       5.87726869E-02
  0.935500026       5.87726869E-02
  0.936000049       5.87726869E-02
  0.936500072       5.87726869E-02
  0.937000036       5.79083823E-02
  0.937500060       5.79083823E-02
  0.938000023       5.79083823E-02
  0.938500047       5.79083823E-02
  0.939000070       5.79083823E-02
  0.939500034       5.70440777E-02
  0.940000057       5.70440777E-02
  0.940500021       5.70440777E-02
  0.941000044       5.70440777E-02
  0.941500068       5.70440777E-02
  0.942000031       5.70440777E-02
  0.942500055       5.70440777E-02
  0.943000019       5.70440777E-02
  0.943500042       5.70440777E-02
  0.944000065       5.70440777E-02
  0.944500029       5.70440777E-02
  0.945000052       5.70440777E-02
  0.945500016       5.70440777E-02
  0.946000040       5.70440777E-02
  0.946500063       5.70440777E-02
  0.947000027       5.61797768E-02
  0.947500050       5.61797768E-02
  0.948000073       5.61797768E-02
  0.948500037       5.61797768E-02
  0.949000061       5.61797768E-02
  0.949500024       5.61797768E-02
  0.950000048       5.61797768E-02
  0.950500071       5.61797768E-02
  0.951000035       5.61797768E-02
  0.951500058       5.61797768E-02
  0.952000022       5.61797768E-02
  0.952500045       5.61797768E-02
  0.953000069       5.61797768E-02
  0.953500032       5.53154722E-02
  0.954000056       5.53154722E-02
  0.954500020       5.53154722E-02
  0.955000043       5.53154722E-02
  0.955500066       5.53154722E-02
  0.956000030       5.53154722E-02
  0.956500053       5.53154722E-02
  0.957000017       5.53154722E-02
  0.957500041       5.53154722E-02
  0.958000064       5.44511676E-02
  0.958500028       5.44511676E-02
  0.959000051       5.44511676E-02
  0.959500074       5.44511676E-02
  0.960000038       5.44511676E-02
  0.960500062       5.35868630E-02
  0.961000025       5.35868630E-02
  0.961500049       5.35868630E-02
  0.962000072       5.35868630E-02
  0.962500036       5.35868630E-02
  0.963000059       5.35868630E-02
  0.963500023       5.35868630E-02
  0.964000046       5.35868630E-02
  0.964500070       5.27225584E-02
  0.965000033       5.27225584E-02
  0.965500057       5.18582538E-02
  0.966000021       5.18582538E-02
  0.966500044       5.18582538E-02
  0.967000067       5.18582538E-02
  0.967500031       5.18582538E-02
  0.968000054       5.18582538E-02
  0.968500018       5.18582538E-02
  0.969000041       5.18582538E-02
  0.969500065       5.18582538E-02
  0.970000029       5.18582538E-02
  0.970500052       5.18582538E-02
  0.971000075       5.18582538E-02
  0.971500039       5.18582538E-02
  0.972000062       5.18582538E-02
  0.972500026       5.18582538E-02
  0.973000050       5.18582538E-02
  0.973500073       5.18582538E-02
  0.974000037       5.18582538E-02
  0.974500060       5.18582538E-02
  0.975000024       5.18582538E-02
  0.975500047       5.18582538E-02
  0.976000071       5.18582538E-02
  0.976500034       5.18582538E-02
  0.977000058       5.18582538E-02
  0.977500021       5.18582538E-02
  0.978000045       5.18582538E-02
  0.978500068       5.18582538E-02
  0.979000032       5.18582538E-02
  0.979500055       5.18582538E-02
  0.980000019       5.18582538E-02
  0.980500042       5.18582538E-02
  0.981000066       5.18582538E-02
  0.981500030       5.18582538E-02
  0.982000053       5.18582538E-02
  0.982500076       5.18582538E-02
  0.983000040       5.18582538E-02
  0.983500063       5.18582538E-02
  0.984000027       5.18582538E-02
  0.984500051       5.18582538E-02
  0.985000074       5.18582538E-02
  0.985500038       5.18582538E-02
  0.986000061       5.18582538E-02
  0.986500025       5.18582538E-02
  0.987000048       5.18582538E-02
  0.987500072       5.18582538E-02
  0.988000035       5.18582538E-02
  0.988500059       5.18582538E-02
  0.989000022       5.18582538E-02
  0.989500046       5.18582538E-02
  0.990000069       5.18582538E-02
  0.990500033       5.18582538E-02
  0.991000056       5.18582538E-02
  0.991500020       5.18582538E-02
  0.992000043       5.18582538E-02
  0.992500067       5.18582538E-02
  0.993000031       5.18582538E-02
  0.993500054       5.18582538E-02
  0.994000018       5.18582538E-02
  0.994500041       5.18582538E-02
  0.995000064       5.18582538E-02
  0.995500028       5.18582538E-02
  0.996000051       5.18582538E-02
  0.996500075       5.18582538E-02
  0.997000039       5.18582538E-02
  0.997500062       5.18582538E-02
  0.998000026       5.18582538E-02
  0.998500049       5.18582538E-02
  0.999000072       5.18582538E-02
  0.999500036       5.18582538E-02
