   0.00000000      0.999692023    
   5.00000024E-04  0.999307036    
   1.00000005E-03  0.998922110    
   1.50000001E-03  0.998537123    
   2.00000009E-03  0.998152137    
   2.50000018E-03  0.997767150    
   3.00000003E-03  0.997382224    
   3.50000011E-03  0.996997237    
   4.00000019E-03  0.996612251    
   4.50000027E-03  0.996227264    
   5.00000035E-03  0.995842338    
   5.50000044E-03  0.995457351    
   6.00000005E-03  0.995072365    
   6.50000013E-03  0.994764388    
   7.00000022E-03  0.994456410    
   7.50000030E-03  0.994148433    
   8.00000038E-03  0.993840456    
   8.50000046E-03  0.993532479    
   9.00000054E-03  0.993224502    
   9.50000063E-03  0.992916524    
   1.00000007E-02  0.992608547    
   1.05000008E-02  0.992300570    
   1.10000009E-02  0.991992593    
   1.15000010E-02  0.991684616    
   1.20000001E-02  0.991376638    
   1.25000002E-02  0.991068661    
   1.30000003E-02  0.990760684    
   1.35000004E-02  0.990452707    
   1.40000004E-02  0.990144730    
   1.45000005E-02  0.989836752    
   1.50000006E-02  0.989528775    
   1.55000007E-02  0.989220798    
   1.60000008E-02  0.988912821    
   1.64999999E-02  0.988604844    
   1.70000009E-02  0.988296866    
   1.75000001E-02  0.987988889    
   1.80000011E-02  0.987680912    
   1.85000002E-02  0.987372935    
   1.90000013E-02  0.987064958    
   1.95000004E-02  0.986756980    
   2.00000014E-02  0.986449003    
   2.05000006E-02  0.986141026    
   2.10000016E-02  0.985833049    
   2.15000007E-02  0.985525072    
   2.20000017E-02  0.985217094    
   2.25000009E-02  0.984909117    
   2.30000019E-02  0.984601200    
   2.35000011E-02  0.984293222    
   2.40000002E-02  0.983985245    
   2.45000012E-02  0.983677268    
   2.50000004E-02  0.983369291    
   2.55000014E-02  0.983061314    
   2.60000005E-02  0.982753336    
   2.65000015E-02  0.982445359    
   2.70000007E-02  0.982137382    
   2.75000017E-02  0.981829405    
   2.80000009E-02  0.981521428    
   2.85000019E-02  0.981213450    
   2.90000010E-02  0.980905473    
   2.95000020E-02  0.980597496    
   3.00000012E-02  0.980289519    
   3.05000022E-02  0.979981542    
   3.10000014E-02  0.979673564    
   3.15000005E-02  0.979365587    
   3.20000015E-02  0.979057610    
   3.25000025E-02  0.978749633    
   3.29999998E-02  0.978441656    
   3.35000008E-02  0.978133678    
   3.40000018E-02  0.977825701    
   3.45000029E-02  0.977517724    
   3.50000001E-02  0.977209747    
   3.55000012E-02  0.976901770    
   3.60000022E-02  0.976593792    
   3.65000032E-02  0.976285815    
   3.70000005E-02  0.975977838    
   3.75000015E-02  0.975669861    
   3.80000025E-02  0.975361884    
   3.85000035E-02  0.975053906    
   3.90000008E-02  0.974745929    
   3.95000018E-02  0.974437952    
   4.00000028E-02  0.974129975    
   4.05000001E-02  0.973821998    
   4.10000011E-02  0.973514020    
   4.15000021E-02  0.973206043    
   4.20000032E-02  0.972898066    
   4.25000004E-02  0.972590089    
   4.30000015E-02  0.972282112    
   4.35000025E-02  0.971974134    
   4.40000035E-02  0.971666157    
   4.45000008E-02  0.971358180    
   4.50000018E-02  0.971050203    
   4.55000028E-02  0.970742226    
   4.60000038E-02  0.970434248    
   4.65000011E-02  0.970126271    
   4.70000021E-02  0.969818294    
   4.75000031E-02  0.969510317    
   4.80000004E-02  0.969202340    
   4.85000014E-02  0.968894362    
   4.90000024E-02  0.968586385    
   4.95000035E-02  0.968278408    
   5.00000007E-02  0.967970431    
   5.05000018E-02  0.967662454    
   5.10000028E-02  0.967354476    
   5.15000038E-02  0.967046499    
   5.20000011E-02  0.966738522    
   5.25000021E-02  0.966430545    
   5.30000031E-02  0.966122568    
   5.35000041E-02  0.965814590    
   5.40000014E-02  0.965506613    
   5.45000024E-02  0.965198636    
   5.50000034E-02  0.964890659    
   5.55000044E-02  0.964582682    
   5.60000017E-02  0.964274704    
   5.65000027E-02  0.963966727    
   5.70000038E-02  0.963658750    
   5.75000010E-02  0.963350773    
   5.80000021E-02  0.963042796    
   5.85000031E-02  0.962734818    
   5.90000041E-02  0.962426841    
   5.95000014E-02  0.962118864    
   6.00000024E-02  0.961810887    
   6.05000034E-02  0.961502910    
   6.10000044E-02  0.961194932    
   6.15000017E-02  0.960886955    
   6.20000027E-02  0.960578978    
   6.25000000E-02  0.960271001    
   6.30000010E-02  0.959963024    
   6.35000020E-02  0.959655046    
   6.40000030E-02  0.959347069    
   6.45000041E-02  0.959039092    
   6.50000051E-02  0.958731115    
   6.55000061E-02  0.958423138    
   6.59999996E-02  0.958115160    
   6.65000007E-02  0.957807183    
   6.70000017E-02  0.957499206    
   6.75000027E-02  0.957191229    
   6.80000037E-02  0.956883252    
   6.85000047E-02  0.956575274    
   6.90000057E-02  0.956267297    
   6.95000067E-02  0.955959320    
   7.00000003E-02  0.955651343    
   7.05000013E-02  0.955343366    
   7.10000023E-02  0.955035388    
   7.15000033E-02  0.954727411    
   7.20000044E-02  0.954419494    
   7.25000054E-02  0.954111516    
   7.30000064E-02  0.953803539    
   7.34999999E-02  0.953495562    
   7.40000010E-02  0.953187585    
   7.45000020E-02  0.952879608    
   7.50000030E-02  0.952571630    
   7.55000040E-02  0.952263653    
   7.60000050E-02  0.951955676    
   7.65000060E-02  0.951647699    
   7.70000070E-02  0.951339722    
   7.75000006E-02  0.951031744    
   7.80000016E-02  0.950723767    
   7.85000026E-02  0.950415790    
   7.90000036E-02  0.950107813    
   7.95000046E-02  0.949799836    
   8.00000057E-02  0.949491858    
   8.05000067E-02  0.949183881    
   8.10000002E-02  0.948875904    
   8.15000013E-02  0.948567927    
   8.20000023E-02  0.948259950    
   8.25000033E-02  0.947951972    
   8.30000043E-02  0.947643995    
   8.35000053E-02  0.947336018    
   8.40000063E-02  0.947028041    
   8.45000073E-02  0.946720064    
   8.50000009E-02  0.946412086    
   8.55000019E-02  0.946104109    
   8.60000029E-02  0.945796132    
   8.65000039E-02  0.945488155    
   8.70000049E-02  0.945180178    
   8.75000060E-02  0.944872200    
   8.80000070E-02  0.944564223    
   8.85000005E-02  0.944256246    
   8.90000015E-02  0.943948269    
   8.95000026E-02  0.943640292    
   9.00000036E-02  0.943332314    
   9.05000046E-02  0.943024337    
   9.10000056E-02  0.942716360    
   9.15000066E-02  0.942408383    
   9.20000076E-02  0.942100406    
   9.25000012E-02  0.941792428    
   9.30000022E-02  0.941484451    
   9.35000032E-02  0.941176474    
   9.40000042E-02  0.940868497    
   9.45000052E-02  0.940560520    
   9.50000063E-02  0.940252542    
   9.55000073E-02  0.939944565    
   9.60000008E-02  0.939636588    
   9.65000018E-02  0.939328611    
   9.70000029E-02  0.939020634    
   9.75000039E-02  0.938712656    
   9.80000049E-02  0.938404679    
   9.85000059E-02  0.938096702    
   9.90000069E-02  0.937788725    
   9.95000079E-02  0.937480748    
  0.100000001      0.937172771    
  0.100500003      0.936864793    
  0.101000004      0.936556816    
  0.101500005      0.936248839    
  0.102000006      0.935940862    
  0.102500007      0.935632885    
  0.103000008      0.935324907    
  0.103500009      0.935016930    
  0.104000002      0.934708953    
  0.104500003      0.934400976    
  0.105000004      0.934092999    
  0.105500005      0.933785021    
  0.106000006      0.933477044    
  0.106500007      0.933169067    
  0.107000008      0.932861090    
  0.107500002      0.932553113    
  0.108000003      0.932245135    
  0.108500004      0.931937158    
  0.109000005      0.931629181    
  0.109500006      0.931321204    
  0.110000007      0.931013227    
  0.110500008      0.930705249    
  0.111000009      0.930397272    
  0.111500002      0.930089295    
  0.112000003      0.929781318    
  0.112500004      0.929473341    
  0.113000005      0.929165363    
  0.113500006      0.928857386    
  0.114000008      0.928549409    
  0.114500009      0.928241432    
  0.115000002      0.927933455    
  0.115500003      0.927625477    
  0.116000004      0.927317500    
  0.116500005      0.927009523    
  0.117000006      0.926701546    
  0.117500007      0.926393569    
  0.118000008      0.926085591    
  0.118500009      0.925777614    
  0.119000003      0.925469637    
  0.119500004      0.925161660    
  0.120000005      0.924853683    
  0.120500006      0.924545705    
  0.121000007      0.924237788    
  0.121500008      0.923929811    
  0.122000009      0.923621833    
  0.122500002      0.923313856    
  0.123000003      0.923005879    
  0.123500004      0.922697902    
  0.124000005      0.922389925    
  0.124500006      0.922081947    
  0.125000000      0.921773970    
  0.125500008      0.921465993    
  0.126000002      0.921158016    
  0.126500010      0.920850039    
  0.127000004      0.920542061    
  0.127500013      0.920234084    
  0.128000006      0.919926107    
  0.128500000      0.919618130    
  0.129000008      0.919310153    
  0.129500002      0.919002175    
  0.130000010      0.918694198    
  0.130500004      0.918386221    
  0.131000012      0.918078244    
  0.131500006      0.917770267    
  0.131999999      0.917462289    
  0.132500008      0.917154312    
  0.133000001      0.916846335    
  0.133500010      0.916538358    
  0.134000003      0.916230381    
  0.134500012      0.915922403    
  0.135000005      0.915614426    
  0.135500014      0.915306449    
  0.136000007      0.914998472    
  0.136500001      0.914690495    
  0.137000009      0.914382517    
  0.137500003      0.914074540    
  0.138000011      0.913766563    
  0.138500005      0.913458586    
  0.139000013      0.913150609    
  0.139500007      0.912842631    
  0.140000001      0.912534654    
  0.140500009      0.912226677    
  0.141000003      0.911918700    
  0.141500011      0.911610723    
  0.142000005      0.911302745    
  0.142500013      0.910994768    
  0.143000007      0.910686791    
  0.143500000      0.910378814    
  0.144000009      0.910070837    
  0.144500002      0.909762859    
  0.145000011      0.909454882    
  0.145500004      0.909146905    
  0.146000013      0.908838928    
  0.146500006      0.908530951    
  0.147000000      0.908222973    
  0.147500008      0.907914996    
  0.148000002      0.907607019    
  0.148500010      0.907299042    
  0.149000004      0.906991065    
  0.149500012      0.906683087    
  0.150000006      0.906375110    
  0.150500014      0.906067133    
  0.151000008      0.905759156    
  0.151500002      0.905451179    
  0.152000010      0.905143201    
  0.152500004      0.904835224    
  0.153000012      0.904527247    
  0.153500006      0.904219270    
  0.154000014      0.903911293    
  0.154500008      0.903603315    
  0.155000001      0.903295338    
  0.155500010      0.902987361    
  0.156000003      0.902679384    
  0.156500012      0.902371407    
  0.157000005      0.902063429    
  0.157500014      0.901755452    
  0.158000007      0.901447475    
  0.158500001      0.901139498    
  0.159000009      0.900831521    
  0.159500003      0.900523543    
  0.160000011      0.900215566    
  0.160500005      0.899907589    
  0.161000013      0.899599612    
  0.161500007      0.899291635    
  0.162000000      0.898983657    
  0.162500009      0.898675680    
  0.163000003      0.898367703    
  0.163500011      0.898059726    
  0.164000005      0.897751749    
  0.164500013      0.897443771    
  0.165000007      0.897135794    
  0.165500015      0.896827817    
  0.166000009      0.896519840    
  0.166500002      0.896211863    
  0.167000011      0.895903885    
  0.167500004      0.895595908    
  0.168000013      0.895287931    
  0.168500006      0.894979954    
  0.169000015      0.894671977    
  0.169500008      0.894363999    
  0.170000002      0.894056022    
  0.170500010      0.893748105    
  0.171000004      0.893440127    
  0.171500012      0.893132150    
  0.172000006      0.892824173    
  0.172500014      0.892516196    
  0.173000008      0.892208219    
  0.173500001      0.891900241    
  0.174000010      0.891592264    
  0.174500003      0.891284287    
  0.175000012      0.890976310    
  0.175500005      0.890668333    
  0.176000014      0.890360355    
  0.176500008      0.890052378    
  0.177000001      0.889744401    
  0.177500010      0.889436424    
  0.178000003      0.889128447    
  0.178500012      0.888820469    
  0.179000005      0.888512492    
  0.179500014      0.888204515    
  0.180000007      0.887896538    
  0.180500016      0.887588561    
  0.181000009      0.887280583    
  0.181500003      0.886972606    
  0.182000011      0.886664629    
  0.182500005      0.886356652    
  0.183000013      0.886048675    
  0.183500007      0.885740697    
  0.184000015      0.885432720    
  0.184500009      0.885124743    
  0.185000002      0.884816766    
  0.185500011      0.884508789    
  0.186000004      0.884200811    
  0.186500013      0.883892834    
  0.187000006      0.883584857    
  0.187500015      0.883276880    
  0.188000008      0.882968903    
  0.188500002      0.882660925    
  0.189000010      0.882352948    
  0.189500004      0.882044971    
  0.190000013      0.881736994    
  0.190500006      0.881429017    
  0.191000015      0.881121039    
  0.191500008      0.880813062    
  0.192000002      0.880505085    
  0.192500010      0.880197108    
  0.193000004      0.879889131    
  0.193500012      0.879581153    
  0.194000006      0.879273176    
  0.194500014      0.878965199    
  0.195000008      0.878657222    
  0.195500016      0.878349245    
  0.196000010      0.878041267    
  0.196500003      0.877733290    
  0.197000012      0.877425313    
  0.197500005      0.877117336    
  0.198000014      0.876809359    
  0.198500007      0.876501381    
  0.199000016      0.876193404    
  0.199500009      0.875885427    
  0.200000003      0.875577450    
  0.200500011      0.875269473    
  0.201000005      0.874961495    
  0.201500013      0.874653518    
  0.202000007      0.874345541    
  0.202500015      0.874037564    
  0.203000009      0.873729587    
  0.203500003      0.873421609    
  0.204000011      0.873113632    
  0.204500005      0.872805655    
  0.205000013      0.872497678    
  0.205500007      0.872189701    
  0.206000015      0.871881723    
  0.206500009      0.871573746    
  0.207000017      0.871265769    
  0.207500011      0.870957792    
  0.208000004      0.870649815    
  0.208500013      0.870341837    
  0.209000006      0.870033860    
  0.209500015      0.869725883    
  0.210000008      0.869417906    
  0.210500017      0.869109929    
  0.211000010      0.868801951    
  0.211500004      0.868493974    
  0.212000012      0.868185997    
  0.212500006      0.867878020    
  0.213000014      0.867570043    
  0.213500008      0.867262065    
  0.214000016      0.866954088    
  0.214500010      0.866646111    
  0.215000004      0.866338134    
  0.215500012      0.866030157    
  0.216000006      0.865722179    
  0.216500014      0.865414202    
  0.217000008      0.865106225    
  0.217500016      0.864798248    
  0.218000010      0.864490271    
  0.218500003      0.864182293    
  0.219000012      0.863874316    
  0.219500005      0.863566399    
  0.220000014      0.863258421    
  0.220500007      0.862950444    
  0.221000016      0.862642467    
  0.221500009      0.862334490    
  0.222000018      0.862026513    
  0.222500011      0.861718535    
  0.223000005      0.861410558    
  0.223500013      0.861102581    
  0.224000007      0.860794604    
  0.224500015      0.860486627    
  0.225000009      0.860178649    
  0.225500017      0.859870672    
  0.226000011      0.859562695    
  0.226500005      0.859254718    
  0.227000013      0.858946741    
  0.227500007      0.858638763    
  0.228000015      0.858330786    
  0.228500009      0.858022809    
  0.229000017      0.857714832    
  0.229500011      0.857406855    
  0.230000004      0.857098877    
  0.230500013      0.856790900    
  0.231000006      0.856482923    
  0.231500015      0.856174946    
  0.232000008      0.855866969    
  0.232500017      0.855558991    
  0.233000010      0.855251014    
  0.233500004      0.854943037    
  0.234000012      0.854635060    
  0.234500006      0.854327083    
  0.235000014      0.854019105    
  0.235500008      0.853711128    
  0.236000016      0.853403151    
  0.236500010      0.853095174    
  0.237000018      0.852787197    
  0.237500012      0.852479219    
  0.238000005      0.852171242    
  0.238500014      0.851863265    
  0.239000008      0.851555288    
  0.239500016      0.851247311    
  0.240000010      0.850939333    
  0.240500018      0.850631356    
  0.241000012      0.850323379    
  0.241500005      0.850015402    
  0.242000014      0.849707425    
  0.242500007      0.849399447    
  0.243000016      0.849091470    
  0.243500009      0.848783493    
  0.244000018      0.848475516    
  0.244500011      0.848167539    
  0.245000005      0.847859561    
  0.245500013      0.847551584    
  0.246000007      0.847243607    
  0.246500015      0.846935630    
  0.247000009      0.846627653    
  0.247500017      0.846319675    
  0.248000011      0.846011698    
  0.248500004      0.845703721    
  0.249000013      0.845395744    
  0.249500006      0.845087767    
  0.250000000      0.844779789    
  0.250500023      0.844471812    
  0.251000017      0.844163835    
  0.251500010      0.843855858    
  0.252000004      0.843547881    
  0.252499998      0.843239903    
  0.253000021      0.842931926    
  0.253500015      0.842623949    
  0.254000008      0.842315972    
  0.254500002      0.842007995    
  0.255000025      0.841700017    
  0.255500019      0.841392040    
  0.256000012      0.841084063    
  0.256500006      0.840776086    
  0.256999999      0.840468109    
  0.257500023      0.840160131    
  0.258000016      0.839852154    
  0.258500010      0.839544177    
  0.259000003      0.839236200    
  0.259500027      0.838928223    
  0.260000020      0.838620245    
  0.260500014      0.838312268    
  0.261000007      0.838004291    
  0.261500001      0.837696314    
  0.262000024      0.837388337    
  0.262500018      0.837080359    
  0.263000011      0.836772382    
  0.263500005      0.836464405    
  0.263999999      0.836156428    
  0.264500022      0.835848451    
  0.265000015      0.835540473    
  0.265500009      0.835232496    
  0.266000003      0.834924519    
  0.266500026      0.834616542    
  0.267000020      0.834308565    
  0.267500013      0.834000587    
  0.268000007      0.833692610    
  0.268500000      0.833384633    
  0.269000024      0.833076715    
  0.269500017      0.832768738    
  0.270000011      0.832460761    
  0.270500004      0.832152784    
  0.271000028      0.831844807    
  0.271500021      0.831536829    
  0.272000015      0.831228852    
  0.272500008      0.830920875    
  0.273000002      0.830612898    
  0.273500025      0.830304921    
  0.274000019      0.829996943    
  0.274500012      0.829688966    
  0.275000006      0.829380989    
  0.275500000      0.829073012    
  0.276000023      0.828765035    
  0.276500016      0.828457057    
  0.277000010      0.828149080    
  0.277500004      0.827841103    
  0.278000027      0.827533126    
  0.278500021      0.827225149    
  0.279000014      0.826917171    
  0.279500008      0.826609194    
  0.280000001      0.826301217    
  0.280500025      0.825993240    
  0.281000018      0.825685263    
  0.281500012      0.825377285    
  0.282000005      0.825069308    
  0.282499999      0.824761331    
  0.283000022      0.824453354    
  0.283500016      0.824145377    
  0.284000009      0.823837399    
  0.284500003      0.823529422    
  0.285000026      0.823221445    
  0.285500020      0.822913468    
  0.286000013      0.822605491    
  0.286500007      0.822297513    
  0.287000000      0.821989536    
  0.287500024      0.821681559    
  0.288000017      0.821373582    
  0.288500011      0.821065605    
  0.289000005      0.820757627    
  0.289500028      0.820449650    
  0.290000021      0.820141673    
  0.290500015      0.819833696    
  0.291000009      0.819525719    
  0.291500002      0.819217741    
  0.292000026      0.818909764    
  0.292500019      0.818601787    
  0.293000013      0.818293810    
  0.293500006      0.817985833    
  0.294000000      0.817677855    
  0.294500023      0.817369878    
  0.295000017      0.817061901    
  0.295500010      0.816753924    
  0.296000004      0.816445947    
  0.296500027      0.816137969    
  0.297000021      0.815829992    
  0.297500014      0.815522015    
  0.298000008      0.815214038    
  0.298500001      0.814906061    
  0.299000025      0.814598083    
  0.299500018      0.814290106    
  0.300000012      0.813982129    
  0.300500005      0.813674152    
  0.301000029      0.813366175    
  0.301500022      0.813058197    
  0.302000016      0.812750220    
  0.302500010      0.812442243    
  0.303000003      0.812134266    
  0.303500026      0.811826289    
  0.304000020      0.811518312    
  0.304500014      0.811210334    
  0.305000007      0.810902357    
  0.305500001      0.810594380    
  0.306000024      0.810286403    
  0.306500018      0.809978426    
  0.307000011      0.809670448    
  0.307500005      0.809362471    
  0.308000028      0.809054494    
  0.308500022      0.808746517    
  0.309000015      0.808438540    
  0.309500009      0.808130562    
  0.310000002      0.807822585    
  0.310500026      0.807514608    
  0.311000019      0.807206631    
  0.311500013      0.806898654    
  0.312000006      0.806590676    
  0.312500000      0.806282699    
  0.313000023      0.805974722    
  0.313500017      0.805666745    
  0.314000010      0.805358768    
  0.314500004      0.805050790    
  0.315000027      0.804742813    
  0.315500021      0.804434836    
  0.316000015      0.804126859    
  0.316500008      0.803818882    
  0.317000002      0.803510904    
  0.317500025      0.803202927    
  0.318000019      0.802895010    
  0.318500012      0.802587032    
  0.319000006      0.802279055    
  0.319500029      0.801971078    
  0.320000023      0.801663101    
  0.320500016      0.801355124    
  0.321000010      0.801047146    
  0.321500003      0.800739169    
  0.322000027      0.800431192    
  0.322500020      0.800123215    
  0.323000014      0.799815238    
  0.323500007      0.799507260    
  0.324000001      0.799199283    
  0.324500024      0.798891306    
  0.325000018      0.798583329    
  0.325500011      0.798275352    
  0.326000005      0.797967374    
  0.326500028      0.797659397    
  0.327000022      0.797351420    
  0.327500015      0.797043443    
  0.328000009      0.796735466    
  0.328500003      0.796427488    
  0.329000026      0.796119511    
  0.329500020      0.795811534    
  0.330000013      0.795503557    
  0.330500007      0.795195580    
  0.331000030      0.794887602    
  0.331500024      0.794579625    
  0.332000017      0.794271648    
  0.332500011      0.793963671    
  0.333000004      0.793655694    
  0.333500028      0.793347716    
  0.334000021      0.793039739    
  0.334500015      0.792731762    
  0.335000008      0.792423785    
  0.335500002      0.792115808    
  0.336000025      0.791807830    
  0.336500019      0.791499853    
  0.337000012      0.791191876    
  0.337500006      0.790883899    
  0.338000029      0.790575922    
  0.338500023      0.790267944    
  0.339000016      0.789959967    
  0.339500010      0.789651990    
  0.340000004      0.789344013    
  0.340500027      0.789036036    
  0.341000021      0.788728058    
  0.341500014      0.788420081    
  0.342000008      0.788112104    
  0.342500031      0.787804127    
  0.343000025      0.787496150    
  0.343500018      0.787188172    
  0.344000012      0.786880195    
  0.344500005      0.786572218    
  0.345000029      0.786264241    
  0.345500022      0.785956264    
  0.346000016      0.785648286    
  0.346500009      0.785340309    
  0.347000003      0.785032332    
  0.347500026      0.784724355    
  0.348000020      0.784416378    
  0.348500013      0.784108400    
  0.349000007      0.783800423    
  0.349500030      0.783492446    
  0.350000024      0.783184469    
  0.350500017      0.782876492    
  0.351000011      0.782568514    
  0.351500005      0.782260537    
  0.352000028      0.781952560    
  0.352500021      0.781644583    
  0.353000015      0.781336606    
  0.353500009      0.781028628    
  0.354000002      0.780720651    
  0.354500026      0.780412674    
  0.355000019      0.780104697    
  0.355500013      0.779796720    
  0.356000006      0.779488742    
  0.356500030      0.779180765    
  0.357000023      0.778872788    
  0.357500017      0.778564811    
  0.358000010      0.778256834    
  0.358500004      0.777948856    
  0.359000027      0.777640879    
  0.359500021      0.777332902    
  0.360000014      0.777024925    
  0.360500008      0.776716948    
  0.361000031      0.776408970    
  0.361500025      0.776100993    
  0.362000018      0.775793016    
  0.362500012      0.775485039    
  0.363000005      0.775177062    
  0.363500029      0.774869084    
  0.364000022      0.774561107    
  0.364500016      0.774253130    
  0.365000010      0.773945153    
  0.365500003      0.773637176    
  0.366000026      0.773329198    
  0.366500020      0.773021221    
  0.367000014      0.772713304    
  0.367500007      0.772405326    
  0.368000031      0.772097349    
  0.368500024      0.771789372    
  0.369000018      0.771481395    
  0.369500011      0.771173418    
  0.370000005      0.770865440    
  0.370500028      0.770557463    
  0.371000022      0.770249486    
  0.371500015      0.769941509    
  0.372000009      0.769633532    
  0.372500032      0.769325554    
  0.373000026      0.769017577    
  0.373500019      0.768709600    
  0.374000013      0.768401623    
  0.374500006      0.768093646    
  0.375000030      0.767785668    
  0.375500023      0.767477691    
  0.376000017      0.767169714    
  0.376500010      0.766861737    
  0.377000004      0.766553760    
  0.377500027      0.766245782    
  0.378000021      0.765937805    
  0.378500015      0.765629828    
  0.379000008      0.765321851    
  0.379500031      0.765013874    
  0.380000025      0.764705896    
  0.380500019      0.764397919    
  0.381000012      0.764089942    
  0.381500006      0.763781965    
  0.382000029      0.763473988    
  0.382500023      0.763166010    
  0.383000016      0.762858033    
  0.383500010      0.762550056    
  0.384000003      0.762242079    
  0.384500027      0.761934102    
  0.385000020      0.761626124    
  0.385500014      0.761318147    
  0.386000007      0.761010170    
  0.386500031      0.760702193    
  0.387000024      0.760394216    
  0.387500018      0.760086238    
  0.388000011      0.759778261    
  0.388500005      0.759470284    
  0.389000028      0.759162307    
  0.389500022      0.758854330    
  0.390000015      0.758546352    
  0.390500009      0.758238375    
  0.391000032      0.757930398    
  0.391500026      0.757622421    
  0.392000020      0.757314444    
  0.392500013      0.757006466    
  0.393000007      0.756698489    
  0.393500030      0.756390512    
  0.394000024      0.756082535    
  0.394500017      0.755774558    
  0.395000011      0.755466580    
  0.395500004      0.755158603    
  0.396000028      0.754850626    
  0.396500021      0.754542649    
  0.397000015      0.754234672    
  0.397500008      0.753926694    
  0.398000032      0.753618717    
  0.398500025      0.753310740    
  0.399000019      0.753002763    
  0.399500012      0.752694786    
  0.400000006      0.752386808    
  0.400500029      0.752078831    
  0.401000023      0.751770854    
  0.401500016      0.751462877    
  0.402000010      0.751154900    
  0.402500033      0.750846922    
  0.403000027      0.750538945    
  0.403500021      0.750230968    
  0.404000014      0.749922991    
  0.404500008      0.749615014    
  0.405000031      0.749307036    
  0.405500025      0.748999059    
  0.406000018      0.748691082    
  0.406500012      0.748383105    
  0.407000005      0.748075128    
  0.407500029      0.747767150    
  0.408000022      0.747459173    
  0.408500016      0.747151196    
  0.409000009      0.746843219    
  0.409500033      0.746535242    
  0.410000026      0.746227264    
  0.410500020      0.745919287    
  0.411000013      0.745611310    
  0.411500007      0.745303333    
  0.412000030      0.744995356    
  0.412500024      0.744687378    
  0.413000017      0.744379401    
  0.413500011      0.744071424    
  0.414000034      0.743763447    
  0.414500028      0.743455470    
  0.415000021      0.743147492    
  0.415500015      0.742839515    
  0.416000009      0.742531538    
  0.416500032      0.742223620    
  0.417000026      0.741915643    
  0.417500019      0.741607666    
  0.418000013      0.741299689    
  0.418500006      0.740991712    
  0.419000030      0.740683734    
  0.419500023      0.740375757    
  0.420000017      0.740067780    
  0.420500010      0.739759803    
  0.421000034      0.739451826    
  0.421500027      0.739143848    
  0.422000021      0.738835871    
  0.422500014      0.738527894    
  0.423000008      0.738219917    
  0.423500031      0.737911940    
  0.424000025      0.737603962    
  0.424500018      0.737295985    
  0.425000012      0.736988008    
  0.425500005      0.736680031    
  0.426000029      0.736372054    
  0.426500022      0.736064076    
  0.427000016      0.735756099    
  0.427500010      0.735448122    
  0.428000033      0.735140145    
  0.428500026      0.734832168    
  0.429000020      0.734524190    
  0.429500014      0.734216213    
  0.430000007      0.733908236    
  0.430500031      0.733600259    
  0.431000024      0.733292282    
  0.431500018      0.732984304    
  0.432000011      0.732676327    
  0.432500035      0.732368350    
  0.433000028      0.732060373    
  0.433500022      0.731752396    
  0.434000015      0.731444418    
  0.434500009      0.731136441    
  0.435000032      0.730828464    
  0.435500026      0.730520487    
  0.436000019      0.730212510    
  0.436500013      0.729904532    
  0.437000006      0.729596555    
  0.437500030      0.729288578    
  0.438000023      0.728980601    
  0.438500017      0.728672624    
  0.439000010      0.728364646    
  0.439500034      0.728056669    
  0.440000027      0.727748692    
  0.440500021      0.727440715    
  0.441000015      0.727132738    
  0.441500008      0.726824760    
  0.442000031      0.726516783    
  0.442500025      0.726208806    
  0.443000019      0.725900829    
  0.443500012      0.725592852    
  0.444000036      0.725284874    
  0.444500029      0.724976897    
  0.445000023      0.724668920    
  0.445500016      0.724360943    
  0.446000010      0.724052966    
  0.446500033      0.723744988    
  0.447000027      0.723437011    
  0.447500020      0.723129034    
  0.448000014      0.722821057    
  0.448500007      0.722513080    
  0.449000031      0.722205102    
  0.449500024      0.721897125    
  0.450000018      0.721589148    
  0.450500011      0.721281171    
  0.451000035      0.720973194    
  0.451500028      0.720665216    
  0.452000022      0.720357239    
  0.452500015      0.720049262    
  0.453000009      0.719741285    
  0.453500032      0.719433308    
  0.454000026      0.719125330    
  0.454500020      0.718817353    
  0.455000013      0.718509376    
  0.455500036      0.718201399    
  0.456000030      0.717893422    
  0.456500024      0.717585444    
  0.457000017      0.717277467    
  0.457500011      0.716969490    
  0.458000034      0.716661513    
  0.458500028      0.716353536    
  0.459000021      0.716045558    
  0.459500015      0.715737581    
  0.460000008      0.715429604    
  0.460500032      0.715121627    
  0.461000025      0.714813650    
  0.461500019      0.714505672    
  0.462000012      0.714197695    
  0.462500036      0.713889718    
  0.463000029      0.713581741    
  0.463500023      0.713273764    
  0.464000016      0.712965786    
  0.464500010      0.712657809    
  0.465000033      0.712349832    
  0.465500027      0.712041914    
  0.466000021      0.711733937    
  0.466500014      0.711425960    
  0.467000008      0.711117983    
  0.467500031      0.710810006    
  0.468000025      0.710502028    
  0.468500018      0.710194051    
  0.469000012      0.709886074    
  0.469500035      0.709578097    
  0.470000029      0.709270120    
  0.470500022      0.708962142    
  0.471000016      0.708654165    
  0.471500009      0.708346188    
  0.472000033      0.708038211    
  0.472500026      0.707730234    
  0.473000020      0.707422256    
  0.473500013      0.707114279    
  0.474000037      0.706806302    
  0.474500030      0.706498325    
  0.475000024      0.706190348    
  0.475500017      0.705882370    
  0.476000011      0.705574393    
  0.476500034      0.705266416    
  0.477000028      0.704958439    
  0.477500021      0.704650462    
  0.478000015      0.704342484    
  0.478500009      0.704034507    
  0.479000032      0.703726530    
  0.479500026      0.703418553    
  0.480000019      0.703110576    
  0.480500013      0.702802598    
  0.481000036      0.702494621    
  0.481500030      0.702186644    
  0.482000023      0.701878667    
  0.482500017      0.701570690    
  0.483000010      0.701262712    
  0.483500034      0.700954735    
  0.484000027      0.700646758    
  0.484500021      0.700338781    
  0.485000014      0.700030804    
  0.485500038      0.699722826    
  0.486000031      0.699414849    
  0.486500025      0.699106872    
  0.487000018      0.698798895    
  0.487500012      0.698490918    
  0.488000035      0.698182940    
  0.488500029      0.697874963    
  0.489000022      0.697566986    
  0.489500016      0.697259009    
  0.490000010      0.696951032    
  0.490500033      0.696643054    
  0.491000026      0.696335077    
  0.491500020      0.696027100    
  0.492000014      0.695719123    
  0.492500037      0.695411146    
  0.493000031      0.695103168    
  0.493500024      0.694795191    
  0.494000018      0.694487214    
  0.494500011      0.694179237    
  0.495000035      0.693871260    
  0.495500028      0.693563282    
  0.496000022      0.693255305    
  0.496500015      0.692947328    
  0.497000009      0.692639351    
  0.497500032      0.692331374    
  0.498000026      0.692023396    
  0.498500019      0.691715419    
  0.499000013      0.691407442    
  0.499500036      0.691099465    
  0.500000000      0.690791488    
  0.500500023      0.690483510    
  0.501000047      0.690175533    
  0.501500010      0.689867556    
  0.502000034      0.689559579    
  0.502499998      0.689251602    
  0.503000021      0.688943624    
  0.503500044      0.688635647    
  0.504000008      0.688327670    
  0.504500031      0.688019693    
  0.504999995      0.687711716    
  0.505500019      0.687403738    
  0.506000042      0.687095761    
  0.506500006      0.686787784    
  0.507000029      0.686479807    
  0.507500052      0.686171830    
  0.508000016      0.685863853    
  0.508500040      0.685555875    
  0.509000003      0.685247898    
  0.509500027      0.684939921    
  0.510000050      0.684631944    
  0.510500014      0.684323967    
  0.511000037      0.684015989    
  0.511500001      0.683708012    
  0.512000024      0.683400035    
  0.512500048      0.683092058    
  0.513000011      0.682784081    
  0.513500035      0.682476103    
  0.513999999      0.682168126    
  0.514500022      0.681860149    
  0.515000045      0.681552231    
  0.515500009      0.681244254    
  0.516000032      0.680936277    
  0.516499996      0.680628300    
  0.517000020      0.680320323    
  0.517500043      0.680012345    
  0.518000007      0.679704368    
  0.518500030      0.679396391    
  0.519000053      0.679088414    
  0.519500017      0.678780437    
  0.520000041      0.678472459    
  0.520500004      0.678164482    
  0.521000028      0.677856505    
  0.521500051      0.677548528    
  0.522000015      0.677240551    
  0.522500038      0.676932573    
  0.523000002      0.676624596    
  0.523500025      0.676316619    
  0.524000049      0.676008642    
  0.524500012      0.675700665    
  0.525000036      0.675392687    
  0.525500000      0.675084710    
  0.526000023      0.674776733    
  0.526500046      0.674468756    
  0.527000010      0.674160779    
  0.527500033      0.673852801    
  0.527999997      0.673544824    
  0.528500021      0.673236847    
  0.529000044      0.672928870    
  0.529500008      0.672620893    
  0.530000031      0.672312915    
  0.530500054      0.672004938    
  0.531000018      0.671696961    
  0.531500041      0.671388984    
  0.532000005      0.671081007    
  0.532500029      0.670773029    
  0.533000052      0.670465052    
  0.533500016      0.670157075    
  0.534000039      0.669849098    
  0.534500003      0.669541121    
  0.535000026      0.669233143    
  0.535500050      0.668925166    
  0.536000013      0.668617189    
  0.536500037      0.668309212    
  0.537000000      0.668001235    
  0.537500024      0.667693257    
  0.538000047      0.667385280    
  0.538500011      0.667077303    
  0.539000034      0.666769326    
  0.539499998      0.666461349    
  0.540000021      0.666153371    
  0.540500045      0.665845394    
  0.541000009      0.665537417    
  0.541500032      0.665229440    
  0.542000055      0.664921463    
  0.542500019      0.664613485    
  0.543000042      0.664305508    
  0.543500006      0.663997531    
  0.544000030      0.663689554    
  0.544500053      0.663381577    
  0.545000017      0.663073599    
  0.545500040      0.662765622    
  0.546000004      0.662457645    
  0.546500027      0.662149668    
  0.547000051      0.661841691    
  0.547500014      0.661533713    
  0.548000038      0.661225736    
  0.548500001      0.660917759    
  0.549000025      0.660609782    
  0.549500048      0.660301805    
  0.550000012      0.659993827    
  0.550500035      0.659685850    
  0.550999999      0.659377873    
  0.551500022      0.659069896    
  0.552000046      0.658761919    
  0.552500010      0.658453941    
  0.553000033      0.658145964    
  0.553499997      0.657837987    
  0.554000020      0.657530010    
  0.554500043      0.657222033    
  0.555000007      0.656914055    
  0.555500031      0.656606078    
  0.556000054      0.656298101    
  0.556500018      0.655990124    
  0.557000041      0.655682147    
  0.557500005      0.655374169    
  0.558000028      0.655066192    
  0.558500051      0.654758215    
  0.559000015      0.654450238    
  0.559500039      0.654142261    
  0.560000002      0.653834283    
  0.560500026      0.653526306    
  0.561000049      0.653218329    
  0.561500013      0.652910352    
  0.562000036      0.652602375    
  0.562500000      0.652294397    
  0.563000023      0.651986420    
  0.563500047      0.651678443    
  0.564000010      0.651370525    
  0.564500034      0.651062548    
  0.564999998      0.650754571    
  0.565500021      0.650446594    
  0.566000044      0.650138617    
  0.566500008      0.649830639    
  0.567000031      0.649522662    
  0.567500055      0.649214685    
  0.568000019      0.648906708    
  0.568500042      0.648598731    
  0.569000006      0.648290753    
  0.569500029      0.647982776    
  0.570000052      0.647674799    
  0.570500016      0.647366822    
  0.571000040      0.647058845    
  0.571500003      0.646750867    
  0.572000027      0.646442890    
  0.572500050      0.646134913    
  0.573000014      0.645826936    
  0.573500037      0.645518959    
  0.574000001      0.645210981    
  0.574500024      0.644903004    
  0.575000048      0.644595027    
  0.575500011      0.644287050    
  0.576000035      0.643979073    
  0.576499999      0.643671095    
  0.577000022      0.643363118    
  0.577500045      0.643055141    
  0.578000009      0.642747164    
  0.578500032      0.642439187    
  0.579000056      0.642131209    
  0.579500020      0.641823232    
  0.580000043      0.641515255    
  0.580500007      0.641207278    
  0.581000030      0.640899301    
  0.581500053      0.640591323    
  0.582000017      0.640283346    
  0.582500041      0.639975369    
  0.583000004      0.639667392    
  0.583500028      0.639359415    
  0.584000051      0.639051437    
  0.584500015      0.638743460    
  0.585000038      0.638435483    
  0.585500002      0.638127506    
  0.586000025      0.637819529    
  0.586500049      0.637511551    
  0.587000012      0.637203574    
  0.587500036      0.636895597    
  0.588000000      0.636587620    
  0.588500023      0.636279643    
  0.589000046      0.635971665    
  0.589500010      0.635663688    
  0.590000033      0.635355711    
  0.590500057      0.635047734    
  0.591000021      0.634739757    
  0.591500044      0.634431779    
  0.592000008      0.634123802    
  0.592500031      0.633815825    
  0.593000054      0.633507848    
  0.593500018      0.633199871    
  0.594000041      0.632891893    
  0.594500005      0.632583916    
  0.595000029      0.632275939    
  0.595500052      0.631967962    
  0.596000016      0.631659985    
  0.596500039      0.631352007    
  0.597000003      0.631044030    
  0.597500026      0.630736053    
  0.598000050      0.630428076    
  0.598500013      0.630120099    
  0.599000037      0.629812121    
  0.599500000      0.629504144    
  0.600000024      0.629196167    
  0.600500047      0.628888190    
  0.601000011      0.628580213    
  0.601500034      0.628272235    
  0.602000058      0.627964258    
  0.602500021      0.627656281    
  0.603000045      0.627348304    
  0.603500009      0.627040327    
  0.604000032      0.626732349    
  0.604500055      0.626424372    
  0.605000019      0.626116395    
  0.605500042      0.625808418    
  0.606000006      0.625500441    
  0.606500030      0.625192463    
  0.607000053      0.624884486    
  0.607500017      0.624576509    
  0.608000040      0.624268532    
  0.608500004      0.623960555    
  0.609000027      0.623652577    
  0.609500051      0.623344600    
  0.610000014      0.623036623    
  0.610500038      0.622728646    
  0.611000001      0.622420669    
  0.611500025      0.622112691    
  0.612000048      0.621804714    
  0.612500012      0.621496737    
  0.613000035      0.621188819    
  0.613500059      0.620880842    
  0.614000022      0.620572865    
  0.614500046      0.620264888    
  0.615000010      0.619956911    
  0.615500033      0.619648933    
  0.616000056      0.619340956    
  0.616500020      0.619032979    
  0.617000043      0.618725002    
  0.617500007      0.618417025    
  0.618000031      0.618109047    
  0.618500054      0.617801070    
  0.619000018      0.617493093    
  0.619500041      0.617185116    
  0.620000005      0.616877139    
  0.620500028      0.616569161    
  0.621000051      0.616261184    
  0.621500015      0.615953207    
  0.622000039      0.615645230    
  0.622500002      0.615337253    
  0.623000026      0.615029275    
  0.623500049      0.614721298    
  0.624000013      0.614413321    
  0.624500036      0.614105344    
  0.625000000      0.613797367    
  0.625500023      0.613489389    
  0.626000047      0.613181412    
  0.626500010      0.612873435    
  0.627000034      0.612565458    
  0.627500057      0.612257481    
  0.628000021      0.611949503    
  0.628500044      0.611641526    
  0.629000008      0.611333549    
  0.629500031      0.611025572    
  0.630000055      0.610717595    
  0.630500019      0.610409617    
  0.631000042      0.610101640    
  0.631500006      0.609793663    
  0.632000029      0.609485686    
  0.632500052      0.609177709    
  0.633000016      0.608869731    
  0.633500040      0.608561754    
  0.634000003      0.608253777    
  0.634500027      0.607945800    
  0.635000050      0.607637823    
  0.635500014      0.607329845    
  0.636000037      0.607021868    
  0.636500001      0.606713891    
  0.637000024      0.606405914    
  0.637500048      0.606097937    
  0.638000011      0.605789959    
  0.638500035      0.605481982    
  0.639000058      0.605174005    
  0.639500022      0.604866028    
  0.640000045      0.604558051    
  0.640500009      0.604250073    
  0.641000032      0.603942096    
  0.641500056      0.603634119    
  0.642000020      0.603326142    
  0.642500043      0.603018165    
  0.643000007      0.602710187    
  0.643500030      0.602402210    
  0.644000053      0.602094233    
  0.644500017      0.601786256    
  0.645000041      0.601478279    
  0.645500004      0.601170301    
  0.646000028      0.600862324    
  0.646500051      0.600554347    
  0.647000015      0.600246370    
  0.647500038      0.599938393    
  0.648000002      0.599630415    
  0.648500025      0.599322438    
  0.649000049      0.599014461    
  0.649500012      0.598706484    
  0.650000036      0.598398507    
  0.650500059      0.598090529    
  0.651000023      0.597782552    
  0.651500046      0.597474575    
  0.652000010      0.597166598    
  0.652500033      0.596858621    
  0.653000057      0.596550643    
  0.653500021      0.596242666    
  0.654000044      0.595934689    
  0.654500008      0.595626712    
  0.655000031      0.595318735    
  0.655500054      0.595010757    
  0.656000018      0.594702780    
  0.656500041      0.594394803    
  0.657000005      0.594086826    
  0.657500029      0.593778849    
  0.658000052      0.593470871    
  0.658500016      0.593162894    
  0.659000039      0.592854917    
  0.659500003      0.592546940    
  0.660000026      0.592238963    
  0.660500050      0.591930985    
  0.661000013      0.591623008    
  0.661500037      0.591315031    
  0.662000060      0.591007054    
  0.662500024      0.590699136    
  0.663000047      0.590391159    
  0.663500011      0.590083182    
  0.664000034      0.589775205    
  0.664500058      0.589467227    
  0.665000021      0.589159250    
  0.665500045      0.588851273    
  0.666000009      0.588543296    
  0.666500032      0.588235319    
  0.667000055      0.587927341    
  0.667500019      0.587619364    
  0.668000042      0.587311387    
  0.668500006      0.587003410    
  0.669000030      0.586695433    
  0.669500053      0.586387455    
  0.670000017      0.586079478    
  0.670500040      0.585771501    
  0.671000004      0.585463524    
  0.671500027      0.585155547    
  0.672000051      0.584847569    
  0.672500014      0.584539592    
  0.673000038      0.584231615    
  0.673500061      0.583923638    
  0.674000025      0.583615661    
  0.674500048      0.583307683    
  0.675000012      0.582999706    
  0.675500035      0.582691729    
  0.676000059      0.582383752    
  0.676500022      0.582075775    
  0.677000046      0.581767797    
  0.677500010      0.581459820    
  0.678000033      0.581151843    
  0.678500056      0.580843866    
  0.679000020      0.580535889    
  0.679500043      0.580227911    
  0.680000007      0.579919934    
  0.680500031      0.579611957    
  0.681000054      0.579303980    
  0.681500018      0.578996003    
  0.682000041      0.578688025    
  0.682500005      0.578380048    
  0.683000028      0.578072071    
  0.683500051      0.577764094    
  0.684000015      0.577456117    
  0.684500039      0.577148139    
  0.685000062      0.576840162    
  0.685500026      0.576532185    
  0.686000049      0.576224208    
  0.686500013      0.575916231    
  0.687000036      0.575608253    
  0.687500060      0.575300276    
  0.688000023      0.574992299    
  0.688500047      0.574684322    
  0.689000010      0.574376345    
  0.689500034      0.574068367    
  0.690000057      0.573760390    
  0.690500021      0.573452413    
  0.691000044      0.573144436    
  0.691500008      0.572836459    
  0.692000031      0.572528481    
  0.692500055      0.572220504    
  0.693000019      0.571912527    
  0.693500042      0.571604550    
  0.694000006      0.571296573    
  0.694500029      0.570988595    
  0.695000052      0.570680618    
  0.695500016      0.570372641    
  0.696000040      0.570064664    
  0.696500003      0.569756687    
  0.697000027      0.569448709    
  0.697500050      0.569140732    
  0.698000014      0.568832755    
  0.698500037      0.568524778    
  0.699000061      0.568216801    
  0.699500024      0.567908823    
  0.700000048      0.567600846    
  0.700500011      0.567292869    
  0.701000035      0.566984892    
  0.701500058      0.566676915    
  0.702000022      0.566368937    
  0.702500045      0.566060960    
  0.703000009      0.565752983    
  0.703500032      0.565445006    
  0.704000056      0.565137029    
  0.704500020      0.564829051    
  0.705000043      0.564521074    
  0.705500007      0.564213097    
  0.706000030      0.563982129    
  0.706500053      0.563751161    
  0.707000017      0.563520193    
  0.707500041      0.563289165    
  0.708000004      0.563058197    
  0.708500028      0.562827229    
  0.709000051      0.562596262    
  0.709500015      0.562365234    
  0.710000038      0.562134266    
  0.710500062      0.561903298    
  0.711000025      0.561672330    
  0.711500049      0.561441302    
  0.712000012      0.561133325    
  0.712500036      0.560825348    
  0.713000059      0.560517430    
  0.713500023      0.560209453    
  0.714000046      0.559901476    
  0.714500010      0.559593499    
  0.715000033      0.559285522    
  0.715500057      0.558977544    
  0.716000021      0.558669567    
  0.716500044      0.558361590    
  0.717000008      0.558053613    
  0.717500031      0.557745636    
  0.718000054      0.557437658    
  0.718500018      0.557129681    
  0.719000041      0.556821704    
  0.719500005      0.556513727    
  0.720000029      0.556205750    
  0.720500052      0.555897772    
  0.721000016      0.555589795    
  0.721500039      0.555281818    
  0.722000062      0.554973841    
  0.722500026      0.554665864    
  0.723000050      0.554357886    
  0.723500013      0.554049909    
  0.724000037      0.553741932    
  0.724500060      0.553433955    
  0.725000024      0.553125978    
  0.725500047      0.552818000    
  0.726000011      0.552510023    
  0.726500034      0.552202046    
  0.727000058      0.551894069    
  0.727500021      0.551586092    
  0.728000045      0.551278114    
  0.728500009      0.550970137    
  0.729000032      0.550662160    
  0.729500055      0.550354183    
  0.730000019      0.550046206    
  0.730500042      0.549738228    
  0.731000006      0.549430251    
  0.731500030      0.549122274    
  0.732000053      0.548814297    
  0.732500017      0.548506320    
  0.733000040      0.548198342    
  0.733500063      0.547890365    
  0.734000027      0.547582388    
  0.734500051      0.547274411    
  0.735000014      0.546966434    
  0.735500038      0.546658456    
  0.736000061      0.546350479    
  0.736500025      0.546042502    
  0.737000048      0.545734525    
  0.737500012      0.545426548    
  0.738000035      0.545118570    
  0.738500059      0.544810593    
  0.739000022      0.544502616    
  0.739500046      0.544194639    
  0.740000010      0.543886662    
  0.740500033      0.543578684    
  0.741000056      0.543270707    
  0.741500020      0.542962730    
  0.742000043      0.542654753    
  0.742500007      0.542346776    
  0.743000031      0.542038798    
  0.743500054      0.541730821    
  0.744000018      0.541422844    
  0.744500041      0.541114867    
  0.745000064      0.540806890    
  0.745500028      0.540498912    
  0.746000051      0.540190935    
  0.746500015      0.539882958    
  0.747000039      0.539574981    
  0.747500062      0.539267004    
  0.748000026      0.538959026    
  0.748500049      0.538651049    
  0.749000013      0.538343072    
  0.749500036      0.538035095    
  0.750000060      0.537727118    
  0.750500023      0.537419140    
  0.751000047      0.537111163    
  0.751500010      0.536803186    
  0.752000034      0.536495209    
  0.752500057      0.536187232    
  0.753000021      0.535879254    
  0.753500044      0.535571277    
  0.754000008      0.535263300    
  0.754500031      0.534955323    
  0.755000055      0.534647346    
  0.755500019      0.534339368    
  0.756000042      0.534031391    
  0.756500065      0.533723414    
  0.757000029      0.533415437    
  0.757500052      0.533107460    
  0.758000016      0.532799482    
  0.758500040      0.532491505    
  0.759000063      0.532183528    
  0.759500027      0.531875551    
  0.760000050      0.531567574    
  0.760500014      0.531259596    
  0.761000037      0.530951619    
  0.761500061      0.530643642    
  0.762000024      0.530335665    
  0.762500048      0.530027747    
  0.763000011      0.529719770    
  0.763500035      0.529411793    
  0.764000058      0.529103816    
  0.764500022      0.528795838    
  0.765000045      0.528487861    
  0.765500009      0.528179884    
  0.766000032      0.527871907    
  0.766500056      0.527563930    
  0.767000020      0.527255952    
  0.767500043      0.526947975    
  0.768000007      0.526639998    
  0.768500030      0.526332021    
  0.769000053      0.526024044    
  0.769500017      0.525716066    
  0.770000041      0.525408089    
  0.770500064      0.525100112    
  0.771000028      0.524792135    
  0.771500051      0.524484158    
  0.772000015      0.524176180    
  0.772500038      0.523868203    
  0.773000062      0.523560226    
  0.773500025      0.523252249    
  0.774000049      0.522944272    
  0.774500012      0.522636294    
  0.775000036      0.522328317    
  0.775500059      0.522020340    
  0.776000023      0.521712363    
  0.776500046      0.521404386    
  0.777000010      0.521096408    
  0.777500033      0.520788431    
  0.778000057      0.520480454    
  0.778500021      0.520172477    
  0.779000044      0.519864500    
  0.779500008      0.519556522    
  0.780000031      0.519248545    
  0.780500054      0.518940568    
  0.781000018      0.518632591    
  0.781500041      0.518324614    
  0.782000065      0.518016636    
  0.782500029      0.517708659    
  0.783000052      0.517400682    
  0.783500016      0.517092705    
  0.784000039      0.516784728    
  0.784500062      0.516476750    
  0.785000026      0.516168773    
  0.785500050      0.515860796    
  0.786000013      0.515552819    
  0.786500037      0.515244842    
  0.787000060      0.514936864    
  0.787500024      0.514628887    
  0.788000047      0.514320910    
  0.788500011      0.514012933    
  0.789000034      0.513704956    
  0.789500058      0.513396978    
  0.790000021      0.513089001    
  0.790500045      0.512781024    
  0.791000009      0.512473047    
  0.791500032      0.512165070    
  0.792000055      0.511857092    
  0.792500019      0.511549115    
  0.793000042      0.511241138    
  0.793500066      0.510933161    
  0.794000030      0.510625184    
  0.794500053      0.510317206    
  0.795000017      0.510009229    
  0.795500040      0.509701252    
  0.796000063      0.509393275    
  0.796500027      0.509085298    
  0.797000051      0.508777320    
  0.797500014      0.508469343    
  0.798000038      0.508161366    
  0.798500061      0.507853389    
  0.799000025      0.507545412    
  0.799500048      0.507237434    
  0.800000012      0.506929457    
  0.800500035      0.506621480    
  0.801000059      0.506313503    
  0.801500022      0.506005526    
  0.802000046      0.505697548    
  0.802500010      0.505389571    
  0.803000033      0.505081594    
  0.803500056      0.504773617    
  0.804000020      0.504465640    
  0.804500043      0.504157662    
  0.805000067      0.503849685    
  0.805500031      0.503541708    
  0.806000054      0.503233731    
  0.806500018      0.502925754    
  0.807000041      0.502617776    
  0.807500064      0.502309799    
  0.808000028      0.502001822    
  0.808500051      0.501693845    
  0.809000015      0.501385868    
  0.809500039      0.501077890    
  0.810000062      0.500769913    
  0.810500026      0.500461936    
  0.811000049      0.500153959    
  0.811500013      0.499846011    
  0.812000036      0.499538034    
  0.812500060      0.499230057    
  0.813000023      0.498922080    
  0.813500047      0.498614103    
  0.814000010      0.498306125    
  0.814500034      0.497998148    
  0.815000057      0.497690171    
  0.815500021      0.497382194    
  0.816000044      0.497074217    
  0.816500068      0.496766239    
  0.817000031      0.496458262    
  0.817500055      0.496150285    
  0.818000019      0.495842308    
  0.818500042      0.495534331    
  0.819000065      0.495226353    
  0.819500029      0.494918376    
  0.820000052      0.494610399    
  0.820500016      0.494302422    
  0.821000040      0.493994445    
  0.821500063      0.493686467    
  0.822000027      0.493378490    
  0.822500050      0.493070513    
  0.823000014      0.492762536    
  0.823500037      0.492454559    
  0.824000061      0.492146611    
  0.824500024      0.491838634    
  0.825000048      0.491530657    
  0.825500011      0.491222680    
  0.826000035      0.490914702    
  0.826500058      0.490606725    
  0.827000022      0.490298748    
  0.827500045      0.489990771    
  0.828000069      0.489682794    
  0.828500032      0.489374816    
  0.829000056      0.489066839    
  0.829500020      0.488758862    
  0.830000043      0.488450885    
  0.830500066      0.488142908    
  0.831000030      0.487834930    
  0.831500053      0.487526953    
  0.832000017      0.487218976    
  0.832500041      0.486910999    
  0.833000064      0.486603022    
  0.833500028      0.486295044    
  0.834000051      0.485987067    
  0.834500015      0.485679090    
  0.835000038      0.485371113    
  0.835500062      0.485063136    
  0.836000025      0.484755158    
  0.836500049      0.484447181    
  0.837000012      0.484139204    
  0.837500036      0.483831227    
  0.838000059      0.483523250    
  0.838500023      0.483215272    
  0.839000046      0.482907295    
  0.839500070      0.482599318    
  0.840000033      0.482291341    
  0.840500057      0.481983364    
  0.841000021      0.481675386    
  0.841500044      0.481367409    
  0.842000067      0.481059432    
  0.842500031      0.480751455    
  0.843000054      0.480443478    
  0.843500018      0.480135500    
  0.844000041      0.479827523    
  0.844500065      0.479519546    
  0.845000029      0.479211569    
  0.845500052      0.478903592    
  0.846000016      0.478595614    
  0.846500039      0.478287637    
  0.847000062      0.477979660    
  0.847500026      0.477671683    
  0.848000050      0.477363706    
  0.848500013      0.477055758    
  0.849000037      0.476747781    
  0.849500060      0.476439804    
  0.850000024      0.476131827    
  0.850500047      0.475823849    
  0.851000011      0.475515872    
  0.851500034      0.475207895    
  0.852000058      0.474899918    
  0.852500021      0.474591941    
  0.853000045      0.474283963    
  0.853500068      0.473975986    
  0.854000032      0.473668009    
  0.854500055      0.473360032    
  0.855000019      0.473052055    
  0.855500042      0.472744077    
  0.856000066      0.472436100    
  0.856500030      0.472128123    
  0.857000053      0.471820146    
  0.857500017      0.471512169    
  0.858000040      0.471204191    
  0.858500063      0.470896214    
  0.859000027      0.470588237    
  0.859500051      0.470280260    
  0.860000014      0.469972283    
  0.860500038      0.469664305    
  0.861000061      0.469356328    
  0.861500025      0.469048351    
  0.862000048      0.468740374    
  0.862500012      0.468432397    
  0.863000035      0.468124419    
  0.863500059      0.467816442    
  0.864000022      0.467508465    
  0.864500046      0.467200488    
  0.865000069      0.466892511    
  0.865500033      0.466584533    
  0.866000056      0.466276556    
  0.866500020      0.465968579    
  0.867000043      0.465660602    
  0.867500067      0.465352625    
  0.868000031      0.465044647    
  0.868500054      0.464736670    
  0.869000018      0.464428693    
  0.869500041      0.464120716    
  0.870000064      0.463812739    
  0.870500028      0.463504761    
  0.871000051      0.463196784    
  0.871500015      0.462888807    
  0.872000039      0.462580830    
  0.872500062      0.462272853    
  0.873000026      0.461964905    
  0.873500049      0.461656928    
  0.874000013      0.461348951    
  0.874500036      0.461040974    
  0.875000060      0.460732996    
  0.875500023      0.460425019    
  0.876000047      0.460117042    
  0.876500070      0.459809065    
  0.877000034      0.459501088    
  0.877500057      0.459193110    
  0.878000021      0.458885133    
  0.878500044      0.458577156    
  0.879000068      0.458269179    
  0.879500031      0.457961202    
  0.880000055      0.457653224    
  0.880500019      0.457345247    
  0.881000042      0.457037270    
  0.881500065      0.456729293    
  0.882000029      0.456421316    
  0.882500052      0.456113338    
  0.883000016      0.455805361    
  0.883500040      0.455497384    
  0.884000063      0.455189407    
  0.884500027      0.454881430    
  0.885000050      0.454573452    
  0.885500014      0.454265475    
  0.886000037      0.453957498    
  0.886500061      0.453649521    
  0.887000024      0.453341544    
  0.887500048      0.453033566    
  0.888000071      0.452725589    
  0.888500035      0.452417612    
  0.889000058      0.452109635    
  0.889500022      0.451801658    
  0.890000045      0.451493680    
  0.890500069      0.451185703    
  0.891000032      0.450877726    
  0.891500056      0.450569749    
  0.892000020      0.450261772    
  0.892500043      0.449953794    
  0.893000066      0.449645817    
  0.893500030      0.449337840    
  0.894000053      0.449029863    
  0.894500017      0.448721886    
  0.895000041      0.448413908    
  0.895500064      0.448105931    
  0.896000028      0.447797954    
  0.896500051      0.447489977    
  0.897000015      0.447182000    
  0.897500038      0.446874052    
  0.898000062      0.446566075    
  0.898500025      0.446258098    
  0.899000049      0.445950121    
  0.899500072      0.445642143    
  0.900000036      0.445334166    
  0.900500059      0.445026189    
  0.901000023      0.444718212    
  0.901500046      0.444410235    
  0.902000070      0.444102257    
  0.902500033      0.443794280    
  0.903000057      0.443486303    
  0.903500021      0.443178326    
  0.904000044      0.442870349    
  0.904500067      0.442562371    
  0.905000031      0.442254394    
  0.905500054      0.441946417    
  0.906000018      0.441638440    
  0.906500041      0.441330463    
  0.907000065      0.441022485    
  0.907500029      0.440714508    
  0.908000052      0.440406531    
  0.908500016      0.440098554    
  0.909000039      0.439790577    
  0.909500062      0.439482599    
  0.910000026      0.439174622    
  0.910500050      0.438866645    
  0.911000073      0.438558668    
  0.911500037      0.438250691    
  0.912000060      0.437942713    
  0.912500024      0.437634736    
  0.913000047      0.437326759    
  0.913500071      0.437095791    
  0.914000034      0.436864793    
  0.914500058      0.436633825    
  0.915000021      0.436402828    
  0.915500045      0.436171860    
  0.916000068      0.435940862    
  0.916500032      0.435709894    
  0.917000055      0.435478896    
  0.917500019      0.435247928    
  0.918000042      0.435016930    
  0.918500066      0.434785962    
  0.919000030      0.434554964    
  0.919500053      0.434246987    
  0.920000017      0.433939010    
  0.920500040      0.433631033    
  0.921000063      0.433323056    
  0.921500027      0.433015078    
  0.922000051      0.432707101    
  0.922500014      0.432399124    
  0.923000038      0.432091147    
  0.923500061      0.431783199    
  0.924000025      0.431475222    
  0.924500048      0.431167245    
  0.925000072      0.430859268    
  0.925500035      0.430551291    
  0.926000059      0.430243313    
  0.926500022      0.429935336    
  0.927000046      0.429627359    
  0.927500069      0.429319382    
  0.928000033      0.429011405    
  0.928500056      0.428703427    
  0.929000020      0.428395450    
  0.929500043      0.428087473    
  0.930000067      0.427779496    
  0.930500031      0.427471519    
  0.931000054      0.427163541    
  0.931500018      0.426855564    
  0.932000041      0.426547587    
  0.932500064      0.426239610    
  0.933000028      0.425931633    
  0.933500051      0.425623655    
  0.934000015      0.425315678    
  0.934500039      0.425007701    
  0.935000062      0.424699724    
  0.935500026      0.424391747    
  0.936000049      0.424083769    
  0.936500072      0.423775792    
  0.937000036      0.423467815    
  0.937500060      0.423159838    
  0.938000023      0.422851861    
  0.938500047      0.422543883    
  0.939000070      0.422235906    
  0.939500034      0.421927929    
  0.940000057      0.421619952    
  0.940500021      0.421311975    
  0.941000044      0.421003997    
  0.941500068      0.420696020    
  0.942000031      0.420388043    
  0.942500055      0.420080066    
  0.943000019      0.419772089    
  0.943500042      0.419464111    
  0.944000065      0.419156134    
  0.944500029      0.418848157    
  0.945000052      0.418540180    
  0.945500016      0.418232203    
  0.946000040      0.417924225    
  0.946500063      0.417616248    
  0.947000027      0.417308271    
  0.947500050      0.417000294    
  0.948000073      0.416692317    
  0.948500037      0.416384369    
  0.949000061      0.416076392    
  0.949500024      0.415768415    
  0.950000048      0.415460438    
  0.950500071      0.415152460    
  0.951000035      0.414844483    
  0.951500058      0.414536506    
  0.952000022      0.414228529    
  0.952500045      0.413920552    
  0.953000069      0.413612574    
  0.953500032      0.413304597    
  0.954000056      0.412996620    
  0.954500020      0.412688643    
  0.955000043      0.412380666    
  0.955500066      0.412072688    
  0.956000030      0.411764711    
  0.956500053      0.411456734    
  0.957000017      0.411148757    
  0.957500041      0.410840780    
  0.958000064      0.410532802    
  0.958500028      0.410224825    
  0.959000051      0.409916848    
  0.959500074      0.409608871    
  0.960000038      0.409300894    
  0.960500062      0.408992916    
  0.961000025      0.408684939    
  0.961500049      0.408376962    
  0.962000072      0.408068985    
  0.962500036      0.407761008    
  0.963000059      0.407453030    
  0.963500023      0.407145053    
  0.964000046      0.406837076    
  0.964500070      0.406529099    
  0.965000033      0.406221122    
  0.965500057      0.405913144    
  0.966000021      0.405605167    
  0.966500044      0.405297190    
  0.967000067      0.404989213    
  0.967500031      0.404681236    
  0.968000054      0.404373258    
  0.968500018      0.404065281    
  0.969000041      0.403757304    
  0.969500065      0.403449327    
  0.970000029      0.403141350    
  0.970500052      0.402833372    
  0.971000075      0.402525395    
  0.971500039      0.402217418    
  0.972000062      0.401909441    
  0.972500026      0.401601464    
  0.973000050      0.401293516    
  0.973500073      0.400985539    
  0.974000037      0.400677562    
  0.974500060      0.400369585    
  0.975000024      0.400061607    
  0.975500047      0.399753630    
  0.976000071      0.399445653    
  0.976500034      0.399137676    
  0.977000058      0.398829699    
  0.977500021      0.398521721    
  0.978000045      0.398213744    
  0.978500068      0.397905767    
  0.979000032      0.397597790    
  0.979500055      0.397289813    
  0.980000019      0.396981835    
  0.980500042      0.396673858    
  0.981000066      0.396365881    
  0.981500030      0.396057904    
  0.982000053      0.395749927    
  0.982500076      0.395441949    
  0.983000040      0.395133972    
  0.983500063      0.394825995    
  0.984000027      0.394518018    
  0.984500051      0.394210041    
  0.985000074      0.393902063    
  0.985500038      0.393594086    
  0.986000061      0.393286109    
  0.986500025      0.392978132    
  0.987000048      0.392670155    
  0.987500072      0.392362177    
  0.988000035      0.392054200    
  0.988500059      0.391746223    
  0.989000022      0.391438246    
  0.989500046      0.391130269    
  0.990000069      0.390822291    
  0.990500033      0.390514314    
  0.991000056      0.390206337    
  0.991500020      0.389898360    
  0.992000043      0.389590383    
  0.992500067      0.389282405    
  0.993000031      0.388974428    
  0.993500054      0.388666451    
  0.994000018      0.388358474    
  0.994500041      0.388050497    
  0.995000064      0.387742519    
  0.995500028      0.387434542    
  0.996000051      0.387126565    
  0.996500075      0.386818588    
  0.997000039      0.386510611    
  0.997500062      0.386202663    
  0.998000026      0.385894686    
  0.998500049      0.385586709    
  0.999000072      0.385278732    
  0.999500036      0.384970754    
   1.00000000      0.384662777    
   1.00050008      0.384354800    
   1.00100005      0.384046823    
   1.00150001      0.383738846    
   1.00200009      0.383430868    
   1.00250006      0.383122891    
   1.00300002      0.382814914    
   1.00350010      0.382506937    
   1.00400007      0.382198960    
   1.00450003      0.381890982    
   1.00500000      0.381583005    
   1.00550008      0.381275028    
   1.00600004      0.380967051    
   1.00650001      0.380659074    
   1.00700009      0.380351096    
   1.00750005      0.380043119    
   1.00800002      0.379735142    
   1.00850010      0.379427165    
   1.00900006      0.379119188    
   1.00950003      0.378811210    
   1.00999999      0.378503233    
   1.01050007      0.378195256    
   1.01100004      0.377887279    
   1.01150000      0.377579302    
   1.01200008      0.377271324    
   1.01250005      0.376963347    
   1.01300001      0.376655370    
   1.01350009      0.376347393    
   1.01400006      0.376039416    
   1.01450002      0.375731438    
   1.01500010      0.375423461    
   1.01550007      0.375115484    
   1.01600003      0.374807507    
   1.01650000      0.374499530    
   1.01700008      0.374191552    
   1.01750004      0.373883575    
   1.01800001      0.373575598    
   1.01850009      0.373267621    
   1.01900005      0.372959644    
   1.01950002      0.372651666    
   1.02000010      0.372343689    
   1.02050006      0.372035712    
   1.02100003      0.371727735    
   1.02149999      0.371419758    
   1.02200007      0.371111810    
   1.02250004      0.370803833    
   1.02300000      0.370495856    
   1.02350008      0.370187879    
   1.02400005      0.369879901    
   1.02450001      0.369571924    
   1.02500010      0.369263947    
   1.02550006      0.368955970    
   1.02600002      0.368647993    
   1.02650011      0.368340015    
   1.02700007      0.368032038    
   1.02750003      0.367724061    
   1.02800000      0.367416084    
   1.02850008      0.367108107    
   1.02900004      0.366800129    
   1.02950001      0.366492152    
   1.03000009      0.366184175    
   1.03050005      0.365876198    
   1.03100002      0.365568221    
   1.03150010      0.365260243    
   1.03200006      0.364952266    
   1.03250003      0.364644289    
   1.03299999      0.364336312    
   1.03350008      0.364028335    
   1.03400004      0.363720357    
   1.03450000      0.363412380    
   1.03500009      0.363104403    
   1.03550005      0.362796426    
   1.03600001      0.362488449    
   1.03650010      0.362180471    
   1.03700006      0.361872494    
   1.03750002      0.361564517    
   1.03800011      0.361256540    
   1.03850007      0.360948563    
   1.03900003      0.360640585    
   1.03950000      0.360332608    
   1.04000008      0.360024631    
   1.04050004      0.359716654    
   1.04100001      0.359408677    
   1.04150009      0.359100699    
   1.04200006      0.358792722    
   1.04250002      0.358484745    
   1.04300010      0.358176768    
   1.04350007      0.357868791    
   1.04400003      0.357560813    
   1.04449999      0.357252836    
   1.04500008      0.356944859    
   1.04550004      0.356636882    
   1.04600000      0.356328905    
   1.04650009      0.356020957    
   1.04700005      0.355712980    
   1.04750001      0.355405003    
   1.04800010      0.355097026    
   1.04850006      0.354789048    
   1.04900002      0.354481071    
   1.04950011      0.354173094    
   1.05000007      0.353865117    
   1.05050004      0.353557140    
   1.05100000      0.353249162    
   1.05150008      0.352941185    
   1.05200005      0.352633208    
   1.05250001      0.352325231    
   1.05300009      0.352017254    
   1.05350006      0.351709276    
   1.05400002      0.351401299    
   1.05450010      0.351093322    
   1.05500007      0.350785345    
   1.05550003      0.350477368    
   1.05599999      0.350169390    
   1.05650008      0.349861413    
   1.05700004      0.349553436    
   1.05750000      0.349245459    
   1.05800009      0.348937482    
   1.05850005      0.348629504    
   1.05900002      0.348321527    
   1.05950010      0.348013550    
   1.06000006      0.347705573    
   1.06050003      0.347397596    
   1.06100011      0.347089618    
   1.06150007      0.346781641    
   1.06200004      0.346473664    
   1.06250000      0.346165687    
   1.06300008      0.345857710    
   1.06350005      0.345549732    
   1.06400001      0.345241755    
   1.06450009      0.344933778    
   1.06500006      0.344625801    
   1.06550002      0.344317824    
   1.06600010      0.344009846    
   1.06650007      0.343701869    
   1.06700003      0.343393892    
   1.06750000      0.343085915    
   1.06800008      0.342777938    
   1.06850004      0.342469960    
   1.06900001      0.342161983    
   1.06950009      0.341854006    
   1.07000005      0.341546029    
   1.07050002      0.341238052    
   1.07100010      0.340930074    
   1.07150006      0.340622127    
   1.07200003      0.340314150    
   1.07250011      0.340006173    
   1.07300007      0.339698195    
   1.07350004      0.339390218    
   1.07400000      0.339082241    
   1.07450008      0.338774264    
   1.07500005      0.338466287    
   1.07550001      0.338158309    
   1.07600009      0.337850332    
   1.07650006      0.337542355    
   1.07700002      0.337234378    
   1.07750010      0.336926401    
   1.07800007      0.336618423    
   1.07850003      0.336310446    
   1.07900000      0.336002469    
   1.07950008      0.335694492    
   1.08000004      0.335386515    
   1.08050001      0.335078537    
   1.08100009      0.334770560    
   1.08150005      0.334462583    
   1.08200002      0.334154606    
   1.08250010      0.333846629    
   1.08300006      0.333538651    
   1.08350003      0.333230674    
   1.08400011      0.332922697    
   1.08450007      0.332614720    
   1.08500004      0.332306743    
   1.08550000      0.331998765    
   1.08600008      0.331690788    
   1.08650005      0.331382811    
   1.08700001      0.331074834    
   1.08750010      0.330766857    
   1.08800006      0.330458879    
   1.08850002      0.330150902    
   1.08900011      0.329842925    
   1.08950007      0.329534948    
   1.09000003      0.329226971    
   1.09050000      0.328918993    
   1.09100008      0.328611016    
   1.09150004      0.328303039    
   1.09200001      0.327995062    
   1.09250009      0.327687085    
   1.09300005      0.327379107    
   1.09350002      0.327071130    
   1.09400010      0.326763153    
   1.09450006      0.326455176    
   1.09500003      0.326147199    
   1.09550011      0.325839221    
   1.09600008      0.325531274    
   1.09650004      0.325223297    
   1.09700000      0.324915320    
   1.09750009      0.324607342    
   1.09800005      0.324299365    
   1.09850001      0.323991388    
   1.09900010      0.323683411    
   1.09950006      0.323375434    
   1.10000002      0.323067456    
   1.10050011      0.322759479    
   1.10100007      0.322451502    
   1.10150003      0.322143525    
   1.10200000      0.321835548    
   1.10250008      0.321527570    
   1.10300004      0.321219593    
   1.10350001      0.320911616    
   1.10400009      0.320603639    
   1.10450006      0.320295662    
   1.10500002      0.319987684    
   1.10550010      0.319679707    
   1.10600007      0.319371730    
   1.10650003      0.319063753    
   1.10699999      0.318755776    
   1.10750008      0.318447798    
   1.10800004      0.318139821    
   1.10850000      0.317831844    
   1.10900009      0.317523867    
   1.10950005      0.317215890    
   1.11000001      0.316907912    
   1.11050010      0.316599935    
   1.11100006      0.316291958    
   1.11150002      0.315983981    
   1.11200011      0.315676004    
   1.11250007      0.315368026    
   1.11300004      0.315060049    
   1.11350000      0.314752072    
   1.11400008      0.314444095    
   1.11450005      0.314136118    
   1.11500001      0.313828140    
   1.11550009      0.313520163    
   1.11600006      0.313212186    
   1.11650002      0.312904209    
   1.11700010      0.312596232    
   1.11750007      0.312288254    
   1.11800003      0.311980277    
   1.11849999      0.311672300    
   1.11900008      0.311364323    
   1.11950004      0.311056346    
   1.12000000      0.310748369    
   1.12050009      0.310440421    
   1.12100005      0.310132444    
   1.12150002      0.309824467    
   1.12200010      0.309516490    
   1.12250006      0.309208512    
   1.12300003      0.308900535    
   1.12350011      0.308592558    
   1.12400007      0.308284581    
   1.12450004      0.307976604    
   1.12500000      0.307668626    
   1.12550008      0.307360649    
   1.12600005      0.307052672    
   1.12650001      0.306744695    
   1.12700009      0.306436718    
   1.12750006      0.306128740    
   1.12800002      0.305820763    
   1.12850010      0.305512786    
   1.12900007      0.305204809    
   1.12950003      0.304896832    
   1.13000000      0.304588854    
   1.13050008      0.304280877    
   1.13100004      0.303972900    
   1.13150001      0.303664923    
   1.13200009      0.303356946    
   1.13250005      0.303048968    
   1.13300002      0.302740991    
   1.13350010      0.302433014    
   1.13400006      0.302125037    
   1.13450003      0.301817060    
   1.13500011      0.301509082    
   1.13550007      0.301201105    
   1.13600004      0.300893128    
   1.13650000      0.300585151    
   1.13700008      0.300277174    
   1.13750005      0.299969196    
   1.13800001      0.299661219    
   1.13850009      0.299353242    
   1.13900006      0.299045265    
   1.13950002      0.298737288    
   1.14000010      0.298429310    
   1.14050007      0.298121333    
   1.14100003      0.297813356    
   1.14150000      0.297505379    
   1.14200008      0.297197402    
   1.14250004      0.296889424    
   1.14300001      0.296581447    
   1.14350009      0.296273470    
   1.14400005      0.295965493    
   1.14450002      0.295657516    
   1.14500010      0.295349568    
   1.14550006      0.295041591    
   1.14600003      0.294733614    
   1.14650011      0.294425637    
   1.14700007      0.294117659    
   1.14750004      0.293809682    
   1.14800000      0.293501705    
   1.14850008      0.293193728    
   1.14900005      0.292885751    
   1.14950001      0.292577773    
   1.15000010      0.292269796    
   1.15050006      0.291961819    
   1.15100002      0.291653842    
   1.15150011      0.291345865    
   1.15200007      0.291037887    
   1.15250003      0.290729910    
   1.15300000      0.290421933    
   1.15350008      0.290113956    
   1.15400004      0.289805979    
   1.15450001      0.289498001    
   1.15500009      0.289190024    
   1.15550005      0.288882047    
   1.15600002      0.288574070    
   1.15650010      0.288266093    
   1.15700006      0.287958115    
   1.15750003      0.287650138    
   1.15800011      0.287342161    
   1.15850008      0.287034184    
   1.15900004      0.286726207    
   1.15950000      0.286418229    
   1.16000009      0.286110252    
   1.16050005      0.285802275    
   1.16100001      0.285494298    
   1.16150010      0.285186321    
   1.16200006      0.284878343    
   1.16250002      0.284570366    
   1.16300011      0.284262389    
   1.16350007      0.283954412    
   1.16400003      0.283646435    
   1.16450000      0.283338457    
   1.16500008      0.283030480    
   1.16550004      0.282722503    
   1.16600001      0.282414526    
   1.16650009      0.282106549    
   1.16700006      0.281798571    
   1.16750002      0.281490594    
   1.16800010      0.281182617    
   1.16850007      0.280874640    
   1.16900003      0.280566663    
   1.16950011      0.280258715    
   1.17000008      0.279950738    
   1.17050004      0.279642761    
   1.17100000      0.279334784    
   1.17150009      0.279026806    
   1.17200005      0.278718829    
   1.17250001      0.278410852    
   1.17300010      0.278102875    
   1.17350006      0.277794898    
   1.17400002      0.277486920    
   1.17450011      0.277178943    
   1.17500007      0.276870966    
   1.17550004      0.276562989    
   1.17600000      0.276255012    
   1.17650008      0.275947034    
   1.17700005      0.275639057    
   1.17750001      0.275331080    
   1.17800009      0.275023103    
   1.17850006      0.274715126    
   1.17900002      0.274407148    
   1.17950010      0.274099171    
   1.18000007      0.273791194    
   1.18050003      0.273483217    
   1.18100011      0.273175240    
   1.18150008      0.272867262    
   1.18200004      0.272559285    
   1.18250000      0.272251308    
   1.18300009      0.271943331    
   1.18350005      0.271635354    
   1.18400002      0.271327376    
   1.18450010      0.271019399    
   1.18500006      0.270711422    
   1.18550003      0.270403445    
   1.18600011      0.270095468    
   1.18650007      0.269787490    
   1.18700004      0.269479513    
   1.18750000      0.269171536    
   1.18800008      0.268863559    
   1.18850005      0.268555582    
   1.18900001      0.268247604    
   1.18950009      0.267939627    
   1.19000006      0.267631650    
   1.19050002      0.267323673    
   1.19100010      0.267015696    
   1.19150007      0.266707718    
   1.19200003      0.266399741    
   1.19250011      0.266091764    
   1.19300008      0.265783787    
   1.19350004      0.265475810    
   1.19400001      0.265167832    
   1.19450009      0.264859885    
   1.19500005      0.264551908    
   1.19550002      0.264243931    
   1.19600010      0.263935953    
   1.19650006      0.263627976    
   1.19700003      0.263319999    
   1.19750011      0.263012022    
   1.19800007      0.262704045    
   1.19850004      0.262396067    
   1.19900000      0.262088090    
   1.19950008      0.261780113    
   1.20000005      0.261472136    
   1.20050001      0.261164159    
   1.20100009      0.260856181    
   1.20150006      0.260548204    
   1.20200002      0.260240227    
   1.20250010      0.259932250    
   1.20300007      0.259624273    
   1.20350003      0.259316295    
   1.20400012      0.259008318    
   1.20450008      0.258700341    
   1.20500004      0.258392364    
   1.20550001      0.258084387    
   1.20600009      0.257776409    
   1.20650005      0.257468432    
   1.20700002      0.257160455    
   1.20750010      0.256852478    
   1.20800006      0.256544501    
   1.20850003      0.256236523    
   1.20900011      0.255928546    
   1.20950007      0.255620569    
   1.21000004      0.255312592    
   1.21050000      0.255004615    
   1.21100008      0.254696637    
   1.21150005      0.254388660    
   1.21200001      0.254080683    
   1.21250010      0.253772706    
   1.21300006      0.253464729    
   1.21350002      0.253156751    
   1.21400011      0.252848774    
   1.21450007      0.252540797    
   1.21500003      0.252232820    
   1.21550012      0.251924843    
   1.21600008      0.251616865    
   1.21650004      0.251308888    
   1.21700001      0.251000911    
   1.21750009      0.250692934    
   1.21800005      0.250384957    
   1.21850002      0.250076979    
   1.21900010      0.249769017    
   1.21950006      0.249461040    
   1.22000003      0.249153063    
   1.22050011      0.248845086    
   1.22100008      0.248537108    
   1.22150004      0.248229131    
   1.22200000      0.247921154    
   1.22250009      0.247613177    
   1.22300005      0.247305200    
   1.22350001      0.246997222    
   1.22400010      0.246689245    
   1.22450006      0.246381268    
   1.22500002      0.246073306    
   1.22550011      0.245765328    
   1.22600007      0.245457351    
   1.22650003      0.245149374    
   1.22700012      0.244841397    
   1.22750008      0.244533420    
   1.22800004      0.244225442    
   1.22850001      0.243917465    
   1.22900009      0.243609488    
   1.22950006      0.243301511    
   1.23000002      0.242993534    
   1.23050010      0.242685556    
   1.23100007      0.242377579    
   1.23150003      0.242069602    
   1.23200011      0.241761625    
   1.23250008      0.241453648    
   1.23300004      0.241145670    
   1.23350000      0.240837693    
   1.23400009      0.240529716    
   1.23450005      0.240221739    
   1.23500001      0.239913762    
   1.23550010      0.239605784    
   1.23600006      0.239297807    
   1.23650002      0.238989830    
   1.23700011      0.238681853    
   1.23750007      0.238373891    
   1.23800004      0.238065913    
   1.23850012      0.237757936    
   1.23900008      0.237449959    
   1.23950005      0.237141982    
   1.24000001      0.236834005    
   1.24050009      0.236526027    
   1.24100006      0.236218050    
   1.24150002      0.235910073    
   1.24200010      0.235602096    
   1.24250007      0.235294119    
   1.24300003      0.234986141    
   1.24350011      0.234678164    
   1.24400008      0.234370187    
   1.24450004      0.234062210    
   1.24500000      0.233754233    
   1.24550009      0.233446255    
   1.24600005      0.233138278    
   1.24650002      0.232830301    
   1.24700010      0.232522324    
   1.24750006      0.232214347    
   1.24800003      0.231906369    
   1.24850011      0.231598392    
   1.24900007      0.231290415    
   1.24950004      0.230982453    
   1.25000000      0.230674475    
   1.25050008      0.230366498    
   1.25100005      0.230058521    
   1.25150001      0.229750544    
   1.25200009      0.229442567    
   1.25250006      0.229134589    
   1.25300002      0.228826612    
   1.25350010      0.228518635    
   1.25400007      0.228210658    
   1.25450003      0.227902681    
   1.25500011      0.227594703    
   1.25550008      0.227286726    
   1.25600004      0.226978749    
   1.25650001      0.226670772    
   1.25700009      0.226362795    
   1.25750005      0.226054817    
   1.25800002      0.225746840    
   1.25850010      0.225438863    
   1.25900006      0.225130886    
   1.25950003      0.224822909    
   1.26000011      0.224514931    
   1.26050007      0.224206954    
   1.26100004      0.223898977    
   1.26150000      0.223591000    
   1.26200008      0.223283038    
   1.26250005      0.222975060    
   1.26300001      0.222667083    
   1.26350009      0.222359106    
   1.26400006      0.222051129    
   1.26450002      0.221743152    
   1.26500010      0.221435174    
   1.26550007      0.221127197    
   1.26600003      0.220819220    
   1.26650012      0.220511243    
   1.26700008      0.220203266    
   1.26750004      0.219895288    
   1.26800001      0.219587311    
   1.26850009      0.219279334    
   1.26900005      0.218971357    
   1.26950002      0.218663380    
   1.27000010      0.218355402    
   1.27050006      0.218047425    
   1.27100003      0.217739448    
   1.27150011      0.217431471    
   1.27200007      0.217123494    
   1.27250004      0.216815516    
   1.27300000      0.216507539    
   1.27350008      0.216199562    
   1.27400005      0.215891600    
   1.27450001      0.215583622    
   1.27500010      0.215275645    
   1.27550006      0.214967668    
   1.27600002      0.214659691    
   1.27650011      0.214351714    
   1.27700007      0.214043736    
   1.27750003      0.213735759    
   1.27800012      0.213427782    
   1.27850008      0.213119805    
   1.27900004      0.212811828    
   1.27950001      0.212503850    
   1.28000009      0.212195873    
   1.28050005      0.211887896    
   1.28100002      0.211579919    
   1.28150010      0.211271942    
   1.28200006      0.210963964    
   1.28250003      0.210655987    
   1.28300011      0.210348010    
   1.28350008      0.210040033    
   1.28400004      0.209732056    
   1.28450000      0.209424078    
   1.28500009      0.209116101    
   1.28550005      0.208808124    
   1.28600001      0.208500147    
   1.28650010      0.208192185    
   1.28700006      0.207884207    
   1.28750002      0.207576230    
   1.28800011      0.207268253    
   1.28850007      0.206960276    
   1.28900003      0.206652299    
   1.28950012      0.206344321    
   1.29000008      0.206036344    
   1.29050004      0.205728367    
   1.29100001      0.205420390    
   1.29150009      0.205112413    
   1.29200006      0.204804435    
   1.29250002      0.204496458    
   1.29300010      0.204188481    
   1.29350007      0.203880504    
   1.29400003      0.203572527    
   1.29450011      0.203264549    
   1.29500008      0.202956572    
   1.29550004      0.202648595    
   1.29600000      0.202340618    
   1.29650009      0.202032641    
   1.29700005      0.201724663    
   1.29750001      0.201416686    
   1.29800010      0.201108709    
   1.29850006      0.200800732    
   1.29900002      0.200492769    
   1.29950011      0.200184792    
