   0.00000000      -1.54680375E-03
   5.00000024E-04  -9.31685604E-03
   1.00000005E-03  -1.40080089E-02
   1.50000001E-03  -2.02973299E-02
   2.00000009E-03  -3.29958983E-02
   2.50000018E-03  -4.10151929E-02
   3.00000003E-03  -5.23513779E-02
   3.50000011E-03  -6.05280437E-02
   4.00000019E-03  -8.21056366E-02
   4.50000027E-03  -9.05302912E-02
   5.00000035E-03 -0.100734413    
   5.50000044E-03 -0.116238669    
   6.00000005E-03 -0.131987020    
   6.50000013E-03 -0.144409508    
   7.00000022E-03 -0.153378189    
   7.50000030E-03 -0.162428021    
   8.00000038E-03 -0.167897478    
   8.50000046E-03 -0.175236955    
   9.00000054E-03 -0.177080289    
   9.50000063E-03 -0.182630688    
   1.00000007E-02 -0.186348200    
   1.05000008E-02 -0.188212141    
   1.10000009E-02 -0.191950426    
   1.15000010E-02 -0.197584301    
   1.20000001E-02 -0.199469328    
   1.25000002E-02 -0.205145761    
   1.30000003E-02 -0.207045108    
   1.35000004E-02 -0.210854590    
   1.40000004E-02 -0.218517452    
   1.45000005E-02 -0.220442399    
   1.50000006E-02 -0.222371057    
   1.55000007E-02 -0.230123028    
   1.60000008E-02 -0.234021693    
   1.64999999E-02 -0.237935558    
   1.70000009E-02 -0.237935558    
   1.75000001E-02 -0.237935558    
   1.80000011E-02 -0.239898279    
   1.85000002E-02 -0.241864875    
   1.90000013E-02 -0.243835256    
   1.95000004E-02 -0.243835256    
   2.00000014E-02 -0.245809600    
   2.05000006E-02 -0.245809600    
   2.10000016E-02 -0.249770045    
   2.15000007E-02 -0.251756161    
   2.20000017E-02 -0.251756161    
   2.25000009E-02 -0.251756161    
   2.30000019E-02 -0.251756161    
   2.35000011E-02 -0.255740166    
   2.40000002E-02 -0.255740166    
   2.45000012E-02 -0.255740166    
   2.50000004E-02 -0.257738203    
   2.55000014E-02 -0.257738203    
   2.60000005E-02 -0.259740233    
   2.65000015E-02 -0.263756245    
   2.70000007E-02 -0.263756245    
   2.75000017E-02 -0.263756245    
   2.80000009E-02 -0.263756245    
   2.85000019E-02 -0.263756245    
   2.90000010E-02 -0.267788529    
   2.95000020E-02 -0.269810796    
   3.00000012E-02 -0.271837085    
   3.05000022E-02 -0.271837085    
   3.10000014E-02 -0.271837085    
   3.15000005E-02 -0.271837085    
   3.20000015E-02 -0.275902152    
   3.25000025E-02 -0.277940929    
   3.29999998E-02 -0.277940929    
   3.35000008E-02 -0.277940929    
   3.40000018E-02 -0.282030851    
   3.45000029E-02 -0.286137670    
   3.50000001E-02 -0.290261358    
   3.55000012E-02 -0.296479046    
   3.60000022E-02 -0.298560232    
   3.65000032E-02 -0.298560232    
   3.70000005E-02 -0.302735537    
   3.75000015E-02 -0.306928456    
   3.80000025E-02 -0.311138958    
   3.85000035E-02 -0.311138958    
   3.90000008E-02 -0.311138958    
   3.95000018E-02 -0.315367311    
   4.00000028E-02 -0.317488223    
   4.05000001E-02 -0.317488223    
   4.10000011E-02 -0.319613576    
   4.15000021E-02 -0.328160703    
   4.20000032E-02 -0.334619254    
   4.25000004E-02 -0.334619254    
   4.30000015E-02 -0.338948220    
   4.35000025E-02 -0.347662926    
   4.40000035E-02 -0.347662926    
   4.45000008E-02 -0.349853456    
   4.50000018E-02 -0.349853456    
   4.55000028E-02 -0.352048874    
   4.60000038E-02 -0.352048874    
   4.65000011E-02 -0.354249090    
   4.70000021E-02 -0.354249090    
   4.75000031E-02 -0.354249090    
   4.80000004E-02 -0.360878944    
   4.85000014E-02 -0.367553085    
   4.90000024E-02 -0.367553085    
   4.95000035E-02 -0.369787663    
   5.00000007E-02 -0.369787663    
   5.05000018E-02 -0.369787663    
   5.10000028E-02 -0.372027338    
   5.15000038E-02 -0.374272019    
   5.20000011E-02 -0.376521766    
   5.25000021E-02 -0.378776550    
   5.30000031E-02 -0.378776550    
   5.35000041E-02 -0.378776550    
   5.40000014E-02 -0.381036401    
   5.45000024E-02 -0.383301407    
   5.50000034E-02 -0.385571569    
   5.55000044E-02 -0.385571569    
   5.60000017E-02 -0.385571569    
   5.65000027E-02 -0.390127331    
   5.70000038E-02 -0.390127331    
   5.75000010E-02 -0.390127331    
   5.80000021E-02 -0.394704044    
   5.85000031E-02 -0.397000283    
   5.90000041E-02 -0.399301797    
   5.95000014E-02 -0.399301797    
   6.00000024E-02 -0.403920680    
   6.05000034E-02 -0.406238198    
   6.10000044E-02 -0.410889328    
   6.15000017E-02 -0.410889328    
   6.20000027E-02 -0.410889328    
   6.25000000E-02 -0.410889328    
   6.30000010E-02 -0.413223058    
   6.35000020E-02 -0.413223058    
   6.40000030E-02 -0.413223058    
   6.45000041E-02 -0.413223058    
   6.50000051E-02 -0.415562272    
   6.55000061E-02 -0.415562272    
   6.59999996E-02 -0.417906970    
   6.65000007E-02 -0.420257151    
   6.70000017E-02 -0.420257151    
   6.75000027E-02 -0.420257151    
   6.80000037E-02 -0.422612816    
   6.85000047E-02 -0.422612816    
   6.90000057E-02 -0.422612816    
   6.95000067E-02 -0.422612816    
   7.00000003E-02 -0.422612816    
   7.05000013E-02 -0.427340984    
   7.10000023E-02 -0.427340984    
   7.15000033E-02 -0.427340984    
   7.20000044E-02 -0.427340984    
   7.25000054E-02 -0.432091624    
   7.30000064E-02 -0.432091624    
   7.34999999E-02 -0.432091624    
   7.40000010E-02 -0.434475332    
   7.45000020E-02 -0.434475332    
   7.50000030E-02 -0.439260095    
   7.55000040E-02 -0.441661060    
   7.60000050E-02 -0.441661060    
   7.65000060E-02 -0.444067717    
   7.70000070E-02 -0.444067717    
   7.75000006E-02 -0.446480304    
   7.80000016E-02 -0.448898703    
   7.85000026E-02 -0.451322973    
   7.90000036E-02 -0.451322973    
   7.95000046E-02 -0.453753114    
   8.00000057E-02 -0.458631128    
   8.05000067E-02 -0.458631128    
   8.10000002E-02 -0.458631128    
   8.15000013E-02 -0.463533133    
   8.20000023E-02 -0.463533133    
   8.25000033E-02 -0.463533133    
   8.30000043E-02 -0.468459189    
   8.35000053E-02 -0.470931411    
   8.40000063E-02 -0.470931411    
   8.45000073E-02 -0.470931411    
   8.50000009E-02 -0.473409772    
   8.55000019E-02 -0.473409772    
   8.60000029E-02 -0.473409772    
   8.65000039E-02 -0.473409772    
   8.70000049E-02 -0.473409772    
   8.75000060E-02 -0.473409772    
   8.80000070E-02 -0.473409772    
   8.85000005E-02 -0.473409772    
   8.90000015E-02 -0.475894243    
   8.95000026E-02 -0.478384823    
   9.00000036E-02 -0.483384877    
   9.05000046E-02 -0.485894322    
   9.10000056E-02 -0.488410056    
   9.15000066E-02 -0.490932047    
   9.20000076E-02 -0.490932047    
   9.25000012E-02 -0.495995402    
   9.30000022E-02 -0.495995402    
   9.35000032E-02 -0.495995402    
   9.40000042E-02 -0.498536706    
   9.45000052E-02 -0.501084447    
   9.50000063E-02 -0.501084447    
   9.55000073E-02 -0.501084447    
   9.60000008E-02 -0.501084447    
   9.65000018E-02 -0.503638744    
   9.70000029E-02 -0.503638744    
   9.75000039E-02 -0.503638744    
   9.80000049E-02 -0.506199539    
   9.85000059E-02 -0.506199539    
   9.90000069E-02 -0.508767009    
   9.95000079E-02 -0.508767009    
  0.100000001     -0.508767009    
  0.100500003     -0.513921559    
  0.101000004     -0.516508937    
  0.101500005     -0.516508937    
  0.102000006     -0.516508937    
  0.102500007     -0.519102991    
  0.103000008     -0.519102991    
  0.103500009     -0.524311244    
  0.104000002     -0.524311244    
  0.104500003     -0.526925683    
  0.105000004     -0.526925683    
  0.105500005     -0.526925683    
  0.106000006     -0.526925683    
  0.106500007     -0.526925683    
  0.107000008     -0.526925683    
  0.107500002     -0.526925683    
  0.108000003     -0.526925683    
  0.108500004     -0.529546916    
  0.109000005     -0.529546916    
  0.109500006     -0.529546916    
  0.110000007     -0.529546916    
  0.110500008     -0.529546916    
  0.111000009     -0.529546916    
  0.111500002     -0.532175064    
  0.112000003     -0.532175064    
  0.112500004     -0.534810126    
  0.113000005     -0.537452042    
  0.113500006     -0.540101111    
  0.114000008     -0.540101111    
  0.114500009     -0.540101111    
  0.115000002     -0.540101111    
  0.115500003     -0.542757154    
  0.116000004     -0.542757154    
  0.116500005     -0.545420289    
  0.117000006     -0.550767839    
  0.117500007     -0.550767839    
  0.118000008     -0.550767839    
  0.118500009     -0.550767839    
  0.119000003     -0.550767839    
  0.119500004     -0.550767839    
  0.120000005     -0.550767839    
  0.120500006     -0.550767839    
  0.121000007     -0.550767839    
  0.121500008     -0.550767839    
  0.122000009     -0.550767839    
  0.122500002     -0.553452432    
  0.123000003     -0.558843315    
  0.123500004     -0.558843315    
  0.124000005     -0.558843315    
  0.124500006     -0.561549604    
  0.125000000     -0.561549604    
  0.125500008     -0.561549604    
  0.126000002     -0.561549604    
  0.126500010     -0.561549604    
  0.127000004     -0.564263344    
  0.127500013     -0.566984415    
  0.128000006     -0.566984415    
  0.128500000     -0.566984415    
  0.129000008     -0.569712996    
  0.129500002     -0.569712996    
  0.130000010     -0.569712996    
  0.130500004     -0.569712996    
  0.131000012     -0.575192392    
  0.131500006     -0.577943444    
  0.131999999     -0.577943444    
  0.132500008     -0.577943444    
  0.133000001     -0.577943444    
  0.133500010     -0.583468378    
  0.134000003     -0.586242199    
  0.134500012     -0.586242199    
  0.135000005     -0.589023888    
  0.135500014     -0.589023888    
  0.136000007     -0.589023888    
  0.136500001     -0.589023888    
  0.137000009     -0.589023888    
  0.137500003     -0.589023888    
  0.138000011     -0.589023888    
  0.138500005     -0.589023888    
  0.139000013     -0.589023888    
  0.139500007     -0.589023888    
  0.140000001     -0.594610512    
  0.140500009     -0.597415626    
  0.141000003     -0.597415626    
  0.141500011     -0.597415626    
  0.142000005     -0.597415626    
  0.142500013     -0.597415626    
  0.143000007     -0.597415626    
  0.143500000     -0.597415626    
  0.144000009     -0.603049397    
  0.144500002     -0.603049397    
  0.145000011     -0.603049397    
  0.145500004     -0.603049397    
  0.146000013     -0.605878234    
  0.146500006     -0.605878234    
  0.147000000     -0.605878234    
  0.147500008     -0.608715177    
  0.148000002     -0.608715177    
  0.148500010     -0.611559987    
  0.149000004     -0.611559987    
  0.149500012     -0.611559987    
  0.150000006     -0.611559987    
  0.150500014     -0.611559987    
  0.151000008     -0.614413142    
  0.151500002     -0.614413142    
  0.152000010     -0.617274344    
  0.152500004     -0.617274344    
  0.153000012     -0.617274344    
  0.153500006     -0.617274344    
  0.154000014     -0.620143831    
  0.154500008     -0.620143831    
  0.155000001     -0.620143831    
  0.155500010     -0.620143831    
  0.156000003     -0.620143831    
  0.156500012     -0.620143831    
  0.157000005     -0.620143831    
  0.157500014     -0.623021543    
  0.158000007     -0.623021543    
  0.158500001     -0.625907481    
  0.159000009     -0.625907481    
  0.159500003     -0.631704628    
  0.160000011     -0.631704628    
  0.160500005     -0.634615898    
  0.161000013     -0.634615898    
  0.161500007     -0.634615898    
  0.162000000     -0.637535632    
  0.162500009     -0.637535632    
  0.163000003     -0.637535632    
  0.163500011     -0.637535632    
  0.164000005     -0.637535632    
  0.164500013     -0.637535632    
  0.165000007     -0.640463769    
  0.165500015     -0.646346211    
  0.166000009     -0.646346211    
  0.166500002     -0.649300456    
  0.167000011     -0.649300456    
  0.167500004     -0.649300456    
  0.168000013     -0.649300456    
  0.168500006     -0.652263284    
  0.169000015     -0.658215761    
  0.169500008     -0.658215761    
  0.170000002     -0.658215761    
  0.170500010     -0.658215761    
  0.171000004     -0.658215761    
  0.171500012     -0.658215761    
  0.172000006     -0.661205351    
  0.172500014     -0.661205351    
  0.173000008     -0.661205351    
  0.173500001     -0.661205351    
  0.174000010     -0.661205351    
  0.174500003     -0.664203882    
  0.175000012     -0.667211294    
  0.175500005     -0.667211294    
  0.176000014     -0.670227885    
  0.176500008     -0.670227885    
  0.177000001     -0.673253655    
  0.177500010     -0.676288605    
  0.178000003     -0.676288605    
  0.178500012     -0.676288605    
  0.179000005     -0.676288605    
  0.179500014     -0.679332614    
  0.180000007     -0.679332614    
  0.180500016     -0.679332614    
  0.181000009     -0.679332614    
  0.181500003     -0.682386100    
  0.182000011     -0.685448885    
  0.182500005     -0.685448885    
  0.183000013     -0.685448885    
  0.183500007     -0.685448885    
  0.184000015     -0.691602826    
  0.184500009     -0.691602826    
  0.185000002     -0.691602826    
  0.185500011     -0.691602826    
  0.186000004     -0.691602826    
  0.186500013     -0.694693983    
  0.187000006     -0.694693983    
  0.187500015     -0.697794735    
  0.188000008     -0.697794735    
  0.188500002     -0.697794735    
  0.189000010     -0.697794735    
  0.189500004     -0.697794735    
  0.190000013     -0.700905204    
  0.190500006     -0.700905204    
  0.191000015     -0.700905204    
  0.191500008     -0.700905204    
  0.192000002     -0.700905204    
  0.192500010     -0.700905204    
  0.193000004     -0.700905204    
  0.193500012     -0.700905204    
  0.194000006     -0.700905204    
  0.194500014     -0.700905204    
  0.195000008     -0.704025269    
  0.195500016     -0.704025269    
  0.196000010     -0.704025269    
  0.196500003     -0.707155168    
  0.197000012     -0.707155168    
  0.197500005     -0.707155168    
  0.198000014     -0.707155168    
  0.198500007     -0.707155168    
  0.199000016     -0.707155168    
  0.199500009     -0.707155168    
