   0.00000000       1.00001132    
   5.00000024E-04  0.997852623    
   1.00000005E-03  0.995711863    
   1.50000001E-03  0.993593931    
   2.00000009E-03  0.991514981    
   2.50000018E-03  0.989519954    
   3.00000003E-03  0.987627268    
   3.50000011E-03  0.985793352    
   4.00000019E-03  0.984110653    
   4.50000027E-03  0.982525229    
   5.00000035E-03  0.981024623    
   5.50000044E-03  0.979592860    
   6.00000005E-03  0.978267670    
   6.50000013E-03  0.977015018    
   7.00000022E-03  0.975806773    
   7.50000030E-03  0.974642992    
   8.00000038E-03  0.973440647    
   8.50000046E-03  0.972241044    
   9.00000054E-03  0.971015930    
   9.50000063E-03  0.969776571    
   1.00000007E-02  0.968531787    
   1.05000008E-02  0.967256784    
   1.10000009E-02  0.966009676    
   1.15000010E-02  0.964778006    
   1.20000001E-02  0.963565707    
   1.25000002E-02  0.962405920    
   1.30000003E-02  0.961295962    
   1.35000004E-02  0.960258901    
   1.40000004E-02  0.959304512    
   1.45000005E-02  0.958411574    
   1.50000006E-02  0.957547009    
   1.55000007E-02  0.956723094    
   1.60000008E-02  0.955931842    
   1.64999999E-02  0.955135584    
   1.70000009E-02  0.954376340    
   1.75000001E-02  0.953595221    
   1.80000011E-02  0.952809334    
   1.85000002E-02  0.952009737    
   1.90000013E-02  0.951205552    
   1.95000004E-02  0.950387657    
   2.00000014E-02  0.949535370    
   2.05000006E-02  0.948703349    
   2.10000016E-02  0.947882950    
   2.15000007E-02  0.947099447    
   2.20000017E-02  0.946357608    
   2.25000009E-02  0.945631087    
   2.30000019E-02  0.944942296    
   2.35000011E-02  0.944302857    
   2.40000002E-02  0.943700850    
   2.45000012E-02  0.943132341    
   2.50000004E-02  0.942587554    
   2.55000014E-02  0.942068219    
   2.60000005E-02  0.941569328    
   2.65000015E-02  0.941036165    
   2.70000007E-02  0.940515161    
   2.75000017E-02  0.939997554    
   2.80000009E-02  0.939475238    
   2.85000019E-02  0.938935578    
   2.90000010E-02  0.938412428    
   2.95000020E-02  0.937875926    
   3.00000012E-02  0.937364459    
   3.05000022E-02  0.936852276    
   3.10000014E-02  0.936377525    
   3.15000005E-02  0.935923815    
   3.20000015E-02  0.935507417    
   3.25000025E-02  0.935137868    
   3.29999998E-02  0.934810042    
   3.35000008E-02  0.934520423    
   3.40000018E-02  0.934264302    
   3.45000029E-02  0.934016645    
   3.50000001E-02  0.933789730    
   3.55000012E-02  0.933558166    
   3.60000022E-02  0.933331490    
   3.65000032E-02  0.933090687    
   3.70000005E-02  0.932850480    
   3.75000015E-02  0.932596564    
   3.80000025E-02  0.932321429    
   3.85000035E-02  0.932045877    
   3.90000008E-02  0.931778848    
   3.95000018E-02  0.931523919    
   4.00000028E-02  0.931286335    
   4.05000001E-02  0.931047976    
   4.10000011E-02  0.930852592    
   4.15000021E-02  0.930682838    
   4.20000032E-02  0.930525541    
   4.25000004E-02  0.930385172    
   4.30000015E-02  0.930249214    
   4.35000025E-02  0.930117011    
   4.40000035E-02  0.930010676    
   4.45000008E-02  0.929912865    
   4.50000018E-02  0.929823458    
   4.55000028E-02  0.929729521    
   4.60000038E-02  0.929609954    
   4.65000011E-02  0.929481506    
   4.70000021E-02  0.929331362    
   4.75000031E-02  0.929168165    
   4.80000004E-02  0.929000378    
   4.85000014E-02  0.928832591    
   4.90000024E-02  0.928668618    
   4.95000035E-02  0.928526402    
   5.00000007E-02  0.928409815    
   5.05000018E-02  0.928310633    
   5.10000028E-02  0.928207040    
   5.15000038E-02  0.928124726    
   5.20000011E-02  0.928072929    
   5.25000021E-02  0.928016603    
   5.30000031E-02  0.927977741    
   5.35000041E-02  0.927934289    
   5.40000014E-02  0.927899122    
   5.45000024E-02  0.927851200    
   5.50000034E-02  0.927812219    
   5.55000044E-02  0.927773058    
   5.60000017E-02  0.927738011    
   5.65000027E-02  0.927698374    
   5.70000038E-02  0.927650630    
   5.75000010E-02  0.927593529    
   5.80000021E-02  0.927545488    
   5.85000031E-02  0.927492976    
   5.90000041E-02  0.927444577    
   5.95000014E-02  0.927396178    
   6.00000024E-02  0.927352011    
   6.05000034E-02  0.927321255    
   6.10000044E-02  0.927281320    
   6.15000017E-02  0.927237093    
   6.20000027E-02  0.927171290    
   6.25000000E-02  0.927100539    
   6.30000010E-02  0.927016556    
   6.35000020E-02  0.926932991    
   6.40000030E-02  0.926844597    
   6.45000041E-02  0.926742792    
   6.50000051E-02  0.926614761    
   6.55000061E-02  0.926473320    
   6.59999996E-02  0.926331699    
   6.65000007E-02  0.926185608    
   6.70000017E-02  0.926030338    
   6.75000027E-02  0.925866485    
   6.80000037E-02  0.925693274    
   6.85000047E-02  0.925524235    
   6.90000057E-02  0.925368845    
   6.95000067E-02  0.925208271    
   7.00000003E-02  0.925061047    
   7.05000013E-02  0.924900174    
   7.10000023E-02  0.924748182    
   7.15000033E-02  0.924600542    
   7.20000044E-02  0.924479187    
   7.25000054E-02  0.924330890    
   7.30000064E-02  0.924182773    
   7.34999999E-02  0.924034178    
   7.40000010E-02  0.923877001    
   7.45000020E-02  0.923719168    
   7.50000030E-02  0.923570037    
   7.55000040E-02  0.923421144    
   7.60000050E-02  0.923294127    
   7.65000060E-02  0.923162878    
   7.70000070E-02  0.923018038    
   7.75000006E-02  0.922867835    
   7.80000016E-02  0.922709048    
   7.85000026E-02  0.922564030    
   7.90000036E-02  0.922422588    
   7.95000046E-02  0.922298789    
   8.00000057E-02  0.922170818    
   8.05000067E-02  0.922046840    
   8.10000002E-02  0.921900392    
   8.15000013E-02  0.921740770    
   8.20000023E-02  0.921585143    
   8.25000033E-02  0.921411097    
   8.30000043E-02  0.921210885    
   8.35000053E-02  0.920996308    
   8.40000063E-02  0.920777202    
   8.45000073E-02  0.920553088    
   8.50000009E-02  0.920320153    
   8.55000019E-02  0.920059919    
   8.60000029E-02  0.919790328    
   8.65000039E-02  0.919520438    
   8.70000049E-02  0.919236779    
   8.75000060E-02  0.918939352    
   8.80000070E-02  0.918650627    
   8.85000005E-02  0.918347776    
   8.90000015E-02  0.918049455    
   8.95000026E-02  0.917746305    
   9.00000036E-02  0.917456269    
   9.05000046E-02  0.917170107    
   9.10000056E-02  0.916888356    
   9.15000066E-02  0.916606367    
   9.20000076E-02  0.916337669    
   9.25000012E-02  0.916077495    
   9.30000022E-02  0.915831029    
   9.35000032E-02  0.915588856    
   9.40000042E-02  0.915346086    
   9.45000052E-02  0.915075898    
   9.50000063E-02  0.914814532    
   9.55000073E-02  0.914561570    
   9.60000008E-02  0.914327085    
   9.65000018E-02  0.914096713    
   9.70000029E-02  0.913870335    
   9.75000039E-02  0.913653433    
   9.80000049E-02  0.913426876    
   9.85000059E-02  0.913186312    
   9.90000069E-02  0.912936389    
   9.95000079E-02  0.912704289    
  0.100000001      0.912481248    
  0.100500003      0.912258327    
  0.101000004      0.912043273    
  0.101500005      0.911837935    
  0.102000006      0.911650658    
  0.102500007      0.911458731    
  0.103000008      0.911279619    
  0.103500009      0.911087096    
  0.104000002      0.910898805    
  0.104500003      0.910705447    
  0.105000004      0.910530627    
  0.105500005      0.910360396    
  0.106000006      0.910216808    
  0.106500007      0.910060108    
  0.107000008      0.909902573    
  0.107500002      0.909735918    
  0.108000003      0.909541845    
  0.108500004      0.909346759    
  0.109000005      0.909165561    
  0.109500006      0.908965766    
  0.110000007      0.908761203    
  0.110500008      0.908565998    
  0.111000009      0.908360481    
  0.111500002      0.908160090    
  0.112000003      0.907963693    
  0.112500004      0.907776356    
  0.113000005      0.907607496    
  0.113500006      0.907466173    
  0.114000008      0.907324731    
  0.114500009      0.907187760    
  0.115000002      0.907055259    
  0.115500003      0.906927228    
  0.116000004      0.906789958    
  0.116500005      0.906680524    
  0.117000006      0.906570613    
  0.117500007      0.906460583    
  0.118000008      0.906313241    
  0.118500009      0.906165719    
  0.119000003      0.906027496    
  0.119500004      0.905879736    
  0.120000005      0.905731261    
  0.120500006      0.905583560    
  0.121000007      0.905463040    
  0.121500008      0.905337870    
  0.122000009      0.905226648    
  0.122500002      0.905129671    
  0.123000003      0.905022860    
  0.123500004      0.904920578    
  0.124000005      0.904818237    
  0.124500006      0.904711306    
  0.125000000      0.904622495    
  0.125500008      0.904529631    
  0.126000002      0.904440880    
  0.126500010      0.904342651    
  0.127000004      0.904239774    
  0.127500013      0.904141486    
  0.128000006      0.904042661    
  0.128500000      0.903929770    
  0.129000008      0.903822005    
  0.129500002      0.903727710    
  0.130000010      0.903633475    
  0.130500004      0.903543651    
  0.131000012      0.903487146    
  0.131500006      0.903430521    
  0.131999999      0.903383195    
  0.132500008      0.903326452    
  0.133000001      0.903269589    
  0.133500010      0.903202891    
  0.134000003      0.903117657    
  0.134500012      0.903031766    
  0.135000005      0.902936876    
  0.135500014      0.902831733    
  0.136000007      0.902726829    
  0.136500001      0.902631164    
  0.137000009      0.902512193    
  0.137500003      0.902373374    
  0.138000011      0.902224779    
  0.138500005      0.902081132    
  0.139000013      0.901927829    
  0.139500007      0.901793242    
  0.140000001      0.901668251    
  0.140500009      0.901580989    
  0.141000003      0.901479602    
  0.141500011      0.901382625    
  0.142000005      0.901280880    
  0.142500013      0.901174188    
  0.143000007      0.901091397    
  0.143500000      0.901008725    
  0.144000009      0.900901616    
  0.144500002      0.900789618    
  0.145000011      0.900663316    
  0.145500004      0.900555789    
  0.146000013      0.900433779    
  0.146500006      0.900321662    
  0.147000000      0.900203884    
  0.147500008      0.900052667    
  0.148000002      0.899901330    
  0.148500010      0.899764299    
  0.149000004      0.899646282    
  0.149500012      0.899537504    
  0.150000006      0.899429321    
  0.150500014      0.899300992    
  0.151000008      0.899182379    
  0.151500002      0.899073303    
  0.152000010      0.898964345    
  0.152500004      0.898865104    
  0.153000012      0.898750603    
  0.153500006      0.898640633    
  0.154000014      0.898536444    
  0.154500008      0.898450792    
  0.155000001      0.898364902    
  0.155500010      0.898254991    
  0.156000003      0.898144901    
  0.156500012      0.898039639    
  0.157000005      0.897905052    
  0.157500014      0.897784412    
  0.158000007      0.897654355    
  0.158500001      0.897538424    
  0.159000009      0.897447228    
  0.159500003      0.897365451    
  0.160000011      0.897288501    
  0.160500005      0.897231221    
  0.161000013      0.897188544    
  0.161500007      0.897140026    
  0.162000000      0.897087574    
  0.162500009      0.897054553    
  0.163000003      0.897001326    
  0.163500011      0.896933913    
  0.164000005      0.896860957    
  0.164500013      0.896768987    
  0.165000007      0.896676421    
  0.165500015      0.896573663    
  0.166000009      0.896485806    
  0.166500002      0.896397889    
  0.167000011      0.896304965    
  0.167500004      0.896207094    
  0.168000013      0.896138370    
  0.168500006      0.896084905    
  0.169000015      0.896020949    
  0.169500008      0.895962119    
  0.170000002      0.895903230    
  0.170500010      0.895849347    
  0.171000004      0.895785213    
  0.171500012      0.895711124    
  0.172000006      0.895631969    
  0.172500014      0.895557761    
  0.173000008      0.895493448    
  0.173500001      0.895428836    
  0.174000010      0.895359755    
  0.174500003      0.895290136    
  0.175000012      0.895230412    
  0.175500005      0.895170689    
  0.176000014      0.895110548    
  0.176500008      0.895015895    
  0.177000001      0.894925714    
  0.177500010      0.894831061    
  0.178000003      0.894755960    
  0.178500012      0.894680381    
  0.179000005      0.894620121    
  0.179500014      0.894554436    
  0.180000007      0.894508898    
  0.180500016      0.894463480    
  0.181000009      0.894428015    
  0.181500003      0.894392610    
  0.182000011      0.894356966    
  0.182500005      0.894316018    
  0.183000013      0.894270241    
  0.183500007      0.894234538    
  0.184000015      0.894209087    
  0.184500009      0.894178033    
  0.185000002      0.894136906    
  0.185500011      0.894086182    
  0.186000004      0.894030094    
  0.186500013      0.893968463    
  0.187000006      0.893891990    
  0.187500015      0.893810213    
  0.188000008      0.893723607    
  0.188500002      0.893656790    
  0.189000010      0.893594861    
  0.189500004      0.893543303    
  0.190000013      0.893486381    
  0.190500006      0.893429577    
  0.191000015      0.893377721    
  0.191500008      0.893320560    
  0.192000002      0.893268883    
  0.192500010      0.893221617    
  0.193000004      0.893159211    
  0.193500012      0.893086851    
  0.194000006      0.893004000    
  0.194500014      0.892915905    
  0.195000008      0.892838061    
  0.195500016      0.892724156    
  0.196000010      0.892615139    
  0.196500003      0.892501116    
  0.197000012      0.892397285    
  0.197500005      0.892292917    
  0.198000014      0.892183602    
  0.198500007      0.892068923    
  0.199000016      0.891964674    
  0.199500009      0.891844451    
  0.200000003      0.891729414    
  0.200500011      0.891614377    
  0.201000005      0.891509056    
  0.201500013      0.891414225    
  0.202000007      0.891329408    
  0.202500015      0.891229153    
  0.203000009      0.891128838    
  0.203500003      0.891018033    
  0.204000011      0.890912175    
  0.204500005      0.890821636    
  0.205000013      0.890725732    
  0.205500007      0.890614271    
  0.206000015      0.890487194    
  0.206500009      0.890365243    
  0.207000017      0.890248179    
  0.207500011      0.890120566    
  0.208000004      0.889987767    
  0.208500013      0.889865279    
  0.209000006      0.889736831    
  0.209500015      0.889619231    
  0.210000008      0.889496148    
  0.210500017      0.889362454    
  0.211000010      0.889233887    
  0.211500004      0.889094710    
  0.212000012      0.888954818    
  0.212500006      0.888825834    
  0.213000014      0.888691485    
  0.213500008      0.888561785    
  0.214000016      0.888442576    
  0.214500010      0.888328612    
  0.215000004      0.888229847    
  0.215500012      0.888120711    
  0.216000006      0.888011515    
  0.216500014      0.887907147    
  0.217000008      0.887802899    
  0.217500016      0.887698472    
  0.218000010      0.887598991    
  0.218500003      0.887504756    
  0.219000012      0.887420833    
  0.219500005      0.887331724    
  0.220000014      0.887226760    
  0.220500007      0.887126684    
  0.221000016      0.887021184    
  0.221500009      0.886926413    
  0.222000018      0.886815250    
  0.222500011      0.886725366    
  0.223000005      0.886645913    
  0.223500013      0.886566222    
  0.224000007      0.886486828    
  0.224500015      0.886406779    
  0.225000009      0.886337578    
  0.225500017      0.886289537    
  0.226000011      0.886246800    
  0.226500005      0.886209249    
  0.227000013      0.886160553    
  0.227500007      0.886096478    
  0.228000015      0.886021197    
  0.228500009      0.885951400    
  0.229000017      0.885886788    
  0.229500011      0.885816634    
  0.230000004      0.885762751    
  0.230500013      0.885703087    
  0.231000006      0.885616779    
  0.231500015      0.885519981    
  0.232000008      0.885411739    
  0.232500017      0.885314345    
  0.233000010      0.885238230    
  0.233500004      0.885167539    
  0.234000012      0.885118127    
  0.234500006      0.885068834    
  0.235000014      0.885018766    
  0.235500008      0.884958744    
  0.236000016      0.884898007    
  0.236500010      0.884842992    
  0.237000018      0.884782016    
  0.237500012      0.884721518    
  0.238000005      0.884660661    
  0.238500014      0.884600163    
  0.239000008      0.884533525    
  0.239500016      0.884494245    
  0.240000010      0.884438574    
  0.240500018      0.884377182    
  0.241000012      0.884310782    
  0.241500005      0.884260237    
  0.242000014      0.884204090    
  0.242500007      0.884153843    
  0.243000016      0.884097517    
  0.243500009      0.884019375    
  0.244000018      0.883952439    
  0.244500011      0.883885026    
  0.245000005      0.883806944    
  0.245500013      0.883728445    
  0.246000007      0.883655548    
  0.246500015      0.883582652    
  0.247000009      0.883503914    
  0.247500017      0.883414328    
  0.248000011      0.883324206    
  0.248500004      0.883239985    
  0.249000013      0.883155167    
  0.249500006      0.883065283    
  0.250000000      0.882974863    
  0.250500023      0.882884741    
  0.251000017      0.882799745    
  0.251500010      0.882719755    
  0.252000004      0.882640064    
  0.252499998      0.882549465    
  0.253000021      0.882458389    
  0.253500015      0.882361650    
  0.254000008      0.882275999    
  0.254500002      0.882179081    
  0.255000025      0.882087946    
  0.255500019      0.881990671    
  0.256000012      0.881876647    
  0.256500006      0.881762922    
  0.256999999      0.881665409    
  0.257500023      0.881567717    
  0.258000016      0.881453395    
  0.258500010      0.881333411    
  0.259000003      0.881218672    
  0.259500027      0.881109297    
  0.260000020      0.880988717    
  0.260500014      0.880873680    
  0.261000007      0.880764008    
  0.261500001      0.880659640    
  0.262000024      0.880577266    
  0.262500018      0.880483687    
  0.263000011      0.880373299    
  0.263500005      0.880279720    
  0.263999999      0.880191386    
  0.264500022      0.880102873    
  0.265000015      0.880025625    
  0.265500009      0.879925907    
  0.266000003      0.879825950    
  0.266500026      0.879731476    
  0.267000020      0.879642546    
  0.267500013      0.879547536    
  0.268000007      0.879458249    
  0.268500000      0.879363298    
  0.269000024      0.879279435    
  0.269500017      0.879172981    
  0.270000011      0.879043877    
  0.270500004      0.878919840    
  0.271000028      0.878807306    
  0.271500021      0.878700197    
  0.272000015      0.878604174    
  0.272500008      0.878496945    
  0.273000002      0.878395021    
  0.273500025      0.878281713    
  0.274000019      0.878167927    
  0.274500012      0.878054440    
  0.275000006      0.877951920    
  0.275500000      0.877849162    
  0.276000023      0.877746344    
  0.276500016      0.877637982    
  0.277000010      0.877540827    
  0.277500004      0.877443016    
  0.278000027      0.877345145    
  0.278500021      0.877236068    
  0.279000014      0.877144158    
  0.279500008      0.877068460    
  0.280000001      0.877010405    
  0.280500025      0.876952231    
  0.281000018      0.876922190    
  0.281500012      0.876898408    
  0.282000005      0.876868069    
  0.282499999      0.876826823    
  0.283000022      0.876790941    
  0.283500016      0.876749575    
  0.284000009      0.876690745    
  0.284500003      0.876632392    
  0.285000026      0.876572967    
  0.285500020      0.876514077    
  0.286000013      0.876448989    
  0.286500007      0.876372695    
  0.287000000      0.876296222    
  0.287500024      0.876219451    
  0.288000017      0.876154065    
  0.288500011      0.876094639    
  0.289000005      0.876029074    
  0.289500028      0.875969529    
  0.290000021      0.875903845    
  0.290500015      0.875832200    
  0.291000009      0.875766456    
  0.291500002      0.875712037    
  0.292000026      0.875663579    
  0.292500019      0.875609100    
  0.293000013      0.875548720    
  0.293500006      0.875482500    
  0.294000000      0.875421703    
  0.294500023      0.875349700    
  0.295000017      0.875265777    
  0.295500010      0.875193298    
  0.296000004      0.875126660    
  0.296500027      0.875071406    
  0.297000021      0.875022054    
  0.297500014      0.874972343    
  0.298000008      0.874934614    
  0.298500001      0.874891043    
  0.299000025      0.874853194    
  0.299500018      0.874803364    
  0.300000012      0.874747574    
  0.300500005      0.874697864    
  0.301000029      0.874636114    
  0.301500022      0.874574423    
  0.302000016      0.874518454    
  0.302500010      0.874462366    
  0.303000003      0.874412060    
  0.303500026      0.874373674    
  0.304000020      0.874316990    
  0.304500014      0.874231577    
  0.305000007      0.874139488    
  0.305500001      0.874041557    
  0.306000024      0.873943508    
  0.306500018      0.873856962    
  0.307000011      0.873764336    
  0.307500005      0.873671770    
  0.308000028      0.873590887    
  0.308500022      0.873509943    
  0.309000015      0.873434782    
  0.309500009      0.873365641    
  0.310000002      0.873284042    
  0.310500026      0.873196900    
  0.311000019      0.873121202    
  0.311500013      0.873021483    
  0.312000006      0.872928083    
  0.312500000      0.872833729    
  0.313000023      0.872722149    
  0.313500017      0.872604311    
  0.314000010      0.872479618    
  0.314500004      0.872343183    
  0.315000027      0.872200847    
  0.315500021      0.872063637    
  0.316000015      0.871932507    
  0.316500008      0.871801436    
  0.317000002      0.871663809    
  0.317500025      0.871502340    
  0.318000019      0.871334195    
  0.318500012      0.871160030    
  0.319000006      0.870997548    
  0.319500029      0.870822728    
  0.320000023      0.870647788    
  0.320500016      0.870460033    
  0.321000010      0.870278597    
  0.321500003      0.870096743    
  0.322000027      0.869914711    
  0.322500020      0.869732141    
  0.323000014      0.869543493    
  0.323500007      0.869354248    
  0.324000001      0.869171143    
  0.324500024      0.868999839    
  0.325000018      0.868858695    
  0.325500011      0.868729532    
  0.326000005      0.868587852    
  0.326500028      0.868440032    
  0.327000022      0.868298054    
  0.327500015      0.868155837    
  0.328000009      0.868013561    
  0.328500003      0.867864728    
  0.329000026      0.867715716    
  0.329500020      0.867566407    
  0.330000013      0.867410898    
  0.330500007      0.867267311    
  0.331000030      0.867129862    
  0.331500024      0.867004454    
  0.332000017      0.866890788    
  0.332500011      0.866771162    
  0.333000004      0.866657495    
  0.333500028      0.866543710    
  0.334000021      0.866429746    
  0.334500015      0.866303027    
  0.335000008      0.866176307    
  0.335500002      0.866055608    
  0.336000025      0.865916014    
  0.336500019      0.865794480    
  0.337000012      0.865667284    
  0.337500006      0.865520477    
  0.338000029      0.865368247    
  0.338500023      0.865215302    
  0.339000016      0.865061939    
  0.339500010      0.864895999    
  0.340000004      0.864723682    
  0.340500027      0.864550948    
  0.341000021      0.864371896    
  0.341500014      0.864186108    
  0.342000008      0.863993883    
  0.342500031      0.863795161    
  0.343000025      0.863602638    
  0.343500018      0.863409519    
  0.344000012      0.863241196    
  0.344500005      0.863097727    
  0.345000029      0.862972677    
  0.345500022      0.862853825    
  0.346000016      0.862741292    
  0.346500009      0.862634957    
  0.347000003      0.862540245    
  0.347500026      0.862446010    
  0.348000020      0.862338960    
  0.348500013      0.862232089    
  0.349000007      0.862130880    
  0.349500030      0.862061322    
  0.350000024      0.861985147    
  0.350500017      0.861915171    
  0.351000011      0.861839235    
  0.351500005      0.861769021    
  0.352000028      0.861692548    
  0.352500021      0.861615419    
  0.353000015      0.861526489    
  0.353500009      0.861436665    
  0.354000002      0.861359894    
  0.354500026      0.861295283    
  0.355000019      0.861237347    
  0.355500013      0.861185253    
  0.356000006      0.861133397    
  0.356500030      0.861081421    
  0.357000023      0.861041903    
  0.357500017      0.861015499    
  0.358000010      0.860988796    
  0.358500004      0.860961974    
  0.359000027      0.860916257    
  0.359500021      0.860883117    
  0.360000014      0.860856175    
  0.360500008      0.860822856    
  0.361000031      0.860796034    
  0.361500025      0.860769153    
  0.362000018      0.860748887    
  0.362500012      0.860740721    
  0.363000005      0.860739827    
  0.363500029      0.860731900    
  0.364000022      0.860717893    
  0.364500016      0.860710025    
  0.365000010      0.860708833    
  0.365500003      0.860701084    
  0.366000026      0.860667408    
  0.366500020      0.860620975    
  0.367000014      0.860586882    
  0.367500007      0.860559523    
  0.368000031      0.860525608    
  0.368500024      0.860498011    
  0.369000018      0.860496521    
  0.369500011      0.860495448    
  0.370000005      0.860500395    
  0.370500028      0.860505521    
  0.371000022      0.860497415    
  0.371500015      0.860482752    
  0.372000009      0.860455215    
  0.372500032      0.860434175    
  0.373000026      0.860419571    
  0.373500019      0.860430896    
  0.374000013      0.860429525    
  0.374500006      0.860434651    
  0.375000030      0.860459208    
  0.375500023      0.860484421    
  0.376000017      0.860496163    
  0.376500010      0.860501170    
  0.377000004      0.860499740    
  0.377500027      0.860485017    
  0.378000021      0.860463440    
  0.378500015      0.860429347    
  0.379000008      0.860394478    
  0.379500031      0.860346735    
  0.380000025      0.860311806    
  0.380500019      0.860257268    
  0.381000012      0.860175908    
  0.381500006      0.860087633    
  0.382000029      0.860006154    
  0.382500023      0.859917641    
  0.383000016      0.859835863    
  0.383500010      0.859740436    
  0.384000003      0.859638155    
  0.384500027      0.859556019    
  0.385000020      0.859480143    
  0.385500014      0.859397709    
  0.386000007      0.859328270    
  0.386500031      0.859272301    
  0.387000024      0.859202802    
  0.387500018      0.859146714    
  0.388000011      0.859110534    
  0.388500005      0.859080791    
  0.389000028      0.859031200    
  0.389500022      0.858961225    
  0.390000015      0.858891070    
  0.390500009      0.858807325    
  0.391000032      0.858703375    
  0.391500026      0.858605564    
  0.392000020      0.858507991    
  0.392500013      0.858403563    
  0.393000007      0.858319044    
  0.393500030      0.858247876    
  0.394000024      0.858176768    
  0.394500017      0.858098507    
  0.395000011      0.858013630    
  0.395500004      0.857914925    
  0.396000028      0.857816100    
  0.396500021      0.857696414    
  0.397000015      0.857569933    
  0.397500008      0.857422829    
  0.398000032      0.857268572    
  0.398500025      0.857100308    
  0.399000019      0.856925011    
  0.399500012      0.856756210    
  0.400000006      0.856580555    
  0.400500029      0.856418133    
  0.401000023      0.856254935    
  0.401500016      0.856105983    
  0.402000010      0.855990946    
  0.402500033      0.855882406    
  0.403000027      0.855801284    
  0.403500021      0.855713069    
  0.404000014      0.855618060    
  0.404500008      0.855515659    
  0.405000031      0.855406165    
  0.405500025      0.855303645    
  0.406000018      0.855187118    
  0.406500012      0.855084002    
  0.407000005      0.854967117    
  0.407500029      0.854870617    
  0.408000022      0.854788005    
  0.408500016      0.854698360    
  0.409000009      0.854615092    
  0.409500033      0.854532182    
  0.410000026      0.854456067    
  0.410500020      0.854372680    
  0.411000013      0.854303300    
  0.411500007      0.854226410    
  0.412000030      0.854163647    
  0.412500024      0.854121625    
  0.413000017      0.854086637    
  0.413500011      0.854044676    
  0.414000034      0.854009688    
  0.414500028      0.853981495    
  0.415000021      0.853932023    
  0.415500015      0.853882670    
  0.416000009      0.853818953    
  0.416500032      0.853762627    
  0.417000026      0.853691816    
  0.417500019      0.853627920    
  0.418000013      0.853563964    
  0.418500006      0.853514135    
  0.419000030      0.853449702    
  0.419500023      0.853392720    
  0.420000017      0.853335202    
  0.420500010      0.853284955    
  0.421000034      0.853234589    
  0.421500027      0.853191495    
  0.422000021      0.853119314    
  0.422500014      0.853047371    
  0.423000008      0.852946639    
  0.423500031      0.852824509    
  0.424000025      0.852702081    
  0.424500018      0.852579415    
  0.425000012      0.852463841    
  0.425500005      0.852347910    
  0.426000029      0.852231681    
  0.426500022      0.852137208    
  0.427000016      0.852034628    
  0.427500010      0.851946890    
  0.428000033      0.851865768    
  0.428500026      0.851799309    
  0.429000020      0.851732492    
  0.429500014      0.851672590    
  0.430000007      0.851641893    
  0.430500031      0.851596355    
  0.431000024      0.851536334    
  0.431500018      0.851476252    
  0.432000011      0.851423323    
  0.432500035      0.851370096    
  0.433000028      0.851316929    
  0.433500022      0.851249158    
  0.434000015      0.851181388    
  0.434500009      0.851135194    
  0.435000032      0.851110637    
  0.435500026      0.851093590    
  0.436000019      0.851090908    
  0.436500013      0.851073563    
  0.437000006      0.851056397    
  0.437500030      0.851046443    
  0.438000023      0.851043522    
  0.438500017      0.851040900    
  0.439000010      0.851052940    
  0.439500034      0.851042688    
  0.440000027      0.851032615    
  0.440500021      0.850971103    
  0.441000015      0.850916564    
  0.441500008      0.850869596    
  0.442000031      0.850822806    
  0.442500025      0.850783110    
  0.443000019      0.850735486    
  0.443500012      0.850680947    
  0.444000036      0.850626111    
  0.444500029      0.850586057    
  0.445000023      0.850545824    
  0.445500016      0.850498080    
  0.446000010      0.850457489    
  0.446500033      0.850424826    
  0.447000027      0.850399077    
  0.447500020      0.850373268    
  0.448000014      0.850332797    
  0.448500007      0.850277007    
  0.449000031      0.850199044    
  0.449500024      0.850128353    
  0.450000018      0.850042582    
  0.450500011      0.849964142    
  0.451000035      0.849877894    
  0.451500028      0.849806607    
  0.452000022      0.849735141    
  0.452500015      0.849648774    
  0.453000009      0.849554360    
  0.453500032      0.849467278    
  0.454000026      0.849372804    
  0.454500020      0.849255621    
  0.455000013      0.849160492    
  0.455500036      0.849065363    
  0.456000030      0.848985076    
  0.456500024      0.848904788    
  0.457000017      0.848839402    
  0.457500011      0.848781586    
  0.458000034      0.848708570    
  0.458500028      0.848665774    
  0.459000021      0.848599672    
  0.459500015      0.848533750    
  0.460000008      0.848452389    
  0.460500032      0.848363459    
  0.461000025      0.848274231    
  0.461500019      0.848192453    
  0.462000012      0.848110795    
  0.462500036      0.848028421    
  0.463000029      0.847946584    
  0.463500023      0.847856343    
  0.464000016      0.847766340    
  0.464500010      0.847675979    
  0.465000033      0.847616315    
  0.465500027      0.847548366    
  0.466000021      0.847472966    
  0.466500014      0.847413003    
  0.467000008      0.847367764    
  0.467500031      0.847315371    
  0.468000025      0.847247243    
  0.468500018      0.847186506    
  0.469000012      0.847141445    
  0.469500035      0.847096026    
  0.470000029      0.847035229    
  0.470500022      0.846997440    
  0.471000016      0.846944213    
  0.471500009      0.846890509    
  0.472000033      0.846836984    
  0.472500026      0.846783340    
  0.473000020      0.846729577    
  0.473500013      0.846667945    
  0.474000037      0.846605897    
  0.474500030      0.846536458    
  0.475000024      0.846482337    
  0.475500017      0.846420050    
  0.476000011      0.846365690    
  0.476500034      0.846311212    
  0.477000028      0.846280336    
  0.477500021      0.846241415    
  0.478000015      0.846210063    
  0.478500009      0.846171081    
  0.479000032      0.846131861    
  0.479500026      0.846116364    
  0.480000019      0.846092820    
  0.480500013      0.846077085    
  0.481000036      0.846077263    
  0.481500030      0.846069574    
  0.482000023      0.846069574    
  0.482500017      0.846077859    
  0.483000010      0.846070230    
  0.483500034      0.846062362    
  0.484000027      0.846054435    
  0.484500021      0.846054673    
  0.485000014      0.846054673    
  0.485500038      0.846054852    
  0.486000031      0.846063018    
  0.486500025      0.846079350    
  0.487000018      0.846095264    
  0.487500012      0.846127689    
  0.488000035      0.846168101    
  0.488500029      0.846176326    
  0.489000022      0.846160650    
  0.489500016      0.846120536    
  0.490000010      0.846080542    
  0.490500033      0.846032262    
  0.491000026      0.845984042    
  0.491500020      0.845935583    
  0.492000014      0.845911145    
  0.492500037      0.845919430    
  0.493000031      0.845919490    
  0.493500024      0.845903158    
  0.494000018      0.845903456    
  0.494500011      0.845903158    
  0.495000035      0.845911443    
  0.495500028      0.845911384    
  0.496000022      0.845919609    
  0.496500015      0.845911443    
  0.497000009      0.845903337    
  0.497500032      0.845886946    
  0.498000026      0.845854044    
  0.498500019      0.845837772    
  0.499000013      0.845829606    
  0.499500036      0.845804572    
