   0.00000000      0.999511361    
   5.00000024E-04  0.996854603    
   1.00000005E-03  0.994210124    
   1.50000001E-03  0.991573870    
   2.00000009E-03  0.988954067    
   2.50000018E-03  0.986371219    
   3.00000003E-03  0.983841777    
   3.50000011E-03  0.981345117    
   4.00000019E-03  0.978926539    
   4.50000027E-03  0.976553082    
   5.00000035E-03  0.974216640    
   5.50000044E-03  0.971900702    
   6.00000005E-03  0.969633996    
   6.50000013E-03  0.967400193    
   7.00000022E-03  0.965174556    
   7.50000030E-03  0.962957203    
   8.00000038E-03  0.960756242    
   8.50000046E-03  0.958575785    
   9.00000054E-03  0.956403553    
   9.50000063E-03  0.954235435    
   1.00000007E-02  0.952071428    
   1.05000008E-02  0.949911535    
   1.10000009E-02  0.947763920    
   1.15000010E-02  0.945616305    
   1.20000001E-02  0.943481088    
   1.25000002E-02  0.941349924    
   1.30000003E-02  0.939222872    
   1.35000004E-02  0.937108099    
   1.40000004E-02  0.935001552    
   1.45000005E-02  0.932903290    
   1.50000006E-02  0.930813193    
   1.55000007E-02  0.928731263    
   1.60000008E-02  0.926653504    
   1.64999999E-02  0.924592137    
   1.70000009E-02  0.922551334    
   1.75000001E-02  0.920514584    
   1.80000011E-02  0.918490171    
   1.85000002E-02  0.916482210    
   1.90000013E-02  0.914478362    
   1.95000004E-02  0.912478626    
   2.00000014E-02  0.910487056    
   2.05000006E-02  0.908503711    
   2.10000016E-02  0.906524479    
   2.15000007E-02  0.904553473    
   2.20000017E-02  0.902590632    
   2.25000009E-02  0.900636077    
   2.30000019E-02  0.898685575    
   2.35000011E-02  0.896743298    
   2.40000002E-02  0.894809246    
   2.45000012E-02  0.892883420    
   2.50000004E-02  0.890969872    
   2.55000014E-02  0.889056325    
   2.60000005E-02  0.887151003    
   2.65000015E-02  0.885245681    
   2.70000007E-02  0.883348584    
   2.75000017E-02  0.881455600    
   2.80000009E-02  0.879570782    
   2.85000019E-02  0.877694249    
   2.90000010E-02  0.875821769    
   2.95000020E-02  0.873953402    
   3.00000012E-02  0.872097373    
   3.05000022E-02  0.870245457    
   3.10000014E-02  0.868401706    
   3.15000005E-02  0.866562068    
   3.20000015E-02  0.864722490    
   3.25000025E-02  0.862895191    
   3.29999998E-02  0.861084282    
   3.35000008E-02  0.859289885    
   3.40000018E-02  0.857511818    
   3.45000029E-02  0.855737925    
   3.50000001E-02  0.853980422    
   3.55000012E-02  0.852239370    
   3.60000022E-02  0.850514710    
   3.65000032E-02  0.848806500    
   3.70000005E-02  0.847106516    
   3.75000015E-02  0.845410585    
   3.80000025E-02  0.843714714    
   3.85000035E-02  0.842027009    
   3.90000008E-02  0.840343475    
   3.95000018E-02  0.838676274    
   4.00000028E-02  0.837021470    
   4.05000001E-02  0.835366607    
   4.10000011E-02  0.833728194    
   4.15000021E-02  0.832114458    
   4.20000032E-02  0.830504775    
   4.25000004E-02  0.828915656    
   4.30000015E-02  0.827330649    
   4.35000025E-02  0.825753808    
   4.40000035E-02  0.824197531    
   4.45000008E-02  0.822645366    
   4.50000018E-02  0.821105480    
   4.55000028E-02  0.819565654    
   4.60000038E-02  0.818029881    
   4.65000011E-02  0.816498220    
   4.70000021E-02  0.814966619    
   4.75000031E-02  0.813443184    
   4.80000004E-02  0.811932027    
   4.85000014E-02  0.810429156    
   4.90000024E-02  0.808930337    
   4.95000035E-02  0.807447970    
   5.00000007E-02  0.805977941    
   5.05000018E-02  0.804516077    
   5.10000028E-02  0.803054273    
   5.15000038E-02  0.801600635    
   5.20000011E-02  0.800151110    
   5.25000021E-02  0.798705697    
   5.30000031E-02  0.797268510    
   5.35000041E-02  0.795835376    
   5.40000014E-02  0.794422865    
   5.45000024E-02  0.793014407    
   5.50000034E-02  0.791614115    
   5.55000044E-02  0.790213883    
   5.60000017E-02  0.788817763    
   5.65000027E-02  0.787429810    
   5.70000038E-02  0.786050141    
   5.75000010E-02  0.784674525    
   5.80000021E-02  0.783319414    
   5.85000031E-02  0.781976700    
   5.90000041E-02  0.780638039    
   5.95000014E-02  0.779303491    
   6.00000024E-02  0.777973056    
   6.05000034E-02  0.776654959    
   6.10000044E-02  0.775345027    
   6.15000017E-02  0.774039209    
   6.20000027E-02  0.772745728    
   6.25000000E-02  0.771460474    
   6.30000010E-02  0.770175219    
   6.35000020E-02  0.768898189    
   6.40000030E-02  0.767629325    
   6.45000041E-02  0.766360462    
   6.50000051E-02  0.765099823    
   6.55000061E-02  0.763839185    
   6.59999996E-02  0.762578607    
   6.65000007E-02  0.761322081    
   6.70000017E-02  0.760065556    
   6.75000027E-02  0.758817196    
   6.80000037E-02  0.757568896    
   6.85000047E-02  0.756328821    
   6.90000057E-02  0.755092800    
   6.95000067E-02  0.753860950    
   7.00000003E-02  0.752633154    
   7.05000013E-02  0.751413584    
   7.10000023E-02  0.750206351    
   7.15000033E-02  0.748999119    
   7.20000044E-02  0.747804165    
   7.25000054E-02  0.746609211    
   7.30000064E-02  0.745418429    
   7.34999999E-02  0.744231701    
   7.40000010E-02  0.743053198    
   7.45000020E-02  0.741878808    
   7.50000030E-02  0.740712583    
   7.55000040E-02  0.739550531    
   7.60000050E-02  0.738396645    
   7.65000060E-02  0.737242818    
   7.70000070E-02  0.736088932    
   7.75000006E-02  0.734939158    
   7.80000016E-02  0.733793497    
   7.85000026E-02  0.732651949    
   7.90000036E-02  0.731510401    
   7.95000046E-02  0.730368853    
   8.00000057E-02  0.729227304    
   8.05000067E-02  0.728089869    
   8.10000002E-02  0.726952434    
   8.15000013E-02  0.725823224    
   8.20000023E-02  0.724693954    
   8.25000033E-02  0.723564744    
   8.30000043E-02  0.722435534    
   8.35000053E-02  0.721310377    
   8.40000063E-02  0.720193505    
   8.45000073E-02  0.719076574    
   8.50000009E-02  0.717959642    
   8.55000019E-02  0.716842771    
   8.60000029E-02  0.715725839    
   8.65000039E-02  0.714608967    
   8.70000049E-02  0.713496149    
   8.75000060E-02  0.712383330    
   8.80000070E-02  0.711270511    
   8.85000005E-02  0.710157752    
   8.90000015E-02  0.709049046    
   8.95000026E-02  0.707944453    
   9.00000036E-02  0.706848025    
   9.05000046E-02  0.705751657    
   9.10000056E-02  0.704655290    
   9.15000066E-02  0.703558922    
   9.20000076E-02  0.702462554    
   9.25000012E-02  0.701366186    
   9.30000022E-02  0.700269759    
   9.35000032E-02  0.699173391    
   9.40000042E-02  0.698081136    
   9.45000052E-02  0.696988881    
   9.50000063E-02  0.695896566    
   9.55000073E-02  0.694808424    
   9.60000008E-02  0.693724334    
   9.65000018E-02  0.692640305    
   9.70000029E-02  0.691556215    
   9.75000039E-02  0.690472186    
   9.80000049E-02  0.689392209    
   9.85000059E-02  0.688316405    
   9.90000069E-02  0.687240541    
   9.95000079E-02  0.686168790    
  0.100000001      0.685097039    
  0.100500003      0.684033513    
  0.101000004      0.682974100    
  0.101500005      0.681918800    
  0.102000006      0.680867553    
  0.102500007      0.679816365    
  0.103000008      0.678769290    
  0.103500009      0.677722156    
  0.104000002      0.676675081    
  0.104500003      0.675627947    
  0.105000004      0.674580872    
  0.105500005      0.673533738    
  0.106000006      0.672490776    
  0.106500007      0.671447754    
  0.107000008      0.670408845    
  0.107500002      0.669369996    
  0.108000003      0.668331087    
  0.108500004      0.667292178    
  0.109000005      0.666273832    
  0.109500006      0.665255487    
  0.110000007      0.664237142    
  0.110500008      0.663222849    
  0.111000009      0.662208617    
  0.111500002      0.661198437    
  0.112000003      0.660188317    
  0.112500004      0.659182250    
  0.113000005      0.658180356    
  0.113500006      0.657178402    
  0.114000008      0.656180561    
  0.114500009      0.655186832    
  0.115000002      0.654193163    
  0.115500003      0.653199434    
  0.116000004      0.652205706    
  0.116500005      0.651211977    
  0.117000006      0.650218248    
  0.117500007      0.649224520    
  0.118000008      0.648230791    
  0.118500009      0.647237062    
  0.119000003      0.646243334    
  0.119500004      0.645257831    
  0.120000005      0.644272327    
  0.120500006      0.643290937    
  0.121000007      0.642313659    
  0.121500008      0.641336322    
  0.122000009      0.640363157    
  0.122500002      0.639394104    
  0.123000003      0.638424993    
  0.123500004      0.637459993    
  0.124000005      0.636495054    
  0.124500006      0.635530055    
  0.125000000      0.634569168    
  0.125500008      0.633608341    
  0.126000002      0.632647455    
  0.126500010      0.631690681    
  0.127000004      0.630738020    
  0.127500013      0.629789472    
  0.128000006      0.628840923    
  0.128500000      0.627896488    
  0.129000008      0.626952052    
  0.129500002      0.626007557    
  0.130000010      0.625067234    
  0.130500004      0.624126911    
  0.131000012      0.623190641    
  0.131500006      0.622254431    
  0.131999999      0.621318221    
  0.132500008      0.620386064    
  0.133000001      0.619453967    
  0.133500010      0.618521810    
  0.134000003      0.617589712    
  0.134500012      0.616657555    
  0.135000005      0.615725458    
  0.135500014      0.614797413    
  0.136000007      0.613869369    
  0.136500001      0.612941384    
  0.137000009      0.612013340    
  0.137500003      0.611089468    
  0.138000011      0.610165536    
  0.138500005      0.609241605    
  0.139000013      0.608317673    
  0.139500007      0.607393801    
  0.140000001      0.606469870    
  0.140500009      0.605554163    
  0.141000003      0.604638457    
  0.141500011      0.603722751    
  0.142000005      0.602807045    
  0.142500013      0.601891339    
  0.143000007      0.600987971    
  0.143500000      0.600084603    
  0.144000009      0.599181235    
  0.144500002      0.598277807    
  0.145000011      0.597374439    
  0.145500004      0.596475184    
  0.146000013      0.595579982    
  0.146500006      0.594684839    
  0.147000000      0.593789637    
  0.147500008      0.592894495    
  0.148000002      0.591999292    
  0.148500010      0.591112375    
  0.149000004      0.590229511    
  0.149500012      0.589346647    
  0.150000006      0.588467896    
  0.150500014      0.587589145    
  0.151000008      0.586710393    
  0.151500002      0.585831642    
  0.152000010      0.584952950    
  0.152500004      0.584074199    
  0.153000012      0.583195448    
  0.153500006      0.582316697    
  0.154000014      0.581437945    
  0.154500008      0.580563307    
  0.155000001      0.579692781    
  0.155500010      0.578822255    
  0.156000003      0.577951729    
  0.156500012      0.577081144    
  0.157000005      0.576210618    
  0.157500014      0.575348318    
  0.158000007      0.574486017    
  0.158500001      0.573623657    
  0.159000009      0.572761357    
  0.159500003      0.571899056    
  0.160000011      0.571040809    
  0.160500005      0.570182621    
  0.161000013      0.569324374    
  0.161500007      0.568466187    
  0.162000000      0.567612052    
  0.162500009      0.566762090    
  0.163000003      0.565912068    
  0.163500011      0.565062046    
  0.164000005      0.564212084    
  0.164500013      0.563362062    
  0.165000007      0.562520266    
  0.165500015      0.561678469    
  0.166000009      0.560836673    
  0.166500002      0.559998989    
  0.167000011      0.559161305    
  0.167500004      0.558323622    
  0.168000013      0.557485938    
  0.168500006      0.556648254    
  0.169000015      0.555810630    
  0.169500008      0.554972947    
  0.170000002      0.554135263    
  0.170500010      0.553297579    
  0.171000004      0.552459896    
  0.171500012      0.551622212    
  0.172000006      0.550784528    
  0.172500014      0.549946845    
  0.173000008      0.549113274    
  0.173500001      0.548283756    
  0.174000010      0.547458410    
  0.174500003      0.546633065    
  0.175000012      0.545811772    
  0.175500005      0.544990540    
  0.176000014      0.544169307    
  0.176500008      0.543348014    
  0.177000001      0.542526782    
  0.177500010      0.541705489    
  0.178000003      0.540888369    
  0.178500012      0.540071189    
  0.179000005      0.539262235    
  0.179500014      0.538453341    
  0.180000007      0.537648499    
  0.180500016      0.536843657    
  0.181000009      0.536042929    
  0.181500003      0.535242200    
  0.182000011      0.534441471    
  0.182500005      0.533640742    
  0.183000013      0.532840014    
  0.183500007      0.532043397    
  0.184000015      0.531246781    
  0.184500009      0.530450165    
  0.185000002      0.529653549    
  0.185500011      0.528856933    
  0.186000004      0.528060317    
  0.186500013      0.527267814    
  0.187000006      0.526475310    
  0.187500015      0.525682747    
  0.188000008      0.524890244    
  0.188500002      0.524097741    
  0.189000010      0.523305237    
  0.189500004      0.522512734    
  0.190000013      0.521720231    
  0.190500006      0.520927668    
  0.191000015      0.520135164    
  0.191500008      0.519342661    
  0.192000002      0.518550158    
  0.192500010      0.517761767    
  0.193000004      0.516973317    
  0.193500012      0.516184926    
  0.194000006      0.515396535    
  0.194500014      0.514608145    
  0.195000008      0.513819695    
  0.195500016      0.513031304    
  0.196000010      0.512247026    
  0.196500003      0.511462688    
  0.197000012      0.510678411    
  0.197500005      0.509894073    
  0.198000014      0.509109795    
  0.198500007      0.508325517    
  0.199000016      0.507541180    
  0.199500009      0.506761014    
  0.200000003      0.505980790    
  0.200500011      0.505204737    
  0.201000005      0.504428625    
  0.201500013      0.503652513    
  0.202000007      0.502876461    
  0.202500015      0.502100348    
  0.203000009      0.501328409    
  0.203500003      0.500560522    
  0.204000011      0.499792635    
  0.204500005      0.499028862    
  0.205000013      0.498265088    
  0.205500007      0.497501314    
  0.206000015      0.496745765    
  0.206500009      0.495990217    
  0.207000017      0.495234668    
  0.207500011      0.494479090    
  0.208000004      0.493723541    
  0.208500013      0.492967993    
  0.209000006      0.492212415    
  0.209500015      0.491456866    
  0.210000008      0.490701318    
  0.210500017      0.489945769    
  0.211000010      0.489190191    
  0.211500004      0.488438755    
  0.212000012      0.487687290    
  0.212500006      0.486935854    
  0.213000014      0.486188501    
  0.213500008      0.485441148    
  0.214000016      0.484697908    
  0.214500010      0.483958781    
  0.215000004      0.483219653    
  0.215500012      0.482484639    
  0.216000006      0.481749594    
  0.216500014      0.481014580    
  0.217000008      0.480279565    
  0.217500016      0.479544520    
  0.218000010      0.478813618    
  0.218500003      0.478086799    
  0.219000012      0.477364093    
  0.219500005      0.476641387    
  0.220000014      0.475918680    
  0.220500007      0.475195974    
  0.221000016      0.474473268    
  0.221500009      0.473750561    
  0.222000018      0.473031968    
  0.222500011      0.472317457    
  0.223000005      0.471602976    
  0.223500013      0.470888466    
  0.224000007      0.470173985    
  0.224500015      0.469459504    
  0.225000009      0.468744993    
  0.225500017      0.468038708    
  0.226000011      0.467332423    
  0.226500005      0.466630250    
  0.227000013      0.465928078    
  0.227500007      0.465225905    
  0.228000015      0.464523733    
  0.228500009      0.463825673    
  0.229000017      0.463131696    
  0.229500011      0.462437749    
  0.230000004      0.461747885    
  0.230500013      0.461058021    
  0.231000006      0.460368156    
  0.231500015      0.459678322    
  0.232000008      0.458988458    
  0.232500017      0.458302706    
  0.233000010      0.457621068    
  0.233500004      0.456939429    
  0.234000012      0.456257790    
  0.234500006      0.455576122    
  0.235000014      0.454894483    
  0.235500008      0.454216957    
  0.236000016      0.453543514    
  0.236500010      0.452870101    
  0.237000018      0.452196658    
  0.237500012      0.451523215    
  0.238000005      0.450849801    
  0.238500014      0.450176358    
  0.239000008      0.449507028    
  0.239500016      0.448845923    
  0.240000010      0.448184818    
  0.240500018      0.447523713    
  0.241000012      0.446866691    
  0.241500005      0.446209699    
  0.242000014      0.445552677    
  0.242500007      0.444895685    
  0.243000016      0.444238663    
  0.243500009      0.443581671    
  0.244000018      0.442924649    
  0.244500011      0.442267656    
  0.245000005      0.441610664    
  0.245500013      0.440953642    
  0.246000007      0.440300733    
  0.246500015      0.439647853    
  0.247000009      0.438994944    
  0.247500017      0.438342035    
  0.248000011      0.437689155    
  0.248500004      0.437036246    
  0.249000013      0.436387450    
  0.249500006      0.435738653    
  0.250000000      0.435093969    
  0.250500023      0.434449285    
  0.251000017      0.433812797    
  0.251500010      0.433176339    
  0.252000004      0.432539850    
  0.252499998      0.431907505    
  0.253000021      0.431275129    
  0.253500015      0.430642754    
  0.254000008      0.430010378    
  0.254500002      0.429378033    
  0.255000025      0.428745657    
  0.255500019      0.428113282    
  0.256000012      0.427485019    
  0.256500006      0.426856756    
  0.256999999      0.426228493    
  0.257500023      0.425600231    
  0.258000016      0.424976081    
  0.258500010      0.424351931    
  0.259000003      0.423727781    
  0.259500027      0.423103601    
  0.260000020      0.422479451    
  0.260500014      0.421855301    
  0.261000007      0.421231151    
  0.261500001      0.420607001    
  0.262000024      0.419982851    
  0.262500018      0.419358671    
  0.263000011      0.418734521    
  0.263500005      0.418114483    
  0.263999999      0.417494416    
  0.264500022      0.416874379    
  0.265000015      0.416254342    
  0.265500009      0.415634274    
  0.266000003      0.415014237    
  0.266500026      0.414394170    
  0.267000020      0.413774133    
  0.267500013      0.413154066    
  0.268000007      0.412534028    
  0.268500000      0.411913991    
  0.269000024      0.411293924    
  0.269500017      0.410673887    
  0.270000011      0.410053819    
  0.270500004      0.409433782    
  0.271000028      0.408813745    
  0.271500021      0.408197790    
  0.272000015      0.407581836    
  0.272500008      0.406965911    
  0.273000002      0.406349957    
  0.273500025      0.405734032    
  0.274000019      0.405118078    
  0.274500012      0.404502124    
  0.275000006      0.403886199    
  0.275500000      0.403270245    
  0.276000023      0.402654290    
  0.276500016      0.402038366    
  0.277000010      0.401422411    
  0.277500004      0.400814682    
  0.278000027      0.400206953    
  0.278500021      0.399599224    
  0.279000014      0.398991495    
  0.279500008      0.398383766    
  0.280000001      0.397776037    
  0.280500025      0.397168308    
  0.281000018      0.396560580    
  0.281500012      0.395952851    
  0.282000005      0.395345122    
  0.282499999      0.394737393    
  0.283000022      0.394129664    
  0.283500016      0.393521935    
  0.284000009      0.392914206    
  0.284500003      0.392306447    
  0.285000026      0.391698718    
  0.285500020      0.391090989    
  0.286000013      0.390483260    
  0.286500007      0.389875531    
  0.287000000      0.389271915    
  0.287500024      0.388668299    
  0.288000017      0.388064653    
  0.288500011      0.387461036    
  0.289000005      0.386857420    
  0.289500028      0.386253804    
  0.290000021      0.385650158    
  0.290500015      0.385046542    
  0.291000009      0.384442925    
  0.291500002      0.383843392    
  0.292000026      0.383243889    
  0.292500019      0.382644355    
  0.293000013      0.382044852    
  0.293500006      0.381445318    
  0.294000000      0.380845815    
  0.294500023      0.380246282    
  0.295000017      0.379646778    
  0.295500010      0.379047245    
  0.296000004      0.378447741    
  0.296500027      0.377848238    
  0.297000021      0.377248704    
  0.297500014      0.376661509    
  0.298000008      0.376078427    
  0.298500001      0.375495315    
  0.299000025      0.374912232    
  0.299500018      0.374329150    
  0.300000012      0.373746037    
  0.300500005      0.373162955    
  0.301000029      0.372579843    
  0.301500022      0.371996760    
  0.302000016      0.371413678    
  0.302500010      0.370830566    
  0.303000003      0.370247483    
  0.303500026      0.369664401    
  0.304000020      0.369081289    
  0.304500014      0.368498206    
  0.305000007      0.367915124    
  0.305500001      0.367332011    
  0.306000024      0.366748929    
  0.306500018      0.366165847    
  0.307000011      0.365582734    
  0.307500005      0.365007877    
  0.308000028      0.364437103    
  0.308500022      0.363866329    
  0.309000015      0.363295555    
  0.309500009      0.362724781    
  0.310000002      0.362154007    
  0.310500026      0.361583233    
  0.311000019      0.361012459    
  0.311500013      0.360441685    
  0.312000006      0.359874994    
  0.312500000      0.359312445    
  0.313000023      0.358749896    
  0.313500017      0.358187318    
  0.314000010      0.357624769    
  0.314500004      0.357062191    
  0.315000027      0.356499642    
  0.315500021      0.355937064    
  0.316000015      0.355378628    
  0.316500008      0.354820162    
  0.317000002      0.354261696    
  0.317500025      0.353703260    
  0.318000019      0.353144795    
  0.318500012      0.352586359    
  0.319000006      0.352027893    
  0.319500029      0.351469427    
  0.320000023      0.350910991    
  0.320500016      0.350352526    
  0.321000010      0.349794060    
  0.321500003      0.349235624    
  0.322000027      0.348677158    
  0.322500020      0.348122805    
  0.323000014      0.347568452    
  0.323500007      0.347014099    
  0.324000001      0.346459776    
  0.324500024      0.345905423    
  0.325000018      0.345351070    
  0.325500011      0.344796717    
  0.326000005      0.344242364    
  0.326500028      0.343688011    
  0.327000022      0.343133658    
  0.327500015      0.342579335    
  0.328000009      0.342029095    
  0.328500003      0.341478825    
  0.329000026      0.340928584    
  0.329500020      0.340378344    
  0.330000013      0.339828104    
  0.330500007      0.339277864    
  0.331000030      0.338727623    
  0.331500024      0.338177383    
  0.332000017      0.337631255    
  0.332500011      0.337085098    
  0.333000004      0.336543083    
  0.333500028      0.336001039    
  0.334000021      0.335459024    
  0.334500015      0.334916979    
  0.335000008      0.334374964    
  0.335500002      0.333832920    
  0.336000025      0.333290905    
  0.336500019      0.332748860    
  0.337000012      0.332206845    
  0.337500006      0.331664801    
  0.338000029      0.331122786    
  0.338500023      0.330584854    
  0.339000016      0.330046922    
  0.339500010      0.329509020    
  0.340000004      0.328971088    
  0.340500027      0.328441381    
  0.341000021      0.327911675    
  0.341500014      0.327381968    
  0.342000008      0.326856345    
  0.342500031      0.326330751    
  0.343000025      0.325809240    
  0.343500018      0.325291842    
  0.344000012      0.324774474    
  0.344500005      0.324261189    
  0.345000029      0.323751986    
  0.345500022      0.323242813    
  0.346000016      0.322737753    
  0.346500009      0.322232664    
  0.347000003      0.321727604    
  0.347500026      0.321222514    
  0.348000020      0.320717454    
  0.348500013      0.320212364    
  0.349000007      0.319707304    
  0.349500030      0.319202244    
  0.350000024      0.318697155    
  0.350500017      0.318192095    
  0.351000011      0.317687005    
  0.351500005      0.317181945    
  0.352000028      0.316676855    
  0.352500021      0.316171795    
  0.353000015      0.315666705    
  0.353500009      0.315161645    
  0.354000002      0.314656585    
  0.354500026      0.314151496    
  0.355000019      0.313646436    
  0.355500013      0.313141346    
  0.356000006      0.312636286    
  0.356500030      0.312131196    
  0.357000023      0.311626136    
  0.357500017      0.311125159    
  0.358000010      0.310624182    
  0.358500004      0.310123235    
  0.359000027      0.309622258    
  0.359500021      0.309121281    
  0.360000014      0.308624446    
  0.360500008      0.308127582    
  0.361000031      0.307634830    
  0.361500025      0.307142079    
  0.362000018      0.306653410    
  0.362500012      0.306164771    
  0.363000005      0.305676132    
  0.363500029      0.305187464    
  0.364000022      0.304698825    
  0.364500016      0.304210186    
  0.365000010      0.303721517    
  0.365500003      0.303236991    
  0.366000026      0.302752435    
  0.366500020      0.302267909    
  0.367000014      0.301783353    
  0.367500007      0.301298827    
  0.368000031      0.300814271    
  0.368500024      0.300329745    
  0.369000018      0.299853414    
  0.369500011      0.299377084    
  0.370000005      0.298900753    
  0.370500028      0.298424423    
  0.371000022      0.297948092    
  0.371500015      0.297471762    
  0.372000009      0.296995431    
  0.372500032      0.296519101    
  0.373000026      0.296042770    
  0.373500019      0.295566440    
  0.374000013      0.295090109    
  0.374500006      0.294613779    
  0.375000030      0.294137448    
  0.375500023      0.293661118    
  0.376000017      0.293184787    
  0.376500010      0.292708457    
  0.377000004      0.292232126    
  0.377500027      0.291755795    
  0.378000021      0.291279465    
  0.378500015      0.290803134    
  0.379000008      0.290330917    
  0.379500031      0.289858699    
  0.380000025      0.289386481    
  0.380500019      0.288914263    
  0.381000012      0.288442045    
  0.381500006      0.287969798    
  0.382000029      0.287497580    
  0.382500023      0.287025362    
  0.383000016      0.286553144    
  0.383500010      0.286080927    
  0.384000003      0.285608709    
  0.384500027      0.285136461    
  0.385000020      0.284664243    
  0.385500014      0.284192026    
  0.386000007      0.283723921    
  0.386500031      0.283255786    
  0.387000024      0.282787681    
  0.387500018      0.282323658    
  0.388000011      0.281863749    
  0.388500005      0.281403869    
  0.389000028      0.280943960    
  0.389500022      0.280484051    
  0.390000015      0.280024141    
  0.390500009      0.279564232    
  0.391000032      0.279104322    
  0.391500026      0.278644443    
  0.392000020      0.278188646    
  0.392500013      0.277732849    
  0.393000007      0.277277052    
  0.393500030      0.276821256    
  0.394000024      0.276365429    
  0.394500017      0.275909632    
  0.395000011      0.275453836    
  0.395500004      0.274998039    
  0.396000028      0.274542242    
  0.396500021      0.274086446    
  0.397000015      0.273630649    
  0.397500008      0.273174852    
  0.398000032      0.272719055    
  0.398500025      0.272263259    
  0.399000019      0.271807462    
  0.399500012      0.271359891    
  0.400000006      0.270912290    
  0.400500029      0.270464718    
  0.401000023      0.270017117    
  0.401500016      0.269569546    
  0.402000010      0.269121945    
  0.402500033      0.268674374    
  0.403000027      0.268226773    
  0.403500021      0.267779201    
  0.404000014      0.267335713    
  0.404500008      0.266892225    
  0.405000031      0.266448766    
  0.405500025      0.266005278    
  0.406000018      0.265561789    
  0.406500012      0.265122443    
  0.407000005      0.264683068    
  0.407500029      0.264243692    
  0.408000022      0.263804317    
  0.408500016      0.263364941    
  0.409000009      0.262929678    
  0.409500033      0.262494415    
  0.410000026      0.262059152    
  0.410500020      0.261623859    
  0.411000013      0.261188596    
  0.411500007      0.260757446    
  0.412000030      0.260326296    
  0.412500024      0.259895116    
  0.413000017      0.259463966    
  0.413500011      0.259032816    
  0.414000034      0.258601636    
  0.414500028      0.258170485    
  0.415000021      0.257739335    
  0.415500015      0.257308155    
  0.416000009      0.256877005    
  0.416500032      0.256449938    
  0.417000026      0.256022900    
  0.417500019      0.255595833    
  0.418000013      0.255168796    
  0.418500006      0.254741728    
  0.419000030      0.254314691    
  0.419500023      0.253887624    
  0.420000017      0.253460586    
  0.420500010      0.253037632    
  0.421000034      0.252614677    
  0.421500027      0.252195835    
  0.422000021      0.251776993    
  0.422500014      0.251358151    
  0.423000008      0.250939310    
  0.423500031      0.250520468    
  0.424000025      0.250101626    
  0.424500018      0.249682784    
  0.425000012      0.249263942    
  0.425500005      0.248845100    
  0.426000029      0.248426259    
  0.426500022      0.248007417    
  0.427000016      0.247588590    
  0.427500010      0.247169748    
  0.428000033      0.246750906    
  0.428500026      0.246332064    
  0.429000020      0.245913222    
  0.429500014      0.245494381    
  0.430000007      0.245083749    
  0.430500031      0.244673118    
  0.431000024      0.244262487    
  0.431500018      0.243855968    
  0.432000011      0.243449450    
  0.432500035      0.243042916    
  0.433000028      0.242636397    
  0.433500022      0.242229879    
  0.434000015      0.241823360    
  0.434500009      0.241420940    
  0.435000032      0.241018519    
  0.435500026      0.240616113    
  0.436000019      0.240213692    
  0.436500013      0.239811271    
  0.437000006      0.239408866    
  0.437500030      0.239014655    
  0.438000023      0.238620445    
  0.438500017      0.238230348    
  0.439000010      0.237840250    
  0.439500034      0.237450153    
  0.440000027      0.237060070    
  0.440500021      0.236669973    
  0.441000015      0.236279875    
  0.441500008      0.235889778    
  0.442000031      0.235499680    
  0.442500025      0.235109583    
  0.443000019      0.234719485    
  0.443500012      0.234329388    
  0.444000036      0.233939290    
  0.444500029      0.233549193    
  0.445000023      0.233159095    
  0.445500016      0.232773095    
  0.446000010      0.232387111    
  0.446500033      0.232001111    
  0.447000027      0.231619239    
  0.447500020      0.231237352    
  0.448000014      0.230855465    
  0.448500007      0.230473578    
  0.449000031      0.230091691    
  0.449500024      0.229709804    
  0.450000018      0.229327917    
  0.450500011      0.228946045    
  0.451000035      0.228564158    
  0.451500028      0.228182271    
  0.452000022      0.227800384    
  0.452500015      0.227418497    
  0.453000009      0.227036610    
  0.453500032      0.226654738    
  0.454000026      0.226272851    
  0.454500020      0.225890964    
  0.455000013      0.225509077    
  0.455500036      0.225127190    
  0.456000030      0.224745303    
  0.456500024      0.224363416    
  0.457000017      0.223981544    
  0.457500011      0.223599657    
  0.458000034      0.223217770    
  0.458500028      0.222839996    
  0.459000021      0.222462207    
  0.459500015      0.222084433    
  0.460000008      0.221706659    
  0.460500032      0.221328869    
  0.461000025      0.220951095    
  0.461500019      0.220573321    
  0.462000012      0.220195547    
  0.462500036      0.219817758    
  0.463000029      0.219439983    
  0.463500023      0.219066307    
  0.464000016      0.218692645    
  0.464500010      0.218318969    
  0.465000033      0.217945293    
  0.465500027      0.217571631    
  0.466000021      0.217197955    
  0.466500014      0.216828391    
  0.467000008      0.216458827    
  0.467500031      0.216089249    
  0.468000025      0.215719685    
  0.468500018      0.215354234    
  0.469000012      0.214988768    
  0.469500035      0.214623317    
  0.470000029      0.214257851    
  0.470500022      0.213892385    
  0.471000016      0.213526934    
  0.471500009      0.213161469    
  0.472000033      0.212796018    
  0.472500026      0.212430552    
  0.473000020      0.212065086    
  0.473500013      0.211699635    
  0.474000037      0.211334169    
  0.474500030      0.210968718    
  0.475000024      0.210603252    
  0.475500017      0.210237801    
  0.476000011      0.209876448    
  0.476500034      0.209515095    
  0.477000028      0.209153742    
  0.477500021      0.208792388    
  0.478000015      0.208435133    
  0.478500009      0.208077893    
  0.479000032      0.207720637    
  0.479500026      0.207367495    
  0.480000019      0.207014367    
  0.480500013      0.206661224    
  0.481000036      0.206312180    
  0.481500030      0.205963150    
  0.482000023      0.205614120    
  0.482500017      0.205269188    
  0.483000010      0.204924256    
  0.483500034      0.204579338    
  0.484000027      0.204234406    
  0.484500021      0.203889474    
  0.485000014      0.203544542    
  0.485500038      0.203199625    
  0.486000031      0.202854693    
  0.486500025      0.202513874    
  0.487000018      0.202173054    
  0.487500012      0.201832220    
  0.488000035      0.201491401    
  0.488500029      0.201150581    
  0.489000022      0.200809762    
  0.489500016      0.200468943    
  0.490000010      0.200128123    
  0.490500033      0.199791402    
  0.491000026      0.199454680    
  0.491500020      0.199117973    
  0.492000014      0.198781252    
  0.492500037      0.198452756    
  0.493000031      0.198124245    
  0.493500024      0.197795749    
  0.494000018      0.197467238    
  0.494500011      0.197138742    
  0.495000035      0.196810231    
  0.495500028      0.196481735    
  0.496000022      0.196153224    
  0.496500015      0.195824727    
  0.497000009      0.195496231    
  0.497500032      0.195167720    
  0.498000026      0.194839224    
  0.498500019      0.194510713    
  0.499000013      0.194182217    
  0.499500036      0.193853706    
