   0.00000000       5.44880676    
   1.00000007E-02   4.76211500    
   2.00000014E-02   4.13866806    
   3.00000012E-02   3.49493051    
   4.00000028E-02   2.88999152    
   5.00000045E-02   2.23279405    
   6.00000024E-02   1.61330569    
   7.00000077E-02   1.31895363    
   8.00000057E-02   1.09853566    
   9.00000036E-02  0.907709301    
  0.100000009      0.906420112    
  0.110000007      0.846937418    
  0.120000005      0.862574995    
  0.130000010      0.782603443    
  0.140000015      0.749445915    
  0.150000006      0.652645826    
  0.160000011      0.599200010    
  0.170000017      0.512793303    
  0.180000007      0.507647276    
  0.190000013      0.492105097    
  0.200000018      0.502795458    
  0.210000008      0.492208034    
  0.220000014      0.494185835    
  0.230000019      0.450140178    
  0.240000010      0.444795817    
  0.250000030      0.423911452    
  0.260000020      0.435195655    
  0.270000011      0.441035300    
  0.280000031      0.413916290    
  0.290000021      0.404708415    
  0.300000012      0.388873100    
  0.310000032      0.408571929    
  0.320000023      0.361358553    
  0.330000013      0.369473964    
  0.340000033      0.353443056    
  0.350000024      0.341068059    
  0.360000014      0.314842552    
  0.370000035      0.303957105    
  0.380000025      0.277925044    
  0.390000015      0.293760389    
  0.400000036      0.294554740    
  0.410000026      0.306828976    
  0.420000017      0.270700961    
  0.430000037      0.295246720    
  0.440000027      0.265059680    
  0.450000018      0.272679836    
  0.460000038      0.274463117    
  0.470000029      0.260902524    
  0.480000019      0.261394531    
  0.490000039      0.277231485    
  0.500000060      0.264068604    
  0.510000050      0.253477395    
  0.520000041      0.230021343    
  0.530000031      0.217053548    
  0.540000021      0.216459125    
  0.550000012      0.234574065    
  0.560000062      0.235958517    
  0.570000052      0.226951703    
  0.580000043      0.245856136    
  0.590000033      0.233189061    
  0.600000024      0.223093122    
  0.610000014      0.225468636    
  0.620000064      0.231999680    
  0.630000055      0.245460033    
  0.640000045      0.245064482    
  0.650000036      0.226556689    
  0.660000026      0.210520878    
  0.670000076      0.218043521    
  0.680000067      0.230712220    
  0.690000057      0.238926828    
  0.700000048      0.244272813    
  0.710000038      0.233978018    
  0.720000029      0.248232737    
  0.730000079      0.219333157    
  0.740000069      0.206266180    
  0.750000060      0.225568339    
  0.760000050      0.241107807    
  0.770000041      0.242592514    
  0.780000031      0.237544000    
  0.790000081      0.224972293    
  0.800000072      0.221112624    
  0.810000062      0.197455540    
  0.820000052      0.227942228    
  0.830000043      0.223387346    
  0.840000033      0.254564375    
  0.850000083      0.274459332    
  0.860000074      0.249121383    
  0.870000064      0.249119759    
  0.880000055      0.243676230    
  0.890000045      0.222594067    
  0.900000036      0.235460535    
  0.910000086      0.206164852    
  0.920000076      0.223684296    
  0.930000067      0.202205479    
  0.940000057      0.200423852    
  0.950000048      0.184686050    
  0.960000038      0.158160910    
  0.970000088      0.153309643    
  0.980000079      0.134803474    
  0.990000069      0.144204214    
   1.00000012      0.169247374    
   1.01000011      0.161924675    
   1.02000010      0.181719378    
   1.03000009      0.163407743    
   1.04000008      0.164003253    
   1.05000007      0.160638303    
   1.06000006      0.169544861    
   1.07000005      0.198843241    
   1.08000004      0.204582632    
   1.09000003      0.208343685    
   1.10000002      0.195181355    
   1.11000013      0.184292659    
   1.12000012      0.167665690    
   1.13000011      0.163505822    
   1.14000010      0.189242020    
   1.15000010      0.191417038    
   1.16000009      0.176965639    
   1.17000008      0.172711492    
   1.18000007      0.161724195    
   1.19000006      0.172810659    
   1.20000005      0.181916609    
   1.21000004      0.169842884    
   1.22000003      0.177957237    
   1.23000014      0.200524092    
   1.24000013      0.184392914    
   1.25000012      0.171029553    
   1.26000011      0.176968887    
   1.27000010      0.201417074    
   1.28000009      0.201517865    
   1.29000008      0.203496203    
   1.30000007      0.207257792    
   1.31000006      0.190629184    
   1.32000005      0.202999845    
   1.33000004      0.200230405    
   1.34000015      0.199735686    
   1.35000014      0.218639567    
   1.36000013      0.212106898    
   1.37000012      0.219036758    
   1.38000011      0.202209815    
   1.39000010      0.188054264    
   1.40000010      0.176276386    
   1.41000009      0.178454131    
   1.42000008      0.212403297    
   1.43000007      0.210126400    
   1.44000006      0.180828556    
   1.45000005      0.179839119    
   1.46000016      0.173308074    
   1.47000015      0.170932025    
   1.48000014      0.156777546    
   1.49000013      0.157075033    
   1.50000012      0.173604473    
   1.51000011      0.189440876    
   1.52000010      0.166776493    
   1.53000009      0.129560977    
   1.54000008      0.141042456    
   1.55000007      0.150545612    
   1.56000006      0.149456471    
   1.57000005      0.142624691    
   1.58000016      0.144407406    
   1.59000015      0.133222878    
   1.60000014      0.142031893    
   1.61000013      0.147475421    
   1.62000012      0.144506574    
   1.63000011      0.150047094    
   1.64000010      0.167566523    
   1.65000010      0.156383067    
   1.66000009      0.143713295    
   1.67000008      0.139555052    
   1.68000007      0.155293927    
   1.69000018      0.158461645    
   1.70000017      0.164894074    
   1.71000016      0.171426743    
   1.72000015      0.153710619    
   1.73000014      0.144604102    
   1.74000013      0.153413668    
   1.75000012      0.146980166    
   1.76000011      0.156382546    
   1.77000010      0.182018474    
   1.78000009      0.176178321    
   1.79000008      0.174099192    
   1.80000007      0.142030820    
   1.81000018      0.149849862    
   1.82000017      0.165092394    
   1.83000016      0.169545397    
   1.84000015      0.163804933    
   1.85000014      0.174196735    
   1.86000013      0.172515884    
   1.87000012      0.155688405    
   1.88000011      0.164695755    
   1.89000010      0.153412044    
   1.90000010      0.171623990    
   1.91000009      0.188053176    
   1.92000008      0.191024199    
   1.93000019      0.156777546    
   1.94000018      0.164101869    
   1.95000017      0.171327040    
   1.96000016      0.151730657    
   1.97000015      0.167069092    
   1.98000014      0.188845918    
   1.99000013      0.166870773    
   2.00000024      0.188350663    
   2.01000023      0.169941500    
   2.02000022      0.173901424    
   2.03000021      0.157667279    
   2.04000020      0.178253636    
   2.05000019      0.190726712    
   2.06000018      0.167070180    
   2.07000017      0.176275313    
   2.08000016      0.168950438    
   2.09000015      0.145195827    
   2.10000014      0.153510675    
   2.11000013      0.144995868    
   2.12000012      0.154102385    
   2.13000011      0.164493099    
   2.14000010      0.179044217    
   2.15000010      0.162120283    
   2.16000009      0.147568628    
   2.17000008      0.155388758    
   2.18000007      0.171126008    
   2.19000006      0.178749442    
   2.20000005      0.179144457    
   2.21000004      0.179343328    
   2.22000027      0.163014352    
   2.23000026      0.155192599    
   2.24000025      0.169645652    
   2.25000024      0.159152523    
   2.26000023      0.160044417    
   2.27000022      0.165587112    
   2.28000021      0.181720465    
   2.29000020      0.164795458    
   2.30000019      0.142921090    
   2.31000018      0.146681055    
   2.32000017      0.134011284    
   2.33000016      0.170237362    
   2.34000015      0.160043344    
   2.35000014      0.145988017    
   2.36000013      0.151532337    
   2.37000012      0.141137823    
   2.38000011      0.141534463    
   2.39000010      0.123817258    
   2.40000010      0.121740311    
   2.41000009      0.132230178    
   2.42000008      0.125502989    
   2.43000007      0.143811911    
   2.44000006      0.107585832    
   2.45000029      0.104122259    
   2.46000028      0.102736183    
   2.47000027       9.34302732E-02
   2.48000026      0.109069988    
   2.49000025      0.120550387    
   2.50000024      0.123421162    
   2.51000023      0.116590470    
   2.52000022      0.104319498    
   2.53000021      0.103823155    
   2.54000020      0.105803654    
   2.55000019      0.131835163    
   2.56000018      0.124314144    
   2.57000017      0.120353147    
   2.58000016      0.123918049    
   2.59000015      0.124610543    
   2.60000014      0.108378574    
   2.61000013      0.118673377    
   2.62000012      0.111049406    
   2.63000011      0.118670128    
   2.64000010      0.129855216    
   2.65000010      0.124906942    
   2.66000009      0.110256128    
   2.67000008      0.133615181    
   2.68000031      0.141731709    
   2.69000030      0.138168439    
   2.70000029      0.123221755    
   2.71000028      0.119165927    
   2.72000027      0.115897425    
   2.73000026      0.134904265    
   2.74000025      0.145889938    
   2.75000024      0.152815461    
   2.76000023      0.149847150    
   2.77000022      0.151234314    
   2.78000021      0.147372469    
   2.79000020      0.146384120    
   2.80000019      0.157467335    
   2.81000018      0.175383404    
   2.82000017      0.174194559    
   2.83000016      0.168653503    
   2.84000015      0.154101834    
   2.85000014      0.152519599    
   2.86000013      0.149452671    
   2.87000012      0.146778598    
   2.88000011      0.142920554    
   2.89000010      0.141434222    
   2.90000010      0.122036703    
   2.91000032      0.126491889    
   2.92000031      0.105310015    
   2.93000031      0.108179711    
   2.94000030      0.125995532    
   2.95000029      0.128866851    
   2.96000028      0.109466627    
   2.97000027      0.111742444    
   2.98000026      0.129460737    
   2.99000025      0.128073037    
   3.00000024      0.116297863    
   3.01000023      0.135496512    
   3.02000022      0.123422243    
   3.03000021      0.128076285    
   3.04000020      0.132924855    
   3.05000019      0.124808863    
   3.06000018      0.144108847    
   3.07000017      0.149355143    
   3.08000016      0.131737098    
   3.09000015      0.100758389    
   3.10000014      0.119463414    
   3.11000013      0.127281919    
   3.12000012      0.113229305    
   3.13000011      0.116493471    
   3.14000010      0.127578318    
   3.15000033      0.121840008    
   3.16000032      0.124016121    
   3.17000031      0.102737263    
   3.18000031       9.21466053E-02
   3.19000030       9.38301608E-02
   3.20000029      0.134112060    
   3.21000028      0.123819426    
   3.22000027      0.134508714    
   3.23000026      0.135398984    
   3.24000025      0.120456100    
   3.25000024      0.113923974    
   3.26000023      0.108379655    
   3.27000022      0.111448757    
   3.28000021      0.125701308    
   3.29000020      0.139952779    
   3.30000019      0.139557764    
   3.31000018      0.130451530    
   3.32000017      0.131937310    
   3.33000016      0.112339303    
   3.34000015      0.116297320    
   3.35000014      0.129064634    
   3.36000013      0.134308755    
   3.37000012      0.146680787    
   3.38000035      0.137080371    
   3.39000034      0.116294071    
   3.40000033      0.113028549    
   3.41000032      0.121639520    
   3.42000031      0.117879011    
   3.43000031      0.105505899    
   3.44000030      0.130646601    
   3.45000029      0.126985520    
   3.46000028      0.115503497    
   3.47000027      0.107091382    
   3.48000026      0.103626736    
   3.49000025      0.107586645    
   3.50000024      0.115406230    
   3.51000023      0.125996619    
   3.52000022      0.112337947    
   3.53000021       9.67001244E-02
   3.54000020      0.100857280    
   3.55000019       8.75938982E-02
   3.56000018      0.102044225    
   3.57000017      0.107092738    
   3.58000016      0.108181067    
   3.59000015      0.109864622    
   3.60000014      0.100856468    
   3.61000037      0.116890386    
   3.62000036      0.100558989    
   3.63000035      0.114316009    
   3.64000034      0.127083316    
   3.65000033      0.144009694    
   3.66000032      0.132132649    
   3.67000031      0.122630045    
   3.68000031      0.105506711    
   3.69000030      0.111247450    
   3.70000029       9.97657031E-02
   3.71000028      0.116789602    
   3.72000027       9.84795988E-02
   3.73000026       9.80840400E-02
   3.74000025       9.14532915E-02
   3.75000024       8.38314965E-02
   3.76000023       7.63083026E-02
   3.77000022       7.96735212E-02
   3.78000021       9.28374752E-02
   3.79000020      0.109267496    
   3.80000019      0.106793635    
   3.81000018      0.102339812    
   3.82000017       9.02652666E-02
   3.83000016      0.106497236    
   3.84000015      0.108476646    
   3.85000038      0.111544393    
   3.86000037      0.130647406    
   3.87000036      0.122531153    
   3.88000035      0.128272712    
   3.89000034      0.114910968    
   3.90000033      0.123819701    
   3.91000032      0.122434162    
   3.92000031      0.116099000    
   3.93000031      0.123819157    
   3.94000030      0.110357992    
   3.95000029      0.112139627    
   3.96000028      0.111645453    
   3.97000027      0.104915269    
   3.98000026      0.112932093    
   3.99000025      0.114020698    
   4.00000048      0.105311640    
   4.01000023      0.104024179    
   4.02000046       9.37296450E-02
   4.03000021      0.108873837    
   4.04000044      0.109863542    
   4.05000019      0.107982203    
   4.06000042      0.112238243    
   4.07000017      0.120650895    
   4.08000040       9.68973637E-02
   4.09000015      0.100162886    
   4.10000038       9.45207626E-02
   4.11000013       9.67973918E-02
   4.12000036      0.107487209    
   4.13000011      0.108971909    
   4.14000034      0.113524623    
   4.15000010      0.109961890    
   4.16000032      0.116396211    
   4.17000008      0.126590505    
   4.18000031      0.116891742    
   4.19000053      0.124412492    
   4.20000029      0.110062674    
   4.21000051      0.114813440    
   4.22000027      0.139260009    
   4.23000050      0.126294106    
   4.24000025      0.122830532    
   4.25000048      0.120059185    
   4.26000023      0.104915544    
   4.27000046      0.101253919    
   4.28000021       9.83839557E-02
   4.29000044      0.105112508    
   4.30000019      0.114812084    
   4.31000042      0.113723211    
   4.32000017      0.106597476    
   4.33000040       9.17502344E-02
   4.34000015       9.26399678E-02
   4.35000038      0.101350099    
   4.36000013       9.51141044E-02
   4.37000036      0.115107395    
   4.38000011      0.111247726    
   4.39000034      0.109860830    
   4.40000010      0.105011992    
   4.41000032      0.103428677    
   4.42000008      0.101250939    
   4.43000031       9.93696004E-02
   4.44000053       9.08586085E-02
   4.45000029       9.49171335E-02
   4.46000051      0.102043144    
   4.47000027      0.104914457    
   4.48000050       9.45213065E-02
   4.49000025      0.104220338    
   4.50000048       9.06619132E-02
   4.51000023       8.96719322E-02
   4.52000046       8.44259113E-02
   4.53000021       9.88773182E-02
   4.54000044      0.113525160    
   4.55000019      0.115900405    
   4.56000042      0.110654660    
   4.57000017       9.65998843E-02
   4.58000040       9.62037817E-02
   4.59000015       8.67017210E-02
   4.60000038       8.06643143E-02
   4.61000013       9.61046219E-02
   4.62000036       9.76876691E-02
   4.63000011       8.89791623E-02
   4.64000034       7.52194300E-02
   4.65000010       8.05654228E-02
   4.66000032       8.02684873E-02
   4.67000055       8.39303806E-02
   4.68000031       8.71964395E-02
   4.69000053       8.36328939E-02
   4.70000029       8.10609534E-02
   4.71000051       8.18534270E-02
   4.72000027       7.03722164E-02
   4.73000050       6.94808587E-02
   4.74000025       8.41289684E-02
   4.75000048       8.42289403E-02
   4.76000023       8.27439725E-02
   4.77000046       7.88845718E-02
   4.78000021       6.47309124E-02
   4.79000044       7.22535551E-02
   4.80000019       8.21514502E-02
   4.81000042       9.28409994E-02
   4.82000017       8.80886167E-02
   4.83000040       9.28393677E-02
   4.84000015       9.42259952E-02
   4.85000038       9.50168371E-02
   4.86000013       8.75936225E-02
   4.87000036       8.12592804E-02
   4.88000011       9.89743173E-02
   4.89000034      0.102340348    
   4.90000057      0.102834798    
   4.91000032      0.100558713    
   4.92000055       8.87792110E-02
   4.93000031      0.102932878    
   4.94000053      0.100755140    
   4.95000029       9.11552683E-02
   4.96000051       7.81896412E-02
   4.97000027       8.23476017E-02
   4.98000050       7.85870925E-02
   4.99000025       6.92830756E-02
   5.00000048       7.81915337E-02
   5.01000023       7.43315890E-02
   5.02000046       6.55222982E-02
   5.03000021       7.90815428E-02
   5.04000044       7.82906935E-02
   5.05000019       7.97751248E-02
   5.06000042       9.02652666E-02
   5.07000017       9.42246392E-02
   5.08000040      0.102933414    
   5.09000015       9.73910019E-02
   5.10000038       8.46236870E-02
   5.11000013       6.94808587E-02
   5.12000036       7.60127157E-02
   5.13000059       8.01693276E-02
   5.14000034       7.84879327E-02
   5.15000057       7.41324574E-02
   5.16000032       8.27434361E-02
   5.17000055       7.56177008E-02
   5.18000031       6.53242469E-02
   5.19000053       7.58152083E-02
   5.20000029       7.12616816E-02
   5.21000051       9.04635862E-02
   5.22000027       9.76873934E-02
   5.23000050      0.100063451    
   5.24000025      0.101053976    
   5.25000048      0.101152323    
   5.26000023      0.106398076    
   5.27000046      0.106299184    
   5.28000021      0.120552279    
   5.29000044      0.118275382    
   5.30000019      0.112931013    
   5.31000042      0.117681235    
   5.32000017      0.102933414    
   5.33000040      0.107189462    
   5.34000015      0.101350099    
   5.35000038       9.82804596E-02
   5.36000061      0.101745121    
   5.37000036       8.48209262E-02
   5.38000059       8.25442970E-02
   5.39000034       6.93795308E-02
   5.40000057       9.15508270E-02
   5.41000032       7.75957629E-02
   5.42000055       8.95719603E-02
   5.43000031       8.82863924E-02
   5.44000053       9.03647020E-02
   5.45000029       8.85830596E-02
   5.46000051       6.86902851E-02
   5.47000027       6.82944581E-02
   5.48000050       8.61091986E-02
   5.49000025       8.36347938E-02
   5.50000048       8.60111192E-02
   5.51000023       8.19523260E-02
   5.52000046       7.81912729E-02
   5.53000021       6.81950301E-02
   5.54000044       7.97743127E-02
   5.55000019       8.52189288E-02
   5.56000042       8.87816623E-02
   5.57000017      0.115504578    
   5.58000040      0.110357448    
   5.59000063       9.52148885E-02
   5.60000038       9.23441127E-02
   5.61000061       9.54121277E-02
   5.62000036       8.66033733E-02
   5.63000059      0.114712380    
   5.64000034      0.113127977    
   5.65000057      0.102240920    
   5.66000032       8.64039660E-02
   5.67000055      0.106001973    
   5.68000031       9.44213346E-02
   5.69000053       9.29377154E-02
   5.70000029       9.30363387E-02
   5.71000051       9.19493660E-02
   5.72000027      0.104023643    
   5.73000050      0.105212480    
   5.74000025       9.81850922E-02
   5.75000048      0.100857824    
   5.76000023      0.102639727    
   5.77000046      0.109667927    
   5.78000021       9.10599008E-02
   5.79000044       9.99683589E-02
   5.80000019      0.102640003    
   5.81000042      0.101946957    
   5.82000065      0.107389949    
   5.83000040       9.74925980E-02
   5.84000063      0.109071612    
   5.85000038      0.102836698    
   5.86000061       9.88773182E-02
   5.87000036      0.110358261    
   5.88000059      0.105606683    
   5.89000034      0.109664410    
   5.90000057       9.03649628E-02
   5.91000032      0.106200837    
   5.92000055      0.108872749    
   5.93000031       9.56096351E-02
   5.94000053      0.113921262    
   5.95000029      0.111447401    
   5.96000051      0.103528112    
   5.97000027      0.111248806    
   5.98000050      0.110952139    
   5.99000025      0.118474245    
   6.00000048      0.110160761    
   6.01000023      0.129857108    
   6.02000046      0.110852435    
   6.03000021      0.125898004    
   6.04000044      0.130649582    
   6.05000019      0.111843228    
   6.06000042      0.101747282    
   6.07000065      0.116100080    
   6.08000040      0.111845128    
   6.09000063      0.109270208    
   6.10000038      0.114417881    
   6.11000061      0.114219017    
   6.12000036      0.103132822    
   6.13000059      0.113526247    
   6.14000034      0.103232525    
   6.15000057      0.109170504    
   6.16000032       9.59081948E-02
   6.17000055      0.105013348    
   6.18000031      0.100361474    
   6.19000053      0.103725344    
   6.20000029      0.110357448    
   6.21000051       9.33324620E-02
   6.22000027       9.58084986E-02
   6.23000050      0.105211131    
   6.24000025       9.52157006E-02
   6.25000048       8.71975273E-02
   6.26000023       9.36310291E-02
   6.27000046      0.106002785    
   6.28000021      0.101846986    
   6.29000044       9.52146128E-02
   6.30000067       9.85801145E-02
   6.31000042       8.48233700E-02
   6.32000065      0.106499128    
   6.33000040       8.82866606E-02
   6.34000063       9.51159969E-02
   6.35000038      0.102241188    
   6.36000061      0.121543072    
   6.37000036      0.105013616    
   6.38000059      0.110458232    
   6.39000034      0.100757577    
   6.40000057      0.119465306    
   6.41000032      0.108874649    
   6.42000055      0.119563654    
   6.43000031      0.105014972    
   6.44000053      0.125799656    
   6.45000029      0.114516228    
   6.46000051      0.120554715    
   6.47000027      0.109666303    
   6.48000050      0.114022322    
   6.49000025      0.105311103    
   6.50000048      0.114913136    
   6.51000023       9.06635374E-02
   6.52000046      0.103628628    
   6.53000069       9.13554877E-02
   6.54000044      0.104617245    
   6.55000067       9.71945748E-02
   6.56000042      0.101846986    
   6.57000065       8.26445445E-02
   6.58000040       8.27439725E-02
   6.59000063       8.32381546E-02
   6.60000038       9.65012610E-02
   6.61000061       9.37293768E-02
   6.62000036      0.106596395    
   6.63000059       9.23443809E-02
   6.64000034       8.55147764E-02
   6.65000057       6.92830756E-02
   6.66000032       7.64096305E-02
   6.67000055       8.39303806E-02
   6.68000031       9.50168371E-02
   6.69000053       8.45256150E-02
   6.70000029       9.33340862E-02
   6.71000051       8.77919495E-02
   6.72000027       8.35356340E-02
   6.73000050       7.01738968E-02
   6.74000025       7.55188093E-02
   6.75000048       8.75938982E-02
   6.76000071      0.106102221    
   6.77000046      0.105408639    
   6.78000069       8.38328451E-02
   6.79000044       9.23438370E-02
   6.80000067       9.25413445E-02
   6.81000042       9.61040780E-02
   6.82000065       8.41284320E-02
   6.83000040       8.68006125E-02
   6.84000063      0.106397532    
   6.85000038       9.93706882E-02
   6.86000061      0.102537587    
   6.87000036       8.67014527E-02
   6.88000059       7.41324574E-02
   6.89000034      0.103132278    
   6.90000057       9.39274281E-02
   6.91000032       9.56104472E-02
   6.92000055       8.03681836E-02
   6.93000031       7.81904459E-02
   6.94000053       9.03649703E-02
   6.95000029       7.78935105E-02
   6.96000051       9.07599851E-02
   6.97000027       8.57128277E-02
   6.98000050       9.16526988E-02
   6.99000072       9.64021012E-02
   7.00000048       8.29420239E-02
   7.01000071       8.93758014E-02
   7.02000046       9.65020731E-02
   7.03000069      0.102440596    
   7.04000044      0.106399156    
   7.05000067      0.100856736    
   7.06000042       9.54134762E-02
   7.07000065       8.80894288E-02
   7.08000040       8.94749686E-02
   7.09000063      0.100757577    
   7.10000038       9.60076302E-02
   7.11000061       8.24467614E-02
   7.12000036       7.37374425E-02
   7.13000059       8.32386911E-02
   7.14000034       7.68062696E-02
   7.15000057       8.01717639E-02
   7.16000032       7.66079500E-02
   7.17000055       8.41300562E-02
   7.18000031       8.67033526E-02
   7.19000053       8.21503699E-02
   7.20000029       6.82933703E-02
   7.21000051       8.77919495E-02
   7.22000074       9.92736891E-02
   7.23000050       9.97678712E-02
   7.24000072       8.11612010E-02
   7.25000048       9.47204381E-02
   7.26000071       9.41260159E-02
   7.27000046       8.36347938E-02
   7.28000069       9.58082229E-02
   7.29000044       9.81840119E-02
   7.30000067       9.46207345E-02
   7.31000042       9.58090350E-02
   7.32000065       7.69035295E-02
   7.33000040       7.27466494E-02
   7.34000063       6.99758455E-02
   7.35000038       7.82893375E-02
   7.36000061       6.58184215E-02
   7.37000036       5.97812869E-02
   7.38000059       7.60135278E-02
   7.39000034       5.47338575E-02
   7.40000057       5.05764335E-02
   7.41000032       5.41402474E-02
   7.42000055       4.72114794E-02
   7.43000031       6.34439886E-02
   7.44000053       6.91852719E-02
   7.45000076       7.90826231E-02
   7.46000051       6.98780417E-02
   7.47000074       8.03692713E-02
   7.48000050       9.01682749E-02
   7.49000072       8.79908130E-02
   7.50000048       8.72977674E-02
   7.51000071       9.41276476E-02
   7.52000046       9.66009647E-02
   7.53000069       9.05641019E-02
   7.54000044       8.99702236E-02
   7.55000067       8.26456249E-02
   7.56000042       9.00685713E-02
   7.57000065       9.82831717E-02
   7.58000040       8.70002881E-02
   7.59000063       8.04676190E-02
   7.60000038       7.07675070E-02
   7.61000061       7.68060014E-02
   7.62000036       7.02730566E-02
   7.63000059       7.43315890E-02
   7.64000034       8.37336853E-02
   7.65000057       8.60103071E-02
   7.66000032       9.15527269E-02
   7.67000055       7.57168606E-02
   7.68000031       7.51221702E-02
   7.69000053       7.94776380E-02
   7.70000076       7.82890692E-02
   7.71000051       8.25456530E-02
   7.72000074       8.88802707E-02
   7.73000050       8.57136399E-02
   7.74000072       7.87848756E-02
   7.75000048       7.96751454E-02
   7.76000071       7.89826512E-02
   7.77000046       7.04713762E-02
   7.78000069       7.07683191E-02
   7.79000044       7.61134997E-02
   7.80000067       6.80964068E-02
   7.81000042       7.26499259E-02
   7.82000065       7.80929178E-02
   7.83000040       8.07650983E-02
   7.84000063       7.29455128E-02
   7.85000038       8.86830389E-02
   7.86000061       8.50208700E-02
   7.87000036       7.37382546E-02
   7.88000059       7.47266114E-02
   7.89000034       7.32419118E-02
   7.90000057       6.95802867E-02
   7.91000032       7.37368986E-02
   7.92000055       7.43305087E-02
   7.93000078       5.72085343E-02
   7.94000053       4.79045175E-02
   7.95000076       5.90879768E-02
   7.96000051       4.95869964E-02
   7.97000074       4.58267555E-02
   7.98000050       5.14669791E-02
   7.99000072       5.20622134E-02
   8.00000095       5.56244031E-02
   8.01000023       6.46314770E-02
   8.02000046       5.40410914E-02
   8.03000069       5.87918535E-02
   8.04000092       6.80953190E-02
   8.05000019       7.21533149E-02
   8.06000042       6.90861121E-02
   8.07000065       5.91879487E-02
   8.08000088       7.44294003E-02
   8.09000015       7.22524747E-02
   8.10000038       7.75971115E-02
   8.11000061       7.11644217E-02
   8.12000084       6.99763894E-02
   8.13000011       8.51192176E-02
   8.14000034       9.40274000E-02
   8.15000057       8.68019611E-02
   8.16000080       8.79897252E-02
   8.17000103      0.105706386    
   8.18000031      0.108972453    
   8.19000053       9.78876129E-02
   8.20000076       9.96689796E-02
   8.21000099       9.46204662E-02
   8.22000027      0.102043957    
   8.23000050       9.42249075E-02
   8.24000072       9.59076583E-02
   8.25000095       7.61121437E-02
   8.26000023       8.24464932E-02
   8.27000046       7.63101950E-02
   8.28000069       7.30430484E-02
   8.29000092       7.21527711E-02
   8.30000019       7.80910179E-02
   8.31000042       6.63136840E-02
   8.32000065       7.59138241E-02
   8.33000088       7.35383108E-02
   8.34000015       8.28423202E-02
   8.35000038       7.23508224E-02
   8.36000061       7.66068622E-02
   8.37000084       8.01706836E-02
   8.38000107       8.88800025E-02
   8.39000034       7.48265833E-02
   8.40000057       7.80926421E-02
   8.41000080       7.37377107E-02
   8.42000103       8.88802707E-02
   8.43000031       8.37344974E-02
   8.44000053       8.57141837E-02
   8.45000076       8.60097706E-02
   8.46000099       8.36345255E-02
   8.47000027       8.19520429E-02
   8.48000050       8.18526149E-02
   8.49000072       7.08666667E-02
   8.50000095       7.43299648E-02
   8.51000023       7.29441568E-02
   8.52000046       7.13616535E-02
   8.53000069       6.49276078E-02
   8.54000092       5.92857562E-02
   8.55000019       5.06750494E-02
   8.56000042       3.60274874E-02
   8.57000065       4.57262397E-02
   8.58000088       4.33515385E-02
   8.59000015       4.40440364E-02
   8.60000038       3.65216583E-02
   8.61000061       2.94953566E-02
   8.62000084       3.44438963E-02
   8.63000107       3.88974473E-02
   8.64000034       2.62287501E-02
   8.65000057       3.61263715E-02
   8.66000080       5.15658706E-02
   8.67000103       6.02765456E-02
   8.68000031       5.54268993E-02
   8.69000053       4.41440083E-02
   8.70000076       5.05772457E-02
   8.71000099       6.42356500E-02
   8.72000027       7.21530393E-02
   8.73000050       6.58190995E-02
   8.74000072       6.59175813E-02
   8.75000095       7.73992017E-02
   8.76000023       7.54196495E-02
   8.77000046       6.41364902E-02
   8.78000069       5.79002164E-02
   8.79000092       7.27469251E-02
   8.80000019       7.42302611E-02
   8.81000042       6.38381913E-02
   8.82000065       6.40365183E-02
   8.83000088       5.54252714E-02
   8.84000015       5.05757555E-02
   8.85000038       5.23568504E-02
   8.86000061       5.59202582E-02
   8.87000084       3.73129100E-02
   8.88000107       5.44359721E-02
   8.89000034       5.63166291E-02
   8.90000057       4.84974533E-02
   8.91000080       5.10708801E-02
   8.92000103       6.09690435E-02
   8.93000031       6.32455349E-02
   8.94000053       7.26483017E-02
   8.95000076       8.25455189E-02
   8.96000099       8.45256150E-02
   8.97000027       8.70986432E-02
   8.98000050       9.41261575E-02
   8.99000072       7.70032331E-02
   9.00000095       6.92826733E-02
   9.01000023       6.30474836E-02
   9.02000046       7.77954385E-02
   9.03000069       7.61125535E-02
   9.04000092       5.93850501E-02
   9.05000019       5.46351038E-02
   9.06000042       4.73103672E-02
   9.07000065       4.52319309E-02
   9.08000088       3.40476595E-02
   9.09000111       4.52315249E-02
   9.10000038       3.31560336E-02
   9.11000061       3.87978815E-02
   9.12000084       4.63201255E-02
   9.13000107       3.76099907E-02
   9.14000034       3.24633978E-02
   9.15000057       3.60270776E-02
   9.16000080       4.30539250E-02
   9.17000103       4.23618332E-02
   9.18000031       4.50337417E-02
   9.19000053       3.62252630E-02
   9.20000076       3.64231765E-02
   9.21000099       6.09695874E-02
   9.22000027       6.01783358E-02
   9.23000050       6.13658205E-02
   9.24000072       6.87895790E-02
   9.25000095       6.35434240E-02
   9.26000023       7.17583001E-02
   9.27000046       6.09698556E-02
   9.28000069       7.50238225E-02
   9.29000092       7.45296404E-02
   9.30000019       8.47236589E-02
   9.31000042       8.00715163E-02
   9.32000065       7.47268796E-02
   9.33000088       7.36374706E-02
   9.34000111       6.63136840E-02
   9.35000038       6.25516847E-02
   9.36000061       7.24493042E-02
   9.37000084       7.78935105E-02
   9.38000107       7.87840560E-02
   9.39000034       6.66098073E-02
   9.40000057       6.64117634E-02
   9.41000080       7.48246834E-02
   9.42000103       7.30437264E-02
   9.43000031       6.42352402E-02
   9.44000053       6.47302344E-02
   9.45000076       6.19588867E-02
   9.46000099       6.67100549E-02
   9.47000027       6.04744591E-02
   9.48000050       5.44366464E-02
   9.49000072       5.84946387E-02
   9.50000095       5.97819649E-02
   9.51000023       5.23584746E-02
   9.52000046       4.69149463E-02
   9.53000069       5.66141121E-02
   9.54000092       6.31461069E-02
   9.55000114       6.31458312E-02
   9.56000042       6.92825392E-02
   9.57000065       5.53267859E-02
   9.58000088       5.50297126E-02
   9.59000111       5.10703363E-02
   9.60000038       5.07738031E-02
   9.61000061       4.58248593E-02
   9.62000084       5.39409779E-02
   9.63000107       5.12683876E-02
   9.64000034       4.90910560E-02
   9.65000057       4.15690877E-02
   9.66000080       3.92932743E-02
   9.67000103       4.89923023E-02
   9.68000031       5.22589087E-02
   9.69000053       4.79039773E-02
   9.70000076       5.76039553E-02
   9.71000099       5.70095330E-02
   9.72000027       6.69076964E-02
   9.73000050       6.45321831E-02
   9.74000072       6.20580465E-02
   9.75000095       5.44370525E-02
   9.76000023       5.24576344E-02
   9.77000046       4.92896475E-02
   9.78000069       4.07781079E-02
   9.79000092       4.94875647E-02
   9.80000114       6.31467775E-02
   9.81000042       5.08735068E-02
   9.82000065       4.16690595E-02
   9.83000088       4.31533493E-02
   9.84000111       3.08800805E-02
   9.85000038       3.67198437E-02
   9.86000061       3.44430842E-02
   9.87000084       4.06785421E-02
   9.88000107       5.06755933E-02
   9.89000034       4.87947948E-02
   9.90000057       5.07744811E-02
   9.91000080       3.94907854E-02
   9.92000103       4.02829871E-02
   9.93000031       4.65180390E-02
   9.94000053       4.47364002E-02
   9.95000076       6.49276078E-02
   9.96000099       5.99786602E-02
   9.97000027       5.96815832E-02
   9.98000050       5.95822893E-02
   9.99000072       5.45349941E-02
   10.0000010       5.82956411E-02
   10.0100012       5.58216423E-02
   10.0200005       5.37429303E-02
   10.0300007       5.93842380E-02
   10.0400009       6.01769798E-02
   10.0500011       6.11665510E-02
   10.0600004       6.02761395E-02
   10.0700006       6.33440167E-02
   10.0800009       6.38392791E-02
   10.0900011       6.06723763E-02
   10.1000004       6.57198057E-02
   10.1100006       5.75052015E-02
   10.1200008       4.87947948E-02
   10.1300011       4.80036773E-02
   10.1400003       4.65187095E-02
   10.1500006       4.89927083E-02
   10.1600008       3.92935462E-02
   10.1700010       3.34529690E-02
   10.1800003       3.70167829E-02
   10.1900005       2.96924580E-02
   10.2000008       2.82074884E-02
   10.2100010       1.85075104E-02
   10.2200003       2.95930225E-02
   10.2300005       3.39483619E-02
   10.2400007       4.62210923E-02
   10.2500010       4.40436266E-02
   10.2600012       3.78088504E-02
   10.2700005       4.40432243E-02
   10.2800007       3.75116393E-02
   10.2900009       3.35525349E-02
   10.3000011       4.64192778E-02
   10.3100004       3.91941108E-02
   10.3200006       5.67131378E-02
   10.3300009       4.80034091E-02
   10.3400011       4.64194156E-02
   10.3500004       3.27610150E-02
   10.3600006       4.23618294E-02
   10.3700008       4.84978557E-02
   10.3800011       4.83004823E-02
   10.3900003       4.72112074E-02
   10.4000006       4.79038395E-02
   10.4100008       4.77057919E-02
   10.4200010       6.25520870E-02
   10.4300003       5.64153828E-02
   10.4400005       6.72036931E-02
   10.4500008       6.34421036E-02
   10.4600010       6.97771236E-02
   10.4700003       6.47288784E-02
   10.4800005       6.63124621E-02
   10.4900007       6.10671192E-02
   10.5000010       6.21562600E-02
   10.5100012       5.90881109E-02
   10.5200005       5.66142462E-02
   10.5300007       6.01776578E-02
   10.5400009       4.81031090E-02
   10.5500011       4.23625074E-02
   10.5600004       4.96872403E-02
   10.5700006       4.85978276E-02
   10.5800009       4.34516482E-02
   10.5900011       4.03832272E-02
   10.6000004       4.64202277E-02
   10.6100006       6.15634657E-02
   10.6200008       5.75052015E-02
   10.6300011       5.81979714E-02
   10.6400003       5.33481836E-02
   10.6500006       5.78013286E-02
   10.6600008       5.26544675E-02
   10.6700010       4.89925742E-02
   10.6800003       5.06754555E-02
   10.6900005       5.80988079E-02
   10.7000008       6.09689094E-02
   10.7100010       6.09690435E-02
   10.7200012       3.95904854E-02
   10.7300005       5.60207739E-02
   10.7400007       6.38391450E-02
   10.7500010       5.03782481E-02
   10.7600012       5.39416559E-02
   10.7700005       5.29519469E-02
   10.7800007       5.44367805E-02
   10.7900009       4.81020249E-02
   10.8000011       5.06753214E-02
   10.8100004       4.89927083E-02
   10.8200006       4.68149744E-02
   10.8300009       4.62209582E-02
   10.8400011       3.69176231E-02
   10.8500004       2.97913477E-02
   10.8600006       3.94910537E-02
   10.8700008       4.06792201E-02
   10.8800011       4.19658683E-02
   10.8900003       4.08765934E-02
   10.9000006       4.54293042E-02
   10.9100008       3.97875905E-02
   10.9200010       4.56268154E-02
   10.9300003       4.68151085E-02
   10.9400005       5.18629439E-02
   10.9500008       4.57258336E-02
   10.9600010       4.53309566E-02
   10.9700012       4.38461229E-02
   10.9800005       3.29585224E-02
   10.9900007       2.88015027E-02
   11.0000010       3.80063578E-02
   11.0100012       3.58290263E-02
   11.0200005       2.75148563E-02
   11.0300007       1.98942665E-02
   11.0400009       2.48429421E-02
   11.0500011       2.82077603E-02
   11.0600004       3.85014825E-02
   11.0700006       3.85012105E-02
   11.0800009       4.70134355E-02
   11.0900011       5.44362441E-02
   11.1000004       5.85932620E-02
   11.1100006       4.80027311E-02
   11.1200008       5.09718545E-02
   11.1300011       5.59210740E-02
   11.1400003       6.22555576E-02
   11.1500006       5.66134341E-02
   11.1600008       5.52281700E-02
   11.1700010       5.06747812E-02
   11.1800013       5.45347221E-02
   11.1900005       4.46368307E-02
   11.2000008       4.47361283E-02
   11.2100010       4.48351540E-02
   11.2200012       5.61184436E-02
   11.2300005       5.63169010E-02
   11.2400007       6.54220507E-02
   11.2500010       6.22550137E-02
   11.2600012       5.85937984E-02
   11.2700005       5.65150864E-02
   11.2800007       4.95868586E-02
   11.2900009       4.89933863E-02
   11.3000011       5.66141121E-02
   11.3100004       5.62184192E-02
   11.3200006       6.39383048E-02
   11.3300009       5.90887889E-02
   11.3400011       5.85932583E-02
   11.3500004       5.12694716E-02
   11.3600006       4.58255373E-02
   11.3700008       5.14669791E-02
   11.3800011       5.04772700E-02
   11.3900003       5.90885170E-02
   11.4000006       6.12657107E-02
   11.4100008       5.75047955E-02
   11.4200010       5.58224544E-02
   11.4300013       4.38461229E-02
   11.4400005       3.86001021E-02
   11.4500008       4.53312248E-02
   11.4600010       5.42388670E-02
   11.4700012       6.80953190E-02
   11.4800005       6.05728067E-02
   11.4900007       6.71057478E-02
   11.5000010       6.83923960E-02
   11.5100012       5.98801747E-02
   11.5200005       5.79013005E-02
   11.5300007       6.68086708E-02
   11.5400009       6.49288222E-02
   11.5500011       6.88876584E-02
   11.5600004       6.69074282E-02
   11.5700006       5.49321771E-02
   11.5800009       4.74102050E-02
   11.5900011       5.69120012E-02
   11.6000004       5.56249470E-02
   11.6100006       5.63175790E-02
   11.6200008       5.21606952E-02
   11.6300011       5.76039553E-02
   11.6400013       5.05765676E-02
   11.6500006       5.72078563E-02
   11.6600008       5.97814210E-02
   11.6700010       5.24576344E-02
   11.6800013       5.91871366E-02
   11.6900005       5.90886511E-02
   11.7000008       6.03752993E-02
   11.7100010       5.74059039E-02
   11.7200012       5.25557138E-02
   11.7300005       5.79996482E-02
   11.7400007       5.88904656E-02
   11.7500010       6.02765456E-02
   11.7600012       5.63170351E-02
   11.7700005       5.74064478E-02
   11.7800007       6.39385730E-02
   11.7900009       5.76049052E-02
   11.8000011       6.04743250E-02
   11.8100004       5.28533310E-02
   11.8200006       4.86964472E-02
   11.8300009       4.82021347E-02
   11.8400011       4.31543030E-02
   11.8500004       4.12737764E-02
   11.8600006       4.19661365E-02
   11.8700008       5.04780859E-02
   11.8800011       4.80032712E-02
   11.8900013       4.76075783E-02
   11.9000006       5.33476435E-02
   11.9100008       5.56244031E-02
   11.9200010       5.78020066E-02
   11.9300013       6.37405217E-02
   11.9400005       6.93821013E-02
   11.9500008       6.93822429E-02
   11.9600010       6.37409315E-02
   11.9700012       6.32459447E-02
   11.9800005       5.23591526E-02
   11.9900007       5.14684692E-02
   12.0000010       5.15669547E-02
   12.0100012       4.90929522E-02
   12.0200005       4.59253751E-02
   12.0300007       4.19661365E-02
   12.0400009       3.81061956E-02
   12.0500011       3.96897830E-02
   12.0600004       4.69146743E-02
   12.0700006       4.86957692E-02
   12.0800009       4.52323370E-02
   12.0900011       4.97849099E-02
   12.1000004       4.93885390E-02
   12.1100006       5.14676571E-02
   12.1200008       5.42385951E-02
   12.1300011       4.59249653E-02
   12.1400013       4.91910316E-02
   12.1500006       5.95832355E-02
   12.1600008       5.18632159E-02
   12.1700010       5.05762957E-02
   12.1800013       5.97812869E-02
   12.1900005       6.35422021E-02
   12.2000008       6.90844879E-02
   12.2100010       6.02758676E-02
   12.2200012       5.55249713E-02
   12.2300005       5.06747812E-02
   12.2400007       6.04735129E-02
   12.2500010       6.30470812E-02
   12.2600012       5.45349941E-02
   12.2700005       5.26543297E-02
   12.2800007       5.13679534E-02
   12.2900009       4.33507264E-02
   12.3000011       5.01800627E-02
   12.3100004       4.05795202E-02
   12.3200006       5.67127317E-02
   12.3300009       5.37434705E-02
   12.3400011       5.59209362E-02
   12.3500013       4.82006446E-02
   12.3600006       4.39447388E-02
   12.3700008       5.62178753E-02
   12.3800011       6.71052039E-02
   12.3900013       5.96822612E-02
   12.4000006       5.79011664E-02
   12.4100008       5.40406816E-02
   12.4200010       6.30478933E-02
   12.4300013       5.67129999E-02
   12.4400005       6.39380291E-02
   12.4500008       6.19591586E-02
   12.4600010       5.36453947E-02
   12.4700012       5.61193936E-02
   12.4800005       4.67164889E-02
   12.4900007       4.15700376E-02
   12.5000010       4.76069003E-02
   12.5100012       4.53306809E-02
   12.5200005       4.15694974E-02
   12.5300007       3.87982875E-02
   12.5400009       3.92930061E-02
   12.5500011       3.78087126E-02
   12.5600004       3.98866124E-02
   12.5700006       5.72074503E-02
   12.5800009       5.30508384E-02
   12.5900011       4.83006202E-02
   12.6000013       4.52320613E-02
   12.6100006       4.55292724E-02
   12.6200008       5.24569601E-02
   12.6300011       5.38427681E-02
   12.6400013       5.29518127E-02
   12.6500006       5.43380268E-02
   12.6600008       4.82013226E-02
   12.6700010       5.27541675E-02
   12.6800013       3.99861783E-02
   12.6900005       3.94910537E-02
   12.7000008       4.51324992E-02
   12.7100010       4.52315249E-02
   12.7200012       4.26585004E-02
   12.7300005       4.09758873E-02
   12.7400007       3.46414037E-02
   12.7500010       3.34536470E-02
   12.7600012       3.01871765E-02
   12.7700005       3.52348760E-02
   12.7800007       2.18734127E-02
   12.7900009       3.12761813E-02
   12.8000011       2.50408575E-02
   12.8100014       2.26652045E-02
   12.8200006       2.00919099E-02
   12.8300009       2.85046995E-02
   12.8400011       2.37540733E-02
   12.8500013       3.46411318E-02
   12.8600006       3.39484997E-02
   12.8700008       3.00885607E-02
   12.8800011       2.39517167E-02
   12.8900013       3.58290300E-02
   12.9000006       2.90985815E-02
   12.9100008       4.15693596E-02
   12.9200010       4.43405695E-02
   12.9300013       5.16644865E-02
   12.9400005       4.84974496E-02
   12.9500008       5.05756177E-02
   12.9600010       4.00849320E-02
   12.9700012       4.36473936E-02
   12.9800005       4.38457169E-02
   12.9900007       4.37472314E-02
   13.0000010       4.40439023E-02
   13.0100012       3.88971753E-02
   13.0200005       4.05797884E-02
   13.0300007       3.61262374E-02
   13.0400009       2.84063518E-02
   13.0500011       3.11770197E-02
   13.0600014       3.63238789E-02
   13.0700006       4.23610173E-02
   13.0800009       3.94914597E-02
   13.0900011       3.45419720E-02
   13.1000013       3.62244509E-02
   13.1100006       4.42415439E-02
   13.1200008       4.98836637E-02
   13.1300011       4.11736630E-02
   13.1400013       4.28561419E-02
   13.1500006       4.74089868E-02
   13.1600008       5.09722605E-02
   13.1700010       4.12728228E-02
   13.1800013       4.57266457E-02
   13.1900005       4.57265116E-02
   13.2000008       5.56242689E-02
   13.2100010       5.81972934E-02
   13.2200012       4.31533530E-02
   13.2300005       4.60230447E-02
   13.2400007       4.80025969E-02
   13.2500010       5.16648926E-02
   13.2600012       5.08735068E-02
   13.2700014       4.53306846E-02
   13.2800007       5.12693375E-02
   13.2900009       3.86005081E-02
   13.3000011       4.41431962E-02
   13.3100014       4.65184413E-02
   13.3200006       5.17647304E-02
   13.3300009       5.53277358E-02
   13.3400011       5.76038212E-02
   13.3500013       6.09695874E-02
   13.3600006       5.87918498E-02
   13.3700008       5.54259457E-02
   13.3800011       5.09726666E-02
   13.3900013       5.31499982E-02
   13.4000006       6.25526309E-02
   13.4100008       5.99786602E-02
   13.4200010       5.94846159E-02
   13.4300013       5.33473715E-02
   13.4400005       5.89886792E-02
   13.4500008       5.54262176E-02
   13.4600010       4.96848002E-02
   13.4700012       4.77055199E-02
   13.4800005       4.61224765E-02
   13.4900007       5.57227507E-02
   13.5000010       5.04770018E-02
   13.5100012       5.00814430E-02
   13.5200014       5.40405475E-02
   13.5300007       4.83986959E-02
   13.5400009       5.10714203E-02
   13.5500011       4.26585041E-02
   13.5600014       3.96892391E-02
   13.5700006       4.24607880E-02
   13.5800009       4.18668427E-02
   13.5900011       5.05763665E-02
   13.6000013       4.35493849E-02
   13.6100006       4.37475033E-02
   13.6200008       3.58290263E-02
   13.6300011       3.17715742E-02
   13.6400013       3.04845888E-02
   13.6500006       3.19692194E-02
   13.6600008       3.15733217E-02
   13.6700010       3.25630307E-02
   13.6800013       4.11739387E-02
   13.6900005       4.68154512E-02
   13.7000008       4.00851369E-02
   13.7100010       3.92933451E-02
   13.7200012       3.58290933E-02
   13.7300005       4.46381867E-02
   13.7400007       4.72114123E-02
   13.7500010       4.76074442E-02
   13.7600012       4.51330394E-02
   13.7700014       4.89933230E-02
   13.7800007       5.29522188E-02
   13.7900009       4.94881049E-02
   13.8000011       4.47374135E-02
   13.8100014       5.00821210E-02
   13.8200006       5.57236299E-02
   13.8300009       6.17609024E-02
   13.8400011       6.34435862E-02
   13.8500013       6.10679351E-02
   13.8600006       6.13647364E-02
   13.8700008       6.22554161E-02
   13.8800011       6.31461069E-02
   13.8900013       6.21562563E-02
   13.9000006       5.90881743E-02
   13.9100008       5.66137657E-02
   13.9200010       5.39412461E-02
   13.9300013       5.04773408E-02
   13.9400005       5.53273931E-02
   13.9500008       4.65182401E-02
   13.9600010       4.31533530E-02
   13.9700012       4.42421548E-02
   13.9800014       4.21637148E-02
   13.9900007       4.71123904E-02
   14.0000010       4.69146110E-02
   14.0100012       4.47372124E-02
   14.0200014       5.39419986E-02
   14.0300007       5.84949106E-02
   14.0400009       5.80988079E-02
   14.0500011       5.35458289E-02
   14.0600014       5.86927533E-02
   14.0700006       5.97810782E-02
   14.0800009       6.22558258E-02
   14.0900011       6.47301003E-02
   14.1000013       6.14638291E-02
   14.1100006       5.53272627E-02
   14.1200008       5.96818551E-02
   14.1300011       4.94874269E-02
   14.1400013       4.55284603E-02
   14.1500006       4.49344479E-02
   14.1600008       4.97843660E-02
   14.1700010       4.58251275E-02
   14.1800013       4.40439694E-02
   14.1900005       4.04806286E-02
   14.2000008       4.10745740E-02
   14.2100010       3.84024568E-02
   14.2200012       4.80029359E-02
   14.2300014       4.54297103E-02
   14.2400007       4.77061309E-02
   14.2500010       4.75080125E-02
   14.2600012       4.99827601E-02
   14.2700014       4.10747789E-02
   14.2800007       4.70135659E-02
   14.2900009       5.21602258E-02
   14.3000011       5.39417900E-02
   14.3100014       4.84983288E-02
   14.3200006       4.12730314E-02
   14.3300009       3.82048152E-02
   14.3400011       4.28569578E-02
   14.3500013       3.81057896E-02
   14.3600006       3.85017544E-02
   14.3700008       3.70168537E-02
   14.3800011       4.11740728E-02
   14.3900013       3.67200486E-02
   14.4000006       3.12763155E-02
   14.4100008       3.55322920E-02
   14.4200010       4.13715802E-02
   14.4300013       4.72112074E-02
   14.4400015       4.57264446E-02
   14.4500008       4.29549664E-02
   14.4600010       4.52315249E-02
   14.4700012       4.50338125E-02
   14.4800014       4.79039773E-02
   14.4900007       4.86957058E-02
   14.5000010       4.60235849E-02
   14.5100012       4.73102331E-02
   14.5200014       4.05795164E-02
   14.5300007       3.71156074E-02
   14.5400009       4.01837565E-02
   14.5500011       3.91942523E-02
   14.5600014       3.96891721E-02
   14.5700006       4.37472314E-02
   14.5800009       4.38459851E-02
   14.5900011       3.97882648E-02
   14.6000013       3.23651843E-02
   14.6100006       3.10781971E-02
   14.6200008       3.42455767E-02
   14.6300011       4.10751849E-02
   14.6400013       4.57270518E-02
   14.6500006       4.36487496E-02
   14.6600008       4.17680889E-02
   14.6700010       4.53310907E-02
   14.6800013       4.13722582E-02
   14.6900015       3.87989618E-02
   14.7000008       4.11742069E-02
   14.7100010       4.25598137E-02
   14.7200012       5.02798334E-02
   14.7300014       4.75085527E-02
   14.7400007       3.94915305E-02
   14.7500010       3.77099589E-02
   14.7600012       3.71157415E-02
   14.7700014       3.33549604E-02
   14.7800007       2.80101839E-02
   14.7900009       2.99893301E-02
   14.8000011       3.06823011E-02
   14.8100014       2.89996210E-02
   14.8200006       4.16685902E-02
   14.8300009       3.64229046E-02
   14.8400011       3.47400233E-02
   14.8500013       3.60267386E-02
   14.8600006       3.19684073E-02
   14.8700008       3.17707621E-02
   14.8800011       3.37499753E-02
   14.8900013       3.91937755E-02
   14.9000015       3.69174890E-02
   14.9100008       4.62211631E-02
   14.9200010       4.55285311E-02
   14.9300013       3.64226326E-02
   14.9400015       4.27572541E-02
   14.9500008       4.21635769E-02
   14.9600010       4.25593406E-02
   14.9700012       4.44400012E-02
   14.9800014       4.40441705E-02
   14.9900007       4.92897183E-02
   15.0000010       4.39452156E-02
   15.0100012       4.75082844E-02
   15.0200014       3.57302725E-02
   15.0300007       3.58291604E-02
   15.0400009       3.52353491E-02
   15.0500011       3.22660245E-02
   15.0600014       3.31569761E-02
   15.0700006       3.80067639E-02
   15.0800009       3.79079431E-02
   15.0900011       3.86005081E-02
   15.1000013       3.58294323E-02
   15.1100006       3.60270105E-02
   15.1200008       3.17712389E-02
   15.1300011       3.23648453E-02
   15.1400013       3.86003703E-02
   15.1500015       4.49347869E-02
   15.1600008       4.30541933E-02
   15.1700010       4.12724875E-02
   15.1800013       3.79074663E-02
   15.1900015       4.15696315E-02
   15.2000008       4.25593406E-02
   15.2100010       4.52319309E-02
   15.2200012       4.47370075E-02
   15.2300014       5.16654365E-02
   15.2400007       5.67132719E-02
   15.2500010       4.91909645E-02
   15.2600012       4.93888110E-02
   15.2700014       5.01806736E-02
   15.2800007       4.88940254E-02
   15.2900009       5.34465350E-02
   15.3000011       4.64192070E-02
   15.3100014       4.59243618E-02
   15.3200006       4.40434255E-02
   15.3300009       4.70128208E-02
   15.3400011       4.21628989E-02
   15.3500013       4.26579565E-02
   15.3600006       4.23612222E-02
   15.3700008       3.95900793E-02
   15.3800011       3.90951596E-02
   15.3900013       3.92930061E-02
   15.4000015       2.60306317E-02
   15.4100008       2.98906434E-02
   15.4200010       3.33550274E-02
   15.4300013       3.43448035E-02
   15.4400015       3.03857010E-02
   15.4500008       3.20682451E-02
   15.4600010       2.56346688E-02
   15.4700012       2.62286142E-02
   15.4800014       2.31601950E-02
   15.4900007       2.61295903E-02
   15.5000010       2.76142880E-02
   15.5100012       3.28597687E-02
   15.5200014       2.73171440E-02
   15.5300007       2.70200688E-02
   15.5400009       2.66241729E-02
   15.5500011       2.69212481E-02
   15.5600014       2.81090066E-02
   15.5700006       3.57300006E-02
   15.5800009       3.54329273E-02
   15.5900011       3.67195755E-02
   15.6000013       3.36514264E-02
   15.6100016       3.74122746E-02
   15.6200008       3.82044055E-02
   15.6300011       4.62214351E-02
   15.6400013       4.69143391E-02
   15.6500015       4.63203900E-02
   15.6600008       4.87949289E-02
   15.6700010       4.40439023E-02
   15.6800013       3.61259654E-02
   15.6900015       3.80065590E-02
   15.7000008       4.19656634E-02
   15.7100010       4.34502922E-02
   15.7200012       4.28566858E-02
   15.7300014       4.18666378E-02
   15.7400007       3.80066298E-02
   15.7500010       3.28600369E-02
   15.7600012       3.29589285E-02
   15.7700014       3.18701267E-02
   15.7800007       3.63242179E-02
   15.7900009       3.83036360E-02
   15.8000011       3.98871563E-02
   15.8100014       3.63240838E-02
   15.8200006       3.06823682E-02
   15.8300009       2.78119314E-02
   15.8400011       3.18701267E-02
   15.8500013       3.64230424E-02
   15.8600016       3.61258313E-02
   15.8700008       3.80066969E-02
   15.8800011       4.01841626E-02
   15.8900013       4.00849320E-02
   15.9000015       4.33514044E-02
   15.9100008       3.68189365E-02
   15.9200010       3.44434902E-02
   15.9300013       3.93923000E-02
   15.9400015       4.47369404E-02
   15.9500008       3.98872234E-02
   15.9600010       3.66209559E-02
   15.9700012       3.91945206E-02
   15.9800014       3.52352820E-02
   15.9900007       2.54368205E-02
