   0.00000000      -4.86015138E-04
   1.00000007E-02  -2.81595495E-02
   2.00000014E-02  -4.48080003E-02
   3.00000012E-02  -5.56488335E-02
   4.00000028E-02  -6.14846908E-02
   5.00000045E-02  -6.45426512E-02
   6.00000024E-02  -6.64196610E-02
   7.00000077E-02  -6.86691999E-02
   8.00000057E-02  -7.16543496E-02
   9.00000036E-02  -7.59914890E-02
  0.100000009      -8.02805498E-02
  0.110000007      -8.43573138E-02
  0.120000005      -8.81613046E-02
  0.130000010      -9.10891369E-02
  0.140000015      -9.33270678E-02
  0.150000006      -9.53269377E-02
  0.160000011      -9.75548625E-02
  0.170000017      -9.96706784E-02
  0.180000007     -0.102025665    
  0.190000013     -0.104131326    
  0.200000018     -0.106241420    
  0.210000008     -0.108306699    
  0.220000014     -0.110218510    
  0.230000019     -0.112203069    
  0.240000010     -0.114102513    
  0.250000030     -0.115826994    
  0.260000020     -0.117504790    
  0.270000011     -0.119265042    
  0.280000031     -0.121068224    
  0.290000021     -0.122824721    
  0.300000012     -0.124784507    
  0.310000032     -0.126417205    
  0.320000023     -0.127962276    
  0.330000013     -0.129700810    
  0.340000033     -0.131150186    
  0.350000024     -0.132773176    
  0.360000014     -0.134267420    
  0.370000035     -0.135986567    
  0.380000025     -0.137617439    
  0.390000015     -0.139139295    
  0.400000036     -0.140632942    
  0.410000026     -0.142210320    
  0.420000017     -0.143831000    
  0.430000037     -0.145454243    
  0.440000027     -0.147192761    
  0.450000018     -0.148800999    
  0.460000038     -0.150186002    
  0.470000029     -0.151788801    
  0.480000019     -0.153610423    
  0.490000039     -0.155497357    
  0.500000060     -0.157274142    
  0.510000050     -0.159022927    
  0.520000041     -0.160722986    
  0.530000031     -0.162218049    
  0.540000021     -0.163465738    
  0.550000012     -0.164923221    
  0.560000062     -0.166455925    
  0.570000052     -0.168158218    
  0.580000043     -0.169727251    
  0.590000033     -0.171508506    
  0.600000024     -0.173187912    
  0.610000014     -0.174617633    
  0.620000064     -0.176123112    
  0.630000055     -0.177451476    
  0.640000045     -0.179193735    
  0.650000036     -0.180960238    
  0.660000026     -0.182697952    
  0.670000076     -0.184428155    
  0.680000067     -0.185852736    
  0.690000057     -0.187162191    
  0.700000048     -0.188580021    
  0.710000038     -0.190373793    
  0.720000029     -0.191774815    
  0.730000079     -0.193081349    
  0.740000069     -0.194657847    
  0.750000060     -0.196258307    
  0.760000050     -0.197742924    
  0.770000041     -0.198841646    
  0.780000031     -0.200362518    
  0.790000081     -0.201799199    
  0.800000072     -0.203476161    
  0.810000062     -0.204678774    
  0.820000052     -0.206056565    
  0.830000043     -0.207066670    
  0.840000033     -0.208317146    
  0.850000083     -0.209612772    
  0.860000074     -0.211161017    
  0.870000064     -0.212777227    
  0.880000055     -0.214034870    
  0.890000045     -0.215469375    
  0.900000036     -0.216982886    
  0.910000086     -0.218619511    
  0.920000076     -0.220115736    
  0.930000067     -0.221570015    
  0.940000057     -0.222960263    
  0.950000048     -0.224208638    
  0.960000038     -0.225580379    
  0.970000088     -0.227131426    
  0.980000079     -0.228784755    
  0.990000069     -0.230362996    
   1.00000012     -0.231821224    
   1.01000011     -0.233203456    
   1.02000010     -0.234475911    
   1.03000009     -0.235671684    
   1.04000008     -0.236992091    
   1.05000007     -0.238673016    
   1.06000006     -0.240143418    
   1.07000005     -0.241548434    
   1.08000004     -0.242932945    
   1.09000003     -0.244059965    
   1.10000002     -0.245289803    
   1.11000013     -0.246634275    
   1.12000012     -0.248059839    
   1.13000011     -0.249464706    
   1.14000010     -0.250962347    
   1.15000010     -0.252303094    
   1.16000009     -0.253645658    
   1.17000008     -0.255275041    
   1.18000007     -0.256815702    
   1.19000006     -0.258255869    
   1.20000005     -0.259617895    
   1.21000004     -0.260981768    
   1.22000003     -0.262278557    
   1.23000014     -0.263726592    
   1.24000013     -0.265268832    
   1.25000012     -0.266594321    
   1.26000011     -0.268106312    
   1.27000010     -0.269400895    
   1.28000009     -0.270500273    
   1.29000008     -0.271681994    
   1.30000007     -0.273015976    
   1.31000006     -0.274700493    
   1.32000005     -0.275805712    
   1.33000004     -0.277273506    
   1.34000015     -0.278614998    
   1.35000014     -0.279829681    
   1.36000013     -0.280730009    
   1.37000012     -0.281959027    
   1.38000011     -0.283295125    
   1.39000010     -0.284586012    
   1.40000010     -0.285937339    
   1.41000009     -0.287314028    
   1.42000008     -0.288810581    
   1.43000007     -0.290120423    
   1.44000006     -0.291479260    
   1.45000005     -0.293124139    
   1.46000016     -0.294131398    
   1.47000015     -0.295388848    
   1.48000014     -0.296707332    
   1.49000013     -0.298158526    
   1.50000012     -0.299480647    
   1.51000011     -0.300613612    
   1.52000010     -0.301974803    
   1.53000009     -0.303373843    
   1.54000008     -0.304786801    
   1.55000007     -0.306333721    
   1.56000006     -0.307546586    
   1.57000005     -0.308772892    
   1.58000016     -0.309988707    
   1.59000015     -0.311350673    
   1.60000014     -0.312750846    
   1.61000013     -0.314152867    
   1.62000012     -0.315556884    
   1.63000011     -0.316780984    
   1.64000010     -0.318030894    
   1.65000010     -0.319148600    
   1.66000009     -0.320279717    
   1.67000008     -0.321448684    
   1.68000007     -0.322704375    
   1.69000018     -0.323912859    
   1.70000017     -0.325196147    
   1.71000016     -0.326579005    
   1.72000015     -0.328000665    
   1.73000014     -0.329338253    
   1.74000013     -0.330542505    
   1.75000012     -0.331649631    
   1.76000011     -0.332967609    
   1.77000010     -0.334447682    
   1.78000009     -0.335818708    
   1.79000008     -0.337303013    
   1.80000007     -0.338578790    
   1.81000018     -0.339955568    
   1.82000017     -0.341383904    
   1.83000016     -0.342727095    
   1.84000015     -0.343885213    
   1.85000014     -0.345019758    
   1.86000013     -0.346392900    
   1.87000012     -0.347968131    
   1.88000011     -0.349257588    
   1.89000010     -0.350485981    
   1.90000010     -0.351628065    
   1.91000009     -0.352997750    
   1.92000008     -0.354394436    
   1.93000019     -0.355742753    
   1.94000018     -0.357219040    
   1.95000017     -0.358533204    
   1.96000016     -0.360216290    
   1.97000015     -0.361610472    
   1.98000014     -0.363070071    
   1.99000013     -0.364659041    
   2.00000024     -0.366033882    
   2.01000023     -0.367346942    
   2.02000022     -0.368572295    
   2.03000021     -0.369709581    
   2.04000020     -0.370873839    
   2.05000019     -0.372244477    
   2.06000018     -0.373719692    
   2.07000017     -0.375081420    
   2.08000016     -0.376599491    
   2.09000015     -0.377707362    
   2.10000014     -0.378945470    
   2.11000013     -0.380262613    
   2.12000012     -0.381477952    
   2.13000011     -0.382552356    
   2.14000010     -0.383614957    
   2.15000010     -0.384782553    
   2.16000009     -0.385821491    
   2.17000008     -0.387056708    
   2.18000007     -0.388449699    
   2.19000006     -0.389714241    
   2.20000005     -0.390967309    
   2.21000004     -0.392208904    
   2.22000027     -0.393255591    
   2.23000026     -0.394644260    
   2.24000025     -0.395942837    
   2.25000024     -0.397269458    
   2.26000023     -0.398439884    
   2.27000022     -0.399506360    
   2.28000021     -0.400719017    
   2.29000020     -0.401972771    
   2.30000019     -0.403228104    
   2.31000018     -0.404352576    
   2.32000017     -0.405332595    
   2.33000016     -0.406658471    
   2.34000015     -0.407932967    
   2.35000014     -0.409129232    
   2.36000013     -0.410313725    
   2.37000012     -0.411699504    
   2.38000011     -0.413020551    
   2.39000010     -0.414116025    
   2.40000010     -0.415507197    
   2.41000009     -0.416578561    
   2.42000008     -0.417798698    
   2.43000007     -0.418939680    
   2.44000006     -0.420337558    
   2.45000029     -0.421872079    
   2.46000028     -0.423314482    
   2.47000027     -0.424934626    
   2.48000026     -0.426178515    
   2.49000025     -0.427342713    
   2.50000024     -0.428589612    
   2.51000023     -0.429756641    
   2.52000022     -0.431224018    
   2.53000021     -0.432475775    
   2.54000020     -0.433974504    
   2.55000019     -0.435257047    
   2.56000018     -0.436527520    
   2.57000017     -0.437936455    
   2.58000016     -0.439032227    
   2.59000015     -0.440238923    
   2.60000014     -0.441488296    
   2.61000013     -0.442574143    
   2.62000012     -0.443812698    
   2.63000011     -0.445107847    
   2.64000010     -0.446459889    
   2.65000010     -0.447869211    
   2.66000009     -0.449225008    
   2.67000008     -0.450957060    
   2.68000031     -0.452053249    
   2.69000030     -0.453025639    
   2.70000029     -0.454263210    
   2.71000028     -0.455655634    
   2.72000027     -0.457147658    
   2.73000026     -0.458558053    
   2.74000025     -0.459830552    
   2.75000024     -0.461398840    
   2.76000023     -0.462688953    
   2.77000022     -0.464233696    
   2.78000021     -0.465597838    
   2.79000020     -0.466724366    
   2.80000019     -0.468218893    
   2.81000018     -0.469489634    
   2.82000017     -0.471002430    
   2.83000016     -0.472418398    
   2.84000015     -0.473878860    
   2.85000014     -0.474986285    
   2.86000013     -0.476151854    
   2.87000012     -0.477347225    
   2.88000011     -0.478515536    
   2.89000010     -0.479742318    
   2.90000010     -0.481084883    
   2.91000032     -0.482543886    
   2.92000031     -0.483947545    
   2.93000031     -0.485066205    
   2.94000030     -0.486430377    
   2.95000029     -0.487796336    
   2.96000028     -0.489164233    
   2.97000027     -0.490274340    
   2.98000026     -0.491428941    
   2.99000025     -0.492960870    
   3.00000024     -0.494046271    
   3.01000023     -0.495205253    
   3.02000022     -0.496293008    
   3.03000021     -0.497294813    
   3.04000020     -0.498835772    
   3.05000019     -0.500043988    
   3.06000018     -0.501020491    
   3.07000017     -0.502318919    
   3.08000016     -0.503575325    
   3.09000015     -0.505082130    
   3.10000014     -0.506341875    
   3.11000013     -0.507617950    
   3.12000012     -0.508939803    
   3.13000011     -0.510189712    
   3.14000010     -0.511426568    
   3.15000033     -0.512605846    
   3.16000032     -0.513875246    
   3.17000031     -0.515190482    
   3.18000031     -0.516759336    
   3.19000030     -0.518093288    
   3.20000029     -0.519206226    
   3.21000028     -0.520573199    
   3.22000027     -0.521778286    
   3.23000026     -0.523148775    
   3.24000025     -0.524625659    
   3.25000024     -0.525835574    
   3.26000023     -0.527316451    
   3.27000022     -0.528739393    
   3.28000021     -0.530059516    
   3.29000020     -0.531591713    
   3.30000019     -0.533126235    
   3.31000018     -0.534406841    
   3.32000017     -0.535538137    
   3.33000016     -0.536867142    
   3.34000015     -0.538197935    
   3.35000014     -0.539348722    
   3.36000013     -0.540910363    
   3.37000012     -0.542246521    
   3.38000035     -0.543493211    
   3.39000034     -0.544695735    
   3.40000033     -0.545899868    
   3.41000032     -0.547166348    
   3.42000031     -0.548480272    
   3.43000031     -0.549842000    
   3.44000030     -0.551036894    
   3.45000029     -0.552217901    
   3.46000028     -0.553538501    
   3.47000027     -0.554891646    
   3.48000026     -0.555953920    
   3.49000025     -0.557079077    
   3.50000024     -0.558467984    
   3.51000023     -0.560044348    
   3.52000022     -0.561545730    
   3.53000021     -0.562785804    
   3.54000020     -0.564104915    
   3.55000019     -0.565363646    
   3.56000018     -0.566250324    
   3.57000017     -0.567402661    
   3.58000016     -0.568946421    
   3.59000015     -0.570383132    
   3.60000014     -0.571978390    
   3.61000037     -0.573247135    
   3.62000036     -0.574329078    
   3.63000035     -0.575585008    
   3.64000034     -0.576842606    
   3.65000033     -0.578196108    
   3.66000032     -0.579709291    
   3.67000031     -0.581193209    
   3.68000031     -0.582536876    
   3.69000030     -0.583882391    
   3.70000029     -0.585261464    
   3.71000028     -0.586420059    
   3.72000027     -0.587834358    
   3.73000026     -0.588995934    
   3.74000025     -0.590302348    
   3.75000024     -0.591897845    
   3.76000023     -0.593415856    
   3.77000022     -0.594551980    
   3.78000021     -0.595721424    
   3.79000020     -0.596779823    
   3.80000019     -0.598144710    
   3.81000018     -0.599479198    
   3.82000017     -0.600928187    
   3.83000016     -0.601959944    
   3.84000015     -0.603170395    
   3.85000038     -0.604463100    
   3.86000037     -0.605870843    
   3.87000036     -0.607199490    
   3.88000035     -0.608627260    
   3.89000034     -0.609992087    
   3.90000033     -0.611440241    
   3.91000032     -0.612711132    
   3.92000031     -0.613950908    
   3.93000031     -0.615339398    
   3.94000030     -0.616516948    
   3.95000029     -0.617843509    
   3.96000028     -0.619171798    
   3.97000027     -0.620715380    
   3.98000026     -0.622096777    
   3.99000025     -0.623364806    
   4.00000048     -0.624700427    
   4.01000023     -0.625988305    
   4.02000046     -0.627029598    
   4.03000021     -0.628386676    
   4.04000044     -0.629662693    
   4.05000019     -0.631139696    
   4.06000042     -0.632452428    
   4.07000017     -0.633933425    
   4.08000040     -0.635383308    
   4.09000015     -0.636751771    
   4.10000038     -0.638071954    
   4.11000013     -0.639594853    
   4.12000036     -0.641153514    
   4.13000011     -0.642529964    
   4.14000034     -0.643975556    
   4.15000010     -0.645406306    
   4.16000032     -0.646991074    
   4.17000008     -0.648460031    
   4.18000031     -0.649880350    
   4.19000053     -0.651404381    
   4.20000029     -0.652913749    
   4.21000051     -0.654476404    
   4.22000027     -0.656024516    
   4.23000050     -0.657540858    
   4.24000025     -0.658735096    
   4.25000048     -0.660153091    
   4.26000023     -0.661162138    
   4.27000046     -0.662600756    
   4.28000021     -0.664144218    
   4.29000044     -0.665638566    
   4.30000019     -0.667169690    
   4.31000042     -0.668203175    
   4.32000017     -0.669565558    
   4.33000040     -0.670981646    
   4.34000015     -0.672261298    
   4.35000038     -0.673507988    
   4.36000013     -0.674842834    
   4.37000036     -0.676440179    
   4.38000011     -0.678057551    
   4.39000034     -0.679851711    
   4.40000010     -0.681282520    
   4.41000032     -0.682540476    
   4.42000008     -0.683835030    
   4.43000031     -0.685131192    
   4.44000053     -0.686411560    
   4.45000029     -0.687992275    
   4.46000051     -0.689786971    
   4.47000027     -0.691320062    
   4.48000050     -0.692749679    
   4.49000025     -0.694287479    
   4.50000048     -0.695969343    
   4.51000023     -0.697547555    
   4.52000046     -0.698932767    
   4.53000021     -0.700569093    
   4.54000044     -0.702190280    
   4.55000019     -0.703778386    
   4.56000042     -0.705136478    
   4.57000017     -0.706621766    
   4.58000040     -0.707876146    
   4.59000015     -0.709203959    
   4.60000038     -0.710695326    
   4.61000013     -0.712116897    
   4.62000036     -0.713522434    
   4.63000011     -0.715074480    
   4.64000034     -0.716448009    
   4.65000010     -0.717859685    
   4.66000032     -0.718965054    
   4.67000055     -0.720343947    
   4.68000031     -0.721615732    
   4.69000053     -0.723071098    
   4.70000029     -0.724637985    
   4.71000051     -0.725915253    
   4.72000027     -0.727157474    
   4.73000050     -0.728437960    
   4.74000025     -0.729610085    
   4.75000048     -0.731150508    
   4.76000023     -0.732987583    
   4.77000046     -0.734551668    
   4.78000021     -0.736155152    
   4.79000044     -0.737484097    
   4.80000019     -0.738888800    
   4.81000042     -0.740165830    
   4.82000017     -0.741778314    
   4.83000040     -0.743412077    
   4.84000015     -0.744955361    
   4.85000038     -0.746407866    
   4.86000013     -0.747974455    
   4.87000036     -0.749450088    
   4.88000011     -0.750890374    
   4.89000034     -0.752314031    
   4.90000057     -0.753683448    
   4.91000032     -0.755317926    
   4.92000055     -0.756691456    
   4.93000031     -0.758274257    
   4.94000053     -0.759538591    
   4.95000029     -0.760690987    
   4.96000051     -0.761939406    
   4.97000027     -0.763378918    
   4.98000050     -0.764459908    
   4.99000025     -0.765846074    
   5.00000048     -0.767234087    
   5.01000023     -0.768929005    
   5.02000046     -0.770130515    
   5.03000021     -0.771486342    
   5.04000044     -0.772729158    
   5.05000019     -0.773820281    
   5.06000042     -0.775123537    
   5.07000017     -0.776812732    
   5.08000040     -0.778158367    
   5.09000015     -0.779448032    
   5.10000038     -0.780912936    
   5.11000013     -0.782380044    
   5.12000036     -0.783694565    
   5.13000059     -0.784913957    
   5.14000034     -0.785940945    
   5.15000057     -0.787163079    
   5.16000032     -0.788600445    
   5.17000055     -0.790020525    
   5.18000031     -0.791286588    
   5.19000053     -0.792690992    
   5.20000029     -0.793999553    
   5.21000051     -0.795505524    
   5.22000027     -0.797131479    
   5.23000050     -0.798661828    
   5.24000025     -0.799978256    
   5.25000048     -0.801198006    
   5.26000023     -0.802596629    
   5.27000046     -0.803898454    
   5.28000021     -0.805320621    
   5.29000044     -0.806566656    
   5.30000019     -0.807814300    
   5.31000042     -0.808805585    
   5.32000017     -0.810016274    
   5.33000040     -0.811148882    
   5.34000015     -0.812242985    
   5.35000038     -0.813736916    
   5.36000061     -0.815332830    
   5.37000036     -0.816811383    
   5.38000059     -0.818051815    
   5.39000034     -0.819454134    
   5.40000057     -0.820697904    
   5.41000032     -0.821902931    
   5.42000055     -0.822988808    
   5.43000031     -0.824136257    
   5.44000053     -0.825103462    
   5.45000029     -0.826515794    
   5.46000051     -0.827970505    
   5.47000027     -0.829224825    
   5.48000050     -0.830420017    
   5.49000025     -0.831616580    
   5.50000048     -0.833078742    
   5.51000023     -0.834339559    
   5.52000046     -0.835357487    
   5.53000021     -0.836661994    
   5.54000044     -0.837804794    
   5.55000019     -0.839214683    
   5.56000042     -0.840544701    
   5.57000017     -0.841958463    
   5.58000040     -0.842922628    
   5.59000063     -0.844052076    
   5.60000038     -0.845244467    
   5.61000061     -0.846479535    
   5.62000036     -0.848087370    
   5.63000059     -0.849863172    
   5.64000034     -0.851331592    
   5.65000057     -0.852864325    
   5.66000032     -0.854420185    
   5.67000055     -0.855791330    
   5.68000031     -0.856893837    
   5.69000053     -0.858560205    
   5.70000029     -0.859999657    
   5.71000051     -0.861880422    
   5.72000027     -0.863576114    
   5.73000050     -0.864771128    
   5.74000025     -0.865631521    
   5.75000048     -0.866955101    
   5.76000023     -0.868343592    
   5.77000046     -0.869438827    
   5.78000021     -0.870725274    
   5.79000044     -0.872309268    
   5.80000019     -0.873768687    
   5.81000042     -0.875103056    
   5.82000065     -0.876396835    
   5.83000040     -0.877649665    
   5.84000063     -0.878563821    
   5.85000038     -0.879563987    
   5.86000061     -0.881140649    
   5.87000036     -0.882420838    
   5.88000059     -0.884087563    
   5.89000034     -0.885243058    
   5.90000057     -0.886528611    
   5.91000032     -0.887772799    
   5.92000055     -0.889362454    
   5.93000031     -0.890717864    
   5.94000053     -0.892139733    
   5.95000029     -0.893714786    
   5.96000051     -0.895141006    
   5.97000027     -0.896720827    
   5.98000050     -0.898324788    
   5.99000025     -0.899714112    
   6.00000048     -0.901105344    
   6.01000023     -0.902433157    
   6.02000046     -0.903653741    
   6.03000021     -0.905137777    
   6.04000044     -0.906405330    
   6.05000019     -0.907959282    
   6.06000042     -0.909427881    
   6.07000065     -0.910722852    
   6.08000040     -0.912041545    
   6.09000063     -0.913472116    
   6.10000038     -0.914860547    
   6.11000061     -0.915941894    
   6.12000036     -0.917422235    
   6.13000059     -0.918816149    
   6.14000034     -0.920123398    
   6.15000057     -0.921410143    
   6.16000032     -0.922831893    
   6.17000055     -0.923877299    
   6.18000031     -0.925168931    
   6.19000053     -0.926774561    
   6.20000029     -0.927801788    
   6.21000051     -0.929120839    
   6.22000027     -0.930262387    
   6.23000050     -0.931674361    
   6.24000025     -0.933043480    
   6.25000048     -0.934346974    
   6.26000023     -0.935697198    
   6.27000046     -0.936688542    
   6.28000021     -0.937883973    
   6.29000044     -0.939510167    
   6.30000067     -0.941071153    
   6.31000042     -0.942498505    
   6.32000065     -0.943905234    
   6.33000040     -0.945177436    
   6.34000063     -0.946337521    
   6.35000038     -0.947612941    
   6.36000061     -0.949232161    
   6.37000036     -0.950648367    
   6.38000059     -0.952089548    
   6.39000034     -0.953326404    
   6.40000057     -0.954679549    
   6.41000032     -0.956011593    
   6.42000055     -0.957253337    
   6.43000031     -0.958657861    
   6.44000053     -0.959972143    
   6.45000029     -0.961265087    
   6.46000051     -0.962420821    
   6.47000027     -0.963439047    
   6.48000050     -0.965014637    
   6.49000025     -0.966476619    
   6.50000048     -0.967917502    
   6.51000023     -0.969430268    
   6.52000046     -0.971038699    
   6.53000069     -0.972182453    
   6.54000044     -0.973327577    
   6.55000067     -0.974450588    
   6.56000042     -0.976113975    
   6.57000065     -0.977498293    
   6.58000040     -0.978790522    
   6.59000063     -0.979849100    
   6.60000038     -0.980955839    
   6.61000061     -0.982229054    
   6.62000036     -0.983314812    
   6.63000059     -0.984520018    
   6.64000034     -0.985987127    
   6.65000057     -0.987480164    
   6.66000032     -0.988737881    
   6.67000055     -0.990068495    
   6.68000031     -0.991305709    
   6.69000053     -0.992687404    
   6.70000029     -0.993999481    
   6.71000051     -0.995289266    
   6.72000027     -0.996437252    
   6.73000050     -0.997826159    
   6.74000025     -0.998952985    
   6.75000048      -1.00046551    
   6.76000071      -1.00190806    
   6.77000046      -1.00316000    
   6.78000069      -1.00465465    
   6.79000044      -1.00591004    
   6.80000067      -1.00755417    
   6.81000042      -1.00895846    
   6.82000065      -1.01038921    
   6.83000040      -1.01174891    
   6.84000063      -1.01328087    
   6.85000038      -1.01464462    
   6.86000061      -1.01603460    
   6.87000036      -1.01713336    
   6.88000059      -1.01840448    
   6.89000034      -1.01957929    
   6.90000057      -1.02114785    
   6.91000032      -1.02252233    
   6.92000055      -1.02407086    
   6.93000031      -1.02535093    
   6.94000053      -1.02631199    
   6.95000029      -1.02754545    
   6.96000051      -1.02853334    
   6.97000027      -1.02949750    
   6.98000050      -1.03075969    
   6.99000072      -1.03204834    
   7.00000048      -1.03366137    
   7.01000071      -1.03520238    
   7.02000046      -1.03674591    
   7.03000069      -1.03774297    
   7.04000044      -1.03889072    
   7.05000067      -1.03983986    
   7.06000042      -1.04114032    
   7.07000065      -1.04239225    
   7.08000040      -1.04402208    
   7.09000063      -1.04555416    
   7.10000038      -1.04663551    
   7.11000061      -1.04776835    
   7.12000036      -1.04890251    
   7.13000059      -1.05021465    
   7.14000034      -1.05168033    
   7.15000057      -1.05304682    
   7.16000032      -1.05438983    
   7.17000055      -1.05581093    
   7.18000031      -1.05725932    
   7.19000053      -1.05837882    
   7.20000029      -1.05990756    
   7.21000051      -1.06128526    
   7.22000074      -1.06261384    
   7.23000050      -1.06404662    
   7.24000072      -1.06560957    
   7.25000048      -1.06684124    
   7.26000071      -1.06815147    
   7.27000046      -1.06951499    
   7.28000069      -1.07085454    
   7.29000044      -1.07232499    
   7.30000067      -1.07364237    
   7.31000042      -1.07514286    
   7.32000065      -1.07656765    
   7.33000040      -1.07794273    
   7.34000063      -1.07916367    
   7.35000038      -1.08036005    
   7.36000061      -1.08192265    
   7.37000036      -1.08333111    
   7.38000059      -1.08474171    
   7.39000034      -1.08578765    
   7.40000057      -1.08712304    
   7.41000032      -1.08851266    
   7.42000055      -1.08964145    
   7.43000031      -1.09095573    
   7.44000053      -1.09250867    
   7.45000076      -1.09369469    
   7.46000051      -1.09498787    
   7.47000074      -1.09638846    
   7.48000050      -1.09816182    
   7.49000072      -1.09996498    
   7.50000048      -1.10158503    
   7.51000071      -1.10312796    
   7.52000046      -1.10491347    
   7.53000069      -1.10614109    
   7.54000044      -1.10747707    
   7.55000067      -1.10873461    
   7.56000042      -1.11018145    
   7.57000065      -1.11160338    
   7.58000040      -1.11297381    
   7.59000063      -1.11448050    
   7.60000038      -1.11580086    
   7.61000061      -1.11741996    
   7.62000036      -1.11896050    
   7.63000059      -1.12020540    
   7.64000034      -1.12156045    
   7.65000057      -1.12297165    
   7.66000032      -1.12427604    
   7.67000055      -1.12577283    
   7.68000031      -1.12713528    
   7.69000053      -1.12839055    
   7.70000076      -1.12964737    
   7.71000051      -1.13090575    
   7.72000074      -1.13252199    
   7.73000050      -1.13411355    
   7.74000072      -1.13584507    
   7.75000048      -1.13730407    
   7.76000071      -1.13871014    
   7.77000046      -1.14003515    
   7.78000069      -1.14166641    
   7.79000044      -1.14313388    
   7.80000067      -1.14463139    
   7.81000042      -1.14576983    
   7.82000065      -1.14732695    
   7.83000040      -1.14894211    
   7.84000063      -1.15053213    
   7.85000038      -1.15251613    
   7.86000061      -1.15397155    
   7.87000036      -1.15517688    
   7.88000059      -1.15629935    
   7.89000034      -1.15764797    
   7.90000057      -1.15899837    
   7.91000032      -1.16049159    
   7.92000055      -1.16201532    
   7.93000078      -1.16331518    
   7.94000053      -1.16464496    
   7.95000076      -1.16628850    
   7.96000051      -1.16770744    
   7.97000074      -1.16938436    
   7.98000050      -1.17069376    
   7.99000072      -1.17194784    
   8.00000095      -1.17311788    
   8.01000023      -1.17448938    
   8.02000046      -1.17603457    
   8.03000069      -1.17758214    
   8.04000092      -1.17904592    
   8.05000019      -1.18079960    
   8.06000042      -1.18203771    
   8.07000065      -1.18310416    
   8.08000088      -1.18443167    
   8.09000015      -1.18605018    
   8.10000038      -1.18781626    
   8.11000061      -1.18955624    
   8.12000084      -1.19129944    
   8.13000011      -1.19289994    
   8.14000034      -1.19409478    
   8.15000057      -1.19532013    
   8.16000080      -1.19689798    
   8.17000103      -1.19830251    
   8.18000031      -1.20000219    
   8.19000053      -1.20176363    
   8.20000076      -1.20332217    
   8.21000099      -1.20461786    
   8.22000027      -1.20615137    
   8.23000050      -1.20727360    
   8.24000072      -1.20854473    
   8.25000095      -1.20975840    
   8.26000023      -1.21103287    
   8.27000046      -1.21219015    
   8.28000069      -1.21337843    
   8.29000092      -1.21477664    
   8.30000019      -1.21605742    
   8.31000042      -1.21751904    
   8.32000065      -1.21880341    
   8.33000088      -1.21996975    
   8.34000015      -1.22119725    
   8.35000038      -1.22218657    
   8.36000061      -1.22350693    
   8.37000084      -1.22518992    
   8.38000107      -1.22687590    
   8.39000034      -1.22856450    
   8.40000057      -1.22998416    
   8.41000080      -1.23131490    
   8.42000103      -1.23288977    
   8.43000031      -1.23440659    
   8.44000053      -1.23577368    
   8.45000076      -1.23735571    
   8.46000099      -1.23875725    
   8.47000027      -1.24016082    
   8.48000050      -1.24178040    
   8.49000072      -1.24349451    
   8.50000095      -1.24511957    
   8.51000023      -1.24647057    
   8.52000046      -1.24751580    
   8.53000069      -1.24877775    
   8.54000092      -1.24997962    
   8.55000019      -1.25149155    
   8.56000042      -1.25285125    
   8.57000065      -1.25433671    
   8.58000088      -1.25576234    
   8.59000015      -1.25734532    
   8.60000038      -1.25880635    
   8.61000061      -1.26014483    
   8.62000084      -1.26192200    
   8.63000107      -1.26373351    
   8.64000034      -1.26501608    
   8.65000057      -1.26626885    
   8.66000080      -1.26761746    
   8.67000103      -1.26859081    
   8.68000031      -1.26962805    
   8.69000053      -1.27082372    
   8.70000076      -1.27202082    
   8.71000099      -1.27340877    
   8.72000027      -1.27495658    
   8.73000050      -1.27615881    
   8.74000072      -1.27720380    
   8.75000095      -1.27863073    
   8.76000023      -1.27967834    
   8.77000046      -1.28085434    
   8.78000069      -1.28231823    
   8.79000092      -1.28381634    
   8.80000019      -1.28560400    
   8.81000042      -1.28697896    
   8.82000065      -1.28848386    
   8.83000088      -1.28992701    
   8.84000015      -1.29153287    
   8.85000038      -1.29301250    
   8.86000061      -1.29426873    
   8.87000084      -1.29568791    
   8.88000107      -1.29717374    
   8.89000034      -1.29879129    
   8.90000057      -1.30024934    
   8.91000080      -1.30138493    
   8.92000103      -1.30242419    
   8.93000031      -1.30352950    
   8.94000053      -1.30492938    
   8.95000076      -1.30610287    
   8.96000099      -1.30734289    
   8.97000027      -1.30887890    
   8.98000050      -1.31025350    
   8.99000072      -1.31166279    
   9.00000095      -1.31307411    
   9.01000023      -1.31455302    
   9.02000046      -1.31593549    
   9.03000069      -1.31741869    
   9.04000092      -1.31910241    
   9.05000019      -1.32092130    
   9.06000042      -1.32244515    
   9.07000065      -1.32417059    
   9.08000088      -1.32516730    
   9.09000111      -1.32659781    
   9.10000038      -1.32823026    
   9.11000061      -1.32963169    
   9.12000084      -1.33053374    
   9.13000107      -1.33193839    
   9.14000034      -1.33327806    
   9.15000057      -1.33498871    
   9.16000080      -1.33626521    
   9.17000103      -1.33744240    
   9.18000031      -1.33862090    
   9.19000053      -1.33973348    
   9.20000076      -1.34121871    
   9.21000099      -1.34246933    
   9.22000027      -1.34368753    
   9.23000050      -1.34483957    
   9.24000072      -1.34626460    
   9.25000095      -1.34741962    
   9.26000023      -1.34888220    
   9.27000046      -1.34993815    
   9.28000069      -1.35106325    
   9.29000092      -1.35249698    
   9.30000019      -1.35379612    
   9.31000042      -1.35495985    
   9.32000065      -1.35667372    
   9.33000088      -1.35794389    
   9.34000111      -1.35897493    
   9.35000038      -1.35990369    
   9.36000061      -1.36117792    
   9.37000084      -1.36276448    
   9.38000107      -1.36428440    
   9.39000034      -1.36573732    
   9.40000057      -1.36715770    
   9.41000080      -1.36858010    
   9.42000103      -1.36948311    
   9.43000031      -1.37111771    
   9.44000053      -1.37251079    
   9.45000076      -1.37418520    
   9.46000099      -1.37547779    
   9.47000027      -1.37673712    
   9.48000050      -1.37796295    
   9.49000072      -1.37897980    
   9.50000095      -1.38003278    
   9.51000023      -1.38164949    
   9.52000046      -1.38298690    
   9.53000069      -1.38411462    
   9.54000092      -1.38542008    
   9.55000114      -1.38647997    
   9.56000042      -1.38793004    
   9.57000065      -1.38902795    
   9.58000088      -1.39065921    
   9.59000111      -1.39165354    
   9.60000038      -1.39257765    
   9.61000061      -1.39375186    
   9.62000084      -1.39521265    
   9.63000107      -1.39696133    
   9.64000034      -1.39796185    
   9.65000057      -1.39921391    
   9.66000080      -1.40046763    
   9.67000103      -1.40193832    
   9.68000031      -1.40330327    
   9.69000053      -1.40449011    
   9.70000076      -1.40571439    
   9.71000099      -1.40697622    
   9.72000027      -1.40834808    
   9.73000050      -1.40936005    
   9.74000072      -1.41019213    
   9.75000095      -1.41080761    
   9.76000023      -1.41196716    
   9.77000046      -1.41305554    
   9.78000069      -1.41436303    
   9.79000092      -1.41581786    
   9.80000114      -1.41731119    
   9.81000042      -1.41880679    
   9.82000065      -1.42004871    
   9.83000088      -1.42118251    
   9.84000111      -1.42250073    
   9.85000038      -1.42385733    
   9.86000061      -1.42543626    
   9.87000084      -1.42687047    
   9.88000107      -1.42860162    
   9.89000034      -1.43015122    
   9.90000057      -1.43177712    
   9.91000080      -1.43322039    
   9.92000103      -1.43485129    
   9.93000031      -1.43637335    
   9.94000053      -1.43797231    
   9.95000076      -1.43931282    
   9.96000099      -1.44072974    
   9.97000027      -1.44218612    
   9.98000050      -1.44371939    
   9.99000072      -1.44510520    
   10.0000010      -1.44664299    
   10.0100012      -1.44807029    
   10.0200005      -1.44965029    
   10.0300007      -1.45085585    
   10.0400009      -1.45236480    
   10.0500011      -1.45380032    
   10.0600004      -1.45527589    
   10.0700006      -1.45679152    
   10.0800009      -1.45804358    
   10.0900011      -1.45925927    
   10.1000004      -1.46032417    
   10.1100006      -1.46146643    
   10.1200008      -1.46241927    
   10.1300011      -1.46379304    
   10.1400003      -1.46501565    
   10.1500006      -1.46601021    
   10.1600008      -1.46700585    
   10.1700010      -1.46888459    
   10.1800003      -1.47042108    
   10.1900005      -1.47215223    
   10.2000008      -1.47361660    
   10.2100010      -1.47535348    
   10.2200003      -1.47689974    
   10.2300005      -1.47868109    
   10.2400007      -1.48046553    
   10.2500010      -1.48190320    
   10.2600012      -1.48334289    
   10.2700005      -1.48497975    
   10.2800007      -1.48661911    
   10.2900009      -1.48853528    
   10.3000011      -1.49006295    
   10.3100004      -1.49151456    
   10.3200006      -1.49300742    
   10.3300009      -1.49438453    
   10.3400011      -1.49615788    
   10.3500004      -1.49809229    
   10.3600006      -1.49971390    
   10.3700008      -1.50153625    
   10.3800011      -1.50328267    
   10.3900003      -1.50463414    
   10.4000006      -1.50626636    
   10.4100008      -1.50782132    
   10.4200010      -1.50933886    
   10.4300003      -1.51105893    
   10.4400005      -1.51250112    
   10.4500008      -1.51378489    
   10.4600010      -1.51478899    
   10.4700003      -1.51619637    
   10.4800005      -1.51788783    
   10.4900007      -1.51970339    
   10.5000010      -1.52127945    
   10.5100012      -1.52269602    
   10.5200005      -1.52399290    
   10.5300007      -1.52545404    
   10.5400009      -1.52683580    
   10.5500011      -1.52830100    
   10.5600004      -1.52997231    
   10.5700006      -1.53144217    
   10.5800009      -1.53303695    
   10.5900011      -1.53447020    
   10.6000004      -1.53586459    
   10.6100006      -1.53730190    
   10.6200008      -1.53902960    
   10.6300011      -1.54018295    
   10.6400003      -1.54175043    
   10.6500006      -1.54323769    
   10.6600008      -1.54439592    
   10.6700010      -1.54555559    
   10.6800003      -1.54655051    
   10.6900005      -1.54750502    
   10.7000008      -1.54870987    
   10.7100010      -1.55016589    
   10.7200012      -1.55166566    
   10.7300005      -1.55283380    
   10.7400007      -1.55417037    
   10.7500010      -1.55542505    
   10.7600012      -1.55684900    
   10.7700005      -1.55840087    
   10.7800007      -1.55974495    
   10.7900009      -1.56096458    
   10.8000011      -1.56248069    
   10.8100004      -1.56421018    
   10.8200006      -1.56560445    
   10.8300009      -1.56712759    
   10.8400011      -1.56861067    
   10.8500004      -1.57001090    
   10.8600006      -1.57149839    
   10.8700008      -1.57260466    
   10.8800011      -1.57388282    
   10.8900003      -1.57533312    
   10.9000006      -1.57682848    
   10.9100008      -1.57871151    
   10.9200010      -1.58034062    
   10.9300003      -1.58192933    
   10.9400005      -1.58334851    
   10.9500008      -1.58507133    
   10.9600010      -1.58632231    
   10.9700012      -1.58792055    
   10.9800005      -1.58913183    
   10.9900007      -1.59112489    
   11.0000010      -1.59264398    
   11.0100012      -1.59460068    
   11.0200005      -1.59612501    
   11.0300007      -1.59730268    
   11.0400009      -1.59865642    
   11.0500011      -1.60023069    
   11.0600004      -1.60189533    
   11.0700006      -1.60360658    
   11.0800009      -1.60470498    
   11.0900011      -1.60620081    
   11.1000004      -1.60752273    
   11.1100006      -1.60889041    
   11.1200008      -1.61065781    
   11.1300011      -1.61238408    
   11.1400003      -1.61380279    
   11.1500006      -1.61491251    
   11.1600008      -1.61624587    
   11.1700010      -1.61767006    
   11.1800013      -1.61931932    
   11.1900005      -1.62092662    
   11.2000008      -1.62293935    
   11.2100010      -1.62504590    
   11.2200012      -1.62657249    
   11.2300005      -1.62846160    
   11.2400007      -1.63003862    
   11.2500010      -1.63139236    
   11.2600012      -1.63252175    
   11.2700005      -1.63424098    
   11.2800007      -1.63582706    
   11.2900009      -1.63741577    
   11.3000011      -1.63891590    
   11.3100004      -1.64028156    
   11.3200006      -1.64174044    
   11.3300009      -1.64297307    
   11.3400011      -1.64448166    
   11.3500004      -1.64608407    
   11.3600006      -1.64801037    
   11.3700008      -1.64994037    
   11.3800011      -1.65164375    
   11.3900003      -1.65348852    
   11.4000006      -1.65505934    
   11.4100008      -1.65728104    
   11.4200010      -1.65922904    
   11.4300013      -1.66104138    
   11.4400005      -1.66304338    
   11.4500008      -1.66486263    
   11.4600010      -1.66663849    
   11.4700012      -1.66855800    
   11.4800005      -1.67066896    
   11.4900007      -1.67226696    
   11.5000010      -1.67382038    
   11.5100012      -1.67518747    
   11.5200005      -1.67702889    
   11.5300007      -1.67892122    
   11.5400009      -1.68039012    
   11.5500011      -1.68224120    
   11.5600004      -1.68376267    
   11.5700006      -1.68514347    
   11.5800009      -1.68666935    
   11.5900011      -1.68819749    
   11.6000004      -1.68953657    
   11.6100006      -1.69121289    
   11.6200008      -1.69246006    
   11.6300011      -1.69394910    
   11.6400013      -1.69553649    
   11.6500006      -1.69765711    
   11.6600008      -1.69963717    
   11.6700010      -1.70113683    
   11.6800013      -1.70278430    
   11.6900005      -1.70428884    
   11.7000008      -1.70579553    
   11.7100010      -1.70720708    
   11.7200012      -1.70871818    
   11.7300005      -1.71018279    
   11.7400007      -1.71160054    
   11.7500010      -1.71385360    
   11.7600012      -1.71591508    
   11.7700005      -1.71763635    
   11.7800007      -1.71906471    
   11.7900009      -1.72079146    
   11.8000011      -1.72247159    
   11.8100004      -1.72465014    
   11.8200006      -1.72623742    
   11.8300009      -1.72837448    
   11.8400011      -1.73031676    
   11.8500004      -1.73191309    
   11.8600006      -1.73311210    
   11.8700008      -1.73466289    
   11.8800011      -1.73616600    
   11.8900013      -1.73777175    
   11.9000006      -1.73978269    
   11.9100008      -1.74169672    
   11.9200010      -1.74386704    
   11.9300013      -1.74594080    
   11.9400005      -1.74771452    
   11.9500008      -1.74933898    
   11.9600010      -1.75101697    
   11.9700012      -1.75295269    
   11.9800005      -1.75458574    
   11.9900007      -1.75622141    
   12.0000010      -1.75775719    
   12.0100012      -1.75980878    
   12.0200005      -1.76160717    
   12.0300007      -1.76356351    
   12.0400009      -1.76578200    
   12.0500011      -1.76743603    
   12.0600004      -1.76867843    
   12.0700006      -1.77007794    
   12.0800009      -1.77173913    
   12.0900011      -1.77345514    
   12.1000004      -1.77491343    
   12.1100006      -1.77626956    
   12.1200008      -1.77835941    
   12.1300011      -1.78024399    
   12.1400013      -1.78218472    
   12.1500006      -1.78386617    
   12.1600008      -1.78549778    
   12.1700010      -1.78697383    
   12.1800013      -1.78882194    
   12.1900005      -1.79056752    
   12.2000008      -1.79226315    
   12.2100010      -1.79385543    
   12.2200012      -1.79555666    
   12.2300005      -1.79784727    
   12.2400007      -1.79992926    
   12.2500010      -1.80158734    
   12.2600012      -1.80314088    
   12.2700005      -1.80523407    
   12.2800007      -1.80738544    
   12.2900009      -1.80937946    
   12.3000011      -1.81170201    
   12.3100004      -1.81348813    
   12.3200006      -1.81500602    
   12.3300009      -1.81679809    
   12.3400011      -1.81908333    
   12.3500013      -1.82170153    
   12.3600006      -1.82372451    
   12.3700008      -1.82525814    
   12.3800011      -1.82701361    
   12.3900013      -1.82844222    
   12.4000006      -1.83020341    
   12.4100008      -1.83207810    
   12.4200010      -1.83356917    
   12.4300013      -1.83495188    
   12.4400005      -1.83678007    
   12.4500008      -1.83894479    
   12.4600010      -1.84139276    
   12.4700012      -1.84340012    
   12.4800005      -1.84485245    
   12.4900007      -1.84641886    
   12.5000010      -1.84838021    
   12.5100012      -1.85045779    
   12.5200005      -1.85220182    
   12.5300007      -1.85428751    
   12.5400009      -1.85677338    
   12.5500011      -1.85886860    
   12.5600004      -1.86045706    
   12.5700006      -1.86238933    
   12.5800009      -1.86404037    
   12.5900011      -1.86569417    
   12.6000013      -1.86735070    
   12.6100006      -1.86906719    
   12.6200008      -1.87124574    
   12.6300011      -1.87348652    
   12.6400013      -1.87544417    
   12.6500006      -1.87786770    
   12.6600008      -1.87971818    
   12.6700010      -1.88192010    
   12.6800013      -1.88424313    
   12.6900005      -1.88598883    
   12.7000008      -1.88785446    
   12.7100010      -1.88989890    
   12.7200012      -1.89136171    
   12.7300005      -1.89294410    
   12.7400007      -1.89494026    
   12.7500010      -1.89711702    
   12.7600012      -1.89906251    
   12.7700005      -1.90065706    
   12.7800007      -1.90249097    
   12.7900009      -1.90409112    
   12.8000011      -1.90628791    
   12.8100014      -1.90825129    
   12.8200006      -1.91069603    
   12.8300009      -1.91218972    
   12.8400011      -1.91440439    
   12.8500013      -1.91638386    
   12.8600006      -1.91848743    
   12.8700008      -1.92065597    
   12.8800011      -1.92282903    
   12.8900013      -1.92518866    
   12.9000006      -1.92718959    
   12.9100008      -1.92925537    
   12.9200010      -1.93126428    
   12.9300013      -1.93346071    
   12.9400005      -1.93511105    
   12.9500008      -1.93664169    
   12.9600010      -1.93860435    
   12.9700012      -1.94063234    
   12.9800005      -1.94247949    
   12.9900007      -1.94433010    
   13.0000010      -1.94612217    
   13.0100012      -1.94816554    
   13.0200005      -1.95008874    
   13.0300007      -1.95176685    
   13.0400009      -1.95388401    
   13.0500011      -1.95600581    
   13.0600014      -1.95800674    
   13.0700006      -1.96038818    
   13.0800009      -1.96264946    
   13.0900011      -1.96472681    
   13.1000013      -1.96693480    
   13.1100006      -1.96914768    
   13.1200008      -1.97111177    
   13.1300011      -1.97295260    
   13.1400013      -1.97517884    
   13.1500006      -1.97734630    
   13.1600008      -1.97983825    
   13.1700010      -1.98207986    
   13.1800013      -1.98464787    
   13.1900005      -1.98651397    
   13.2000008      -1.98844790    
   13.2100010      -1.98999774    
   13.2200012      -1.99226224    
   13.2300005      -1.99440217    
   13.2400007      -1.99661171    
   13.2500010      -1.99889135    
   13.2600012      -2.00117612    
   13.2700014      -2.00287676    
   13.2800007      -2.00464606    
   13.2900009      -2.00668120    
   13.3000011      -2.00885201    
   13.3100014      -2.01102781    
   13.3200006      -2.01327443    
   13.3300009      -2.01545978    
   13.3400011      -2.01685286    
   13.3500013      -2.01864696    
   13.3600006      -2.02024436    
   13.3700008      -2.02297926    
   13.3800011      -2.02485132    
   13.3900013      -2.02726340    
   13.4000006      -2.02941251    
   13.4100008      -2.03163338    
   13.4200010      -2.03358912    
   13.4300013      -2.03595471    
   13.4400005      -2.03791904    
   13.4500008      -2.04015899    
   13.4600010      -2.04267645    
   13.4700012      -2.04499531    
   13.4800005      -2.04718280    
   13.4900007      -2.04889512    
   13.5000010      -2.05047297    
   13.5100012      -2.05294776    
   13.5200014      -2.05556655    
   13.5300007      -2.05777717    
   13.5400009      -2.05999279    
   13.5500011      -2.06186604    
   13.5600014      -2.06395173    
   13.5700006      -2.06639028    
   13.5800009      -2.06834531    
   13.5900011      -2.07030439    
   13.6000013      -2.07254791    
   13.6100006      -2.07486677    
   13.6200008      -2.07683873    
   13.6300011      -2.07867336    
   13.6400013      -2.08100653    
   13.6500006      -2.08306146    
   13.6600008      -2.08504939    
   13.6700010      -2.08739758    
   13.6800013      -2.08932304    
   13.6900005      -2.09125209    
   13.7000008      -2.09339976    
   13.7100010      -2.09548044    
   13.7200012      -2.09749341    
   13.7300005      -2.09951019    
   13.7400007      -2.10182047    
   13.7500010      -2.10399103    
   13.7600012      -2.10602117    
   13.7700014      -2.10878301    
   13.7800007      -2.11118770    
   13.7900009      -2.11279392    
   13.8000011      -2.11447620    
   13.8100014      -2.11623430    
   13.8200006      -2.11777520    
   13.8300009      -2.11990738    
   13.8400011      -2.12285542    
   13.8500013      -2.12610841    
   13.8600006      -2.12870359    
   13.8700008      -2.13093328    
   13.8800011      -2.13301897    
   13.8900013      -2.13533330    
   13.9000006      -2.13735318    
   13.9100008      -2.13937736    
   13.9200010      -2.14185667    
   13.9300013      -2.14434242    
   13.9400005      -2.14653182    
   13.9500008      -2.14910483    
   13.9600010      -2.15176034    
   13.9700012      -2.15442324    
   13.9800014      -2.15671110    
   13.9900007      -2.15862179    
   14.0000010      -2.16091943    
   14.0100012      -2.16329908    
   14.0200014      -2.16553044    
   14.0300007      -2.16807580    
   14.0400009      -2.17093730    
   14.0500011      -2.17372918    
   14.0600014      -2.17606187    
   14.0700006      -2.17816591    
   14.0800009      -2.18050885    
   14.0900011      -2.18277907    
   14.1000013      -2.18489718    
   14.1100006      -2.18725610    
   14.1200008      -2.18946266    
   14.1300011      -2.19151616    
   14.1400013      -2.19357371    
   14.1500006      -2.19595313    
   14.1600008      -2.19794035    
   14.1700010      -2.20009112    
   14.1800013      -2.20256591    
   14.1900005      -2.20552802    
   14.2000008      -2.20785570    
   14.2100010      -2.21002793    
   14.2200012      -2.21236610    
   14.2300014      -2.21406269    
   14.2400007      -2.21584320    
   14.2500010      -2.21827626    
   14.2600012      -2.22120380    
   14.2700014      -2.22422171    
   14.2800007      -2.22683907    
   14.2900009      -2.22938108    
   14.3000011      -2.23168278    
   14.3100014      -2.23398995    
   14.3200006      -2.23638487    
   14.3300009      -2.23895144    
   14.3400011      -2.24110913    
   14.3500013      -2.24360442    
   14.3600006      -2.24602270    
   14.3700008      -2.24861407    
   14.3800011      -2.25104451    
   14.3900013      -2.25390148    
   14.4000006      -2.25710416    
   14.4100008      -2.25947046    
   14.4200010      -2.26158810    
   14.4300013      -2.26362538    
   14.4400015      -2.26524115    
   14.4500008      -2.26762700    
   14.4600010      -2.27010393    
   14.4700012      -2.27258706    
   14.4800014      -2.27550626    
   14.4900007      -2.27800298    
   14.5000010      -2.28016043    
   14.5100012      -2.28258204    
   14.5200014      -2.28518319    
   14.5300007      -2.28779125    
   14.5400009      -2.29031897    
   14.5500011      -2.29276538    
   14.5600014      -2.29495478    
   14.5700006      -2.29741263    
   14.5800009      -2.29987669    
   14.5900011      -2.30225825    
   14.6000013      -2.30508828    
   14.6100006      -2.30730486    
   14.6200008      -2.31014943    
   14.6300011      -2.31282353    
   14.6400013      -2.31505728    
   14.6500006      -2.31792402    
   14.6600008      -2.32007933    
   14.6700010      -2.32250953    
   14.6800013      -2.32449436    
   14.6900015      -2.32639241    
   14.7000008      -2.32829428    
   14.7100010      -2.33101726    
   14.7200012      -2.33310986    
   14.7300014      -2.33621168    
   14.7400007      -2.33895636    
   14.7500010      -2.34170866    
   14.7600012      -2.34391594    
   14.7700014      -2.34640503    
   14.7800007      -2.34862280    
   14.7900009      -2.35093808    
   14.8000011      -2.35307288    
   14.8100014      -2.35549188    
   14.8200006      -2.35847688    
   14.8300009      -2.36165833    
   14.8400011      -2.36419201    
   14.8500013      -2.36710882    
   14.8600006      -2.37060165    
   14.8700008      -2.37287378    
   14.8800011      -2.37543607    
   14.8900013      -2.37857652    
   14.9000015      -2.38086677    
   14.9100008      -2.38344979    
   14.9200010      -2.38613534    
   14.9300013      -2.38902068    
   14.9400015      -2.39143181    
   14.9500008      -2.39394522    
   14.9600010      -2.39617395    
   14.9700012      -2.39840770    
   14.9800014      -2.40074396    
   14.9900007      -2.40279269    
   15.0000010      -2.40602064    
   15.0100012      -2.40965223    
   15.0200014      -2.41280365    
   15.0300007      -2.41487718    
   15.0400009      -2.41715312    
   15.0500011      -2.41953373    
   15.0600014      -2.42211890    
   15.0700006      -2.42491055    
   15.0800009      -2.42730951    
   15.0900011      -2.42991495    
   15.1000013      -2.43323183    
   15.1100006      -2.43615556    
   15.1200008      -2.43888545    
   15.1300011      -2.44192743    
   15.1400013      -2.44457150    
   15.1500015      -2.44763064    
   15.1600008      -2.45080185    
   15.1700010      -2.45357203    
   15.1800013      -2.45604110    
   15.1900015      -2.45872259    
   15.2000008      -2.46141124    
   15.2100010      -2.46389961    
   15.2200012      -2.46660233    
   15.2300014      -2.46983433    
   15.2400007      -2.47328639    
   15.2500010      -2.47675037    
   15.2600012      -2.47980452    
   15.2700014      -2.48286796    
   15.2800007      -2.48594069    
   15.2900009      -2.48849106    
   15.3000011      -2.49115443    
   15.3100014      -2.49425292    
   15.3200006      -2.49757576    
   15.3300009      -2.50058651    
   15.3400011      -2.50382233    
   15.3500013      -2.50663543    
   15.3600006      -2.50945616    
   15.3700008      -2.51315713    
   15.3800011      -2.51599646    
   15.3900013      -2.51818609    
   15.4000015      -2.52092981    
   15.4100008      -2.52346087    
   15.4200010      -2.52644014    
   15.4300013      -2.52942824    
   15.4400015      -2.53275895    
   15.4500008      -2.53587770    
   15.4600010      -2.53889441    
   15.4700012      -2.54147124    
   15.4800014      -2.54382992    
   15.4900007      -2.54675770    
   15.5000010      -2.54958129    
   15.5100012      -2.55297995    
   15.5200014      -2.55616236    
   15.5300007      -2.55935502    
   15.5400009      -2.56301641    
   15.5500011      -2.56577134    
   15.5600014      -2.56853366    
   15.5700006      -2.57107258    
   15.5800009      -2.57384992    
   15.5900011      -2.57663465    
   15.6000013      -2.57942748    
   15.6100016      -2.58316302    
   15.6200008      -2.58632588    
   15.6300011      -2.58926344    
   15.6400013      -2.59209180    
   15.6500015      -2.59492803    
   15.6600008      -2.59706044    
   15.6700010      -2.60038662    
   15.6800013      -2.60432100    
   15.6900015      -2.60779142    
   15.7000008      -2.61091304    
   15.7100010      -2.61392379    
   15.7200012      -2.61694360    
   15.7300014      -2.61997271    
   15.7400007      -2.62264585    
   15.7500010      -2.62605834    
   15.7600012      -2.62960505    
   15.7700014      -2.63328743    
   15.7800007      -2.63673663    
   15.7900009      -2.64019752    
   15.8000011      -2.64391923    
   15.8100014      -2.64753008    
   15.8200006      -2.65077829    
   15.8300009      -2.65428853    
   15.8400011      -2.65768504    
   15.8500013      -2.66121936    
   15.8600016      -2.66425896    
   15.8700008      -2.66705322    
   15.8800011      -2.66998315    
   15.8900013      -2.67394543    
   15.9000015      -2.67792368    
   15.9100008      -2.68217611    
   15.9200010      -2.68592787    
   15.9300013      -2.69021440    
   15.9400015      -2.69386578    
   15.9500008      -2.69739962    
   15.9600010      -2.70055127    
   15.9700012      -2.70384502    
   15.9800014      -2.70754671    
   15.9900007      -2.71139526    
