   0.00000000      -1.29449670E-03
   1.00000007E-02  -8.81881192E-02
   2.00000014E-02 -0.168319166    
   3.00000012E-02 -0.275254250    
   4.00000028E-02 -0.402719855    
   5.00000045E-02 -0.519052565    
   6.00000024E-02 -0.597601831    
   7.00000077E-02 -0.668233752    
   8.00000057E-02 -0.698335230    
   9.00000036E-02 -0.730713367    
  0.100000009     -0.762093902    
  0.110000007     -0.800954223    
  0.120000005     -0.842136562    
  0.130000010     -0.884304523    
  0.140000015     -0.914513528    
  0.150000006     -0.948999643    
  0.160000011     -0.983852327    
  0.170000017      -1.01459706    
  0.180000007      -1.04539657    
  0.190000013      -1.06960630    
  0.200000018      -1.10023069    
  0.210000008      -1.12881804    
  0.220000014      -1.15618932    
  0.230000019      -1.17800832    
  0.240000010      -1.20569921    
  0.250000030      -1.22422838    
  0.260000020      -1.24086761    
  0.270000011      -1.25892675    
  0.280000031      -1.27847898    
  0.290000021      -1.29960644    
  0.300000012      -1.32726908    
  0.310000032      -1.34697425    
  0.320000023      -1.37216437    
  0.330000013      -1.39408660    
  0.340000033      -1.40985572    
  0.350000024      -1.43262959    
  0.360000014      -1.44902337    
  0.370000035      -1.47412932    
  0.380000025      -1.50715458    
  0.390000015      -1.51890218    
  0.400000036      -1.53678632    
  0.410000026      -1.55960107    
  0.420000017      -1.57354391    
  0.430000037      -1.59085357    
  0.440000027      -1.60685396    
  0.450000018      -1.62311447    
  0.460000038      -1.63299918    
  0.470000029      -1.64633274    
  0.480000019      -1.66838622    
  0.490000039      -1.68568766    
  0.500000060      -1.69974768    
  0.510000050      -1.71400821    
  0.520000041      -1.72665513    
  0.530000031      -1.73578763    
  0.540000021      -1.74871480    
  0.550000012      -1.76747715    
  0.560000062      -1.78274465    
  0.570000052      -1.79824877    
  0.580000043      -1.81399715    
  0.590000033      -1.82597339    
  0.600000024      -1.83606422    
  0.610000014      -1.85448849    
  0.620000064      -1.86070609    
  0.630000055      -1.86905694    
  0.640000045      -1.88384068    
  0.650000036      -1.89453602    
  0.660000026      -1.90970421    
  0.670000076      -1.91627598    
  0.680000067      -1.92955053    
  0.690000057      -1.94752848    
  0.700000048      -1.96352887    
  0.710000038      -1.97978938    
  0.720000029      -1.99394059    
  0.730000079      -2.00348711    
  0.740000069      -2.01070738    
  0.750000060      -2.03763676    
  0.760000050      -2.04761195    
  0.770000041      -2.06022263    
  0.780000031      -2.07814860    
  0.790000081      -2.09115267    
  0.800000072      -2.10432816    
  0.810000062      -2.10964751    
  0.820000052      -2.11767960    
  0.830000043      -2.13121152    
  0.840000033      -2.14492917    
  0.850000083      -2.15883756    
  0.860000074      -2.16445565    
  0.870000064      -2.17578721    
  0.880000055      -2.19013476    
  0.890000045      -2.20176268    
  0.900000036      -2.20762777    
  0.910000086      -2.20762777    
  0.920000076      -2.21649051    
  0.930000067      -2.22244287    
  0.940000057      -2.22244287    
  0.950000048      -2.22843099    
  0.960000038      -2.23748088    
  0.970000088      -2.25274825    
  0.980000079      -2.25274825    
  0.990000069      -2.25274825    
   1.00000012      -2.26825237    
   1.01000011      -2.27452207    
   1.02000010      -2.28400064    
   1.03000009      -2.29678059    
   1.04000008      -2.30972576    
   1.05000007      -2.33279085    
   1.06000006      -2.35981965    
   1.07000005      -2.37014675    
   1.08000004      -2.38058162    
   1.09000003      -2.40178394    
   1.10000002      -2.41255593    
   1.11000013      -2.43077135    
   1.12000012      -2.43815136    
   1.13000011      -2.44932461    
   1.14000010      -2.46062446    
   1.15000010      -2.47974539    
   1.16000009      -2.49139595    
   1.17000008      -2.49923921    
   1.18000007      -2.50318384    
   1.19000006      -2.50318384    
   1.20000005      -2.52314472    
   1.21000004      -2.52314472    
   1.22000003      -2.53124189    
   1.23000014      -2.54351187    
   1.24000013      -2.54763579    
   1.25000012      -2.55177641    
   1.26000011      -2.55177641    
   1.27000010      -2.56430268    
   1.28000009      -2.58125234    
   1.29000008      -2.59849405    
   1.30000007      -2.59849405    
   1.31000006      -2.61603832    
   1.32000005      -2.62492728    
   1.33000004      -2.63389611    
   1.34000015      -2.64750171    
   1.35000014      -2.67059731    
   1.36000013      -2.67528129    
   1.37000012      -2.68946600    
   1.38000011      -2.69423914    
   1.39000010      -2.71356344    
   1.40000010      -2.71356344    
   1.41000009      -2.72336745    
   1.42000008      -2.73326850    
   1.43000007      -2.73326850    
   1.44000006      -2.74326873    
   1.45000005      -2.74830651    
   1.46000016      -2.74830651    
   1.47000015      -2.74830651    
   1.48000014      -2.75845885    
   1.49000013      -2.77388310    
   1.50000012      -2.77907801    
   1.51000011      -2.78429985    
   1.52000010      -2.80013156    
   1.53000009      -2.81082678    
   1.54000008      -2.81082678    
   1.55000007      -2.82163763    
   1.56000006      -2.82708716    
   1.57000005      -2.83807635    
   1.58000016      -2.84361649    
   1.59000015      -2.85478997    
   1.60000014      -2.86042356    
   1.61000013      -2.86608934    
   1.62000012      -2.87751818    
   1.63000011      -2.88328195    
   1.64000010      -2.90077496    
   1.65000010      -2.91857958    
   1.66000009      -2.92458558    
   1.67000008      -2.93062806    
   1.68000007      -2.95516896    
   1.69000018      -2.96766925    
   1.70000017      -2.96766925    
   1.71000016      -2.98671746    
   1.72000015      -3.00613546    
   1.73000014      -3.01929355    
   1.74000013      -3.01929355    
   1.75000012      -3.03936124    
   1.76000011      -3.05296683    
   1.77000010      -3.07372880    
   1.78000009      -3.08074641    
   1.79000008      -3.08074641    
   1.80000007      -3.09493113    
   1.81000018      -3.09493113    
   1.82000017      -3.12391853    
   1.83000016      -3.13129854    
   1.84000015      -3.14622426    
   1.85000014      -3.15377164    
   1.86000013      -3.17676091    
   1.87000012      -3.19238639    
   1.88000011      -3.20029140    
   1.89000010      -3.20825958    
   1.90000010      -3.20825958    
   1.91000009      -3.23255229    
   1.92000008      -3.24908161    
   1.93000019      -3.24908161    
   1.94000018      -3.26588869    
   1.95000017      -3.27439952    
   1.96000016      -3.29164124    
   1.97000015      -3.30037498    
   1.98000014      -3.30918550    
   1.99000013      -3.30918550    
   2.00000024      -3.33609295    
   2.01000023      -3.33609295    
   2.02000022      -3.33609295    
   2.03000021      -3.36374450    
   2.04000020      -3.36374450    
   2.05000019      -3.37313437    
   2.06000018      -3.39218259    
   2.07000017      -3.39218259    
   2.08000016      -3.40184450    
   2.09000015      -3.40184450    
   2.10000014      -3.40184450    
   2.11000013      -3.40184450    
   2.12000012      -3.42145276    
   2.13000011      -3.42145276    
   2.14000010      -3.43140316    
   2.15000010      -3.45160604    
   2.16000009      -3.46186233    
   2.17000008      -3.46186233    
   2.18000007      -3.46186233    
   2.19000006      -3.46186233    
   2.20000005      -3.47222519    
   2.21000004      -3.47222519    
   2.22000027      -3.49327874    
   2.23000026      -3.49327874    
   2.24000025      -3.49327874    
   2.25000024      -3.51478481    
   2.26000023      -3.53676367    
   2.27000022      -3.53676367    
   2.28000021      -3.53676367    
   2.29000020      -3.55923653    
   2.30000019      -3.57066536    
   2.31000018      -3.58222604    
   2.32000017      -3.59392214    
   2.33000016      -3.60575652    
   2.34000015      -3.60575652    
   2.35000014      -3.61773276    
   2.36000013      -3.65454674    
   2.37000012      -3.65454674    
   2.38000011      -3.66712546    
   2.39000010      -3.66712546    
   2.40000010      -3.66712546    
   2.41000009      -3.66712546    
   2.42000008      -3.66712546    
   2.43000007      -3.66712546    
   2.44000006      -3.66712546    
   2.45000029      -3.67986465    
   2.46000028      -3.69276810    
   2.47000027      -3.69276810    
   2.48000026      -3.69276810    
   2.49000025      -3.69276810    
   2.50000024      -3.69276810    
   2.51000023      -3.71908522    
   2.52000022      -3.75990725    
   2.53000021      -3.75990725    
   2.54000020      -3.77389359    
   2.55000019      -3.77389359    
   2.56000018      -3.77389359    
   2.57000017      -3.77389359    
   2.58000016      -3.77389359    
   2.59000015      -3.77389359    
   2.60000014      -3.78807831    
   2.61000013      -3.78807831    
   2.62000012      -3.78807831    
   2.63000011      -3.80246687    
   2.64000010      -3.81706572    
   2.65000010      -3.81706572    
   2.66000009      -3.83188081    
   2.67000008      -3.83188081    
   2.68000031      -3.83188081    
   2.69000030      -3.84691858    
   2.70000029      -3.84691858    
   2.71000028      -3.84691858    
   2.72000027      -3.84691858    
   2.73000026      -3.84691858    
   2.74000025      -3.84691858    
   2.75000024      -3.84691858    
   2.76000023      -3.84691858    
   2.77000022      -3.86218619    
   2.78000021      -3.87769032    
   2.79000020      -3.89343858    
   2.80000019      -3.89343858    
   2.81000018      -3.89343858    
   2.82000017      -3.89343858    
   2.83000016      -3.89343858    
   2.84000015      -3.89343858    
   2.85000014      -3.90943909    
   2.86000013      -3.90943909    
   2.87000012      -3.92569947    
   2.88000011      -3.94222879    
   2.89000010      -3.94222879    
   2.90000010      -3.94222879    
   2.91000032      -3.97613049    
   2.92000031      -3.97613049    
   2.93000031      -3.99352217    
   2.94000030      -3.99352217    
   2.95000029      -3.99352217    
   2.96000028      -4.01122189    
   2.97000027      -4.01122189    
   2.98000026      -4.01122189    
   2.99000025      -4.01122189    
   3.00000024      -4.01122189    
   3.01000023      -4.01122189    
   3.02000022      -4.02924013    
   3.03000021      -4.02924013    
   3.04000020      -4.02924013    
   3.05000019      -4.02924013    
   3.06000018      -4.02924013    
   3.07000017      -4.04758930    
   3.08000016      -4.04758930    
   3.09000015      -4.04758930    
   3.10000014      -4.04758930    
   3.11000013      -4.06628132    
   3.12000012      -4.06628132    
   3.13000011      -4.08532953    
   3.14000010      -4.12455034    
   3.15000033      -4.12455034    
   3.16000032      -4.16537237    
   3.17000031      -4.16537237    
   3.18000031      -4.16537237    
   3.19000030      -4.18642569    
   3.20000029      -4.18642569    
   3.21000028      -4.18642569    
   3.22000027      -4.20793200    
   3.23000026      -4.20793200    
   3.24000025      -4.20793200    
   3.25000024      -4.20793200    
   3.26000023      -4.22991085    
   3.27000022      -4.22991085    
   3.28000021      -4.22991085    
   3.29000020      -4.22991085    
   3.30000019      -4.22991085    
   3.31000018      -4.22991085    
   3.32000017      -4.22991085    
   3.33000016      -4.22991085    
   3.34000015      -4.22991085    
   3.35000014      -4.22991085    
   3.36000013      -4.25238371    
   3.37000012      -4.25238371    
   3.38000035      -4.27537346    
   3.39000034      -4.27537346    
   3.40000033      -4.27537346    
   3.41000032      -4.27537346    
   3.42000031      -4.27537346    
   3.43000031      -4.29890394    
   3.44000030      -4.32300138    
   3.45000029      -4.32300138    
   3.46000028      -4.34769392    
   3.47000027      -4.34769392    
   3.48000026      -4.34769392    
   3.49000025      -4.34769392    
   3.50000024      -4.37301159    
   3.51000023      -4.37301159    
   3.52000022      -4.37301159    
   3.53000021      -4.37301159    
   3.54000020      -4.37301159    
   3.55000019      -4.39898729    
   3.56000018      -4.42565536    
   3.57000017      -4.45305443    
   3.58000016      -4.48122549    
   3.59000015      -4.48122549    
   3.60000014      -4.48122549    
   3.61000037      -4.48122549    
   3.62000036      -4.48122549    
   3.63000035      -4.48122549    
   3.64000034      -4.51021290    
   3.65000033      -4.51021290    
   3.66000032      -4.51021290    
   3.67000031      -4.51021290    
   3.68000031      -4.54006577    
   3.69000030      -4.54006577    
   3.70000029      -4.54006577    
   3.71000028      -4.54006577    
   3.72000027      -4.54006577    
   3.73000026      -4.54006577    
   3.74000025      -4.54006577    
   3.75000024      -4.54006577    
   3.76000023      -4.54006577    
   3.77000022      -4.57083750    
   3.78000021      -4.57083750    
   3.79000020      -4.60258627    
   3.80000019      -4.60258627    
   3.81000018      -4.60258627    
   3.82000017      -4.63537598    
   3.83000016      -4.63537598    
   3.84000015      -4.63537598    
   3.85000038      -4.63537598    
   3.86000037      -4.63537598    
   3.87000036      -4.63537598    
   3.88000035      -4.63537598    
   3.89000034      -4.63537598    
   3.90000033      -4.63537598    
   3.91000032      -4.63537598    
   3.92000031      -4.66927767    
   3.93000031      -4.66927767    
   3.94000030      -4.66927767    
   3.95000029      -4.66927767    
   3.96000028      -4.66927767    
   3.97000027      -4.70436907    
   3.98000026      -4.74073648    
   3.99000025      -4.74073648    
   4.00000048      -4.74073648    
   4.01000023      -4.74073648    
   4.02000046      -4.74073648    
   4.03000021      -4.74073648    
   4.04000044      -4.74073648    
   4.05000019      -4.77847672    
   4.06000042      -4.77847672    
   4.07000017      -4.77847672    
   4.08000040      -4.77847672    
   4.09000015      -4.77847672    
   4.10000038      -4.77847672    
   4.11000013      -4.81769753    
   4.12000036      -4.81769753    
   4.13000011      -4.81769753    
   4.14000034      -4.81769753    
   4.15000010      -4.85851955    
   4.16000032      -4.85851955    
   4.17000008      -4.85851955    
   4.18000031      -4.85851955    
   4.19000053      -4.85851955    
   4.20000029      -4.85851955    
   4.21000051      -4.85851955    
   4.22000027      -4.85851955    
   4.23000050      -4.85851955    
   4.24000025      -4.85851955    
   4.25000048      -4.85851955    
   4.26000023      -4.85851955    
   4.27000046      -4.85851955    
   4.28000021      -4.85851955    
   4.29000044      -4.85851955    
   4.30000019      -4.90107918    
   4.31000042      -4.90107918    
   4.32000017      -4.94553089    
   4.33000040      -4.94553089    
   4.34000015      -4.94553089    
   4.35000038      -4.94553089    
   4.36000013      -4.94553089    
   4.37000036      -4.94553089    
   4.38000011      -4.94553089    
   4.39000034      -4.94553089    
   4.40000010      -4.94553089    
   4.41000032      -4.94553089    
   4.42000008      -4.94553089    
   4.43000031      -4.94553089    
   4.44000053      -4.94553089    
   4.45000029      -4.94553089    
   4.46000051      -4.99205112    
   4.47000027      -5.04084110    
   4.48000050      -5.04084110    
   4.49000025      -5.04084110    
   4.50000048      -5.04084110    
   4.51000023      -5.04084110    
   4.52000046      -5.04084110    
   4.53000021      -5.09213448    
   4.54000044      -5.09213448    
   4.55000019      -5.09213448    
   4.56000042      -5.14620161    
   4.57000017      -5.14620161    
   4.58000040      -5.14620161    
   4.59000015      -5.14620161    
   4.60000038      -5.14620161    
   4.61000013      -5.20336008    
   4.62000036      -5.20336008    
   4.63000011      -5.20336008    
   4.64000034      -5.20336008    
   4.65000010      -5.20336008    
   4.66000032      -5.20336008    
   4.67000055      -5.20336008    
   4.68000031      -5.20336008    
   4.69000053      -5.20336008    
   4.70000029      -5.26398468    
   4.71000051      -5.26398468    
   4.72000027      -5.26398468    
   4.73000050      -5.26398468    
   4.74000025      -5.26398468    
   4.75000048      -5.26398468    
   4.76000023      -5.26398468    
   4.77000046      -5.26398468    
   4.78000021      -5.26398468    
   4.79000044      -5.26398468    
   4.80000019      -5.26398468    
   4.81000042      -5.26398468    
   4.82000017      -5.32852316    
   4.83000040      -5.32852316    
   4.84000015      -5.32852316    
   4.85000038      -5.32852316    
   4.86000013      -5.39751625    
   4.87000036      -5.39751625    
   4.88000011      -5.39751625    
   4.89000034      -5.39751625    
   4.90000057      -5.39751625    
   4.91000032      -5.39751625    
   4.92000055      -5.39751625    
   4.93000031      -5.39751625    
   4.94000053      -5.39751625    
   4.95000029      -5.39751625    
   4.96000051      -5.39751625    
   4.97000027      -5.39751625    
   4.98000050      -5.39751625    
   4.99000025      -5.47162390    
   5.00000048      -5.47162390    
   5.01000023      -5.47162390    
   5.02000046      -5.47162390    
   5.03000021      -5.47162390    
   5.04000044      -5.47162390    
   5.05000019      -5.47162390    
   5.06000042      -5.47162390    
   5.07000017      -5.47162390    
   5.08000040      -5.47162390    
   5.09000015      -5.47162390    
   5.10000038      -5.47162390    
   5.11000013      -5.47162390    
   5.12000036      -5.47162390    
   5.13000059      -5.47162390    
   5.14000034      -5.47162390    
   5.15000057      -5.47162390    
   5.16000032      -5.47162390    
   5.17000055      -5.47162390    
   5.18000031      -5.47162390    
   5.19000053      -5.47162390    
   5.20000029      -5.47162390    
   5.21000051      -5.47162390    
   5.22000027      -5.47162390    
   5.23000050      -5.47162390    
   5.24000025      -5.47162390    
   5.25000048      -5.47162390    
   5.26000023      -5.47162390    
   5.27000046      -5.47162390    
   5.28000021      -5.47162390    
   5.29000044      -5.55166674    
   5.30000019      -5.55166674    
   5.31000042      -5.55166674    
   5.32000017      -5.63867807    
   5.33000040      -5.73398829    
   5.34000015      -5.73398829    
   5.35000038      -5.73398829    
   5.36000061      -5.73398829    
   5.37000036      -5.73398829    
   5.38000059      -5.73398829    
   5.39000034      -5.73398829    
   5.40000057      -5.73398829    
   5.41000032      -5.73398829    
   5.42000055      -5.73398829    
   5.43000031      -5.73398829    
   5.44000053      -5.73398829    
   5.45000029      -5.73398829    
   5.46000051      -5.73398829    
   5.47000027      -5.73398829    
   5.48000050      -5.73398829    
   5.49000025      -5.73398829    
   5.50000048      -5.83934879    
   5.51000023      -5.83934879    
   5.52000046      -5.83934879    
   5.53000021      -5.95713186    
   5.54000044      -5.95713186    
   5.55000019      -5.95713186    
   5.56000042      -5.95713186    
   5.57000017      -5.95713186    
   5.58000040      -5.95713186    
   5.59000063      -5.95713186    
   5.60000038      -5.95713186    
   5.61000061      -5.95713186    
   5.62000036      -5.95713186    
   5.63000059      -5.95713186    
   5.64000034      -5.95713186    
   5.65000057      -5.95713186    
   5.66000032      -5.95713186    
   5.67000055      -5.95713186    
   5.68000031      -5.95713186    
   5.69000053      -5.95713186    
   5.70000029      -5.95713186    
   5.71000051      -5.95713186    
   5.72000027      -5.95713186    
   5.73000050      -5.95713186    
   5.74000025      -5.95713186    
   5.75000048      -5.95713186    
   5.76000023      -5.95713186    
   5.77000046      -5.95713186    
   5.78000021      -5.95713186    
   5.79000044      -5.95713186    
   5.80000019      -5.95713186    
   5.81000042      -5.95713186    
   5.82000065      -5.95713186    
   5.83000040      -5.95713186    
   5.84000063      -5.95713186    
   5.85000038      -5.95713186    
   5.86000061      -5.95713186    
   5.87000036      -5.95713186    
   5.88000059      -5.95713186    
   5.89000034      -5.95713186    
   5.90000057      -5.95713186    
   5.91000032      -5.95713186    
   5.92000055      -5.95713186    
   5.93000031      -5.95713186    
   5.94000053      -5.95713186    
   5.95000029      -5.95713186    
   5.96000051      -5.95713186    
   5.97000027      -5.95713186    
   5.98000050      -5.95713186    
   5.99000025      -5.95713186    
   6.00000048      -5.95713186    
   6.01000023      -5.95713186    
   6.02000046      -5.95713186    
   6.03000021      -5.95713186    
   6.04000044      -5.95713186    
   6.05000019      -5.95713186    
   6.06000042      -5.95713186    
   6.07000065      -5.95713186    
   6.08000040      -5.95713186    
   6.09000063      -5.95713186    
   6.10000038      -5.95713186    
   6.11000061      -5.95713186    
   6.12000036      -6.09066343    
   6.13000059      -6.09066343    
   6.14000034      -6.09066343    
   6.15000057      -6.09066343    
   6.16000032      -6.09066343    
   6.17000055      -6.24481392    
   6.18000031      -6.24481392    
   6.19000053      -6.24481392    
   6.20000029      -6.24481392    
   6.21000051      -6.24481392    
   6.22000027      -6.24481392    
   6.23000050      -6.24481392    
   6.24000025      -6.24481392    
   6.25000048      -6.24481392    
   6.26000023      -6.24481392    
   6.27000046      -6.24481392    
   6.28000021      -6.24481392    
   6.29000044      -6.24481392    
   6.30000067      -6.24481392    
   6.31000042      -6.24481392    
   6.32000065      -6.24481392    
   6.33000040      -6.24481392    
   6.34000063      -6.24481392    
   6.35000038      -6.24481392    
   6.36000061      -6.24481392    
   6.37000036      -6.24481392    
   6.38000059      -6.24481392    
   6.39000034      -6.24481392    
   6.40000057      -6.24481392    
   6.41000032      -6.24481392    
   6.42000055      -6.24481392    
   6.43000031      -6.24481392    
   6.44000053      -6.24481392    
   6.45000029      -6.24481392    
   6.46000051      -6.24481392    
   6.47000027      -6.24481392    
   6.48000050      -6.24481392    
   6.49000025      -6.24481392    
   6.50000048      -6.24481392    
   6.51000023      -6.24481392    
   6.52000046      -6.24481392    
   6.53000069      -6.24481392    
   6.54000044      -6.24481392    
   6.55000067      -6.24481392    
   6.56000042      -6.24481392    
   6.57000065      -6.24481392    
   6.58000040      -6.24481392    
   6.59000063      -6.24481392    
   6.60000038      -6.24481392    
   6.61000061      -6.24481392    
   6.62000036      -6.24481392    
   6.63000059      -6.24481392    
   6.64000034      -6.24481392    
   6.65000057      -6.24481392    
   6.66000032      -6.24481392    
   6.67000055      -6.24481392    
   6.68000031      -6.24481392    
   6.69000053      -6.24481392    
   6.70000029      -6.24481392    
   6.71000051      -6.24481392    
   6.72000027      -6.24481392    
   6.73000050      -6.24481392    
   6.74000025      -6.24481392    
   6.75000048      -6.42713547    
   6.76000071      -6.42713547    
   6.77000046      -6.42713547    
   6.78000069      -6.42713547    
   6.79000044      -6.42713547    
   6.80000067      -6.42713547    
   6.81000042      -6.42713547    
   6.82000065      -6.42713547    
   6.83000040      -6.42713547    
   6.84000063      -6.42713547    
   6.85000038      -6.42713547    
   6.86000061      -6.42713547    
   6.87000036      -6.42713547    
   6.88000059      -6.42713547    
   6.89000034      -6.42713547    
   6.90000057      -6.42713547    
   6.91000032      -6.42713547    
   6.92000055      -6.42713547    
   6.93000031      -6.42713547    
   6.94000053      -6.42713547    
   6.95000029      -6.42713547    
   6.96000051      -6.42713547    
   6.97000027      -6.42713547    
   6.98000050      -6.42713547    
   6.99000072      -6.42713547    
   7.00000048      -6.42713547    
   7.01000071      -6.42713547    
   7.02000046      -6.42713547    
   7.03000069      -6.42713547    
   7.04000044      -6.42713547    
   7.05000067      -6.42713547    
   7.06000042      -6.42713547    
   7.07000065      -6.42713547    
   7.08000040      -6.42713547    
   7.09000063      -6.42713547    
   7.10000038      -6.42713547    
   7.11000061      -6.42713547    
   7.12000036      -6.42713547    
   7.13000059      -6.42713547    
   7.14000034      -6.42713547    
   7.15000057      -6.42713547    
   7.16000032      -6.42713547    
   7.17000055      -6.42713547    
   7.18000031      -6.42713547    
   7.19000053      -6.42713547    
   7.20000029      -6.42713547    
   7.21000051      -6.42713547    
   7.22000074      -6.42713547    
   7.23000050      -6.42713547    
   7.24000072      -6.65027905    
   7.25000048      -6.93796110    
   7.26000071      -6.93796110    
   7.27000046      -6.93796110    
   7.28000069      -6.93796110    
   7.29000044      -6.93796110    
   7.30000067      -6.93796110    
   7.31000042      -6.93796110    
   7.32000065      -6.93796110    
   7.33000040      -6.93796110    
   7.34000063      -6.93796110    
   7.35000038      -6.93796110    
   7.36000061      -6.93796110    
   7.37000036      -6.93796110    
   7.38000059      -6.93796110    
   7.39000034      -6.93796110    
   7.40000057      -6.93796110    
   7.41000032      -6.93796110    
   7.42000055      -6.93796110    
   7.43000031      -6.93796110    
   7.44000053      -6.93796110    
   7.45000076      -6.93796110    
   7.46000051      -6.93796110    
   7.47000074      -6.93796110    
   7.48000050      -6.93796110    
   7.49000072      -6.93796110    
   7.50000048      -6.93796110    
   7.51000071      -6.93796110    
   7.52000046      -6.93796110    
   7.53000069      -6.93796110    
   7.54000044      -6.93796110    
   7.55000067      -6.93796110    
   7.56000042      -6.93796110    
   7.57000065      -6.93796110    
   7.58000040      -6.93796110    
   7.59000063      -6.93796110    
   7.60000038      -6.93796110    
   7.61000061      -6.93796110    
   7.62000036      -6.93796110    
   7.63000059      -6.93796110    
   7.64000034      -6.93796110    
   7.65000057      -6.93796110    
   7.66000032      -6.93796110    
   7.67000055      -6.93796110    
   7.68000031      -6.93796110    
   7.69000053      -6.93796110    
   7.70000076      -6.93796110    
   7.71000051      -6.93796110    
   7.72000074      -6.93796110    
   7.73000050      -6.93796110    
   7.74000072      -6.93796110    
   7.75000048      -6.93796110    
   7.76000071      -7.34342623    
   7.77000046      -7.34342623    
   7.78000069      -7.34342623    
   7.79000044      -7.34342623    
   7.80000067      -7.34342623    
   7.81000042      -7.34342623    
   7.82000065      -7.34342623    
   7.83000040      -7.34342623    
   7.84000063      -7.34342623    
   7.85000038      -7.34342623    
   7.86000061      -7.34342623    
   7.87000036      -7.34342623    
   7.88000059      -7.34342623    
   7.89000034      -7.34342623    
   7.90000057      -7.34342623    
   7.91000032      -7.34342623    
   7.92000055      -7.34342623    
   7.93000078      -7.34342623    
   7.94000053      -7.34342623    
   7.95000076      -7.34342623    
   7.96000051      -7.34342623    
   7.97000074      -7.34342623    
   7.98000050      -7.34342623    
   7.99000072      -7.34342623    
   8.00000095      -7.34342623    
   8.01000023      -7.34342623    
   8.02000046      -7.34342623    
   8.03000069      -7.34342623    
   8.04000092      -7.34342623    
   8.05000019      -7.34342623    
   8.06000042      -7.34342623    
   8.07000065      -7.34342623    
   8.08000088      -7.34342623    
   8.09000015      -7.34342623    
   8.10000038      -7.34342623    
   8.11000061      -7.34342623    
   8.12000084      -7.34342623    
   8.13000011      -7.34342623    
   8.14000034      -7.34342623    
   8.15000057      -7.34342623    
   8.16000080      -7.34342623    
   8.17000103      -7.34342623    
   8.18000031      -7.34342623    
   8.19000053      -7.34342623    
   8.20000076      -7.34342623    
   8.21000099      -7.34342623    
   8.22000027      -7.34342623    
   8.23000050      -7.34342623    
   8.24000072      -7.34342623    
   8.25000095      -7.34342623    
   8.26000023      -7.34342623    
   8.27000046      -7.34342623    
   8.28000069      -7.34342623    
   8.29000092      -7.34342623    
   8.30000019      -7.34342623    
   8.31000042      -7.34342623    
   8.32000065      -7.34342623    
   8.33000088      -8.03657341    
   8.34000015      -8.03657341    
   8.35000038      -8.03657341    
   8.36000061      -8.03657341    
   8.37000084      -8.03657341    
   8.38000107      -8.03657341    
   8.39000034      -8.03657341    
   8.40000057      -8.03657341    
   8.41000080      -8.03657341    
   8.42000103      -8.03657341    
   8.43000031      -8.03657341    
   8.44000053      -8.03657341    
   8.45000076      -8.03657341    
   8.46000099      -8.03657341    
   8.47000027      -8.03657341    
   8.48000050      -8.03657341    
   8.49000072      -8.03657341    
   8.50000095      -8.03657341    
   8.51000023      -8.03657341    
   8.52000046      -8.03657341    
   8.53000069      -8.03657341    
   8.54000092      -8.03657341    
   8.55000019      -8.03657341    
   8.56000042      -8.03657341    
   8.57000065      -8.03657341    
   8.58000088      -8.03657341    
   8.59000015      -8.03657341    
   8.60000038      -8.03657341    
   8.61000061      -8.03657341    
   8.62000084      -8.03657341    
   8.63000107      -8.03657341    
   8.64000034      -8.03657341    
   8.65000057      -8.03657341    
   8.66000080      -8.03657341    
   8.67000103      -8.03657341    
   8.68000031      -8.03657341    
   8.69000053      -8.03657341    
   8.70000076      -8.03657341    
   8.71000099      -8.03657341    
   8.72000027      -8.03657341    
   8.73000050      -8.03657341    
   8.74000072      -8.03657341    
   8.75000095      -8.03657341    
   8.76000023      -8.03657341    
   8.77000046      -8.03657341    
   8.78000069      -8.03657341    
   8.79000092      -8.03657341    
   8.80000019      -8.03657341    
   8.81000042      -8.03657341    
   8.82000065      -8.03657341    
   8.83000088      -8.03657341    
   8.84000015      -8.03657341    
   8.85000038      -8.03657341    
   8.86000061      -8.03657341    
   8.87000084      -8.03657341    
   8.88000107      -8.03657341    
   8.89000034      -8.03657341    
   8.90000057      -8.03657341    
   8.91000080      -8.03657341    
   8.92000103      -8.03657341    
   8.93000031      -8.03657341    
   8.94000053      -8.03657341    
   8.95000076      -8.03657341    
   8.96000099      -8.03657341    
   8.97000027      -8.03657341    
   8.98000050      -8.03657341    
   8.99000072      -8.03657341    
   9.00000095      -8.03657341    
   9.01000023      -8.03657341    
   9.02000046      -8.03657341    
   9.03000069      -8.03657341    
   9.04000092      -8.03657341    
   9.05000019      -8.03657341    
   9.06000042      -8.03657341    
   9.07000065      -8.03657341    
   9.08000088      -8.03657341    
   9.09000111      -8.03657341    
   9.10000038      -8.03657341    
   9.11000061      -8.03657341    
   9.12000084      -8.03657341    
   9.13000107      -8.03657341    
   9.14000034      -8.03657341    
   9.15000057      -8.03657341    
   9.16000080      -8.03657341    
   9.17000103      -8.03657341    
   9.18000031      -8.03657341    
   9.19000053      -8.03657341    
   9.20000076      -8.03657341    
   9.21000099      -8.03657341    
   9.22000027      -8.03657341    
   9.23000050      -8.03657341    
   9.24000072      -8.03657341    
   9.25000095      -8.03657341    
   9.26000023      -8.03657341    
   9.27000046      -8.03657341    
   9.28000069      -8.03657341    
   9.29000092      -8.03657341    
   9.30000019      -8.03657341    
   9.31000042      -8.03657341    
   9.32000065      -8.03657341    
   9.33000088      -8.03657341    
   9.34000111      -8.03657341    
   9.35000038      -8.03657341    
   9.36000061      -8.03657341    
   9.37000084      -8.03657341    
   9.38000107      -8.03657341    
   9.39000034      -8.03657341    
   9.40000057      -8.03657341    
   9.41000080      -8.03657341    
   9.42000103      -8.03657341    
   9.43000031      -8.03657341    
   9.44000053      -8.03657341    
   9.45000076      -8.03657341    
   9.46000099      -8.03657341    
   9.47000027      -8.03657341    
   9.48000050      -8.03657341    
   9.49000072      -8.03657341    
   9.50000095      -8.03657341    
   9.51000023      -8.03657341    
   9.52000046      -8.03657341    
   9.53000069      -8.03657341    
   9.54000092      -8.03657341    
   9.55000114      -8.03657341    
   9.56000042      -8.03657341    
   9.57000065      -8.03657341    
   9.58000088      -8.03657341    
   9.59000111      -8.03657341    
   9.60000038      -8.03657341    
   9.61000061      -8.03657341    
   9.62000084      -8.03657341    
   9.63000107      -8.03657341    
   9.64000034      -8.03657341    
   9.65000057      -8.03657341    
   9.66000080      -8.03657341    
   9.67000103      -8.03657341    
   9.68000031      -8.03657341    
   9.69000053      -8.03657341    
   9.70000076      -8.03657341    
   9.71000099      -8.03657341    
   9.72000027      -8.03657341    
   9.73000050      -8.03657341    
   9.74000072      -8.03657341    
   9.75000095      -8.03657341    
   9.76000023      -8.03657341    
   9.77000046      -8.03657341    
   9.78000069      -8.03657341    
   9.79000092      -8.03657341    
   9.80000114      -8.03657341    
   9.81000042      -8.03657341    
   9.82000065      -8.03657341    
   9.83000088      -8.03657341    
   9.84000111      -8.03657341    
   9.85000038      -8.03657341    
   9.86000061      -8.03657341    
   9.87000084      -8.03657341    
   9.88000107      -8.03657341    
   9.89000034      -8.03657341    
   9.90000057      -8.03657341    
   9.91000080      -8.03657341    
   9.92000103      -8.03657341    
   9.93000031      -8.03657341    
   9.94000053      -8.03657341    
   9.95000076      -8.03657341    
   9.96000099      -8.03657341    
   9.97000027      -8.03657341    
   9.98000050      -8.03657341    
   9.99000072      -8.03657341    
   10.0000010      -8.03657341    
   10.0100012      -8.03657341    
   10.0200005      -8.03657341    
   10.0300007      -8.03657341    
   10.0400009      -8.03657341    
   10.0500011      -8.03657341    
   10.0600004      -8.03657341    
   10.0700006      -8.03657341    
   10.0800009      -8.03657341    
   10.0900011      -8.03657341    
   10.1000004      -8.03657341    
   10.1100006      -8.03657341    
   10.1200008      -8.03657341    
   10.1300011      -8.03657341    
   10.1400003      -8.03657341    
   10.1500006      -8.03657341    
   10.1600008      -8.03657341    
   10.1700010      -8.03657341    
   10.1800003      -8.03657341    
   10.1900005      -8.03657341    
   10.2000008      -8.03657341    
   10.2100010      -8.03657341    
   10.2200003      -8.03657341    
   10.2300005      -8.03657341    
   10.2400007      -8.03657341    
   10.2500010      -8.03657341    
   10.2600012      -8.03657341    
   10.2700005      -8.03657341    
   10.2800007      -8.03657341    
   10.2900009      -8.03657341    
   10.3000011      -8.03657341    
   10.3100004      -8.03657341    
   10.3200006      -8.03657341    
   10.3300009      -8.03657341    
   10.3400011      -8.03657341    
   10.3500004      -8.03657341    
   10.3600006      -8.03657341    
   10.3700008      -8.03657341    
   10.3800011      -8.03657341    
   10.3900003      -8.03657341    
   10.4000006      -8.03657341    
   10.4100008      -8.03657341    
   10.4200010      -8.03657341    
   10.4300003      -8.03657341    
   10.4400005      -8.03657341    
   10.4500008      -8.03657341    
   10.4600010      -8.03657341    
   10.4700003      -8.03657341    
   10.4800005      -8.03657341    
   10.4900007      -8.03657341    
   10.5000010      -8.03657341    
   10.5100012      -8.03657341    
   10.5200005      -8.03657341    
   10.5300007      -8.03657341    
   10.5400009      -8.03657341    
   10.5500011      -8.03657341    
   10.5600004      -8.03657341    
   10.5700006      -8.03657341    
   10.5800009      -8.03657341    
   10.5900011      -8.03657341    
   10.6000004      -8.03657341    
   10.6100006      -8.03657341    
   10.6200008      -8.03657341    
   10.6300011      -8.03657341    
   10.6400003      -8.03657341    
   10.6500006      -8.03657341    
   10.6600008      -8.03657341    
   10.6700010      -8.03657341    
   10.6800003      -8.03657341    
   10.6900005      -8.03657341    
   10.7000008      -8.03657341    
   10.7100010      -8.03657341    
   10.7200012      -8.03657341    
   10.7300005      -8.03657341    
   10.7400007      -8.03657341    
   10.7500010      -8.03657341    
   10.7600012      -8.03657341    
   10.7700005      -8.03657341    
   10.7800007      -8.03657341    
   10.7900009      -8.03657341    
   10.8000011      -8.03657341    
   10.8100004      -8.03657341    
   10.8200006      -8.03657341    
   10.8300009      -8.03657341    
   10.8400011      -8.03657341    
   10.8500004      -8.03657341    
   10.8600006      -8.03657341    
   10.8700008      -8.03657341    
   10.8800011      -8.03657341    
   10.8900003      -8.03657341    
   10.9000006      -8.03657341    
   10.9100008      -8.03657341    
   10.9200010      -8.03657341    
   10.9300003      -8.03657341    
   10.9400005      -8.03657341    
   10.9500008      -8.03657341    
   10.9600010      -8.03657341    
   10.9700012      -8.03657341    
   10.9800005      -8.03657341    
   10.9900007      -8.03657341    
   11.0000010      -8.03657341    
   11.0100012      -8.03657341    
   11.0200005            -Infinity
   11.0300007            -Infinity
   11.0400009            -Infinity
   11.0500011            -Infinity
   11.0600004            -Infinity
   11.0700006            -Infinity
   11.0800009            -Infinity
   11.0900011            -Infinity
   11.1000004            -Infinity
   11.1100006            -Infinity
   11.1200008            -Infinity
   11.1300011            -Infinity
   11.1400003            -Infinity
   11.1500006            -Infinity
   11.1600008            -Infinity
   11.1700010            -Infinity
   11.1800013            -Infinity
   11.1900005            -Infinity
   11.2000008            -Infinity
   11.2100010            -Infinity
   11.2200012            -Infinity
   11.2300005            -Infinity
   11.2400007            -Infinity
   11.2500010            -Infinity
   11.2600012            -Infinity
   11.2700005            -Infinity
   11.2800007            -Infinity
   11.2900009            -Infinity
   11.3000011            -Infinity
   11.3100004            -Infinity
   11.3200006            -Infinity
   11.3300009            -Infinity
   11.3400011            -Infinity
   11.3500004            -Infinity
   11.3600006            -Infinity
   11.3700008            -Infinity
   11.3800011            -Infinity
   11.3900003            -Infinity
   11.4000006            -Infinity
   11.4100008            -Infinity
   11.4200010            -Infinity
   11.4300013            -Infinity
   11.4400005            -Infinity
   11.4500008            -Infinity
   11.4600010            -Infinity
   11.4700012            -Infinity
   11.4800005            -Infinity
   11.4900007            -Infinity
   11.5000010            -Infinity
   11.5100012            -Infinity
   11.5200005            -Infinity
   11.5300007            -Infinity
   11.5400009            -Infinity
   11.5500011            -Infinity
   11.5600004            -Infinity
   11.5700006            -Infinity
   11.5800009            -Infinity
   11.5900011            -Infinity
   11.6000004            -Infinity
   11.6100006            -Infinity
   11.6200008            -Infinity
   11.6300011            -Infinity
   11.6400013            -Infinity
   11.6500006            -Infinity
   11.6600008            -Infinity
   11.6700010            -Infinity
   11.6800013            -Infinity
   11.6900005            -Infinity
   11.7000008            -Infinity
   11.7100010            -Infinity
   11.7200012            -Infinity
   11.7300005            -Infinity
   11.7400007            -Infinity
   11.7500010            -Infinity
   11.7600012            -Infinity
   11.7700005            -Infinity
   11.7800007            -Infinity
   11.7900009            -Infinity
   11.8000011            -Infinity
   11.8100004            -Infinity
   11.8200006            -Infinity
   11.8300009            -Infinity
   11.8400011            -Infinity
   11.8500004            -Infinity
   11.8600006            -Infinity
   11.8700008            -Infinity
   11.8800011            -Infinity
   11.8900013            -Infinity
   11.9000006            -Infinity
   11.9100008            -Infinity
   11.9200010            -Infinity
   11.9300013            -Infinity
   11.9400005            -Infinity
   11.9500008            -Infinity
   11.9600010            -Infinity
   11.9700012            -Infinity
   11.9800005            -Infinity
   11.9900007            -Infinity
   12.0000010            -Infinity
   12.0100012            -Infinity
   12.0200005            -Infinity
   12.0300007            -Infinity
   12.0400009            -Infinity
   12.0500011            -Infinity
   12.0600004            -Infinity
   12.0700006            -Infinity
   12.0800009            -Infinity
   12.0900011            -Infinity
   12.1000004            -Infinity
   12.1100006            -Infinity
   12.1200008            -Infinity
   12.1300011            -Infinity
   12.1400013            -Infinity
   12.1500006            -Infinity
   12.1600008            -Infinity
   12.1700010            -Infinity
   12.1800013            -Infinity
   12.1900005            -Infinity
   12.2000008            -Infinity
   12.2100010            -Infinity
   12.2200012            -Infinity
   12.2300005            -Infinity
   12.2400007            -Infinity
   12.2500010            -Infinity
   12.2600012            -Infinity
   12.2700005            -Infinity
   12.2800007            -Infinity
   12.2900009            -Infinity
   12.3000011            -Infinity
   12.3100004            -Infinity
   12.3200006            -Infinity
   12.3300009            -Infinity
   12.3400011            -Infinity
   12.3500013            -Infinity
   12.3600006            -Infinity
   12.3700008            -Infinity
   12.3800011            -Infinity
   12.3900013            -Infinity
   12.4000006            -Infinity
   12.4100008            -Infinity
   12.4200010            -Infinity
   12.4300013            -Infinity
   12.4400005            -Infinity
   12.4500008            -Infinity
   12.4600010            -Infinity
   12.4700012            -Infinity
   12.4800005            -Infinity
   12.4900007            -Infinity
   12.5000010            -Infinity
   12.5100012            -Infinity
   12.5200005            -Infinity
   12.5300007            -Infinity
   12.5400009            -Infinity
   12.5500011            -Infinity
   12.5600004            -Infinity
   12.5700006            -Infinity
   12.5800009            -Infinity
   12.5900011            -Infinity
   12.6000013            -Infinity
   12.6100006            -Infinity
   12.6200008            -Infinity
   12.6300011            -Infinity
   12.6400013            -Infinity
   12.6500006            -Infinity
   12.6600008            -Infinity
   12.6700010            -Infinity
   12.6800013            -Infinity
   12.6900005            -Infinity
   12.7000008            -Infinity
   12.7100010            -Infinity
   12.7200012            -Infinity
   12.7300005            -Infinity
   12.7400007            -Infinity
   12.7500010            -Infinity
   12.7600012            -Infinity
   12.7700005            -Infinity
   12.7800007            -Infinity
   12.7900009            -Infinity
   12.8000011            -Infinity
   12.8100014            -Infinity
   12.8200006            -Infinity
   12.8300009            -Infinity
   12.8400011            -Infinity
   12.8500013            -Infinity
   12.8600006            -Infinity
   12.8700008            -Infinity
   12.8800011            -Infinity
   12.8900013            -Infinity
   12.9000006            -Infinity
   12.9100008            -Infinity
   12.9200010            -Infinity
   12.9300013            -Infinity
   12.9400005            -Infinity
   12.9500008            -Infinity
   12.9600010            -Infinity
   12.9700012            -Infinity
   12.9800005            -Infinity
   12.9900007            -Infinity
   13.0000010            -Infinity
   13.0100012            -Infinity
   13.0200005            -Infinity
   13.0300007            -Infinity
   13.0400009            -Infinity
   13.0500011            -Infinity
   13.0600014            -Infinity
   13.0700006            -Infinity
   13.0800009            -Infinity
   13.0900011            -Infinity
   13.1000013            -Infinity
   13.1100006            -Infinity
   13.1200008            -Infinity
   13.1300011            -Infinity
   13.1400013            -Infinity
   13.1500006            -Infinity
   13.1600008            -Infinity
   13.1700010            -Infinity
   13.1800013            -Infinity
   13.1900005            -Infinity
   13.2000008            -Infinity
   13.2100010            -Infinity
   13.2200012            -Infinity
   13.2300005            -Infinity
   13.2400007            -Infinity
   13.2500010            -Infinity
   13.2600012            -Infinity
   13.2700014            -Infinity
   13.2800007            -Infinity
   13.2900009            -Infinity
   13.3000011            -Infinity
   13.3100014            -Infinity
   13.3200006            -Infinity
   13.3300009            -Infinity
   13.3400011            -Infinity
   13.3500013            -Infinity
   13.3600006            -Infinity
   13.3700008            -Infinity
   13.3800011            -Infinity
   13.3900013            -Infinity
   13.4000006            -Infinity
   13.4100008            -Infinity
   13.4200010            -Infinity
   13.4300013            -Infinity
   13.4400005            -Infinity
   13.4500008            -Infinity
   13.4600010            -Infinity
   13.4700012            -Infinity
   13.4800005            -Infinity
   13.4900007            -Infinity
   13.5000010            -Infinity
   13.5100012            -Infinity
   13.5200014            -Infinity
   13.5300007            -Infinity
   13.5400009            -Infinity
   13.5500011            -Infinity
   13.5600014            -Infinity
   13.5700006            -Infinity
   13.5800009            -Infinity
   13.5900011            -Infinity
   13.6000013            -Infinity
   13.6100006            -Infinity
   13.6200008            -Infinity
   13.6300011            -Infinity
   13.6400013            -Infinity
   13.6500006            -Infinity
   13.6600008            -Infinity
   13.6700010            -Infinity
   13.6800013            -Infinity
   13.6900005            -Infinity
   13.7000008            -Infinity
   13.7100010            -Infinity
   13.7200012            -Infinity
   13.7300005            -Infinity
   13.7400007            -Infinity
   13.7500010            -Infinity
   13.7600012            -Infinity
   13.7700014            -Infinity
   13.7800007            -Infinity
   13.7900009            -Infinity
   13.8000011            -Infinity
   13.8100014            -Infinity
   13.8200006            -Infinity
   13.8300009            -Infinity
   13.8400011            -Infinity
   13.8500013            -Infinity
   13.8600006            -Infinity
   13.8700008            -Infinity
   13.8800011            -Infinity
   13.8900013            -Infinity
   13.9000006            -Infinity
   13.9100008            -Infinity
   13.9200010            -Infinity
   13.9300013            -Infinity
   13.9400005            -Infinity
   13.9500008            -Infinity
   13.9600010            -Infinity
   13.9700012            -Infinity
   13.9800014            -Infinity
   13.9900007            -Infinity
   14.0000010            -Infinity
   14.0100012            -Infinity
   14.0200014            -Infinity
   14.0300007            -Infinity
   14.0400009            -Infinity
   14.0500011            -Infinity
   14.0600014            -Infinity
   14.0700006            -Infinity
   14.0800009            -Infinity
   14.0900011            -Infinity
   14.1000013            -Infinity
   14.1100006            -Infinity
   14.1200008            -Infinity
   14.1300011            -Infinity
   14.1400013            -Infinity
   14.1500006            -Infinity
   14.1600008            -Infinity
   14.1700010            -Infinity
   14.1800013            -Infinity
   14.1900005            -Infinity
   14.2000008            -Infinity
   14.2100010            -Infinity
   14.2200012            -Infinity
   14.2300014            -Infinity
   14.2400007            -Infinity
   14.2500010            -Infinity
   14.2600012            -Infinity
   14.2700014            -Infinity
   14.2800007            -Infinity
   14.2900009            -Infinity
   14.3000011            -Infinity
   14.3100014            -Infinity
   14.3200006            -Infinity
   14.3300009            -Infinity
   14.3400011            -Infinity
   14.3500013            -Infinity
   14.3600006            -Infinity
   14.3700008            -Infinity
   14.3800011            -Infinity
   14.3900013            -Infinity
   14.4000006            -Infinity
   14.4100008            -Infinity
   14.4200010            -Infinity
   14.4300013            -Infinity
   14.4400015            -Infinity
   14.4500008            -Infinity
   14.4600010            -Infinity
   14.4700012            -Infinity
   14.4800014            -Infinity
   14.4900007            -Infinity
   14.5000010            -Infinity
   14.5100012            -Infinity
   14.5200014            -Infinity
   14.5300007            -Infinity
   14.5400009            -Infinity
   14.5500011            -Infinity
   14.5600014            -Infinity
   14.5700006            -Infinity
   14.5800009            -Infinity
   14.5900011            -Infinity
   14.6000013            -Infinity
   14.6100006            -Infinity
   14.6200008            -Infinity
   14.6300011            -Infinity
   14.6400013            -Infinity
   14.6500006            -Infinity
   14.6600008            -Infinity
   14.6700010            -Infinity
   14.6800013            -Infinity
   14.6900015            -Infinity
   14.7000008            -Infinity
   14.7100010            -Infinity
   14.7200012            -Infinity
   14.7300014            -Infinity
   14.7400007            -Infinity
   14.7500010            -Infinity
   14.7600012            -Infinity
   14.7700014            -Infinity
   14.7800007            -Infinity
   14.7900009            -Infinity
   14.8000011            -Infinity
   14.8100014            -Infinity
   14.8200006            -Infinity
   14.8300009            -Infinity
   14.8400011            -Infinity
   14.8500013            -Infinity
   14.8600006            -Infinity
   14.8700008            -Infinity
   14.8800011            -Infinity
   14.8900013            -Infinity
   14.9000015            -Infinity
   14.9100008            -Infinity
   14.9200010            -Infinity
   14.9300013            -Infinity
   14.9400015            -Infinity
   14.9500008            -Infinity
   14.9600010            -Infinity
   14.9700012            -Infinity
   14.9800014            -Infinity
   14.9900007            -Infinity
   15.0000010            -Infinity
   15.0100012            -Infinity
   15.0200014            -Infinity
   15.0300007            -Infinity
   15.0400009            -Infinity
   15.0500011            -Infinity
   15.0600014            -Infinity
   15.0700006            -Infinity
   15.0800009            -Infinity
   15.0900011            -Infinity
   15.1000013            -Infinity
   15.1100006            -Infinity
   15.1200008            -Infinity
   15.1300011            -Infinity
   15.1400013            -Infinity
   15.1500015            -Infinity
   15.1600008            -Infinity
   15.1700010            -Infinity
   15.1800013            -Infinity
   15.1900015            -Infinity
   15.2000008            -Infinity
   15.2100010            -Infinity
   15.2200012            -Infinity
   15.2300014            -Infinity
   15.2400007            -Infinity
   15.2500010            -Infinity
   15.2600012            -Infinity
   15.2700014            -Infinity
   15.2800007            -Infinity
   15.2900009            -Infinity
   15.3000011            -Infinity
   15.3100014            -Infinity
   15.3200006            -Infinity
   15.3300009            -Infinity
   15.3400011            -Infinity
   15.3500013            -Infinity
   15.3600006            -Infinity
   15.3700008            -Infinity
   15.3800011            -Infinity
   15.3900013            -Infinity
   15.4000015            -Infinity
   15.4100008            -Infinity
   15.4200010            -Infinity
   15.4300013            -Infinity
   15.4400015            -Infinity
   15.4500008            -Infinity
   15.4600010            -Infinity
   15.4700012            -Infinity
   15.4800014            -Infinity
   15.4900007            -Infinity
   15.5000010            -Infinity
   15.5100012            -Infinity
   15.5200014            -Infinity
   15.5300007            -Infinity
   15.5400009            -Infinity
   15.5500011            -Infinity
   15.5600014            -Infinity
   15.5700006            -Infinity
   15.5800009            -Infinity
   15.5900011            -Infinity
   15.6000013            -Infinity
   15.6100016            -Infinity
   15.6200008            -Infinity
   15.6300011            -Infinity
   15.6400013            -Infinity
   15.6500015            -Infinity
   15.6600008            -Infinity
   15.6700010            -Infinity
   15.6800013            -Infinity
   15.6900015            -Infinity
   15.7000008            -Infinity
   15.7100010            -Infinity
   15.7200012            -Infinity
   15.7300014            -Infinity
   15.7400007            -Infinity
   15.7500010            -Infinity
   15.7600012            -Infinity
   15.7700014            -Infinity
   15.7800007            -Infinity
   15.7900009            -Infinity
   15.8000011            -Infinity
   15.8100014            -Infinity
   15.8200006            -Infinity
   15.8300009            -Infinity
   15.8400011            -Infinity
   15.8500013            -Infinity
   15.8600016            -Infinity
   15.8700008            -Infinity
   15.8800011            -Infinity
   15.8900013            -Infinity
   15.9000015            -Infinity
   15.9100008            -Infinity
   15.9200010            -Infinity
   15.9300013            -Infinity
   15.9400015            -Infinity
   15.9500008            -Infinity
   15.9600010            -Infinity
   15.9700012            -Infinity
   15.9800014            -Infinity
   15.9900007            -Infinity
