   0.00000000      0.999499202    
   1.00000007E-02  0.917920530    
   2.00000014E-02  0.880740345    
   3.00000012E-02  0.860195994    
   4.00000028E-02  0.850963533    
   5.00000045E-02  0.844169855    
   6.00000024E-02  0.839891136    
   7.00000077E-02  0.834131718    
   8.00000057E-02  0.828622758    
   9.00000036E-02  0.821774662    
  0.100000009      0.816396296    
  0.110000007      0.810125232    
  0.120000005      0.806434393    
  0.130000010      0.803298831    
  0.140000015      0.801099598    
  0.150000006      0.798029423    
  0.160000011      0.795470893    
  0.170000017      0.792030513    
  0.180000007      0.789482832    
  0.190000013      0.786260188    
  0.200000018      0.783723474    
  0.210000008      0.781741977    
  0.220000014      0.779771388    
  0.230000019      0.777702749    
  0.240000010      0.775677741    
  0.250000030      0.773456752    
  0.260000020      0.770767570    
  0.270000011      0.768263459    
  0.280000031      0.766456187    
  0.290000021      0.764648855    
  0.300000012      0.762438774    
  0.310000032      0.759825826    
  0.320000023      0.757604778    
  0.330000013      0.756548703    
  0.340000033      0.755122483    
  0.350000024      0.753892243    
  0.360000014      0.751213908    
  0.370000035      0.750103414    
  0.380000025      0.747828007    
  0.390000015      0.746684790    
  0.400000036      0.745552540    
  0.410000026      0.744529128    
  0.420000017      0.742710948    
  0.430000037      0.741709292    
  0.440000027      0.740479052    
  0.450000018      0.738965690    
  0.460000038      0.737256408    
  0.470000029      0.735743046    
  0.480000019      0.734120846    
  0.490000039      0.732781708    
  0.500000060      0.731671214    
  0.510000050      0.730484486    
  0.520000041      0.729940116    
  0.530000031      0.728263497    
  0.540000021      0.726728380    
  0.550000012      0.725802958    
  0.560000062      0.724779546    
  0.570000052      0.724093616    
  0.580000043      0.723396838    
  0.590000033      0.722068608    
  0.600000024      0.720163286    
  0.610000014      0.718813300    
  0.620000064      0.717876971    
  0.630000055      0.716722906    
  0.640000045      0.715307593    
  0.650000036      0.714229703    
  0.660000026      0.713369608    
  0.670000076      0.712128460    
  0.680000067      0.710876405    
  0.690000057      0.710005462    
  0.700000048      0.709297776    
  0.710000038      0.708187282    
  0.720000029      0.706826329    
  0.730000079      0.705421865    
  0.740000069      0.703810573    
  0.750000060      0.702046812    
  0.760000050      0.701230288    
  0.770000041      0.699934661    
  0.780000031      0.699608028    
  0.790000081      0.699139893    
  0.800000072      0.697822511    
  0.810000062      0.696396291    
  0.820000052      0.694991827    
  0.830000043      0.693718016    
  0.840000033      0.692803502    
  0.850000083      0.691497028    
  0.860000074      0.690702260    
  0.870000064      0.689090908    
  0.880000055      0.687697351    
  0.890000045      0.686194897    
  0.900000036      0.684605360    
  0.910000086      0.683843195    
  0.920000076      0.682602048    
  0.930000067      0.681458890    
  0.940000057      0.681045175    
  0.950000048      0.679945588    
  0.960000038      0.679651618    
  0.970000088      0.678551972    
  0.980000079      0.677626550    
  0.990000069      0.676526964    
   1.00000012      0.675699532    
   1.01000011      0.675307572    
   1.02000010      0.675122499    
   1.03000009      0.674752295    
   1.04000008      0.673554718    
   1.05000007      0.672204673    
   1.06000006      0.671061516    
   1.07000005      0.670027196    
   1.08000004      0.669352233    
   1.09000003      0.668546557    
   1.10000002      0.667610228    
   1.11000013      0.666510642    
   1.12000012      0.664953709    
   1.13000011      0.664169848    
   1.14000010      0.663462162    
   1.15000010      0.662634730    
   1.16000009      0.661807299    
   1.17000008      0.661448002    
   1.18000007      0.660827458    
   1.19000006      0.659346759    
   1.20000005      0.658192694    
   1.21000004      0.657670140    
   1.22000003      0.656864464    
   1.23000014      0.655808389    
   1.24000013      0.654784977    
   1.25000012      0.653663576    
   1.26000011      0.653140962    
   1.27000010      0.652117610    
   1.28000009      0.650865555    
   1.29000008      0.650538921    
   1.30000007      0.649646163    
   1.31000006      0.648470342    
   1.32000005      0.647044122    
   1.33000004      0.645933568    
   1.34000015      0.644703329    
   1.35000014      0.643483937    
   1.36000013      0.642906904    
   1.37000012      0.642112136    
   1.38000011      0.641099632    
   1.39000010      0.639869332    
   1.40000010      0.638856828    
   1.41000009      0.637974977    
   1.42000008      0.636548698    
   1.43000007      0.635655940    
   1.44000006      0.635242224    
   1.45000005      0.634676099    
   1.46000016      0.633598268    
   1.47000015      0.631823599    
   1.48000014      0.630713105    
   1.49000013      0.630669594    
   1.50000012      0.629798591    
   1.51000011      0.629145324    
   1.52000010      0.628470361    
   1.53000009      0.627632022    
   1.54000008      0.626924336    
   1.55000007      0.625966251    
   1.56000006      0.624638021    
   1.57000005      0.624137163    
   1.58000016      0.623919427    
   1.59000015      0.622906923    
   1.60000014      0.622547626    
   1.61000013      0.621611297    
   1.62000012      0.621186733    
   1.63000011      0.620522618    
   1.64000010      0.620097995    
   1.65000010      0.619205236    
   1.66000009      0.617985845    
   1.67000008      0.616679370    
   1.68000007      0.615982592    
   1.69000018      0.615057170    
   1.70000017      0.614218831    
   1.71000016      0.614382148    
   1.72000015      0.613772452    
   1.73000014      0.612879694    
   1.74000013      0.611943364    
   1.75000012      0.611192167    
   1.76000011      0.609951019    
   1.77000010      0.609265089    
   1.78000009      0.608470321    
   1.79000008      0.607621133    
   1.80000007      0.606880784    
   1.81000018      0.605759382    
   1.82000017      0.604888380    
   1.83000016      0.604148090    
   1.84000015      0.603287995    
   1.85000014      0.603538394    
   1.86000013      0.602896035    
   1.87000012      0.601132274    
   1.88000011      0.600108862    
   1.89000010      0.599412084    
   1.90000010      0.598214507    
   1.91000009      0.597419679    
   1.92000008      0.596897125    
   1.93000019      0.595895469    
   1.94000018      0.595525324    
   1.95000017      0.594120860    
   1.96000016      0.593587399    
   1.97000015      0.592574835    
   1.98000014      0.591943383    
   1.99000013      0.591028869    
   2.00000024      0.590103447    
   2.01000023      0.589548171    
   2.02000022      0.588405013    
   2.03000021      0.586967885    
   2.04000020      0.586467087    
   2.05000019      0.585476339    
   2.06000018      0.584540009    
   2.07000017      0.584017396    
   2.08000016      0.583603680    
   2.09000015      0.582417011    
   2.10000014      0.580860078    
   2.11000013      0.580587924    
   2.12000012      0.579912901    
   2.13000011      0.578998387    
   2.14000010      0.578508437    
   2.15000010      0.578018486    
   2.16000009      0.577343524    
   2.17000008      0.576178551    
   2.18000007      0.575198710    
   2.19000006      0.574099064    
   2.20000005      0.573304296    
   2.21000004      0.572411537    
   2.22000027      0.572074056    
   2.23000026      0.570800245    
   2.24000025      0.569406629    
   2.25000024      0.568742514    
   2.26000023      0.568187237    
   2.27000022      0.568089247    
   2.28000021      0.567403376    
   2.29000020      0.566053331    
   2.30000019      0.565215051    
   2.31000018      0.564474702    
   2.32000017      0.563396871    
   2.33000016      0.562406123    
   2.34000015      0.561535120    
   2.35000014      0.561077833    
   2.36000013      0.560587943    
   2.37000012      0.560555279    
   2.38000011      0.559303224    
   2.39000010      0.558606446    
   2.40000010      0.557768106    
   2.41000009      0.556897104    
   2.42000008      0.556526959    
   2.43000007      0.555557966    
   2.44000006      0.555253148    
   2.45000029      0.554686964    
   2.46000028      0.553946674    
   2.47000027      0.553609133    
   2.48000026      0.552955925    
   2.49000025      0.552825272    
   2.50000024      0.552629292    
   2.51000023      0.552008688    
   2.52000022      0.551551461    
   2.53000021      0.550745785    
   2.54000020      0.549210668    
   2.55000019      0.548611879    
   2.56000018      0.548198164    
   2.57000017      0.547958612    
   2.58000016      0.547806203    
   2.59000015      0.547142088    
   2.60000014      0.546053350    
   2.61000013      0.545813799    
   2.62000012      0.545323908    
   2.63000011      0.544779539    
   2.64000010      0.543919444    
   2.65000010      0.542961359    
   2.66000009      0.542177439    
   2.67000008      0.541981518    
   2.68000031      0.541535139    
   2.69000030      0.540903628    
   2.70000029      0.540261269    
   2.71000028      0.539716959    
   2.72000027      0.538802385    
   2.73000026      0.537789881    
   2.74000025      0.537201941    
   2.75000024      0.536875367    
   2.76000023      0.536243856    
   2.77000022      0.535688639    
   2.78000021      0.534872055    
   2.79000020      0.533815980    
   2.80000019      0.532727301    
   2.81000018      0.532041371    
   2.82000017      0.531431675    
   2.83000016      0.530636907    
   2.84000015      0.529700577    
   2.85000014      0.528731644    
   2.86000013      0.527621150    
   2.87000012      0.526771903    
   2.88000011      0.526347280    
   2.89000010      0.526107788    
   2.90000010      0.525302112    
   2.91000032      0.524409354    
   2.92000031      0.523886800    
   2.93000031      0.523473024    
   2.94000030      0.522798061    
   2.95000029      0.522612929    
   2.96000028      0.521731079    
   2.97000027      0.521426260    
   2.98000026      0.520740330    
   2.99000025      0.519716918    
   3.00000024      0.519172549    
   3.01000023      0.518976569    
   3.02000022      0.518203616    
   3.03000021      0.517071307    
   3.04000020      0.516505182    
   3.05000019      0.516211212    
   3.06000018      0.515449107    
   3.07000017      0.514817655    
   3.08000016      0.514425695    
   3.09000015      0.513532937    
   3.10000014      0.512738168    
   3.11000013      0.511562347    
   3.12000012      0.510963500    
   3.13000011      0.510702252    
   3.14000010      0.510876417    
   3.15000033      0.510059893    
   3.16000032      0.509395778    
   3.17000031      0.509025574    
   3.18000031      0.508405030    
   3.19000030      0.507610261    
   3.20000029      0.506793678    
   3.21000028      0.505944490    
   3.22000027      0.505530775    
   3.23000026      0.505574286    
   3.24000025      0.505465448    
   3.25000024      0.504213393    
   3.26000023      0.503298879    
   3.27000022      0.502210140    
   3.28000021      0.501665771    
   3.29000020      0.501535118    
   3.30000019      0.501143157    
   3.31000018      0.500664115    
   3.32000017      0.499814928    
   3.33000016      0.498878598    
   3.34000015      0.498225361    
   3.35000014      0.497898757    
   3.36000013      0.496908009    
   3.37000012      0.496026129    
   3.38000035      0.495666862    
   3.39000034      0.495220482    
   3.40000033      0.494654328    
   3.41000032      0.493924886    
   3.42000031      0.492879689    
   3.43000031      0.492193788    
   3.44000030      0.492074043    
   3.45000029      0.491812736    
   3.46000028      0.491301030    
   3.47000027      0.490386486    
   3.48000026      0.489983678    
   3.49000025      0.488862276    
   3.50000024      0.488296121    
   3.51000023      0.488111049    
   3.52000022      0.487817079    
   3.53000021      0.487044096    
   3.54000020      0.486303747    
   3.55000019      0.485879153    
   3.56000018      0.485127926    
   3.57000017      0.484953731    
   3.58000016      0.484725088    
   3.59000015      0.484398484    
   3.60000014      0.483788788    
   3.61000037      0.482863367    
   3.62000036      0.482373446    
   3.63000035      0.481937945    
   3.64000034      0.481056064    
   3.65000033      0.480609685    
   3.66000032      0.479695141    
   3.67000031      0.479379416    
   3.68000031      0.478845954    
   3.69000030      0.478029400    
   3.70000029      0.476886213    
   3.71000028      0.476439834    
   3.72000027      0.475917250    
   3.73000026      0.476189435    
   3.74000025      0.475797504    
   3.75000024      0.475351125    
   3.76000023      0.474425703    
   3.77000022      0.474022865    
   3.78000021      0.473892212    
   3.79000020      0.473663568    
   3.80000019      0.473228097    
   3.81000018      0.472487748    
   3.82000017      0.472052246    
   3.83000016      0.471050620    
   3.84000015      0.470560700    
   3.85000038      0.470005453    
   3.86000037      0.469667941    
   3.87000036      0.469221562    
   3.88000035      0.468383223    
   3.89000034      0.468034834    
   3.90000033      0.467621118    
   3.91000032      0.466423512    
   3.92000031      0.465726733    
   3.93000031      0.465095252    
   3.94000030      0.464518249    
   3.95000029      0.463843226    
   3.96000028      0.463277072    
   3.97000027      0.463168204    
   3.98000026      0.462514967    
   3.99000025      0.462101251    
   4.00000048      0.461829066    
   4.01000023      0.461458892    
   4.02000046      0.460522592    
   4.03000021      0.459618956    
   4.04000044      0.458878607    
   4.05000019      0.458584636    
   4.06000042      0.458051175    
   4.07000017      0.457909644    
   4.08000040      0.457387030    
   4.09000015      0.456559598    
   4.10000038      0.456156790    
   4.11000013      0.455732167    
   4.12000036      0.455002725    
   4.13000011      0.454817623    
   4.14000034      0.454044640    
   4.15000010      0.453554720    
   4.16000032      0.453260750    
   4.17000008      0.452335328    
   4.18000031      0.452008724    
   4.19000053      0.451257497    
   4.20000029      0.450484484    
   4.21000051      0.449863911    
   4.22000027      0.448992938    
   4.23000050      0.448470324    
   4.24000025      0.448078394    
   4.25000048      0.447762668    
   4.26000023      0.447250962    
   4.27000046      0.446053356    
   4.28000021      0.445302129    
   4.29000044      0.445160598    
   4.30000019      0.444572687    
   4.31000042      0.444409370    
   4.32000017      0.444126278    
   4.33000040      0.443473041    
   4.34000015      0.442776263    
   4.35000038      0.441970617    
   4.36000013      0.441556901    
   4.37000036      0.441273808    
   4.38000011      0.440696776    
   4.39000034      0.440119773    
   4.40000010      0.439716935    
   4.41000032      0.439270556    
   4.42000008      0.438421339    
   4.43000031      0.438051164    
   4.44000053      0.437419713    
   4.45000029      0.436908007    
   4.46000051      0.436222106    
   4.47000027      0.435928136    
   4.48000050      0.435753942    
   4.49000025      0.435525298    
   4.50000048      0.434915632    
   4.51000023      0.434240609    
   4.52000046      0.433598250    
   4.53000021      0.433064789    
   4.54000044      0.432444215    
   4.55000019      0.432226449    
   4.56000042      0.431888938    
   4.57000017      0.431453466    
   4.58000040      0.430713117    
   4.59000015      0.429853022    
   4.60000038      0.429308653    
   4.61000013      0.428786069    
   4.62000036      0.428655416    
   4.63000011      0.428209037    
   4.64000034      0.428089291    
   4.65000010      0.427827984    
   4.66000032      0.427163839    
   4.67000055      0.426619500    
   4.68000031      0.426434398    
   4.69000053      0.426281989    
   4.70000029      0.425421894    
   4.71000051      0.424888402    
   4.72000027      0.424235165    
   4.73000050      0.423941195    
   4.74000025      0.423571050    
   4.75000048      0.423571050    
   4.76000023      0.423320621    
   4.77000046      0.423081100    
   4.78000021      0.422710955    
   4.79000044      0.422046810    
   4.80000019      0.421731085    
   4.81000042      0.420870990    
   4.82000017      0.420479029    
   4.83000040      0.420391947    
   4.84000015      0.420010895    
   4.85000038      0.419248790    
   4.86000013      0.418726176    
   4.87000036      0.418475777    
   4.88000011      0.418062061    
   4.89000034      0.417583019    
   4.90000057      0.416853577    
   4.91000032      0.416788250    
   4.92000055      0.416243881    
   4.93000031      0.415307581    
   4.94000053      0.414915621    
   4.95000029      0.414414793    
   4.96000051      0.413696229    
   4.97000027      0.413620025    
   4.98000050      0.412999451    
   4.99000025      0.412542194    
   5.00000048      0.412400663    
   5.01000023      0.412259132    
   5.02000046      0.412237346    
   5.03000021      0.411845386    
   5.04000044      0.411301047    
   5.05000019      0.410713106    
   5.06000042      0.410288513    
   5.07000017      0.409918338    
   5.08000040      0.409461081    
   5.09000015      0.408742517    
   5.10000038      0.408198148    
   5.11000013      0.407642901    
   5.12000036      0.407218277    
   5.13000059      0.406782806    
   5.14000034      0.406456172    
   5.15000057      0.406401753    
   5.16000032      0.406532377    
   5.17000055      0.406107783    
   5.18000031      0.405585200    
   5.19000053      0.405138820    
   5.20000029      0.404583573    
   5.21000051      0.403777897    
   5.22000027      0.403396845    
   5.23000050      0.403407723    
   5.24000025      0.402732730    
   5.25000048      0.402493209    
   5.26000023      0.401763737    
   5.27000046      0.401404470    
   5.28000021      0.400729448    
   5.29000044      0.400087088    
   5.30000019      0.399597168    
   5.31000042      0.398835063    
   5.32000017      0.397964060    
   5.33000040      0.397038639    
   5.34000015      0.396951556    
   5.35000038      0.396439850    
   5.36000061      0.396080554    
   5.37000036      0.395851940    
   5.38000059      0.395503551    
   5.39000034      0.395046264    
   5.40000057      0.394589007    
   5.41000032      0.394033760    
   5.42000055      0.393870443    
   5.43000031      0.393282533    
   5.44000053      0.392934144    
   5.45000029      0.392226458    
   5.46000051      0.392019600    
   5.47000027      0.391322821    
   5.48000050      0.391028851    
   5.49000025      0.390582472    
   5.50000048      0.390157878    
   5.51000023      0.390440941    
   5.52000046      0.390146971    
   5.53000021      0.389417529    
   5.54000044      0.388731629    
   5.55000019      0.388263464    
   5.56000042      0.387664676    
   5.57000017      0.387632012    
   5.58000040      0.387359828    
   5.59000063      0.386782795    
   5.60000038      0.386042446    
   5.61000061      0.385389209    
   5.62000036      0.384616226    
   5.63000059      0.384158969    
   5.64000034      0.383930326    
   5.65000057      0.383516610    
   5.66000032      0.383026659    
   5.67000055      0.382743597    
   5.68000031      0.381785512    
   5.69000053      0.381262928    
   5.70000029      0.381001621    
   5.71000051      0.380947202    
   5.72000027      0.379804015    
   5.73000050      0.379292339    
   5.74000025      0.378976583    
   5.75000048      0.378791511    
   5.76000023      0.378432214    
   5.77000046      0.377517700    
   5.78000021      0.377049536    
   5.79000044      0.376287431    
   5.80000019      0.375732183    
   5.81000042      0.375394672    
   5.82000065      0.375057161    
   5.83000040      0.374501914    
   5.84000063      0.373859555    
   5.85000038      0.373402297    
   5.86000061      0.373195440    
   5.87000036      0.372629285    
   5.88000059      0.372008711    
   5.89000034      0.371213943    
   5.90000057      0.370571584    
   5.91000032      0.370201409    
   5.92000055      0.369504631    
   5.93000031      0.369221568    
   5.94000053      0.368535668    
   5.95000029      0.368557423    
   5.96000051      0.367740870    
   5.97000027      0.367316276    
   5.98000050      0.367163867    
   5.99000025      0.366009802    
   6.00000048      0.365127921    
   6.01000023      0.364746869    
   6.02000046      0.364180744    
   6.03000021      0.363429517    
   6.04000044      0.362852484    
   6.05000019      0.362373441    
   6.06000042      0.361741960    
   6.07000065      0.361404479    
   6.08000040      0.360587925    
   6.09000063      0.360130638    
   6.10000038      0.359564513    
   6.11000061      0.359248787    
   6.12000036      0.358530223    
   6.13000059      0.358007610    
   6.14000034      0.357365280    
   6.15000057      0.356635809    
   6.16000032      0.356113225    
   6.17000055      0.355873704    
   6.18000031      0.355285794    
   6.19000053      0.354763210    
   6.20000029      0.354186177    
   6.21000051      0.354066402    
   6.22000027      0.353565603    
   6.23000050      0.352955908    
   6.24000025      0.352346212    
   6.25000048      0.351431668    
   6.26000023      0.351235718    
   6.27000046      0.350800216    
   6.28000021      0.350244969    
   6.29000044      0.349918336    
   6.30000067      0.349776804    
   6.31000042      0.349090904    
   6.32000065      0.348481208    
   6.33000040      0.347969502    
   6.34000063      0.347599357    
   6.35000038      0.346946120    
   6.36000061      0.346521497    
   6.37000036      0.345694065    
   6.38000059      0.345715851    
   6.39000034      0.345062613    
   6.40000057      0.344442040    
   6.41000032      0.343494833    
   6.42000055      0.343146443    
   6.43000031      0.342449635    
   6.44000053      0.342264563    
   6.45000029      0.341317356    
   6.46000051      0.340860099    
   6.47000027      0.340108871    
   6.48000050      0.339706033    
   6.49000025      0.339107245    
   6.50000048      0.338660866    
   6.51000023      0.337887853    
   6.52000046      0.337289065    
   6.53000069      0.336897105    
   6.54000044      0.336505175    
   6.55000067      0.336069673    
   6.56000042      0.335928142    
   6.57000065      0.335264027    
   6.58000040      0.334893852    
   6.59000063      0.334131747    
   6.60000038      0.333685368    
   6.61000061      0.333119214    
   6.62000036      0.333010346    
   6.63000059      0.332629293    
   6.64000034      0.332291782    
   6.65000057      0.331431687    
   6.66000032      0.330941767    
   6.67000055      0.330310285    
   6.68000031      0.330005437    
   6.69000053      0.330005437    
   6.70000029      0.329961896    
   6.71000051      0.329493731    
   6.72000027      0.328644544    
   6.73000050      0.328034848    
   6.74000025      0.327871531    
   6.75000048      0.327283621    
   6.76000071      0.326543272    
   6.77000046      0.326249331    
   6.78000069      0.326173097    
   6.79000044      0.325857371    
   6.80000067      0.325410992    
   6.81000042      0.324540019    
   6.82000065      0.323821455    
   6.83000040      0.323679924    
   6.84000063      0.322994024    
   6.85000038      0.322798043    
   6.86000061      0.322068602    
   6.87000036      0.321720183    
   6.88000059      0.321458906    
   6.89000034      0.320675015    
   6.90000057      0.320381045    
   6.91000032      0.319825798    
   6.92000055      0.319499195    
   6.93000031      0.319422960    
   6.94000053      0.318432212    
   6.95000029      0.317800760    
   6.96000051      0.317561239    
   6.97000027      0.317376167    
   6.98000050      0.317289054    
   6.99000072      0.316668481    
   7.00000048      0.316222101    
   7.01000071      0.315568864    
   7.02000046      0.315078944    
   7.03000069      0.314556330    
   7.04000044      0.314240605    
   7.05000067      0.313663572    
   7.06000042      0.312934130    
   7.07000065      0.312400639    
   7.08000040      0.311899841    
   7.09000063      0.311562330    
   7.10000038      0.311061502    
   7.11000061      0.310854644    
   7.12000036      0.310549796    
   7.13000059      0.310125202    
   7.14000034      0.309210658    
   7.15000057      0.308938473    
   7.16000032      0.308873177    
   7.17000055      0.308633655    
   7.18000031      0.307915092    
   7.19000053      0.307588458    
   7.20000029      0.307185620    
   7.21000051      0.306793690    
   7.22000074      0.306347311    
   7.23000050      0.305868268    
   7.24000072      0.305552542    
   7.25000048      0.305182368    
   7.26000071      0.304376692    
   7.27000046      0.303712577    
   7.28000069      0.303255320    
   7.29000044      0.303146422    
   7.30000067      0.302525848    
   7.31000042      0.302046806    
   7.32000065      0.302014142    
   7.33000040      0.301241159    
   7.34000063      0.300566137    
   7.35000038      0.300315738    
   7.36000061      0.299923778    
   7.37000036      0.299804032    
   7.38000059      0.299520969    
   7.39000034      0.299292326    
   7.40000057      0.298954815    
   7.41000032      0.298715293    
   7.42000055      0.298584640    
   7.43000031      0.298072934    
   7.44000053      0.297920525    
   7.45000076      0.297604799    
   7.46000051      0.297343493    
   7.47000074      0.297201961    
   7.48000050      0.296570510    
   7.49000072      0.295906365    
   7.50000048      0.295187801    
   7.51000071      0.295024484    
   7.52000046      0.294458359    
   7.53000069      0.293859541    
   7.54000044      0.293271631    
   7.55000067      0.293119222    
   7.56000042      0.292553067    
   7.57000065      0.292117596    
   7.58000040      0.292139351    
   7.59000063      0.291584104    
   7.60000038      0.291213930    
   7.61000061      0.290321171    
   7.62000036      0.289798588    
   7.63000059      0.289526403    
   7.64000034      0.289265096    
   7.65000057      0.289145350    
   7.66000032      0.288927585    
   7.67000055      0.288579196    
   7.68000031      0.288067490    
   7.69000053      0.287719101    
   7.70000076      0.286956996    
   7.71000051      0.286314636    
   7.72000074      0.285911798    
   7.73000050      0.285574317    
   7.74000072      0.285204142    
   7.75000048      0.284953743    
   7.76000071      0.284681559    
   7.77000046      0.284180731    
   7.78000069      0.283854097    
   7.79000044      0.283603698    
   7.80000067      0.283309758    
   7.81000042      0.282591194    
   7.82000065      0.282275438    
   7.83000040      0.281970590    
   7.84000063      0.281469792    
   7.85000038      0.281339139    
   7.86000061      0.281001627    
   7.87000036      0.280500829    
   7.88000059      0.279825807    
   7.89000034      0.279727817    
   7.90000057      0.278976589    
   7.91000032      0.278649986    
   7.92000055      0.278334230    
   7.93000078      0.278116494    
   7.94000053      0.277898759    
   7.95000076      0.277561247    
   7.96000051      0.277332604    
   7.97000074      0.276940674    
   7.98000050      0.277049541    
   7.99000072      0.276918888    
   8.00000095      0.276592284    
   8.01000023      0.276113242    
   8.02000046      0.276015252    
   8.03000069      0.275568873    
   8.04000092      0.275285780    
   8.05000019      0.274915636    
   8.06000042      0.274197072    
   8.07000065      0.274229735    
   8.08000088      0.273750693    
   8.09000015      0.273489386    
   8.10000038      0.273086548    
   8.11000061      0.272781700    
   8.12000084      0.272672832    
   8.13000011      0.272139370    
   8.14000034      0.271627665    
   8.15000057      0.271126837    
   8.16000080      0.270919979    
   8.17000103      0.270299405    
   8.18000031      0.269809484    
   8.19000053      0.268829614    
   8.20000076      0.268666297    
   8.21000099      0.268252581    
   8.22000027      0.267294496    
   8.23000050      0.266848117    
   8.24000072      0.266608596    
   8.25000095      0.266129553    
   8.26000023      0.265824705    
   8.27000046      0.265410990    
   8.28000069      0.265008152    
   8.29000092      0.264529109    
   8.30000019      0.264278710    
   8.31000042      0.264126301    
   8.32000065      0.263941199    
   8.33000088      0.263179094    
   8.34000015      0.262830704    
   8.35000038      0.262406111    
   8.36000061      0.262297213    
   8.37000084      0.261763752    
   8.38000107      0.261360914    
   8.39000034      0.260620564    
   8.40000057      0.260413706    
   8.41000080      0.260097980    
   8.42000103      0.259793133    
   8.43000031      0.259237885    
   8.44000053      0.258867711    
   8.45000076      0.258530200    
   8.46000099      0.258268923    
   8.47000027      0.257659227    
   8.48000050      0.257147521    
   8.49000072      0.256679356    
   8.50000095      0.255906373    
   8.51000023      0.255775720    
   8.52000046      0.255547076    
   8.53000069      0.255274892    
   8.54000092      0.255133361    
   8.55000019      0.254774094    
   8.56000042      0.254491031    
   8.57000065      0.254305929    
   8.58000088      0.253957540    
   8.59000015      0.253739804    
   8.60000038      0.253685355    
   8.61000061      0.253587365    
   8.62000084      0.253326088    
   8.63000107      0.253140986    
   8.64000034      0.252857924    
   8.65000057      0.252988577    
   8.66000080      0.252977669    
   8.67000103      0.252629280    
   8.68000031      0.252259105    
   8.69000053      0.252313554    
   8.70000076      0.251867175    
   8.71000099      0.251170397    
   8.72000027      0.250538915    
   8.73000050      0.250277638    
   8.74000072      0.250506252    
   8.75000095      0.250125200    
   8.76000023      0.249722376    
   8.77000046      0.249243334    
   8.78000069      0.248971149    
   8.79000092      0.248622760    
   8.80000019      0.248263478    
   8.81000042      0.247751772    
   8.82000065      0.247446924    
   8.83000088      0.247174740    
   8.84000015      0.246488839    
   8.85000038      0.246521503    
   8.86000061      0.246456176    
   8.87000084      0.246151328    
   8.88000107      0.246020690    
   8.89000034      0.246042460    
   8.90000057      0.245726734    
   8.91000080      0.245247692    
   8.92000103      0.245378330    
   8.93000031      0.244659767    
   8.94000053      0.244180724    
   8.95000076      0.243712574    
   8.96000099      0.243723467    
   8.97000027      0.243287966    
   8.98000050      0.242776260    
   8.99000072      0.242231905    
   9.00000095      0.241752863    
   9.01000023      0.241197601    
   9.02000046      0.240544364    
   9.03000069      0.240359277    
   9.04000092      0.240163311    
   9.05000019      0.240141541    
   9.06000042      0.240054443    
   9.07000065      0.239651605    
   9.08000088      0.239139900    
   9.09000111      0.239216119    
   9.10000038      0.239041910    
   9.11000061      0.238954812    
   9.12000084      0.238606423    
   9.13000107      0.238432229    
   9.14000034      0.237996727    
   9.15000057      0.238160044    
   9.16000080      0.238051176    
   9.17000103      0.237659231    
   9.18000031      0.237474144    
   9.19000053      0.237223729    
   9.20000076      0.237256393    
   9.21000099      0.236810014    
   9.22000027      0.236657590    
   9.23000050      0.236189440    
   9.24000072      0.236298308    
   9.25000095      0.235949919    
   9.26000023      0.235242248    
   9.27000046      0.234872073    
   9.28000069      0.234349489    
   9.29000092      0.233848661    
   9.30000019      0.233685359    
   9.31000042      0.233445838    
   9.32000065      0.233304307    
   9.33000088      0.232738167    
   9.34000111      0.232150242    
   9.35000038      0.231845394    
   9.36000061      0.231529668    
   9.37000084      0.231028855    
   9.38000107      0.230767563    
   9.39000034      0.230549812    
   9.40000057      0.230288520    
   9.41000080      0.229842141    
   9.42000103      0.229308650    
   9.43000031      0.229036465    
   9.44000053      0.228873163    
   9.45000076      0.228426784    
   9.46000099      0.227860644    
   9.47000027      0.227523133    
   9.48000050      0.227338046    
   9.49000072      0.227163851    
   9.50000095      0.227076754    
   9.51000023      0.226684809    
   9.52000046      0.226423517    
   9.53000069      0.226173103    
   9.54000092      0.225846484    
   9.55000114      0.225617856    
   9.56000042      0.225421891    
   9.57000065      0.225138813    
   9.58000088      0.224540010    
   9.59000111      0.224028304    
   9.60000038      0.223745242    
   9.61000061      0.223396838    
   9.62000084      0.223429501    
   9.63000107      0.223320633    
   9.64000034      0.223266199    
   9.65000057      0.223015785    
   9.66000080      0.222994015    
   9.67000103      0.222569406    
   9.68000031      0.222308114    
   9.69000053      0.221796408    
   9.70000076      0.221589550    
   9.71000099      0.221491560    
   9.72000027      0.220849216    
   9.73000050      0.220664129    
   9.74000072      0.220642358    
   9.75000095      0.220261291    
   9.76000023      0.219923794    
   9.77000046      0.219510064    
   9.78000069      0.219041914    
   9.79000092      0.218856826    
   9.80000114      0.218649969    
   9.81000042      0.218617305    
   9.82000065      0.218693525    
   9.83000088      0.218421340    
   9.84000111      0.218040287    
   9.85000038      0.217452362    
   9.86000061      0.217332602    
   9.87000084      0.217419699    
   9.88000107      0.217093080    
   9.89000034      0.217103973    
   9.90000057      0.216864452    
   9.91000080      0.216722921    
   9.92000103      0.216483399    
   9.93000031      0.216124117    
   9.94000053      0.215775728    
   9.95000076      0.215296686    
   9.96000099      0.215089828    
   9.97000027      0.215068042    
   9.98000050      0.214959174    
   9.99000072      0.214632556    
   10.0000010      0.213903099    
   10.0100012      0.213598251    
   10.0200005      0.213445842    
   10.0300007      0.213206321    
   10.0400009      0.213032112    
   10.0500011      0.212607518    
   10.0600004      0.212193787    
   10.0700006      0.212084919    
   10.0800009      0.211888954    
   10.0900011      0.211692974    
   10.1000004      0.211301029    
   10.1100006      0.210582465    
   10.1200008      0.210168749    
   10.1300011      0.209961891    
   10.1400003      0.209820360    
   10.1500006      0.209493741    
   10.1600008      0.209319547    
   10.1700010      0.209308654    
   10.1800003      0.209363088    
   10.1900005      0.209275991    
   10.2000008      0.209025592    
   10.2100010      0.208971143    
   10.2200003      0.208579212    
   10.2300005      0.208143711    
   10.2400007      0.208198145    
   10.2500010      0.208198145    
   10.2600012      0.208274364    
   10.2700005      0.207827985    
   10.2800007      0.207566679    
   10.2900009      0.207087636    
   10.3000011      0.206902564    
   10.3100004      0.206848115    
   10.3200006      0.206630379    
   10.3300009      0.206423521    
   10.3400011      0.206194878    
   10.3500004      0.205846488    
   10.3600006      0.205977142    
   10.3700008      0.205454543    
   10.3800011      0.205127925    
   10.3900003      0.204964623    
   10.4000006      0.205019057    
   10.4100008      0.204659775    
   10.4200010      0.204322264    
   10.4300003      0.204017416    
   10.4400005      0.203821450    
   10.4500008      0.203571036    
   10.4600010      0.203222647    
   10.4700003      0.202808931    
   10.4800005      0.202329889    
   10.4900007      0.201622203    
   10.5000010      0.201469794    
   10.5100012      0.201295584    
   10.5200005      0.201045185    
   10.5300007      0.200685903    
   10.5400009      0.200566143    
   10.5500011      0.200391948    
   10.5600004      0.200261295    
   10.5700006      0.200043544    
   10.5800009      0.199542731    
   10.5900011      0.199477404    
   10.6000004      0.199118122    
   10.6100006      0.198813289    
   10.6200008      0.198628202    
   10.6300011      0.198562875    
   10.6400003      0.198377788    
   10.6500006      0.198094726    
   10.6600008      0.197310835    
   10.6700010      0.197125748    
   10.6800003      0.196864456    
   10.6900005      0.196526945    
   10.7000008      0.196352750    
   10.7100010      0.196145892    
   10.7200012      0.196026132    
   10.7300005      0.195841044    
   10.7400007      0.195503533    
   10.7500010      0.195122480    
   10.7600012      0.194774091    
   10.7700005      0.194752321    
   10.7800007      0.194218829    
   10.7900009      0.193554714    
   10.8000011      0.193576485    
   10.8100004      0.193391398    
   10.8200006      0.193217203    
   10.8300009      0.193053886    
   10.8400011      0.193086550    
   10.8500004      0.192727268    
   10.8600006      0.192400649    
   10.8700008      0.192150250    
   10.8800011      0.192182913    
   10.8900003      0.192008704    
   10.9000006      0.191725641    
   10.9100008      0.191518784    
   10.9200010      0.191213936    
   10.9300003      0.190952644    
   10.9400005      0.190800220    
   10.9500008      0.190669566    
   10.9600010      0.190462708    
   10.9700012      0.189972788    
   10.9800005      0.189624384    
   10.9900007      0.189439297    
   11.0000010      0.189417526    
   11.0100012      0.189199775    
   11.0200005      0.189069137    
   11.0300007      0.189188898    
   11.0400009      0.189221561    
   11.0500011      0.188829616    
   11.0600004      0.188698962    
   11.0700006      0.188796952    
   11.0800009      0.188688084    
   11.0900011      0.188285246    
   11.1000004      0.187958628    
   11.1100006      0.187512249    
   11.1200008      0.187152967    
   11.1300011      0.186663032    
   11.1400003      0.186390862    
   11.1500006      0.186140448    
   11.1600008      0.186042458    
   11.1700010      0.185900927    
   11.1800013      0.185813829    
   11.1900005      0.185410991    
   11.2000008      0.185117036    
   11.2100010      0.184877515    
   11.2200012      0.184627116    
   11.2300005      0.184191614    
   11.2400007      0.184039190    
   11.2500010      0.183875889    
   11.2600012      0.183658138    
   11.2700005      0.183157325    
   11.2800007      0.182874247    
   11.2900009      0.182406098    
   11.3000011      0.181992382    
   11.3100004      0.181829065    
   11.3200006      0.181709304    
   11.3300009      0.181752861    
   11.3400011      0.181437120    
   11.3500004      0.181045189    
   11.3600006      0.180816546    
   11.3700008      0.180293962    
   11.3800011      0.179869354    
   11.3900003      0.179629833    
   11.4000006      0.179444745    
   11.4100008      0.179324985    
   11.4200010      0.179052800    
   11.4300013      0.178933039    
   11.4400005      0.178660855    
   11.4500008      0.178160042    
   11.4600010      0.177844316    
   11.4700012      0.177702770    
   11.4800005      0.177648336    
   11.4900007      0.177572131    
   11.5000010      0.177201957    
   11.5100012      0.176646709    
   11.5200005      0.175895482    
   11.5300007      0.175688624    
   11.5400009      0.175351113    
   11.5500011      0.174959168    
   11.5600004      0.174730539    
   11.5700006      0.174578115    
   11.5800009      0.174164400    
   11.5900011      0.174088180    
   11.6000004      0.173859552    
   11.6100006      0.173511162    
   11.6200008      0.173402280    
   11.6300011      0.173075661    
   11.6400013      0.172661945    
   11.6500006      0.172302663    
   11.6600008      0.171878055    
   11.6700010      0.171790957    
   11.6800013      0.171486124    
   11.6900005      0.171279266    
   11.7000008      0.171028852    
   11.7100010      0.170647800    
   11.7200012      0.170517147    
   11.7300005      0.170234084    
   11.7400007      0.169853017    
   11.7500010      0.169373974    
   11.7600012      0.169101790    
   11.7700005      0.168884054    
   11.7800007      0.168666303    
   11.7900009      0.168285251    
   11.8000011      0.168002173    
   11.8100004      0.167871535    
   11.8200006      0.167490467    
   11.8300009      0.167120308    
   11.8400011      0.166989654    
   11.8500004      0.166554168    
   11.8600006      0.166336417    
   11.8700008      0.166303754    
   11.8800011      0.166183993    
   11.8900013      0.166183993    
   11.9000006      0.165944472    
   11.9100008      0.165683180    
   11.9200010      0.165247694    
   11.9300013      0.164855748    
   11.9400005      0.164496467    
   11.9500008      0.164158955    
   11.9600010      0.163571045    
   11.9700012      0.163222641    
   11.9800005      0.162928686    
   11.9900007      0.162514970    
   12.0000010      0.162416980    
   12.0100012      0.162351653    
   12.0200005      0.162166581    
   12.0300007      0.162155688    
   12.0400009      0.161937937    
   12.0500011      0.161633104    
   12.0600004      0.161404461    
   12.0700006      0.160968974    
   12.0800009      0.160816550    
   12.0900011      0.160729453    
   12.1000004      0.160326615    
   12.1100006      0.159967333    
   12.1200008      0.159749597    
   12.1300011      0.159640715    
   12.1400013      0.159488291    
   12.1500006      0.159237891    
   12.1600008      0.158845946    
   12.1700010      0.158486664    
   12.1800013      0.158312470    
   12.1900005      0.158127382    
   12.2000008      0.157648340    
   12.2100010      0.157397926    
   12.2200012      0.157136634    
   12.2300005      0.156614050    
   12.2400007      0.156265646    
   12.2500010      0.155830160    
   12.2600012      0.155808389    
   12.2700005      0.155666843    
   12.2800007      0.155568868    
   12.2900009      0.155122489    
   12.3000011      0.154752314    
   12.3100004      0.154523686    
   12.3200006      0.154425696    
   12.3300009      0.154262379    
   12.3400011      0.154066414    
   12.3500013      0.153576478    
   12.3600006      0.153445840    
   12.3700008      0.152934134    
   12.3800011      0.152738154    
   12.3900013      0.152542189    
   12.4000006      0.152346224    
   12.4100008      0.152215570    
   12.4200010      0.151616767    
   12.4300013      0.150996193    
   12.4400005      0.150930867    
   12.4500008      0.150832877    
   12.4600010      0.150517151    
   12.4700012      0.150114313    
   12.4800005      0.149744153    
   12.4900007      0.149330437    
   12.5000010      0.149134457    
   12.5100012      0.149243325    
   12.5200005      0.149123564    
   12.5300007      0.148873165    
   12.5400009      0.148557425    
   12.5500011      0.148372352    
   12.5600004      0.148317903    
   12.5700006      0.148154601    
   12.5800009      0.147904187    
   12.5900011      0.147566691    
   12.6000013      0.147218287    
   12.6100006      0.146967888    
   12.6200008      0.146423519    
   12.6300011      0.146238431    
   12.6400013      0.146140441    
   12.6500006      0.145988017    
   12.6600008      0.145846486    
   12.6700010      0.145552531    
   12.6800013      0.145258576    
   12.6900005      0.144997284    
   12.7000008      0.144605339    
   12.7100010      0.144463792    
   12.7200012      0.144115403    
   12.7300005      0.144006535    
   12.7400007      0.143984765    
   12.7500010      0.143734351    
   12.7600012      0.143527493    
   12.7700005      0.143462166    
   12.7800007      0.143255308    
   12.7900009      0.143222645    
   12.8000011      0.143091992    
   12.8100014      0.142863363    
   12.8200006      0.142591178    
   12.8300009      0.142689168    
   12.8400011      0.142384320    
   12.8500013      0.142525852    
   12.8600006      0.142416984    
   12.8700008      0.142351657    
   12.8800011      0.142025039    
   12.8900013      0.141905278    
   12.9000006      0.141502455    
   12.9100008      0.141273811    
   12.9200010      0.141154051    
   12.9300013      0.141143173    
   12.9400005      0.140892759    
   12.9500008      0.140718564    
   12.9600010      0.140446380    
   12.9700012      0.140097991    
   12.9800005      0.139684275    
   12.9900007      0.139357641    
   13.0000010      0.139161676    
   13.0100012      0.139118120    
   13.0200005      0.138878614    
   13.0300007      0.138747960    
   13.0400009      0.138737068    
   13.0500011      0.138475776    
   13.0600014      0.138486668    
   13.0700006      0.138214484    
   13.0800009      0.138029397    
   13.0900011      0.137953177    
   13.1000013      0.137637451    
   13.1100006      0.137256399    
   13.1200008      0.136929780    
   13.1300011      0.136701137    
   13.1400013      0.136755586    
   13.1500006      0.136744693    
   13.1600008      0.136189446    
   13.1700010      0.135895476    
   13.1800013      0.135841042    
   13.1900005      0.135666847    
   13.2000008      0.135427326    
   13.2100010      0.134926513    
   13.2200012      0.134839416    
   13.2300005      0.134447470    
   13.2400007      0.134197056    
   13.2500010      0.133881330    
   13.2600012      0.133652702    
   13.2700014      0.133576483    
   13.2800007      0.133336961    
   13.2900009      0.133228093    
   13.3000011      0.132901475    
   13.3100014      0.132640168    
   13.3200006      0.132335335    
   13.3300009      0.132095814    
   13.3400011      0.132117584    
   13.3500013      0.131801844    
   13.3600006      0.131377250    
   13.3700008      0.130919978    
   13.3800011      0.130636901    
   13.3900013      0.130244970    
   13.4000006      0.129961893    
   13.4100008      0.129657045    
   13.4200010      0.129526407    
   13.4300013      0.129428416    
   13.4400005      0.129178002    
   13.4500008      0.128851384    
   13.4600010      0.128513888    
   13.4700012      0.128100157    
   13.4800005      0.127871528    
   13.4900007      0.127457812    
   13.5000010      0.127152964    
   13.5100012      0.127109423    
   13.5200014      0.126956999    
   13.5300007      0.126935214    
   13.5400009      0.126521498    
   13.5500011      0.126358196    
   13.5600014      0.126075119    
   13.5700006      0.125606969    
   13.5800009      0.125356555    
   13.5900011      0.125084370    
   13.6000013      0.124964617    
   13.6100006      0.124866627    
   13.6200008      0.124790423    
   13.6300011      0.124648884    
   13.6400013      0.124311380    
   13.6500006      0.124050081    
   13.6600008      0.123930320    
   13.6700010      0.123952098    
   13.6800013      0.123734348    
   13.6900005      0.123614587    
   13.7000008      0.123331517    
   13.7100010      0.123222649    
   13.7200012      0.123091996    
   13.7300005      0.122689165    
   13.7400007      0.122231901    
   13.7500010      0.122035928    
   13.7600012      0.121850841    
   13.7700014      0.121883504    
   13.7800007      0.121633098    
   13.7900009      0.121230267    
   13.8000011      0.121034294    
   13.8100014      0.120816551    
   13.8200006      0.120587915    
   13.8300009      0.120272182    
   13.8400011      0.119934678    
   13.8500013      0.119673379    
   13.8600006      0.119346760    
   13.8700008      0.118911266    
   13.8800011      0.118639089    
   13.8900013      0.118225366    
   13.9000006      0.117855199    
   13.9100008      0.117659226    
   13.9200010      0.117408819    
   13.9300013      0.117136635    
   13.9400005      0.116842680    
   13.9500008      0.116624929    
   13.9600010      0.116494283    
   13.9700012      0.116309203    
   13.9800014      0.116047904    
   13.9900007      0.115655959    
   14.0000010      0.115525313    
   14.0100012      0.115372889    
   14.0200014      0.115209579    
   14.0300007      0.115046270    
   14.0400009      0.114621669    
   14.0500011      0.114284158    
   14.0600014      0.114131734    
   14.0700006      0.113685355    
   14.0800009      0.113228090    
   14.0900011      0.112890579    
   14.1000013      0.112640172    
   14.1100006      0.112367988    
   14.1200008      0.112128474    
   14.1300011      0.111845396    
   14.1400013      0.111551441    
   14.1500006      0.111203052    
   14.1600008      0.111115947    
   14.1700010      0.110887319    
   14.1800013      0.110789329    
   14.1900005      0.110593356    
   14.2000008      0.110364728    
   14.2100010      0.109972782    
   14.2200012      0.109798588    
   14.2300014      0.109657049    
   14.2400007      0.109537289    
   14.2500010      0.109275997    
   14.2600012      0.109036475    
   14.2700014      0.108633645    
   14.2800007      0.108394124    
   14.2900009      0.108209036    
   14.3000011      0.107991293    
   14.3100014      0.107664667    
   14.3200006      0.107566684    
   14.3300009      0.107272729    
   14.3400011      0.106902562    
   14.3500013      0.106641263    
   14.3600006      0.106532387    
   14.3700008      0.106608599    
   14.3800011      0.106423520    
   14.3900013      0.106086008    
   14.4000006      0.106042460    
   14.4100008      0.105857380    
   14.4200010      0.105596080    
   14.4300013      0.105367444    
   14.4400015      0.105193250    
   14.4500008      0.105062604    
   14.4600010      0.104725093    
   14.4700012      0.104376704    
   14.4800014      0.104158953    
   14.4900007      0.103930324    
   14.5000010      0.103679910    
   14.5100012      0.103581928    
   14.5200014      0.103385955    
   14.5300007      0.103015788    
   14.5400009      0.102721833    
   14.5500011      0.102623843    
   14.5600014      0.102471419    
   14.5700006      0.102373436    
   14.5800009      0.102231897    
   14.5900011      0.101970606    
   14.6000013      0.101763748    
   14.6100006      0.101502448    
   14.6200008      0.101252042    
   14.6300011      0.101001635    
   14.6400013      0.100762114    
   14.6500006      0.100783885    
   14.6600008      0.100838326    
   14.6700010      0.100620575    
   14.6800013      0.100250408    
   14.6900015       9.98475775E-02
   14.7000008       9.95753929E-02
   14.7100010       9.94338617E-02
   14.7200012       9.90636945E-02
   14.7300014       9.89221558E-02
   14.7400007       9.88023952E-02
   14.7500010       9.85193253E-02
   14.7600012       9.84757766E-02
   14.7700014       9.82253700E-02
   14.7800007       9.80076194E-02
   14.7900009       9.79314074E-02
   14.8000011       9.76918861E-02
   14.8100014       9.74959210E-02
   14.8200006       9.75176916E-02
   14.8300009       9.73979309E-02
   14.8400011       9.72672850E-02
   14.8500013       9.71257463E-02
   14.8600006       9.68971178E-02
   14.8700008       9.64071825E-02
   14.8800011       9.62003246E-02
   14.8900013       9.60587934E-02
   14.9000015       9.59608033E-02
   14.9100008       9.58628207E-02
   14.9200010       9.57212821E-02
   14.9300013       9.56886262E-02
   14.9400015       9.53511149E-02
   14.9500008       9.52313542E-02
   14.9600010       9.47523117E-02
   14.9700012       9.44365785E-02
   14.9800014       9.42514986E-02
   14.9900007       9.39139873E-02
   15.0000010       9.37506780E-02
   15.0100012       9.36309174E-02
   15.0200014       9.34567228E-02
   15.0300007       9.33042988E-02
   15.0400009       9.30756703E-02
   15.0500011       9.28688049E-02
   15.0600014       9.26619470E-02
   15.0700006       9.25857350E-02
   15.0800009       9.24006552E-02
   15.0900011       9.22808945E-02
   15.1000013       9.20740366E-02
   15.1100006       9.19216126E-02
   15.1200008       9.16276574E-02
   15.1300011       9.13990214E-02
   15.1400013       9.12030488E-02
   15.1500015       9.10615101E-02
   15.1600008       9.08764303E-02
   15.1700010       9.08328816E-02
   15.1800013       9.07893330E-02
   15.1900015       9.03865024E-02
   15.2000008       8.99618939E-02
   15.2100010       8.97223726E-02
   15.2200012       8.96243900E-02
   15.2300014       8.94719660E-02
   15.2400007       8.91562328E-02
   15.2500010       8.88949409E-02
   15.2600012       8.86336416E-02
   15.2700014       8.84267837E-02
   15.2800007       8.81219357E-02
   15.2900009       8.78062025E-02
   15.3000011       8.75884593E-02
   15.3100014       8.72182921E-02
   15.3200006       8.69678855E-02
   15.3300009       8.69134441E-02
   15.3400011       8.66086036E-02
   15.3500013       8.64997283E-02
   15.3600006       8.63255337E-02
   15.3700008       8.61622244E-02
   15.3800011       8.58791545E-02
   15.3900013       8.57267305E-02
   15.4000015       8.54436606E-02
   15.4100008       8.52476880E-02
   15.4200010       8.49863887E-02
   15.4300013       8.47904161E-02
   15.4400015       8.47468674E-02
   15.4500008       8.49319547E-02
   15.4600010       8.48448575E-02
   15.4700012       8.45508948E-02
   15.4800014       8.43113735E-02
   15.4900007       8.41480643E-02
   15.5000010       8.39738697E-02
   15.5100012       8.39194357E-02
   15.5200014       8.37778971E-02
   15.5300007       8.36472511E-02
   15.5400009       8.33859518E-02
   15.5500011       8.32661912E-02
   15.5600014       8.32335353E-02
   15.5700006       8.32770839E-02
   15.5800009       8.30375627E-02
   15.5900011       8.28307047E-02
   15.6000013       8.26673955E-02
   15.6100016       8.24496448E-02
   15.6200008       8.21012557E-02
   15.6300011       8.18726197E-02
   15.6400013       8.16657618E-02
   15.6500015       8.14915597E-02
   15.6600008       8.12629312E-02
   15.6700010       8.11649412E-02
   15.6800013       8.08927566E-02
   15.6900015       8.05225894E-02
   15.7000008       8.02939609E-02
   15.7100010       8.00326616E-02
   15.7200012       7.99564496E-02
   15.7300014       7.99455643E-02
   15.7400007       7.97604769E-02
   15.7500010       7.94229731E-02
   15.7600012       7.91507885E-02
   15.7700014       7.89112672E-02
   15.7800007       7.88459480E-02
   15.7900009       7.87261873E-02
   15.8000011       7.85955340E-02
   15.8100014       7.84431174E-02
   15.8200006       7.82471448E-02
   15.8300009       7.80293941E-02
   15.8400011       7.78987482E-02
   15.8500013       7.76156783E-02
   15.8600016       7.73761570E-02
   15.8700008       7.73434937E-02
   15.8800011       7.72890598E-02
   15.8900013       7.71366358E-02
   15.9000015       7.68209025E-02
   15.9100008       7.66358227E-02
   15.9200010       7.63963014E-02
   15.9300013       7.60914534E-02
   15.9400015       7.58410469E-02
   15.9500008       7.55797476E-02
   15.9600010       7.54926503E-02
   15.9700012       7.54055530E-02
   15.9800014       7.52422437E-02
   15.9900007       7.49482885E-02
