   0.00000000      0.998418629    
   4.00000028E-02  0.857407212    
   8.00000057E-02  0.835234344    
  0.120000005      0.814743757    
  0.160000011      0.803472281    
  0.200000018      0.795834601    
  0.240000010      0.786884665    
  0.280000031      0.778843224    
  0.320000023      0.774738371    
  0.360000014      0.768850327    
  0.400000036      0.762962222    
  0.440000027      0.757040501    
  0.480000019      0.751926243    
  0.520000041      0.746172726    
  0.560000062      0.742841780    
  0.600000024      0.738804221    
  0.640000045      0.732714236    
  0.680000067      0.727801919    
  0.720000029      0.722822249    
  0.760000050      0.717943549    
  0.800000072      0.714141488    
  0.840000033      0.711147010    
  0.880000055      0.706032753    
  0.920000076      0.702129781    
  0.960000038      0.697251081    
   1.00000012      0.694593072    
   1.04000008      0.691766739    
   1.08000004      0.686517954    
   1.12000012      0.683321536    
   1.16000009      0.679519534    
   1.20000005      0.677164316    
   1.24000013      0.673328638    
   1.28000009      0.670771480    
   1.32000005      0.664984345    
   1.36000013      0.662763715    
   1.40000010      0.658524275    
   1.44000006      0.654554009    
   1.48000014      0.650785625    
   1.52000010      0.646478891    
   1.56000006      0.642979741    
   1.60000014      0.639110386    
   1.64000010      0.634568155    
   1.68000007      0.633525133    
   1.72000015      0.629723072    
   1.76000011      0.625988364    
   1.80000007      0.621176958    
   1.84000015      0.620268524    
   1.88000011      0.616500139    
   1.92000008      0.613236427    
   1.96000016      0.611856937    
   2.00000024      0.609871805    
   2.04000020      0.606608093    
   2.08000016      0.602671504    
   2.12000012      0.599811554    
   2.16000009      0.597119868    
   2.20000005      0.593721628    
   2.24000025      0.592106581    
   2.28000021      0.588641047    
   2.32000017      0.585444629    
   2.36000013      0.583560467    
   2.40000010      0.578917265    
   2.44000006      0.575855434    
   2.48000026      0.572591782    
   2.52000022      0.569193482    
   2.56000018      0.567006469    
   2.60000014      0.564785838    
   2.64000010      0.561892271    
   2.68000031      0.560041726    
   2.72000027      0.556979895    
   2.76000023      0.555095732    
   2.80000019      0.553177893    
   2.84000015      0.549981475    
   2.88000011      0.547222495    
   2.92000031      0.543891549    
   2.96000028      0.541267097    
   3.00000024      0.537767887    
   3.04000020      0.535345376    
   3.08000016      0.532889187    
   3.12000012      0.530130208    
   3.16000032      0.527135670    
   3.20000029      0.525318801    
   3.24000025      0.522862613    
   3.28000021      0.519565284    
   3.32000017      0.516671717    
   3.36000013      0.513374388    
   3.40000033      0.510749996    
   3.44000030      0.507688165    
   3.48000026      0.504491746    
   3.52000022      0.502708495    
   3.56000018      0.500790715    
   3.60000014      0.498839200    
   3.64000034      0.496248454    
   3.68000031      0.493052065    
   3.72000027      0.490865052    
   3.76000023      0.488711685    
   3.80000019      0.486019999    
   3.84000015      0.484236747    
   3.88000035      0.482520789    
   3.92000031      0.479795426    
   3.96000028      0.477406561    
   4.00000048      0.474311084    
   4.04000044      0.471854925    
   4.08000040      0.470576346    
   4.12000036      0.468759477    
   4.16000032      0.464587331    
   4.20000029      0.462568551    
   4.24000025      0.459136635    
   4.28000021      0.457218796    
   4.32000017      0.455368251    
   4.36000013      0.453046679    
   4.40000010      0.449648410    
   4.44000053      0.447865158    
   4.48000050      0.445644498    
   4.52000046      0.442448109    
   4.56000042      0.439991921    
   4.60000038      0.437502116    
   4.64000034      0.436391771    
   4.68000031      0.435348749    
   4.72000027      0.432320595    
   4.76000023      0.429191470    
   4.80000019      0.426432490    
   4.84000015      0.425019354    
   4.88000011      0.421553791    
   4.92000055      0.420578033    
   4.96000051      0.417751759    
   5.00000048      0.416237682    
   5.04000044      0.414319843    
   5.08000040      0.412536591    
   5.12000036      0.409912169    
   5.16000032      0.408364445    
   5.20000029      0.405941933    
   5.24000025      0.404024094    
   5.28000021      0.402678251    
   5.32000017      0.401837081    
   5.36000061      0.398707986    
   5.40000057      0.396621913    
   5.44000053      0.394838661    
   5.48000050      0.392281562    
   5.52000046      0.390935689    
   5.56000042      0.387941182    
   5.60000038      0.386797220    
   5.64000034      0.385417730    
   5.68000031      0.384206444    
   5.72000027      0.380808175    
   5.76000023      0.379024923    
   5.80000019      0.377241671    
   5.84000063      0.375357479    
   5.88000059      0.374247164    
   5.92000055      0.371790975    
   5.96000051      0.371118069    
   6.00000048      0.369132936    
   6.04000044      0.367349684    
   6.08000040      0.365129024    
   6.12000036      0.363581300    
   6.16000032      0.361596167    
   6.20000029      0.360485852    
   6.24000025      0.358063310    
   6.28000021      0.357323110    
   6.32000065      0.355136096    
   6.36000061      0.352107942    
   6.40000057      0.349214375    
   6.44000053      0.348137677    
   6.48000050      0.347195596    
   6.52000046      0.345345050    
   6.56000042      0.343528152    
   6.60000038      0.341543019    
   6.64000034      0.340129882    
   6.68000031      0.338918597    
   6.72000027      0.337000787    
   6.76000071      0.335856795    
   6.80000067      0.333905309    
   6.84000063      0.330641627    
   6.88000059      0.329228491    
   6.92000055      0.327142417    
   6.96000051      0.327916294    
   7.00000048      0.326839596    
   7.04000044      0.324248850    
   7.08000040      0.323003948    
   7.12000036      0.320682347    
   7.16000032      0.318966389    
   7.20000029      0.316813022    
   7.24000072      0.315265298    
   7.28000069      0.314323217    
   7.32000065      0.313111931    
   7.36000061      0.312338084    
   7.40000057      0.310554832    
   7.44000053      0.308165938    
   7.48000050      0.305878013    
   7.52000046      0.304599434    
   7.56000042      0.302917123    
   7.60000038      0.301470339    
   7.64000034      0.299922615    
   7.68000031      0.298576772    
   7.72000074      0.296322465    
   7.76000071      0.295245796    
   7.80000067      0.293765336    
   7.84000063      0.292587727    
   7.88000059      0.290703535    
   7.92000055      0.289088517    
   7.96000051      0.286733299    
   8.00000095      0.285522014    
   8.04000092      0.284176171    
   8.08000088      0.282224685    
   8.12000084      0.281753629    
   8.16000080      0.280004025    
   8.20000076      0.278523594    
   8.24000072      0.277682453    
   8.28000069      0.275596380    
   8.32000065      0.274654299    
   8.36000061      0.273207486    
   8.40000057      0.272198111    
   8.44000053      0.272534579    
   8.48000050      0.270717680    
   8.52000046      0.269439131    
   8.56000042      0.267958671    
   8.60000038      0.266478240    
   8.64000034      0.265266985    
   8.68000031      0.264560401    
   8.72000027      0.263382792    
   8.76000023      0.262407064    
   8.80000019      0.261969656    
   8.84000015      0.260085464    
   8.88000107      0.259244293    
   8.92000103      0.257763863    
   8.96000099      0.256821781    
   9.00000095      0.255644143    
   9.04000092      0.255139470    
   9.08000088      0.254399240    
   9.12000084      0.252851516    
   9.16000080      0.252313167    
   9.20000076      0.251135558    
   9.24000072      0.249621481    
   9.28000069      0.248578444    
   9.32000065      0.246458739    
   9.36000061      0.246054977    
   9.40000057      0.245146528    
   9.44000053      0.244002551    
   9.48000050      0.242690355    
   9.52000046      0.241310865    
   9.56000042      0.240099594    
   9.60000038      0.239224792    
   9.64000034      0.237912580    
   9.68000031      0.236970499    
   9.72000027      0.235658288    
   9.76000023      0.235019013    
   9.80000114      0.234850779    
   9.84000111      0.233000234    
   9.88000107      0.231957197    
   9.92000103      0.230611354    
   9.96000099      0.228929043    
   10.0000010      0.228861749    
   10.0400009      0.227650478    
   10.0800009      0.226102754    
   10.1200008      0.225867227    
   10.1600008      0.225160658    
   10.2000008      0.224857852    
   10.2400007      0.224386796    
   10.2800007      0.222536251    
   10.3200006      0.221796036    
   10.3600006      0.219810903    
   10.4000006      0.218532354    
   10.4400005      0.217758492    
   10.4800005      0.217051923    
   10.5200005      0.216614515    
   10.5600004      0.215235025    
   10.6000004      0.213519067    
   10.6400003      0.211870402    
   10.6800003      0.211601228    
   10.7200012      0.209918916    
   10.7600012      0.208270252    
   10.8000011      0.207866490    
   10.8400011      0.205679491    
   10.8800011      0.205746785    
   10.9200010      0.204030827    
   10.9600010      0.202314869    
   11.0000010      0.201944754    
   11.0400009      0.200699836    
   11.0800009      0.199118465    
   11.1200008      0.197267920    
   11.1600008      0.197032407    
   11.2000008      0.196123958    
   11.2400007      0.194677159    
   11.2800007      0.194172472    
   11.3200006      0.193230376    
   11.3600006      0.192355573    
   11.4000006      0.191884533    
   11.4400005      0.191413477    
   11.4800005      0.190437734    
   11.5200005      0.188822716    
   11.5600004      0.187476873    
   11.6000004      0.186501130    
   11.6400013      0.185592681    
   11.6800013      0.183708489    
   11.7200012      0.182968274    
   11.7600012      0.181723356    
   11.8000011      0.181185022    
   11.8400011      0.179502711    
   11.8800011      0.178829789    
   11.9200010      0.178291440    
   11.9600010      0.177113831    
   12.0000010      0.176239029    
   12.0400009      0.174758583    
   12.0800009      0.174052015    
   12.1200008      0.172403350    
   12.1600008      0.172235116    
   12.2000008      0.171091154    
   12.2400007      0.169408843    
   12.2800007      0.168399453    
   12.3200006      0.167019948    
   12.3600006      0.166414320    
   12.4000006      0.165034831    
   12.4400005      0.164395541    
   12.4800005      0.163386151    
   12.5200005      0.162275836    
   12.5600004      0.161367387    
   12.6000013      0.161199152    
   12.6400013      0.160189763    
   12.6800013      0.159348607    
   12.7200012      0.157868177    
   12.7600012      0.156892434    
   12.8000011      0.156555966    
   12.8400011      0.156219512    
   12.8800011      0.154974595    
   12.9200010      0.154301673    
   12.9600010      0.153191343    
   13.0000010      0.152282894    
   13.0400009      0.151408091    
   13.0800009      0.150903404    
   13.1200008      0.149591193    
   13.1600008      0.149052858    
   13.2000008      0.147505134    
   13.2400007      0.147572428    
   13.2800007      0.146293864    
   13.3200006      0.145284474    
   13.3600006      0.144779786    
   13.4000006      0.144174159    
   13.4400005      0.142424554    
   13.4800005      0.141717970    
   13.5200014      0.140944108    
   13.5600014      0.140506715    
   13.6000013      0.139530972    
   13.6400013      0.138185129    
   13.6800013      0.137747720    
   13.7200012      0.136199996    
   13.7600012      0.135459781    
   13.8000011      0.134618625    
   13.8400011      0.134147570    
   13.8800011      0.133340061    
   13.9200010      0.132196084    
   13.9600010      0.131186709    
   14.0000010      0.129773557    
   14.0400009      0.128562301    
   14.0800009      0.128124893    
   14.1200008      0.127115503    
   14.1600008      0.126577169    
   14.2000008      0.125836954    
   14.2400007      0.125500485    
   14.2800007      0.124020055    
   14.3200006      0.123010665    
   14.3600006      0.121933989    
   14.4000006      0.121294707    
   14.4400015      0.120890953    
   14.4800014      0.120756365    
   14.5200014      0.118804887    
   14.5600014      0.118468426    
   14.6000013      0.117425390    
   14.6400013      0.116920695    
   14.6800013      0.115776725    
   14.7200012      0.115507551    
   14.7600012      0.114397228    
   14.8000011      0.113757946    
   14.8400011      0.113858886    
   14.8800011      0.113253258    
   14.9200010      0.112748563    
   14.9600010      0.112176575    
   15.0000010      0.110797077    
   15.0400009      0.110561557    
   15.0800009      0.109955922    
   15.1200008      0.109249353    
   15.1600008      0.108610071    
   15.2000008      0.107903503    
   15.2400007      0.107869856    
   15.2800007      0.106961407    
   15.3200006      0.106389418    
   15.3600006      0.105716497    
   15.4000015      0.104774401    
   15.4400015      0.104572527    
   15.4800014      0.103596784    
   15.5200014      0.103260323    
   15.5600014      0.102385521    
   15.6000013      0.101746239    
   15.6400013      0.101073317    
   15.6800013      0.100736849    
   15.7200012       9.99629870E-02
   15.7600012       9.97947603E-02
   15.8000011       9.92900655E-02
   15.8400011       9.88863111E-02
   15.8800011       9.84152630E-02
   15.9200010       9.75741073E-02
   15.9600010       9.71030593E-02
   16.0000019       9.61609632E-02
   16.0400009       9.61946100E-02
   16.0800018       9.56899151E-02
   16.1200008       9.52188671E-02
   16.1600018       9.47814658E-02
   16.2000008       9.46468860E-02
   16.2400017       9.35365558E-02
   16.2800007       9.28299874E-02
   16.3200016       9.22243521E-02
   16.3600006       9.13831964E-02
   16.4000015       9.08785015E-02
   16.4400005       9.03065205E-02
   16.4800014       9.00036991E-02
   16.5200005       8.97681788E-02
   16.5600014       8.88933763E-02
   16.6000004       8.83213878E-02
   16.6400013       8.75811726E-02
   16.6800003       8.65717828E-02
   16.7200012       8.60334411E-02
   16.7600021       8.47548842E-02
   16.8000011       8.45530108E-02
   16.8400021       8.42838362E-02
   16.8800011       8.38800818E-02
   16.9200020       8.26351717E-02
   16.9600010       8.25342387E-02
   17.0000019       8.18276629E-02
   17.0400009       8.12220350E-02
   17.0800018       8.05491060E-02
   17.1200008       7.99771175E-02
   17.1600018       7.91023150E-02
   17.2000008       7.88667947E-02
   17.2400017       7.86649138E-02
   17.2800007       7.78910518E-02
   17.3200016       7.72181302E-02
   17.3600006       7.68143758E-02
   17.4000015       7.58722797E-02
   17.4400005       7.54348785E-02
   17.4800014       7.51657113E-02
   17.5200005       7.46946633E-02
   17.5600014       7.41226748E-02
   17.6000004       7.34161064E-02
   17.6400013       7.32478723E-02
   17.6800003       7.30796382E-02
   17.7200012       7.23730698E-02
   17.7600021       7.21039027E-02
   17.8000011       7.14982674E-02
   17.8400021       7.10608661E-02
   17.8800011       7.11281598E-02
   17.9200020       7.04552308E-02
   17.9600010       6.97823092E-02
   18.0000019       6.94122016E-02
   18.0400009       6.89411536E-02
   18.0800018       6.85037524E-02
   18.1200008       6.82682246E-02
   18.1600018       6.74270689E-02
   18.2000008       6.71579018E-02
   18.2400017       6.65522665E-02
   18.2800007       6.64513335E-02
   18.3200016       6.59802854E-02
   18.3600006       6.55428842E-02
   18.4000015       6.49372488E-02
   18.4400005       6.41633868E-02
   18.4800014       6.37259856E-02
   18.5200005       6.30530566E-02
   18.5600014       6.28511831E-02
   18.6000004       6.24137819E-02
   18.6400013       6.20773174E-02
   18.6800022       6.12361617E-02
   18.7200012       6.07651174E-02
   18.7600021       6.03950061E-02
   18.8000011       5.99912517E-02
   18.8400021       5.96547909E-02
   18.8800011       5.91837429E-02
   18.9200020       5.85444644E-02
   18.9600010       5.80734164E-02
   19.0000019       5.75350747E-02
   19.0400009       5.69630899E-02
   19.0800018       5.65593354E-02
   19.1200008       5.60209937E-02
   19.1600018       5.54490089E-02
   19.2000008       5.47424369E-02
   19.2400017       5.42713888E-02
   19.2800007       5.40022217E-02
   19.3200016       5.40022217E-02
   19.3600006       5.34302332E-02
   19.4000015       5.30264787E-02
   19.4400005       5.25217876E-02
   19.4800014       5.24208471E-02
   19.5200005       5.15123978E-02
   19.5600014       5.10413498E-02
   19.6000023       5.05030118E-02
   19.6400013       4.99983169E-02
   19.6800022       4.98300865E-02
   19.7200012       4.93926853E-02
   19.7600021       4.88207005E-02
   19.8000011       4.84842360E-02
   19.8400021       4.80131879E-02
   19.8800011       4.77440208E-02
   19.9200020       4.74412031E-02
   19.9600010       4.65327539E-02
