   0.00000000      -5.25910815E-04
   1.00000007E-02 -0.294011176    
   2.00000014E-02 -0.521130919    
   3.00000012E-02 -0.729826450    
   4.00000028E-02 -0.901029229    
   5.00000045E-02  -1.04974699    
   6.00000024E-02  -1.16884530    
   7.00000077E-02  -1.26792729    
   8.00000057E-02  -1.34913838    
   9.00000036E-02  -1.43753231    
  0.100000009      -1.50210774    
  0.110000007      -1.57685161    
  0.120000005      -1.64802790    
  0.130000010      -1.72466111    
  0.140000015      -1.78625417    
  0.150000006      -1.85861397    
  0.160000011      -1.91587162    
  0.170000017      -1.96998847    
  0.180000007      -2.01727176    
  0.190000013      -2.06690216    
  0.200000018      -2.10932636    
  0.210000008      -2.15249848    
  0.220000014      -2.19761896    
  0.230000019      -2.23254132    
  0.240000010      -2.27127194    
  0.250000030      -2.30759239    
  0.260000020      -2.34940553    
  0.270000011      -2.37451148    
  0.280000031      -2.40171432    
  0.290000021      -2.43566585    
  0.300000012      -2.47236729    
  0.310000032      -2.50401545    
  0.320000023      -2.56534386    
  0.330000013      -2.60012984    
  0.340000033      -2.61798739    
  0.350000024      -2.63984632    
  0.360000014      -2.66031218    
  0.370000035      -2.67928791    
  0.380000025      -2.72234750    
  0.390000015      -2.74255013    
  0.400000036      -2.76316953    
  0.410000026      -2.79491830    
  0.420000017      -2.82106352    
  0.430000037      -2.84113097    
  0.440000027      -2.87084746    
  0.450000018      -2.89432287    
  0.460000038      -2.91593218    
  0.470000029      -2.93306851    
  0.480000019      -2.95806980    
  0.490000039      -2.98631310    
  0.500000060      -2.99941945    
  0.510000050      -3.02887273    
  0.520000041      -3.05085158    
  0.530000031      -3.07902241    
  0.540000021      -3.10507321    
  0.550000012      -3.11687279    
  0.560000062      -3.13786292    
  0.570000052      -3.16551447    
  0.580000043      -3.20361423    
  0.590000033      -3.21337056    
  0.600000024      -3.23317313    
  0.610000014      -3.26707458    
  0.620000064      -3.28446627    
  0.630000055      -3.29150867    
  0.640000045      -3.30574369    
  0.650000036      -3.32018447    
  0.660000026      -3.34224415    
  0.670000076      -3.34224415    
  0.680000067      -3.36100650    
  0.690000057      -3.36861110    
  0.700000048      -3.38012767    
  0.710000038      -3.39569211    
  0.720000029      -3.39962125    
  0.730000079      -3.41549468    
  0.740000069      -3.42352676    
  0.750000060      -3.44801784    
  0.760000050      -3.46468496    
  0.770000041      -3.47737002    
  0.780000031      -3.48163462    
  0.790000081      -3.50323367    
  0.800000072      -3.52085519    
  0.810000062      -3.53879285    
  0.820000052      -3.55705833    
  0.830000043      -3.55705833    
  0.840000033      -3.56631756    
  0.850000083      -3.59941745    
  0.860000074      -3.60423684    
  0.870000064      -3.63863826    
  0.880000055      -3.64868855    
  0.890000045      -3.65375185    
  0.900000036      -3.66395593    
  0.910000086      -3.67426538    
  0.920000076      -3.68993163    
  0.930000067      -3.71659970    
  0.940000057      -3.72746944    
  0.950000048      -3.72746944    
  0.960000038      -3.74399877    
  0.970000088      -3.75517201    
  0.980000079      -3.76080585    
  0.990000069      -3.76080585    
   1.00000012      -3.78366399    
   1.01000011      -3.80115724    
   1.02000010      -3.81896186    
   1.03000009      -3.84320545    
   1.04000008      -3.86805129    
   1.05000007      -3.88070989    
   1.06000006      -3.88070989    
   1.07000005      -3.88070989    
   1.08000004      -3.89353061    
   1.09000003      -3.91967583    
   1.10000002      -3.93974328    
   1.11000013      -3.96022177    
   1.12000012      -3.98112869    
   1.13000011      -3.98819566    
   1.14000010      -3.99531317    
   1.15000010      -3.99531317    
   1.16000009      -4.00970173    
   1.17000008      -4.00970173    
   1.18000007      -4.03168058    
   1.19000006      -4.03168058    
   1.20000005      -4.05415392    
   1.21000004      -4.06942129    
   1.22000003      -4.07714319    
   1.23000014      -4.10864162    
   1.24000013      -4.10864162    
   1.25000012      -4.12477112    
   1.26000011      -4.12477112    
   1.27000010      -4.12477112    
   1.28000009      -4.12477112    
   1.29000008      -4.14946413    
   1.30000007      -4.15783215    
   1.31000006      -4.16627121    
   1.32000005      -4.18336535    
   1.33000004      -4.20075703    
   1.34000015      -4.21845675    
   1.35000014      -4.23647547    
   1.36000013      -4.23647547    
   1.37000012      -4.25482416    
   1.38000011      -4.26412678    
   1.39000010      -4.28299522    
   1.40000010      -4.28299522    
   1.41000009      -4.30222654    
   1.42000008      -4.32183504    
   1.43000007      -4.34183550    
   1.44000006      -4.35198832    
   1.45000005      -4.35198832    
   1.46000016      -4.35198832    
   1.47000015      -4.35198832    
   1.48000014      -4.37260723    
   1.49000013      -4.37260723    
   1.50000012      -4.37260723    
   1.51000011      -4.39366102    
   1.52000010      -4.40435600    
   1.53000009      -4.40435600    
   1.54000008      -4.41516685    
   1.55000007      -4.43714571    
   1.56000006      -4.45961857    
   1.57000005      -4.47104740    
   1.58000016      -4.48260832    
   1.59000015      -4.48260832    
   1.60000014      -4.49430418    
   1.61000013      -4.50613880    
   1.62000012      -4.51811504    
   1.63000011      -4.51811504    
   1.64000010      -4.53023624    
   1.65000010      -4.56750774    
   1.66000009      -4.59315014    
   1.67000008      -4.59315014    
   1.68000007      -4.61946774    
   1.69000018      -4.63289070    
   1.70000017      -4.64649630    
   1.71000016      -4.67427588    
   1.72000015      -4.67427588    
   1.73000014      -4.68846035    
   1.74000013      -4.70284891    
   1.75000012      -4.71744776    
   1.76000011      -4.74730062    
   1.77000010      -4.79382086    
   1.78000009      -4.79382086    
   1.79000008      -4.79382086    
   1.80000007      -4.80982113    
   1.81000018      -4.80982113    
   1.82000017      -4.84261131    
   1.83000016      -4.84261131    
   1.84000015      -4.85941839    
   1.85000014      -4.85941839    
   1.86000013      -4.89390421    
   1.87000012      -4.92962265    
   1.88000011      -4.94797134    
   1.89000010      -4.94797134    
   1.90000010      -4.94797134    
   1.91000009      -4.94797134    
   1.92000008      -4.94797134    
   1.93000019      -4.96666384    
   1.94000018      -4.96666384    
   1.95000017      -4.98571205    
   1.96000016      -5.00512981    
   1.97000015      -5.00512981    
   1.98000014      -5.02493238    
   1.99000013      -5.04513550    
   2.00000024      -5.06575441    
   2.01000023      -5.06575441    
   2.02000022      -5.06575441    
   2.03000021      -5.08680820    
   2.04000020      -5.08680820    
   2.05000019      -5.08680820    
   2.06000018      -5.08680820    
   2.07000017      -5.08680820    
   2.08000016      -5.10831404    
   2.09000015      -5.10831404    
   2.10000014      -5.10831404    
   2.11000013      -5.10831404    
   2.12000012      -5.10831404    
   2.13000011      -5.10831404    
   2.14000010      -5.10831404    
   2.15000010      -5.13029289    
   2.16000009      -5.13029289    
   2.17000008      -5.13029289    
   2.18000007      -5.15276575    
   2.19000006      -5.15276575    
   2.20000005      -5.15276575    
   2.21000004      -5.15276575    
   2.22000027      -5.17575550    
   2.23000026      -5.17575550    
   2.24000025      -5.17575550    
   2.25000024      -5.19928598    
   2.26000023      -5.22338343    
   2.27000022      -5.24807596    
   2.28000021      -5.24807596    
   2.29000020      -5.24807596    
   2.30000019      -5.24807596    
   2.31000018      -5.24807596    
   2.32000017      -5.24807596    
   2.33000016      -5.24807596    
   2.34000015      -5.24807596    
   2.35000014      -5.27339411    
   2.36000013      -5.27339411    
   2.37000012      -5.27339411    
   2.38000011      -5.27339411    
   2.39000010      -5.27339411    
   2.40000010      -5.27339411    
   2.41000009      -5.27339411    
   2.42000008      -5.27339411    
   2.43000007      -5.29936934    
   2.44000006      -5.29936934    
   2.45000029      -5.32603788    
   2.46000028      -5.32603788    
   2.47000027      -5.32603788    
   2.48000026      -5.32603788    
   2.49000025      -5.35343647    
   2.50000024      -5.35343647    
   2.51000023      -5.35343647    
   2.52000022      -5.38160753    
   2.53000021      -5.38160753    
   2.54000020      -5.38160753    
   2.55000019      -5.38160753    
   2.56000018      -5.38160753    
   2.57000017      -5.38160753    
   2.58000016      -5.38160753    
   2.59000015      -5.38160753    
   2.60000014      -5.38160753    
   2.61000013      -5.38160753    
   2.62000012      -5.38160753    
   2.63000011      -5.41059494    
   2.64000010      -5.41059494    
   2.65000010      -5.41059494    
   2.66000009      -5.44044781    
   2.67000008      -5.44044781    
   2.68000031      -5.44044781    
   2.69000030      -5.44044781    
   2.70000029      -5.44044781    
   2.71000028      -5.47121954    
   2.72000027      -5.47121954    
   2.73000026      -5.47121954    
   2.74000025      -5.47121954    
   2.75000024      -5.47121954    
   2.76000023      -5.47121954    
   2.77000022      -5.50296831    
   2.78000021      -5.50296831    
   2.79000020      -5.50296831    
   2.80000019      -5.50296831    
   2.81000018      -5.50296831    
   2.82000017      -5.50296831    
   2.83000016      -5.50296831    
   2.84000015      -5.50296831    
   2.85000014      -5.50296831    
   2.86000013      -5.50296831    
   2.87000012      -5.50296831    
   2.88000011      -5.53575850    
   2.89000010      -5.53575850    
   2.90000010      -5.53575850    
   2.91000032      -5.53575850    
   2.92000031      -5.53575850    
   2.93000031      -5.53575850    
   2.94000030      -5.53575850    
   2.95000029      -5.53575850    
   2.96000028      -5.53575850    
   2.97000027      -5.53575850    
   2.98000026      -5.53575850    
   2.99000025      -5.53575850    
   3.00000024      -5.53575850    
   3.01000023      -5.53575850    
   3.02000022      -5.56965971    
   3.03000021      -5.56965971    
   3.04000020      -5.56965971    
   3.05000019      -5.60475111    
   3.06000018      -5.60475111    
   3.07000017      -5.60475111    
   3.08000016      -5.60475111    
   3.09000015      -5.60475111    
   3.10000014      -5.64111853    
   3.11000013      -5.67885923    
   3.12000012      -5.67885923    
   3.13000011      -5.67885923    
   3.14000010      -5.71807957    
   3.15000033      -5.71807957    
   3.16000032      -5.75890160    
   3.17000031      -5.80146122    
   3.18000031      -5.84591293    
   3.19000030      -5.84591293    
   3.20000029      -5.84591293    
   3.21000028      -5.84591293    
   3.22000027      -5.89243317    
   3.23000026      -5.89243317    
   3.24000025      -5.89243317    
   3.25000024      -5.89243317    
   3.26000023      -5.89243317    
   3.27000022      -5.89243317    
   3.28000021      -5.89243317    
   3.29000020      -5.89243317    
   3.30000019      -5.89243317    
   3.31000018      -5.94122314    
   3.32000017      -5.94122314    
   3.33000016      -5.94122314    
   3.34000015      -5.94122314    
   3.35000014      -5.94122314    
   3.36000013      -5.94122314    
   3.37000012      -5.94122314    
   3.38000035      -5.94122314    
   3.39000034      -5.94122314    
   3.40000033      -5.94122314    
   3.41000032      -5.94122314    
   3.42000031      -5.94122314    
   3.43000031      -6.04658365    
   3.44000030      -6.10374212    
   3.45000029      -6.10374212    
   3.46000028      -6.10374212    
   3.47000027      -6.10374212    
   3.48000026      -6.10374212    
   3.49000025      -6.10374212    
   3.50000024      -6.10374212    
   3.51000023      -6.10374212    
   3.52000022      -6.10374212    
   3.53000021      -6.10374212    
   3.54000020      -6.16436672    
   3.55000019      -6.16436672    
   3.56000018      -6.22890568    
   3.57000017      -6.22890568    
   3.58000016      -6.22890568    
   3.59000015      -6.22890568    
   3.60000014      -6.22890568    
   3.61000037      -6.22890568    
   3.62000036      -6.22890568    
   3.63000035      -6.22890568    
   3.64000034      -6.22890568    
   3.65000033      -6.22890568    
   3.66000032      -6.22890568    
   3.67000031      -6.22890568    
   3.68000031      -6.22890568    
   3.69000030      -6.22890568    
   3.70000029      -6.22890568    
   3.71000028      -6.22890568    
   3.72000027      -6.22890568    
   3.73000026      -6.22890568    
   3.74000025      -6.22890568    
   3.75000024      -6.22890568    
   3.76000023      -6.22890568    
   3.77000022      -6.29789829    
   3.78000021      -6.29789829    
   3.79000020      -6.29789829    
   3.80000019      -6.29789829    
   3.81000018      -6.29789829    
   3.82000017      -6.29789829    
   3.83000016      -6.29789829    
   3.84000015      -6.37200642    
   3.85000038      -6.37200642    
   3.86000037      -6.37200642    
   3.87000036      -6.37200642    
   3.88000035      -6.37200642    
   3.89000034      -6.37200642    
   3.90000033      -6.37200642    
   3.91000032      -6.37200642    
   3.92000031      -6.37200642    
   3.93000031      -6.37200642    
   3.94000030      -6.45204878    
   3.95000029      -6.45204878    
   3.96000028      -6.45204878    
   3.97000027      -6.63437033    
   3.98000026      -6.73973083    
   3.99000025      -6.73973083    
   4.00000048      -6.73973083    
   4.01000023      -6.73973083    
   4.02000046      -6.73973083    
   4.03000021      -6.73973083    
   4.04000044      -6.73973083    
   4.05000019      -6.73973083    
   4.06000042      -6.73973083    
   4.07000017      -6.85751390    
   4.08000040      -6.85751390    
   4.09000015      -6.85751390    
   4.10000038      -6.99104548    
   4.11000013      -6.99104548    
   4.12000036      -6.99104548    
   4.13000011      -6.99104548    
   4.14000034      -6.99104548    
   4.15000010      -6.99104548    
   4.16000032      -6.99104548    
   4.17000008      -6.99104548    
   4.18000031      -6.99104548    
   4.19000053      -6.99104548    
   4.20000029      -6.99104548    
   4.21000051      -6.99104548    
   4.22000027      -6.99104548    
   4.23000050      -6.99104548    
   4.24000025      -6.99104548    
   4.25000048      -6.99104548    
   4.26000023      -6.99104548    
   4.27000046      -7.14519596    
   4.28000021      -7.14519596    
   4.29000044      -7.14519596    
   4.30000019      -7.14519596    
   4.31000042      -7.14519596    
   4.32000017      -7.14519596    
   4.33000040      -7.14519596    
   4.34000015      -7.14519596    
   4.35000038      -7.14519596    
   4.36000013      -7.14519596    
   4.37000036      -7.14519596    
   4.38000011      -7.14519596    
   4.39000034      -7.14519596    
   4.40000010      -7.14519596    
   4.41000032      -7.14519596    
   4.42000008      -7.14519596    
   4.43000031      -7.14519596    
   4.44000053      -7.14519596    
   4.45000029      -7.14519596    
   4.46000051      -7.32751751    
   4.47000027      -7.32751751    
   4.48000050      -7.32751751    
   4.49000025      -7.32751751    
   4.50000048      -7.32751751    
   4.51000023      -7.32751751    
   4.52000046      -7.55066109    
   4.53000021      -7.55066109    
   4.54000044      -7.55066109    
   4.55000019      -7.55066109    
   4.56000042      -7.55066109    
   4.57000017      -7.55066109    
   4.58000040      -7.55066109    
   4.59000015      -7.55066109    
   4.60000038      -7.55066109    
   4.61000013      -7.55066109    
   4.62000036      -7.55066109    
   4.63000011      -7.55066109    
   4.64000034      -7.55066109    
   4.65000010      -7.55066109    
   4.66000032      -7.55066109    
   4.67000055      -7.55066109    
   4.68000031      -7.55066109    
   4.69000053      -7.55066109    
   4.70000029      -7.55066109    
   4.71000051      -7.55066109    
   4.72000027      -7.55066109    
   4.73000050      -7.55066109    
   4.74000025      -7.55066109    
   4.75000048      -7.55066109    
   4.76000023      -7.55066109    
   4.77000046      -7.55066109    
   4.78000021      -7.55066109    
   4.79000044      -7.55066109    
   4.80000019      -7.55066109    
   4.81000042      -7.55066109    
   4.82000017      -7.55066109    
   4.83000040      -7.55066109    
   4.84000015      -7.55066109    
   4.85000038      -7.55066109    
   4.86000013      -7.55066109    
   4.87000036      -7.55066109    
   4.88000011      -7.55066109    
   4.89000034      -7.55066109    
   4.90000057      -7.55066109    
   4.91000032      -7.55066109    
   4.92000055      -7.55066109    
   4.93000031      -7.55066109    
   4.94000053      -7.55066109    
   4.95000029      -7.55066109    
   4.96000051      -7.55066109    
   4.97000027      -7.55066109    
   4.98000050      -7.55066109    
   4.99000025      -7.55066109    
   5.00000048      -7.55066109    
   5.01000023      -7.55066109    
   5.02000046      -7.55066109    
   5.03000021      -7.55066109    
   5.04000044      -7.55066109    
   5.05000019      -7.55066109    
   5.06000042      -7.55066109    
   5.07000017      -7.55066109    
   5.08000040      -7.55066109    
   5.09000015      -7.55066109    
   5.10000038      -7.55066109    
   5.11000013      -7.55066109    
   5.12000036      -7.55066109    
   5.13000059      -7.55066109    
   5.14000034      -7.55066109    
   5.15000057      -7.55066109    
   5.16000032      -7.55066109    
   5.17000055      -7.55066109    
   5.18000031      -7.55066109    
   5.19000053      -7.55066109    
   5.20000029      -7.55066109    
   5.21000051      -7.55066109    
   5.22000027      -7.55066109    
   5.23000050      -7.55066109    
   5.24000025      -7.55066109    
   5.25000048      -7.55066109    
   5.26000023      -7.55066109    
   5.27000046      -7.55066109    
   5.28000021      -7.55066109    
   5.29000044      -7.55066109    
   5.30000019      -7.55066109    
   5.31000042      -7.55066109    
   5.32000017      -7.55066109    
   5.33000040      -7.83834314    
   5.34000015      -7.83834314    
   5.35000038      -7.83834314    
   5.36000061      -7.83834314    
   5.37000036      -7.83834314    
   5.38000059      -7.83834314    
   5.39000034      -7.83834314    
   5.40000057      -7.83834314    
   5.41000032      -7.83834314    
   5.42000055      -7.83834314    
   5.43000031      -7.83834314    
   5.44000053      -7.83834314    
   5.45000029      -7.83834314    
   5.46000051      -7.83834314    
   5.47000027      -7.83834314    
   5.48000050      -7.83834314    
   5.49000025      -7.83834314    
   5.50000048      -7.83834314    
   5.51000023      -7.83834314    
   5.52000046      -7.83834314    
   5.53000021      -7.83834314    
   5.54000044      -7.83834314    
   5.55000019      -7.83834314    
   5.56000042      -7.83834314    
   5.57000017      -7.83834314    
   5.58000040      -7.83834314    
   5.59000063      -7.83834314    
   5.60000038      -7.83834314    
   5.61000061      -7.83834314    
   5.62000036      -7.83834314    
   5.63000059      -7.83834314    
   5.64000034      -7.83834314    
   5.65000057      -7.83834314    
   5.66000032      -7.83834314    
   5.67000055      -7.83834314    
   5.68000031      -7.83834314    
   5.69000053      -7.83834314    
   5.70000029      -7.83834314    
   5.71000051      -7.83834314    
   5.72000027      -7.83834314    
   5.73000050      -7.83834314    
   5.74000025      -7.83834314    
   5.75000048      -7.83834314    
   5.76000023      -7.83834314    
   5.77000046      -7.83834314    
   5.78000021      -7.83834314    
   5.79000044      -7.83834314    
   5.80000019      -7.83834314    
   5.81000042      -7.83834314    
   5.82000065      -7.83834314    
   5.83000040      -7.83834314    
   5.84000063      -7.83834314    
   5.85000038      -7.83834314    
   5.86000061      -7.83834314    
   5.87000036      -7.83834314    
   5.88000059      -7.83834314    
   5.89000034      -7.83834314    
   5.90000057      -7.83834314    
   5.91000032      -7.83834314    
   5.92000055      -7.83834314    
   5.93000031      -7.83834314    
   5.94000053      -7.83834314    
   5.95000029      -7.83834314    
   5.96000051      -7.83834314    
   5.97000027      -7.83834314    
   5.98000050      -7.83834314    
   5.99000025      -7.83834314    
   6.00000048      -7.83834314    
   6.01000023      -7.83834314    
   6.02000046      -7.83834314    
   6.03000021      -7.83834314    
   6.04000044      -7.83834314    
   6.05000019      -7.83834314    
   6.06000042      -7.83834314    
   6.07000065      -7.83834314    
   6.08000040      -7.83834314    
   6.09000063      -7.83834314    
   6.10000038      -7.83834314    
   6.11000061      -7.83834314    
   6.12000036      -7.83834314    
   6.13000059      -7.83834314    
   6.14000034      -7.83834314    
   6.15000057      -7.83834314    
   6.16000032      -7.83834314    
   6.17000055      -7.83834314    
   6.18000031      -7.83834314    
   6.19000053      -7.83834314    
   6.20000029      -7.83834314    
   6.21000051      -7.83834314    
   6.22000027      -7.83834314    
   6.23000050      -7.83834314    
   6.24000025      -8.24380875    
   6.25000048      -8.24380875    
   6.26000023      -8.24380875    
   6.27000046      -8.24380875    
   6.28000021      -8.24380875    
   6.29000044      -8.24380875    
   6.30000067      -8.24380875    
   6.31000042      -8.24380875    
   6.32000065      -8.24380875    
   6.33000040      -8.24380875    
   6.34000063      -8.24380875    
   6.35000038      -8.24380875    
   6.36000061      -8.24380875    
   6.37000036      -8.24380875    
   6.38000059      -8.24380875    
   6.39000034      -8.24380875    
   6.40000057      -8.24380875    
   6.41000032      -8.24380875    
   6.42000055      -8.24380875    
   6.43000031      -8.24380875    
   6.44000053      -8.24380875    
   6.45000029      -8.24380875    
   6.46000051      -8.24380875    
   6.47000027      -8.24380875    
   6.48000050      -8.24380875    
   6.49000025      -8.24380875    
   6.50000048      -8.24380875    
   6.51000023      -8.24380875    
   6.52000046      -8.24380875    
   6.53000069      -8.24380875    
   6.54000044      -8.24380875    
   6.55000067      -8.24380875    
   6.56000042      -8.24380875    
   6.57000065      -8.24380875    
   6.58000040      -8.24380875    
   6.59000063      -8.24380875    
   6.60000038      -8.24380875    
   6.61000061      -8.24380875    
   6.62000036      -8.24380875    
   6.63000059      -8.24380875    
   6.64000034      -8.24380875    
   6.65000057      -8.24380875    
   6.66000032      -8.24380875    
   6.67000055      -8.24380875    
   6.68000031      -8.24380875    
   6.69000053      -8.24380875    
   6.70000029      -8.24380875    
   6.71000051      -8.24380875    
   6.72000027      -8.24380875    
   6.73000050      -8.24380875    
   6.74000025      -8.24380875    
   6.75000048      -8.93695545    
   6.76000071      -8.93695545    
   6.77000046      -8.93695545    
   6.78000069      -8.93695545    
   6.79000044      -8.93695545    
   6.80000067      -8.93695545    
   6.81000042      -8.93695545    
   6.82000065      -8.93695545    
   6.83000040      -8.93695545    
   6.84000063      -8.93695545    
   6.85000038      -8.93695545    
   6.86000061      -8.93695545    
   6.87000036      -8.93695545    
   6.88000059      -8.93695545    
   6.89000034      -8.93695545    
   6.90000057      -8.93695545    
   6.91000032      -8.93695545    
   6.92000055      -8.93695545    
   6.93000031      -8.93695545    
   6.94000053      -8.93695545    
   6.95000029      -8.93695545    
   6.96000051      -8.93695545    
   6.97000027      -8.93695545    
   6.98000050      -8.93695545    
   6.99000072      -8.93695545    
   7.00000048      -8.93695545    
   7.01000071      -8.93695545    
   7.02000046      -8.93695545    
   7.03000069      -8.93695545    
   7.04000044      -8.93695545    
   7.05000067      -8.93695545    
   7.06000042      -8.93695545    
   7.07000065      -8.93695545    
   7.08000040      -8.93695545    
   7.09000063      -8.93695545    
   7.10000038      -8.93695545    
   7.11000061      -8.93695545    
   7.12000036      -8.93695545    
   7.13000059      -8.93695545    
   7.14000034      -8.93695545    
   7.15000057      -8.93695545    
   7.16000032      -8.93695545    
   7.17000055      -8.93695545    
   7.18000031      -8.93695545    
   7.19000053      -8.93695545    
   7.20000029      -8.93695545    
   7.21000051      -8.93695545    
   7.22000074      -8.93695545    
   7.23000050      -8.93695545    
   7.24000072      -8.93695545    
   7.25000048            -Infinity
   7.26000071            -Infinity
   7.27000046            -Infinity
   7.28000069            -Infinity
   7.29000044            -Infinity
   7.30000067            -Infinity
   7.31000042            -Infinity
   7.32000065            -Infinity
   7.33000040            -Infinity
   7.34000063            -Infinity
   7.35000038            -Infinity
   7.36000061            -Infinity
   7.37000036            -Infinity
   7.38000059            -Infinity
   7.39000034            -Infinity
   7.40000057            -Infinity
   7.41000032            -Infinity
   7.42000055            -Infinity
   7.43000031            -Infinity
   7.44000053            -Infinity
   7.45000076            -Infinity
   7.46000051            -Infinity
   7.47000074            -Infinity
   7.48000050            -Infinity
   7.49000072            -Infinity
   7.50000048            -Infinity
   7.51000071            -Infinity
   7.52000046            -Infinity
   7.53000069            -Infinity
   7.54000044            -Infinity
   7.55000067            -Infinity
   7.56000042            -Infinity
   7.57000065            -Infinity
   7.58000040            -Infinity
   7.59000063            -Infinity
   7.60000038            -Infinity
   7.61000061            -Infinity
   7.62000036            -Infinity
   7.63000059            -Infinity
   7.64000034            -Infinity
   7.65000057            -Infinity
   7.66000032            -Infinity
   7.67000055            -Infinity
   7.68000031            -Infinity
   7.69000053            -Infinity
   7.70000076            -Infinity
   7.71000051            -Infinity
   7.72000074            -Infinity
   7.73000050            -Infinity
   7.74000072            -Infinity
   7.75000048            -Infinity
   7.76000071            -Infinity
   7.77000046            -Infinity
   7.78000069            -Infinity
   7.79000044            -Infinity
   7.80000067            -Infinity
   7.81000042            -Infinity
   7.82000065            -Infinity
   7.83000040            -Infinity
   7.84000063            -Infinity
   7.85000038            -Infinity
   7.86000061            -Infinity
   7.87000036            -Infinity
   7.88000059            -Infinity
   7.89000034            -Infinity
   7.90000057            -Infinity
   7.91000032            -Infinity
   7.92000055            -Infinity
   7.93000078            -Infinity
   7.94000053            -Infinity
   7.95000076            -Infinity
   7.96000051            -Infinity
   7.97000074            -Infinity
   7.98000050            -Infinity
   7.99000072            -Infinity
   8.00000095            -Infinity
   8.01000023            -Infinity
   8.02000046            -Infinity
   8.03000069            -Infinity
   8.04000092            -Infinity
   8.05000019            -Infinity
   8.06000042            -Infinity
   8.07000065            -Infinity
   8.08000088            -Infinity
   8.09000015            -Infinity
   8.10000038            -Infinity
   8.11000061            -Infinity
   8.12000084            -Infinity
   8.13000011            -Infinity
   8.14000034            -Infinity
   8.15000057            -Infinity
   8.16000080            -Infinity
   8.17000103            -Infinity
   8.18000031            -Infinity
   8.19000053            -Infinity
   8.20000076            -Infinity
   8.21000099            -Infinity
   8.22000027            -Infinity
   8.23000050            -Infinity
   8.24000072            -Infinity
   8.25000095            -Infinity
   8.26000023            -Infinity
   8.27000046            -Infinity
   8.28000069            -Infinity
   8.29000092            -Infinity
   8.30000019            -Infinity
   8.31000042            -Infinity
   8.32000065            -Infinity
   8.33000088            -Infinity
   8.34000015            -Infinity
   8.35000038            -Infinity
   8.36000061            -Infinity
   8.37000084            -Infinity
   8.38000107            -Infinity
   8.39000034            -Infinity
   8.40000057            -Infinity
   8.41000080            -Infinity
   8.42000103            -Infinity
   8.43000031            -Infinity
   8.44000053            -Infinity
   8.45000076            -Infinity
   8.46000099            -Infinity
   8.47000027            -Infinity
   8.48000050            -Infinity
   8.49000072            -Infinity
   8.50000095            -Infinity
   8.51000023            -Infinity
   8.52000046            -Infinity
   8.53000069            -Infinity
   8.54000092            -Infinity
   8.55000019            -Infinity
   8.56000042            -Infinity
   8.57000065            -Infinity
   8.58000088            -Infinity
   8.59000015            -Infinity
   8.60000038            -Infinity
   8.61000061            -Infinity
   8.62000084            -Infinity
   8.63000107            -Infinity
   8.64000034            -Infinity
   8.65000057            -Infinity
   8.66000080            -Infinity
   8.67000103            -Infinity
   8.68000031            -Infinity
   8.69000053            -Infinity
   8.70000076            -Infinity
   8.71000099            -Infinity
   8.72000027            -Infinity
   8.73000050            -Infinity
   8.74000072            -Infinity
   8.75000095            -Infinity
   8.76000023            -Infinity
   8.77000046            -Infinity
   8.78000069            -Infinity
   8.79000092            -Infinity
   8.80000019            -Infinity
   8.81000042            -Infinity
   8.82000065            -Infinity
   8.83000088            -Infinity
   8.84000015            -Infinity
   8.85000038            -Infinity
   8.86000061            -Infinity
   8.87000084            -Infinity
   8.88000107            -Infinity
   8.89000034            -Infinity
   8.90000057            -Infinity
   8.91000080            -Infinity
   8.92000103            -Infinity
   8.93000031            -Infinity
   8.94000053            -Infinity
   8.95000076            -Infinity
   8.96000099            -Infinity
   8.97000027            -Infinity
   8.98000050            -Infinity
   8.99000072            -Infinity
   9.00000095            -Infinity
   9.01000023            -Infinity
   9.02000046            -Infinity
   9.03000069            -Infinity
   9.04000092            -Infinity
   9.05000019            -Infinity
   9.06000042            -Infinity
   9.07000065            -Infinity
   9.08000088            -Infinity
   9.09000111            -Infinity
   9.10000038            -Infinity
   9.11000061            -Infinity
   9.12000084            -Infinity
   9.13000107            -Infinity
   9.14000034            -Infinity
   9.15000057            -Infinity
   9.16000080            -Infinity
   9.17000103            -Infinity
   9.18000031            -Infinity
   9.19000053            -Infinity
   9.20000076            -Infinity
   9.21000099            -Infinity
   9.22000027            -Infinity
   9.23000050            -Infinity
   9.24000072            -Infinity
   9.25000095            -Infinity
   9.26000023            -Infinity
   9.27000046            -Infinity
   9.28000069            -Infinity
   9.29000092            -Infinity
   9.30000019            -Infinity
   9.31000042            -Infinity
   9.32000065            -Infinity
   9.33000088            -Infinity
   9.34000111            -Infinity
   9.35000038            -Infinity
   9.36000061            -Infinity
   9.37000084            -Infinity
   9.38000107            -Infinity
   9.39000034            -Infinity
   9.40000057            -Infinity
   9.41000080            -Infinity
   9.42000103            -Infinity
   9.43000031            -Infinity
   9.44000053            -Infinity
   9.45000076            -Infinity
   9.46000099            -Infinity
   9.47000027            -Infinity
   9.48000050            -Infinity
   9.49000072            -Infinity
   9.50000095            -Infinity
   9.51000023            -Infinity
   9.52000046            -Infinity
   9.53000069            -Infinity
   9.54000092            -Infinity
   9.55000114            -Infinity
   9.56000042            -Infinity
   9.57000065            -Infinity
   9.58000088            -Infinity
   9.59000111            -Infinity
   9.60000038            -Infinity
   9.61000061            -Infinity
   9.62000084            -Infinity
   9.63000107            -Infinity
   9.64000034            -Infinity
   9.65000057            -Infinity
   9.66000080            -Infinity
   9.67000103            -Infinity
   9.68000031            -Infinity
   9.69000053            -Infinity
   9.70000076            -Infinity
   9.71000099            -Infinity
   9.72000027            -Infinity
   9.73000050            -Infinity
   9.74000072            -Infinity
   9.75000095            -Infinity
   9.76000023            -Infinity
   9.77000046            -Infinity
   9.78000069            -Infinity
   9.79000092            -Infinity
   9.80000114            -Infinity
   9.81000042            -Infinity
   9.82000065            -Infinity
   9.83000088            -Infinity
   9.84000111            -Infinity
   9.85000038            -Infinity
   9.86000061            -Infinity
   9.87000084            -Infinity
   9.88000107            -Infinity
   9.89000034            -Infinity
   9.90000057            -Infinity
   9.91000080            -Infinity
   9.92000103            -Infinity
   9.93000031            -Infinity
   9.94000053            -Infinity
   9.95000076            -Infinity
   9.96000099            -Infinity
   9.97000027            -Infinity
   9.98000050            -Infinity
   9.99000072            -Infinity
   10.0000010            -Infinity
   10.0100012            -Infinity
   10.0200005            -Infinity
   10.0300007            -Infinity
   10.0400009            -Infinity
   10.0500011            -Infinity
   10.0600004            -Infinity
   10.0700006            -Infinity
   10.0800009            -Infinity
   10.0900011            -Infinity
   10.1000004            -Infinity
   10.1100006            -Infinity
   10.1200008            -Infinity
   10.1300011            -Infinity
   10.1400003            -Infinity
   10.1500006            -Infinity
   10.1600008            -Infinity
   10.1700010            -Infinity
   10.1800003            -Infinity
   10.1900005            -Infinity
   10.2000008            -Infinity
   10.2100010            -Infinity
   10.2200003            -Infinity
   10.2300005            -Infinity
   10.2400007            -Infinity
   10.2500010            -Infinity
   10.2600012            -Infinity
   10.2700005            -Infinity
   10.2800007            -Infinity
   10.2900009            -Infinity
   10.3000011            -Infinity
   10.3100004            -Infinity
   10.3200006            -Infinity
   10.3300009            -Infinity
   10.3400011            -Infinity
   10.3500004            -Infinity
   10.3600006            -Infinity
   10.3700008            -Infinity
   10.3800011            -Infinity
   10.3900003            -Infinity
   10.4000006            -Infinity
   10.4100008            -Infinity
   10.4200010            -Infinity
   10.4300003            -Infinity
   10.4400005            -Infinity
   10.4500008            -Infinity
   10.4600010            -Infinity
   10.4700003            -Infinity
   10.4800005            -Infinity
   10.4900007            -Infinity
   10.5000010            -Infinity
   10.5100012            -Infinity
   10.5200005            -Infinity
   10.5300007            -Infinity
   10.5400009            -Infinity
   10.5500011            -Infinity
   10.5600004            -Infinity
   10.5700006            -Infinity
   10.5800009            -Infinity
   10.5900011            -Infinity
   10.6000004            -Infinity
   10.6100006            -Infinity
   10.6200008            -Infinity
   10.6300011            -Infinity
   10.6400003            -Infinity
   10.6500006            -Infinity
   10.6600008            -Infinity
   10.6700010            -Infinity
   10.6800003            -Infinity
   10.6900005            -Infinity
   10.7000008            -Infinity
   10.7100010            -Infinity
   10.7200012            -Infinity
   10.7300005            -Infinity
   10.7400007            -Infinity
   10.7500010            -Infinity
   10.7600012            -Infinity
   10.7700005            -Infinity
   10.7800007            -Infinity
   10.7900009            -Infinity
   10.8000011            -Infinity
   10.8100004            -Infinity
   10.8200006            -Infinity
   10.8300009            -Infinity
   10.8400011            -Infinity
   10.8500004            -Infinity
   10.8600006            -Infinity
   10.8700008            -Infinity
   10.8800011            -Infinity
   10.8900003            -Infinity
   10.9000006            -Infinity
   10.9100008            -Infinity
   10.9200010            -Infinity
   10.9300003            -Infinity
   10.9400005            -Infinity
   10.9500008            -Infinity
   10.9600010            -Infinity
   10.9700012            -Infinity
   10.9800005            -Infinity
   10.9900007            -Infinity
   11.0000010            -Infinity
   11.0100012            -Infinity
   11.0200005            -Infinity
   11.0300007            -Infinity
   11.0400009            -Infinity
   11.0500011            -Infinity
   11.0600004            -Infinity
   11.0700006            -Infinity
   11.0800009            -Infinity
   11.0900011            -Infinity
   11.1000004            -Infinity
   11.1100006            -Infinity
   11.1200008            -Infinity
   11.1300011            -Infinity
   11.1400003            -Infinity
   11.1500006            -Infinity
   11.1600008            -Infinity
   11.1700010            -Infinity
   11.1800013            -Infinity
   11.1900005            -Infinity
   11.2000008            -Infinity
   11.2100010            -Infinity
   11.2200012            -Infinity
   11.2300005            -Infinity
   11.2400007            -Infinity
   11.2500010            -Infinity
   11.2600012            -Infinity
   11.2700005            -Infinity
   11.2800007            -Infinity
   11.2900009            -Infinity
   11.3000011            -Infinity
   11.3100004            -Infinity
   11.3200006            -Infinity
   11.3300009            -Infinity
   11.3400011            -Infinity
   11.3500004            -Infinity
   11.3600006            -Infinity
   11.3700008            -Infinity
   11.3800011            -Infinity
   11.3900003            -Infinity
   11.4000006            -Infinity
   11.4100008            -Infinity
   11.4200010            -Infinity
   11.4300013            -Infinity
   11.4400005            -Infinity
   11.4500008            -Infinity
   11.4600010            -Infinity
   11.4700012            -Infinity
   11.4800005            -Infinity
   11.4900007            -Infinity
   11.5000010            -Infinity
   11.5100012            -Infinity
   11.5200005            -Infinity
   11.5300007            -Infinity
   11.5400009            -Infinity
   11.5500011            -Infinity
   11.5600004            -Infinity
   11.5700006            -Infinity
   11.5800009            -Infinity
   11.5900011            -Infinity
   11.6000004            -Infinity
   11.6100006            -Infinity
   11.6200008            -Infinity
   11.6300011            -Infinity
   11.6400013            -Infinity
   11.6500006            -Infinity
   11.6600008            -Infinity
   11.6700010            -Infinity
   11.6800013            -Infinity
   11.6900005            -Infinity
   11.7000008            -Infinity
   11.7100010            -Infinity
   11.7200012            -Infinity
   11.7300005            -Infinity
   11.7400007            -Infinity
   11.7500010            -Infinity
   11.7600012            -Infinity
   11.7700005            -Infinity
   11.7800007            -Infinity
   11.7900009            -Infinity
   11.8000011            -Infinity
   11.8100004            -Infinity
   11.8200006            -Infinity
   11.8300009            -Infinity
   11.8400011            -Infinity
   11.8500004            -Infinity
   11.8600006            -Infinity
   11.8700008            -Infinity
   11.8800011            -Infinity
   11.8900013            -Infinity
   11.9000006            -Infinity
   11.9100008            -Infinity
   11.9200010            -Infinity
   11.9300013            -Infinity
   11.9400005            -Infinity
   11.9500008            -Infinity
   11.9600010            -Infinity
   11.9700012            -Infinity
   11.9800005            -Infinity
   11.9900007            -Infinity
   12.0000010            -Infinity
   12.0100012            -Infinity
   12.0200005            -Infinity
   12.0300007            -Infinity
   12.0400009            -Infinity
   12.0500011            -Infinity
   12.0600004            -Infinity
   12.0700006            -Infinity
   12.0800009            -Infinity
   12.0900011            -Infinity
   12.1000004            -Infinity
   12.1100006            -Infinity
   12.1200008            -Infinity
   12.1300011            -Infinity
   12.1400013            -Infinity
   12.1500006            -Infinity
   12.1600008            -Infinity
   12.1700010            -Infinity
   12.1800013            -Infinity
   12.1900005            -Infinity
   12.2000008            -Infinity
   12.2100010            -Infinity
   12.2200012            -Infinity
   12.2300005            -Infinity
   12.2400007            -Infinity
   12.2500010            -Infinity
   12.2600012            -Infinity
   12.2700005            -Infinity
   12.2800007            -Infinity
   12.2900009            -Infinity
   12.3000011            -Infinity
   12.3100004            -Infinity
   12.3200006            -Infinity
   12.3300009            -Infinity
   12.3400011            -Infinity
   12.3500013            -Infinity
   12.3600006            -Infinity
   12.3700008            -Infinity
   12.3800011            -Infinity
   12.3900013            -Infinity
   12.4000006            -Infinity
   12.4100008            -Infinity
   12.4200010            -Infinity
   12.4300013            -Infinity
   12.4400005            -Infinity
   12.4500008            -Infinity
   12.4600010            -Infinity
   12.4700012            -Infinity
   12.4800005            -Infinity
   12.4900007            -Infinity
   12.5000010            -Infinity
   12.5100012            -Infinity
   12.5200005            -Infinity
   12.5300007            -Infinity
   12.5400009            -Infinity
   12.5500011            -Infinity
   12.5600004            -Infinity
   12.5700006            -Infinity
   12.5800009            -Infinity
   12.5900011            -Infinity
   12.6000013            -Infinity
   12.6100006            -Infinity
   12.6200008            -Infinity
   12.6300011            -Infinity
   12.6400013            -Infinity
   12.6500006            -Infinity
   12.6600008            -Infinity
   12.6700010            -Infinity
   12.6800013            -Infinity
   12.6900005            -Infinity
   12.7000008            -Infinity
   12.7100010            -Infinity
   12.7200012            -Infinity
   12.7300005            -Infinity
   12.7400007            -Infinity
   12.7500010            -Infinity
   12.7600012            -Infinity
   12.7700005            -Infinity
   12.7800007            -Infinity
   12.7900009            -Infinity
   12.8000011            -Infinity
   12.8100014            -Infinity
   12.8200006            -Infinity
   12.8300009            -Infinity
   12.8400011            -Infinity
   12.8500013            -Infinity
   12.8600006            -Infinity
   12.8700008            -Infinity
   12.8800011            -Infinity
   12.8900013            -Infinity
   12.9000006            -Infinity
   12.9100008            -Infinity
   12.9200010            -Infinity
   12.9300013            -Infinity
   12.9400005            -Infinity
   12.9500008            -Infinity
   12.9600010            -Infinity
   12.9700012            -Infinity
   12.9800005            -Infinity
   12.9900007            -Infinity
   13.0000010            -Infinity
   13.0100012            -Infinity
   13.0200005            -Infinity
   13.0300007            -Infinity
   13.0400009            -Infinity
   13.0500011            -Infinity
   13.0600014            -Infinity
   13.0700006            -Infinity
   13.0800009            -Infinity
   13.0900011            -Infinity
   13.1000013            -Infinity
   13.1100006            -Infinity
   13.1200008            -Infinity
   13.1300011            -Infinity
   13.1400013            -Infinity
   13.1500006            -Infinity
   13.1600008            -Infinity
   13.1700010            -Infinity
   13.1800013            -Infinity
   13.1900005            -Infinity
   13.2000008            -Infinity
   13.2100010            -Infinity
   13.2200012            -Infinity
   13.2300005            -Infinity
   13.2400007            -Infinity
   13.2500010            -Infinity
   13.2600012            -Infinity
   13.2700014            -Infinity
   13.2800007            -Infinity
   13.2900009            -Infinity
   13.3000011            -Infinity
   13.3100014            -Infinity
   13.3200006            -Infinity
   13.3300009            -Infinity
   13.3400011            -Infinity
   13.3500013            -Infinity
   13.3600006            -Infinity
   13.3700008            -Infinity
   13.3800011            -Infinity
   13.3900013            -Infinity
   13.4000006            -Infinity
   13.4100008            -Infinity
   13.4200010            -Infinity
   13.4300013            -Infinity
   13.4400005            -Infinity
   13.4500008            -Infinity
   13.4600010            -Infinity
   13.4700012            -Infinity
   13.4800005            -Infinity
   13.4900007            -Infinity
   13.5000010            -Infinity
   13.5100012            -Infinity
   13.5200014            -Infinity
   13.5300007            -Infinity
   13.5400009            -Infinity
   13.5500011            -Infinity
   13.5600014            -Infinity
   13.5700006            -Infinity
   13.5800009            -Infinity
   13.5900011            -Infinity
   13.6000013            -Infinity
   13.6100006            -Infinity
   13.6200008            -Infinity
   13.6300011            -Infinity
   13.6400013            -Infinity
   13.6500006            -Infinity
   13.6600008            -Infinity
   13.6700010            -Infinity
   13.6800013            -Infinity
   13.6900005            -Infinity
   13.7000008            -Infinity
   13.7100010            -Infinity
   13.7200012            -Infinity
   13.7300005            -Infinity
   13.7400007            -Infinity
   13.7500010            -Infinity
   13.7600012            -Infinity
   13.7700014            -Infinity
   13.7800007            -Infinity
   13.7900009            -Infinity
   13.8000011            -Infinity
   13.8100014            -Infinity
   13.8200006            -Infinity
   13.8300009            -Infinity
   13.8400011            -Infinity
   13.8500013            -Infinity
   13.8600006            -Infinity
   13.8700008            -Infinity
   13.8800011            -Infinity
   13.8900013            -Infinity
   13.9000006            -Infinity
   13.9100008            -Infinity
   13.9200010            -Infinity
   13.9300013            -Infinity
   13.9400005            -Infinity
   13.9500008            -Infinity
   13.9600010            -Infinity
   13.9700012            -Infinity
   13.9800014            -Infinity
   13.9900007            -Infinity
   14.0000010            -Infinity
   14.0100012            -Infinity
   14.0200014            -Infinity
   14.0300007            -Infinity
   14.0400009            -Infinity
   14.0500011            -Infinity
   14.0600014            -Infinity
   14.0700006            -Infinity
   14.0800009            -Infinity
   14.0900011            -Infinity
   14.1000013            -Infinity
   14.1100006            -Infinity
   14.1200008            -Infinity
   14.1300011            -Infinity
   14.1400013            -Infinity
   14.1500006            -Infinity
   14.1600008            -Infinity
   14.1700010            -Infinity
   14.1800013            -Infinity
   14.1900005            -Infinity
   14.2000008            -Infinity
   14.2100010            -Infinity
   14.2200012            -Infinity
   14.2300014            -Infinity
   14.2400007            -Infinity
   14.2500010            -Infinity
   14.2600012            -Infinity
   14.2700014            -Infinity
   14.2800007            -Infinity
   14.2900009            -Infinity
   14.3000011            -Infinity
   14.3100014            -Infinity
   14.3200006            -Infinity
   14.3300009            -Infinity
   14.3400011            -Infinity
   14.3500013            -Infinity
   14.3600006            -Infinity
   14.3700008            -Infinity
   14.3800011            -Infinity
   14.3900013            -Infinity
   14.4000006            -Infinity
   14.4100008            -Infinity
   14.4200010            -Infinity
   14.4300013            -Infinity
   14.4400015            -Infinity
   14.4500008            -Infinity
   14.4600010            -Infinity
   14.4700012            -Infinity
   14.4800014            -Infinity
   14.4900007            -Infinity
   14.5000010            -Infinity
   14.5100012            -Infinity
   14.5200014            -Infinity
   14.5300007            -Infinity
   14.5400009            -Infinity
   14.5500011            -Infinity
   14.5600014            -Infinity
   14.5700006            -Infinity
   14.5800009            -Infinity
   14.5900011            -Infinity
   14.6000013            -Infinity
   14.6100006            -Infinity
   14.6200008            -Infinity
   14.6300011            -Infinity
   14.6400013            -Infinity
   14.6500006            -Infinity
   14.6600008            -Infinity
   14.6700010            -Infinity
   14.6800013            -Infinity
   14.6900015            -Infinity
   14.7000008            -Infinity
   14.7100010            -Infinity
   14.7200012            -Infinity
   14.7300014            -Infinity
   14.7400007            -Infinity
   14.7500010            -Infinity
   14.7600012            -Infinity
   14.7700014            -Infinity
   14.7800007            -Infinity
   14.7900009            -Infinity
   14.8000011            -Infinity
   14.8100014            -Infinity
   14.8200006            -Infinity
   14.8300009            -Infinity
   14.8400011            -Infinity
   14.8500013            -Infinity
   14.8600006            -Infinity
   14.8700008            -Infinity
   14.8800011            -Infinity
   14.8900013            -Infinity
   14.9000015            -Infinity
   14.9100008            -Infinity
   14.9200010            -Infinity
   14.9300013            -Infinity
   14.9400015            -Infinity
   14.9500008            -Infinity
   14.9600010            -Infinity
   14.9700012            -Infinity
   14.9800014            -Infinity
   14.9900007            -Infinity
   15.0000010            -Infinity
   15.0100012            -Infinity
   15.0200014            -Infinity
   15.0300007            -Infinity
   15.0400009            -Infinity
   15.0500011            -Infinity
   15.0600014            -Infinity
   15.0700006            -Infinity
   15.0800009            -Infinity
   15.0900011            -Infinity
   15.1000013            -Infinity
   15.1100006            -Infinity
   15.1200008            -Infinity
   15.1300011            -Infinity
   15.1400013            -Infinity
   15.1500015            -Infinity
   15.1600008            -Infinity
   15.1700010            -Infinity
   15.1800013            -Infinity
   15.1900015            -Infinity
   15.2000008            -Infinity
   15.2100010            -Infinity
   15.2200012            -Infinity
   15.2300014            -Infinity
   15.2400007            -Infinity
   15.2500010            -Infinity
   15.2600012            -Infinity
   15.2700014            -Infinity
   15.2800007            -Infinity
   15.2900009            -Infinity
   15.3000011            -Infinity
   15.3100014            -Infinity
   15.3200006            -Infinity
   15.3300009            -Infinity
   15.3400011            -Infinity
   15.3500013            -Infinity
   15.3600006            -Infinity
   15.3700008            -Infinity
   15.3800011            -Infinity
   15.3900013            -Infinity
   15.4000015            -Infinity
   15.4100008            -Infinity
   15.4200010            -Infinity
   15.4300013            -Infinity
   15.4400015            -Infinity
   15.4500008            -Infinity
   15.4600010            -Infinity
   15.4700012            -Infinity
   15.4800014            -Infinity
   15.4900007            -Infinity
   15.5000010            -Infinity
   15.5100012            -Infinity
   15.5200014            -Infinity
   15.5300007            -Infinity
   15.5400009            -Infinity
   15.5500011            -Infinity
   15.5600014            -Infinity
   15.5700006            -Infinity
   15.5800009            -Infinity
   15.5900011            -Infinity
   15.6000013            -Infinity
   15.6100016            -Infinity
   15.6200008            -Infinity
   15.6300011            -Infinity
   15.6400013            -Infinity
   15.6500015            -Infinity
   15.6600008            -Infinity
   15.6700010            -Infinity
   15.6800013            -Infinity
   15.6900015            -Infinity
   15.7000008            -Infinity
   15.7100010            -Infinity
   15.7200012            -Infinity
   15.7300014            -Infinity
   15.7400007            -Infinity
   15.7500010            -Infinity
   15.7600012            -Infinity
   15.7700014            -Infinity
   15.7800007            -Infinity
   15.7900009            -Infinity
   15.8000011            -Infinity
   15.8100014            -Infinity
   15.8200006            -Infinity
   15.8300009            -Infinity
   15.8400011            -Infinity
   15.8500013            -Infinity
   15.8600016            -Infinity
   15.8700008            -Infinity
   15.8800011            -Infinity
   15.8900013            -Infinity
   15.9000015            -Infinity
   15.9100008            -Infinity
   15.9200010            -Infinity
   15.9300013            -Infinity
   15.9400015            -Infinity
   15.9500008            -Infinity
   15.9600010            -Infinity
   15.9700012            -Infinity
   15.9800014            -Infinity
   15.9900007            -Infinity
