   0.00000000      -5.00923663E-04
   1.00000007E-02  -8.56444612E-02
   2.00000014E-02 -0.126992419    
   3.00000012E-02 -0.150595009    
   4.00000028E-02 -0.161385998    
   5.00000045E-02 -0.169401556    
   6.00000024E-02 -0.174483001    
   7.00000077E-02 -0.181363955    
   8.00000057E-02 -0.187990278    
   9.00000036E-02 -0.196289062    
  0.100000009     -0.202855378    
  0.110000007     -0.210566431    
  0.120000005     -0.215132728    
  0.130000010     -0.219028488    
  0.140000015     -0.221770003    
  0.150000006     -0.225609809    
  0.160000011     -0.228821024    
  0.170000017     -0.233155355    
  0.180000007     -0.236377195    
  0.190000013     -0.240467519    
  0.200000018     -0.243699029    
  0.210000008     -0.246230543    
  0.220000014     -0.248754501    
  0.230000019     -0.251410902    
  0.240000010     -0.254018128    
  0.250000030     -0.256885529    
  0.260000020     -0.260368407    
  0.270000011     -0.263622552    
  0.280000031     -0.265977740    
  0.290000021     -0.268338561    
  0.300000012     -0.271233082    
  0.310000032     -0.274666041    
  0.320000023     -0.277593434    
  0.330000013     -0.278988361    
  0.340000033     -0.280875325    
  0.350000024     -0.282505840    
  0.360000014     -0.286064833    
  0.370000035     -0.287544191    
  0.380000025     -0.290582269    
  0.390000015     -0.292112142    
  0.400000036     -0.293629676    
  0.410000026     -0.295003295    
  0.420000017     -0.297448337    
  0.430000037     -0.298797905    
  0.440000027     -0.300457925    
  0.450000018     -0.302503794    
  0.460000038     -0.304819554    
  0.470000029     -0.306874335    
  0.480000019     -0.309081614    
  0.490000039     -0.310907423    
  0.500000060     -0.312424034    
  0.510000050     -0.314047277    
  0.520000041     -0.314792782    
  0.530000031     -0.317092359    
  0.540000021     -0.319202483    
  0.550000012     -0.320476711    
  0.560000062     -0.321887732    
  0.570000052     -0.322834581    
  0.580000043     -0.323797345    
  0.590000033     -0.325635105    
  0.600000024     -0.328277320    
  0.610000014     -0.330153614    
  0.620000064     -0.331457078    
  0.630000055     -0.333065987    
  0.640000045     -0.335042626    
  0.650000036     -0.336550653    
  0.660000026     -0.337755620    
  0.670000076     -0.339496970    
  0.680000067     -0.341256708    
  0.690000057     -0.342482626    
  0.700000048     -0.343479842    
  0.710000038     -0.345046699    
  0.720000029     -0.346970290    
  0.730000079     -0.348959267    
  0.740000069     -0.351246029    
  0.750000060     -0.353755206    
  0.760000050     -0.354918927    
  0.770000041     -0.356768280    
  0.780000031     -0.357235074    
  0.790000081     -0.357904434    
  0.800000072     -0.359790504    
  0.810000062     -0.361836404    
  0.820000052     -0.363855183    
  0.830000043     -0.365689725    
  0.840000033     -0.367008865    
  0.850000083     -0.368896425    
  0.860000074     -0.370046437    
  0.870000064     -0.372382075    
  0.880000055     -0.374406427    
  0.890000045     -0.376593590    
  0.900000036     -0.378912717    
  0.910000086     -0.380026639    
  0.920000076     -0.381843239    
  0.930000067     -0.383519351    
  0.940000057     -0.384126633    
  0.950000048     -0.385742515    
  0.960000038     -0.386174947    
  0.970000088     -0.387794197    
  0.980000079     -0.389158964    
  0.990000069     -0.390782982    
   1.00000012     -0.392006785    
   1.01000011     -0.392587036    
   1.02000010     -0.392861128    
   1.03000009     -0.393409640    
   1.04000008     -0.395186037    
   1.05000007     -0.397192419    
   1.06000006     -0.398894459    
   1.07000005     -0.400436968    
   1.08000004     -0.401444852    
   1.09000003     -0.402649254    
   1.10000002     -0.404050767    
   1.11000013     -0.405699164    
   1.12000012     -0.408037841    
   1.13000011     -0.409217358    
   1.14000010     -0.410283446    
   1.15000010     -0.411531389    
   1.16000009     -0.412780851    
   1.17000008     -0.413323909    
   1.18000007     -0.414262503    
   1.19000006     -0.416505694    
   1.20000005     -0.418257535    
   1.21000004     -0.419051766    
   1.22000003     -0.420277566    
   1.23000014     -0.421886623    
   1.24000013     -0.423448384    
   1.25000012     -0.425162464    
   1.26000011     -0.425962299    
   1.27000010     -0.427530348    
   1.28000009     -0.429452181    
   1.29000008     -0.429954141    
   1.30000007     -0.431327432    
   1.31000006     -0.433138996    
   1.32000005     -0.435340792    
   1.33000004     -0.437058628    
   1.34000015     -0.438965023    
   1.35000014     -0.440858215    
   1.36000013     -0.441755354    
   1.37000012     -0.442992330    
   1.38000011     -0.444570392    
   1.39000010     -0.446491301    
   1.40000010     -0.448074907    
   1.41000009     -0.449456215    
   1.42000008     -0.451694369    
   1.43000007     -0.453097850    
   1.44000006     -0.453748912    
   1.45000005     -0.454640478    
   1.46000016     -0.456340164    
   1.47000015     -0.459145039    
   1.48000014     -0.460904181    
   1.49000013     -0.460973173    
   1.50000012     -0.462355196    
   1.51000011     -0.463393003    
   1.52000010     -0.464466423    
   1.53000009     -0.465801239    
   1.54000008     -0.466929436    
   1.55000007     -0.468458831    
   1.56000006     -0.470582962    
   1.57000005     -0.471385121    
   1.58000016     -0.471734047    
   1.59000015     -0.473358184    
   1.60000014     -0.473935157    
   1.61000013     -0.475440294    
   1.62000012     -0.476123542    
   1.63000011     -0.477193236    
   1.64000010     -0.477877766    
   1.65000010     -0.479318500    
   1.66000009     -0.481289715    
   1.67000008     -0.483406037    
   1.68000007     -0.484536588    
   1.69000018     -0.486040056    
   1.70000017     -0.487404019    
   1.71000016     -0.487138152    
   1.72000015     -0.488131016    
   1.73000014     -0.489586622    
   1.74000013     -0.491115540    
   1.75000012     -0.492343843    
   1.76000011     -0.494376630    
   1.77000010     -0.495501816    
   1.78000009     -0.496807128    
   1.79000008     -0.498203725    
   1.80000007     -0.499422908    
   1.81000018     -0.501272440    
   1.82000017     -0.502711356    
   1.83000016     -0.503935933    
   1.84000015     -0.505360603    
   1.85000014     -0.504945636    
   1.86000013     -0.506010532    
   1.87000012     -0.508940279    
   1.88000011     -0.510644197    
   1.89000010     -0.511805952    
   1.90000010     -0.513805866    
   1.91000009     -0.515135407    
   1.92000008     -0.516010523    
   1.93000019     -0.517690003    
   1.94000018     -0.518311381    
   1.95000017     -0.520672500    
   1.96000016     -0.521570802    
   1.97000015     -0.523278117    
   1.98000014     -0.524344265    
   1.99000013     -0.525890410    
   2.00000024     -0.527457416    
   2.01000023     -0.528398871    
   2.02000022     -0.530339777    
   2.03000021     -0.532785177    
   2.04000020     -0.533638716    
   2.05000019     -0.535329521    
   2.06000018     -0.536930025    
   2.07000017     -0.537824512    
   2.08000016     -0.538533151    
   2.09000015     -0.540568590    
   2.10000014     -0.543245375    
   2.11000013     -0.543714046    
   2.12000012     -0.544877350    
   2.13000011     -0.546455562    
   2.14000010     -0.547302127    
   2.15000010     -0.548149407    
   2.16000009     -0.549317837    
   2.17000008     -0.551337659    
   2.18000007     -0.553039730    
   2.19000006     -0.554953337    
   2.20000005     -0.556338668    
   2.21000004     -0.557897091    
   2.22000027     -0.558486819    
   2.23000026     -0.560715973    
   2.24000025     -0.563160479    
   2.25000024     -0.564327478    
   2.26000023     -0.565304279    
   2.27000022     -0.565476775    
   2.28000021     -0.566684783    
   2.29000020     -0.569067001    
   2.30000019     -0.570549011    
   2.31000018     -0.571859717    
   2.32000017     -0.573771000    
   2.33000016     -0.575531065    
   2.34000015     -0.577080965    
   2.35000014     -0.577895641    
   2.36000013     -0.578769147    
   2.37000012     -0.578827441    
   2.38000011     -0.581063509    
   2.39000010     -0.582310081    
   2.40000010     -0.583811998    
   2.41000009     -0.585374773    
   2.42000008     -0.586039662    
   2.43000007     -0.587782323    
   2.44000006     -0.588331163    
   2.45000029     -0.589351356    
   2.46000028     -0.590686858    
   2.47000027     -0.591296375    
   2.48000026     -0.592476964    
   2.49000025     -0.592713296    
   2.50000024     -0.593067884    
   2.51000023     -0.594191492    
   2.52000022     -0.595020115    
   2.53000021     -0.596481919    
   2.54000020     -0.599273205    
   2.55000019     -0.600364029    
   2.56000018     -0.601118445    
   2.57000017     -0.601555526    
   2.58000016     -0.601833701    
   2.59000015     -0.603046775    
   2.60000014     -0.605038583    
   2.61000013     -0.605477393    
   2.62000012     -0.606375337    
   2.63000011     -0.607374072    
   2.64000010     -0.608954132    
   2.65000010     -0.610717118    
   2.66000009     -0.612161934    
   2.67000008     -0.612523377    
   2.68000031     -0.613347352    
   2.69000030     -0.614514172    
   2.70000029     -0.615702450    
   2.71000028     -0.616710424    
   2.72000027     -0.618406415    
   2.73000026     -0.620287359    
   2.74000025     -0.621381223    
   2.75000024     -0.621989310    
   2.76000023     -0.623166263    
   2.77000022     -0.624202192    
   2.78000021     -0.625727713    
   2.79000020     -0.627704084    
   2.80000019     -0.629745603    
   2.81000018     -0.631034017    
   2.82000017     -0.632180631    
   2.83000016     -0.633677304    
   2.84000015     -0.635443389    
   2.85000014     -0.637274265    
   2.86000013     -0.639376760    
   2.87000012     -0.640987635    
   2.88000011     -0.641794086    
   2.89000010     -0.642249167    
   2.90000010     -0.643781722    
   2.91000032     -0.645482719    
   2.92000031     -0.646479666    
   2.93000031     -0.647269785    
   2.94000030     -0.648559988    
   2.95000029     -0.648914158    
   2.96000028     -0.650602996    
   2.97000027     -0.651187420    
   2.98000026     -0.652503788    
   2.99000025     -0.654470980    
   3.00000024     -0.655519009    
   3.01000023     -0.655896544    
   3.02000022     -0.657387018    
   3.03000021     -0.659574509    
   3.04000020     -0.660669982    
   3.05000019     -0.661239266    
   3.06000018     -0.662716687    
   3.07000017     -0.663942516    
   3.08000016     -0.664704144    
   3.09000015     -0.666441083    
   3.10000014     -0.667989969    
   3.11000013     -0.670285821    
   3.12000012     -0.671457112    
   3.13000011     -0.671968520    
   3.14000010     -0.671627581    
   3.15000033     -0.673227131    
   3.16000032     -0.674530029    
   3.17000031     -0.675257027    
   3.18000031     -0.676476836    
   3.19000030     -0.678041339    
   3.20000029     -0.679651320    
   3.21000028     -0.681328297    
   3.22000027     -0.682146370    
   3.23000026     -0.682060301    
   3.24000025     -0.682275593    
   3.25000024     -0.684755683    
   3.26000023     -0.686571121    
   3.27000022     -0.688736618    
   3.28000021     -0.689821184    
   3.29000020     -0.690081656    
   3.30000019     -0.690863490    
   3.31000018     -0.691819847    
   3.32000017     -0.693517387    
   3.33000016     -0.695392489    
   3.34000015     -0.696702778    
   3.35000014     -0.697358549    
   3.36000013     -0.699350357    
   3.37000012     -0.701126695    
   3.38000035     -0.701851249    
   3.39000034     -0.702752173    
   3.40000033     -0.703896105    
   3.41000032     -0.705371797    
   3.42000031     -0.707490146    
   3.43000031     -0.708882749    
   3.44000030     -0.709126055    
   3.45000029     -0.709657252    
   3.46000028     -0.710698247    
   3.47000027     -0.712561429    
   3.48000026     -0.713383198    
   3.49000025     -0.715674460    
   3.50000024     -0.716833234    
   3.51000023     -0.717212319    
   3.52000022     -0.717814803    
   3.53000021     -0.719400585    
   3.54000020     -0.720921874    
   3.55000019     -0.721795321    
   3.56000018     -0.723342657    
   3.57000017     -0.723701775    
   3.58000016     -0.724173367    
   3.59000015     -0.724847376    
   3.60000014     -0.726106882    
   3.61000037     -0.728021562    
   3.62000036     -0.729036689    
   3.63000035     -0.729939938    
   3.64000034     -0.731771469    
   3.65000033     -0.732699811    
   3.66000032     -0.734604478    
   3.67000031     -0.735262871    
   3.68000031     -0.736376345    
   3.69000030     -0.738083065    
   3.70000029     -0.740477383    
   3.71000028     -0.741413832    
   3.72000027     -0.742511272    
   3.73000026     -0.741939545    
   3.74000025     -0.742762923    
   3.75000024     -0.743701518    
   3.76000023     -0.745650232    
   3.77000022     -0.746499717    
   3.78000021     -0.746775389    
   3.79000020     -0.747258008    
   3.80000019     -0.748177767    
   3.81000018     -0.749743462    
   3.82000017     -0.750665605    
   3.83000016     -0.752789736    
   3.84000015     -0.753830314    
   3.85000038     -0.755010962    
   3.86000037     -0.755729318    
   3.87000036     -0.756680191    
   3.88000035     -0.758468449    
   3.89000034     -0.759212554    
   3.90000033     -0.760096908    
   3.91000032     -0.762661219    
   3.92000031     -0.764156222    
   3.93000031     -0.765513062    
   3.94000030     -0.766754448    
   3.95000029     -0.768208683    
   3.96000028     -0.769429982    
   3.97000027     -0.769665003    
   3.98000026     -0.771076381    
   3.99000025     -0.771971226    
   4.00000048     -0.772560418    
   4.01000023     -0.773362279    
   4.02000046     -0.775393367    
   4.03000021     -0.777357519    
   4.04000044     -0.778969586    
   4.05000019     -0.779610395    
   4.06000042     -0.780774355    
   4.07000017     -0.781083405    
   4.08000040     -0.782225370    
   4.09000015     -0.784036040    
   4.10000038     -0.784918666    
   4.11000013     -0.785849988    
   4.12000036     -0.787451863    
   4.13000011     -0.787858784    
   4.14000034     -0.789559782    
   4.15000010     -0.790639341    
   4.16000032     -0.791287720    
   4.17000008     -0.793331504    
   4.18000031     -0.794053793    
   4.19000053     -0.795717180    
   4.20000029     -0.797431648    
   4.21000051     -0.798810184    
   4.22000027     -0.800748110    
   4.23000050     -0.801912785    
   4.24000025     -0.802787066    
   4.25000048     -0.803491950    
   4.26000023     -0.804635406    
   4.27000046     -0.807316720    
   4.28000021     -0.809002280    
   4.29000044     -0.809320152    
   4.30000019     -0.810641706    
   4.31000042     -0.811009109    
   4.32000017     -0.811646342    
   4.33000040     -0.813118279    
   4.34000015     -0.814690709    
   4.35000038     -0.816511869    
   4.36000013     -0.817448378    
   4.37000036     -0.818089724    
   4.38000011     -0.819398224    
   4.39000034     -0.820708394    
   4.40000010     -0.821624100    
   4.41000032     -0.822639763    
   4.42000008     -0.824574888    
   4.43000031     -0.825419545    
   4.44000053     -0.826862097    
   4.45000029     -0.828032613    
   4.46000051     -0.829603732    
   4.47000027     -0.830277860    
   4.48000050     -0.830677569    
   4.49000025     -0.831202388    
   4.50000048     -0.832603216    
   4.51000023     -0.834156513    
   4.52000046     -0.835636854    
   4.53000021     -0.836867929    
   4.54000044     -0.838301957    
   4.55000019     -0.838805616    
   4.56000042     -0.839586794    
   4.57000017     -0.840595603    
   4.58000040     -0.842313051    
   4.59000015     -0.844311953    
   4.60000038     -0.845579147    
   4.61000013     -0.846797168    
   4.62000036     -0.847101927    
   4.63000011     -0.848143816    
   4.64000034     -0.848423481    
   4.65000010     -0.849034071    
   4.66000032     -0.850587666    
   4.67000055     -0.851862788    
   4.68000031     -0.852296710    
   4.69000053     -0.852654219    
   4.70000029     -0.854673922    
   4.71000051     -0.855928719    
   4.72000027     -0.857467353    
   4.73000050     -0.858160496    
   4.74000025     -0.859034002    
   4.75000048     -0.859034002    
   4.76000023     -0.859625399    
   4.77000046     -0.860191405    
   4.78000021     -0.861066639    
   4.79000044     -0.862639070    
   4.80000019     -0.863387406    
   4.81000042     -0.865428925    
   4.82000017     -0.866360664    
   4.83000040     -0.866567791    
   4.84000015     -0.867474616    
   4.85000038     -0.869290769    
   4.86000013     -0.870538116    
   4.87000036     -0.871136248    
   4.88000011     -0.872125387    
   4.89000034     -0.873271883    
   4.90000057     -0.875020266    
   4.91000032     -0.875176966    
   4.92000055     -0.876483917    
   4.93000031     -0.878735900    
   4.94000053     -0.879680097    
   4.95000029     -0.880887866    
   4.96000051     -0.882623315    
   4.97000027     -0.882807553    
   4.98000050     -0.884308994    
   4.99000025     -0.885416806    
   5.00000048     -0.885759890    
   5.01000023     -0.886103153    
   5.02000046     -0.886156023    
   5.03000021     -0.887107253    
   5.04000044     -0.888429880    
   5.05000019     -0.889860332    
   5.06000042     -0.890894651    
   5.07000017     -0.891797304    
   5.08000040     -0.892913401    
   5.09000015     -0.894669890    
   5.10000038     -0.896002591    
   5.11000013     -0.897363722    
   5.12000036     -0.898405910    
   5.13000059     -0.899475873    
   5.14000034     -0.900279164    
   5.15000057     -0.900413096    
   5.16000032     -0.900091708    
   5.17000055     -0.901136696    
   5.18000031     -0.902424335    
   5.19000053     -0.903525531    
   5.20000029     -0.904896975    
   5.21000051     -0.906890333    
   5.22000027     -0.907834470    
   5.23000050     -0.907807529    
   5.24000025     -0.909482121    
   5.25000048     -0.910077035    
   5.26000023     -0.911891103    
   5.27000046     -0.912785709    
   5.28000021     -0.914468765    
   5.29000044     -0.916073024    
   5.30000019     -0.917298317    
   5.31000042     -0.919207335    
   5.32000017     -0.921393573    
   5.33000040     -0.923721671    
   5.34000015     -0.923941016    
   5.35000038     -0.925230980    
   5.36000061     -0.926137686    
   5.37000036     -0.926715016    
   5.38000059     -0.927595496    
   5.39000034     -0.928752422    
   5.40000057     -0.929910541    
   5.41000032     -0.931318700    
   5.42000055     -0.931733251    
   5.43000031     -0.933227003    
   5.44000053     -0.934113264    
   5.45000029     -0.935915887    
   5.46000051     -0.936443448    
   5.47000027     -0.938222408    
   5.48000050     -0.938973904    
   5.49000025     -0.940116107    
   5.50000048     -0.941203833    
   5.51000023     -0.940478563    
   5.52000046     -0.941231787    
   5.53000021     -0.943103194    
   5.54000044     -0.944866061    
   5.55000019     -0.946071148    
   5.56000042     -0.947614551    
   5.57000017     -0.947698832    
   5.58000040     -0.948401213    
   5.59000063     -0.949891984    
   5.60000038     -0.951807976    
   5.61000061     -0.953501523    
   5.62000036     -0.955509245    
   5.63000059     -0.956698835    
   5.64000034     -0.957294166    
   5.65000057     -0.958372355    
   5.66000032     -0.959650695    
   5.67000055     -0.960389972    
   5.68000031     -0.962896287    
   5.69000053     -0.964266062    
   5.70000029     -0.964951634    
   5.71000051     -0.965094507    
   5.72000027     -0.968099892    
   5.73000050     -0.969448030    
   5.74000025     -0.970280886    
   5.75000048     -0.970769346    
   5.76000023     -0.971718311    
   5.77000046     -0.974137843    
   5.78000021     -0.975378692    
   5.79000044     -0.977401972    
   5.80000019     -0.978878677    
   5.81000042     -0.979777336    
   5.82000065     -0.980676830    
   5.83000040     -0.982158363    
   5.84000063     -0.983875096    
   5.85000038     -0.985098898    
   5.86000061     -0.985653043    
   5.87000036     -0.987171233    
   5.88000059     -0.988838017    
   5.89000034     -0.990976691    
   5.90000057     -0.992708623    
   5.91000032     -0.993708074    
   5.92000055     -0.995591998    
   5.93000031     -0.996358335    
   5.94000053     -0.998217762    
   5.95000029     -0.998158753    
   5.96000051      -1.00037670    
   5.97000027      -1.00153196    
   5.98000050      -1.00194705    
   5.99000025      -1.00509512    
   6.00000048      -1.00750756    
   6.01000023      -1.00855172    
   6.02000046      -1.01010501    
   6.03000021      -1.01216996    
   6.04000044      -1.01375890    
   6.05000019      -1.01507998    
   6.06000042      -1.01682413    
   6.07000065      -1.01775753    
   6.08000040      -1.02001941    
   6.09000063      -1.02128839    
   6.10000038      -1.02286172    
   6.11000061      -1.02374017    
   6.12000036      -1.02574229    
   6.13000059      -1.02720106    
   6.14000034      -1.02899683    
   6.15000057      -1.03104019    
   6.16000032      -1.03250659    
   6.17000055      -1.03317940    
   6.18000031      -1.03483272    
   6.19000053      -1.03630471    
   6.20000029      -1.03793263    
   6.21000051      -1.03827083    
   6.22000027      -1.03968620    
   6.23000050      -1.04141212    
   6.24000025      -1.04314101    
   6.25000048      -1.04574001    
   6.26000023      -1.04629767    
   6.27000046      -1.04753840    
   6.28000021      -1.04912245    
   6.29000044      -1.05005550    
   6.30000067      -1.05045998    
   6.31000042      -1.05242288    
   6.32000065      -1.05417097    
   6.33000040      -1.05564046    
   6.34000063      -1.05670476    
   6.35000038      -1.05858576    
   6.36000061      -1.05981040    
   6.37000036      -1.06220114    
   6.38000059      -1.06213808    
   6.39000034      -1.06402934    
   6.40000057      -1.06582940    
   6.41000032      -1.06858325    
   6.42000055      -1.06959796    
   6.43000031      -1.07163072    
   6.44000053      -1.07217121    
   6.45000029      -1.07494259    
   6.46000051      -1.07628310    
   6.47000027      -1.07848954    
   6.48000050      -1.07967460    
   6.49000025      -1.08143890    
   6.50000048      -1.08275604    
   6.51000023      -1.08504128    
   6.52000046      -1.08681500    
   6.53000069      -1.08797777    
   6.54000044      -1.08914173    
   6.55000067      -1.09043682    
   6.56000042      -1.09085798    
   6.57000065      -1.09283698    
   6.58000040      -1.09394169    
   6.59000063      -1.09621990    
   6.60000038      -1.09755671    
   6.61000061      -1.09925485    
   6.62000036      -1.09958172    
   6.63000059      -1.10072660    
   6.64000034      -1.10174179    
   6.65000057      -1.10433352    
   6.66000032      -1.10581291    
   6.67000055      -1.10772276    
   6.68000031      -1.10864615    
   6.69000053      -1.10864615    
   6.70000029      -1.10877812    
   6.71000051      -1.11019790    
   6.72000027      -1.11277854    
   6.73000050      -1.11463547    
   6.74000025      -1.11513340    
   6.75000048      -1.11692810    
   6.76000071      -1.11919284    
   6.77000046      -1.12009335    
   6.78000069      -1.12032712    
   6.79000044      -1.12129545    
   6.80000067      -1.12266636    
   6.81000042      -1.12534642    
   6.82000065      -1.12756300    
   6.83000040      -1.12800014    
   6.84000063      -1.13012147    
   6.85000038      -1.13072836    
   6.86000061      -1.13299072    
   6.87000036      -1.13407314    
   6.88000059      -1.13488555    
   6.89000034      -1.13732708    
   6.90000057      -1.13824427    
   6.91000032      -1.13997877    
   6.92000055      -1.14100051    
   6.93000031      -1.14123917    
   6.94000053      -1.14434564    
   6.95000029      -1.14633060    
   6.96000051      -1.14708459    
   6.97000027      -1.14766753    
   6.98000050      -1.14794207    
   6.99000072      -1.14989984    
   7.00000048      -1.15131044    
   7.01000071      -1.15337837    
   7.02000046      -1.15493202    
   7.03000069      -1.15659213    
   7.04000044      -1.15759635    
   7.05000067      -1.15943432    
   7.06000042      -1.16176260    
   7.07000065      -1.16346884    
   7.08000040      -1.16507316    
   7.09000063      -1.16615582    
   7.10000038      -1.16776466    
   7.11000061      -1.16842985    
   7.12000036      -1.16941106    
   7.13000059      -1.17077923    
   7.14000034      -1.17373252    
   7.15000057      -1.17461312    
   7.16000032      -1.17482448    
   7.17000055      -1.17560029    
   7.18000031      -1.17793119    
   7.19000053      -1.17899251    
   7.20000029      -1.18030310    
   7.21000051      -1.18157983    
   7.22000074      -1.18303585    
   7.23000050      -1.18460071    
   7.24000072      -1.18563354    
   7.25000048      -1.18684578    
   7.26000071      -1.18948925    
   7.27000046      -1.19167352    
   7.28000069      -1.19318020    
   7.29000044      -1.19353938    
   7.30000067      -1.19558859    
   7.31000042      -1.19717324    
   7.32000065      -1.19728148    
   7.33000040      -1.19984412    
   7.34000063      -1.20208740    
   7.35000038      -1.20292091    
   7.36000061      -1.20422685    
   7.37000036      -1.20462620    
   7.38000059      -1.20557082    
   7.39000034      -1.20633447    
   7.40000057      -1.20746279    
   7.41000032      -1.20826435    
   7.42000055      -1.20870185    
   7.43000031      -1.21041703    
   7.44000053      -1.21092856    
   7.45000076      -1.21198881    
   7.46000051      -1.21286726    
   7.47000074      -1.21334338    
   7.48000050      -1.21547031    
   7.49000072      -1.21771216    
   7.50000048      -1.22014356    
   7.51000071      -1.22069693    
   7.52000046      -1.22261763    
   7.53000069      -1.22465336    
   7.54000044      -1.22665608    
   7.55000067      -1.22717583    
   7.56000042      -1.22910917    
   7.57000065      -1.23059881    
   7.58000040      -1.23052430    
   7.59000063      -1.23242676    
   7.60000038      -1.23369718    
   7.61000061      -1.23676753    
   7.62000036      -1.23856914    
   7.63000059      -1.23950875    
   7.64000034      -1.24041176    
   7.65000057      -1.24082577    
   7.66000032      -1.24157917    
   7.67000055      -1.24278569    
   7.68000031      -1.24456048    
   7.69000053      -1.24577057    
   7.70000076      -1.24842286    
   7.71000051      -1.25066400    
   7.72000074      -1.25207186    
   7.73000050      -1.25325298    
   7.74000072      -1.25455010    
   7.75000048      -1.25542843    
   7.76000071      -1.25638402    
   7.77000046      -1.25814486    
   7.78000069      -1.25929487    
   7.79000044      -1.26017749    
   7.80000067      -1.26121438    
   7.81000042      -1.26375401    
   7.82000065      -1.26487195    
   7.83000040      -1.26595247    
   7.84000063      -1.26773012    
   7.85000038      -1.26819444    
   7.86000061      -1.26939487    
   7.87000036      -1.27117860    
   7.88000059      -1.27358794    
   7.89000034      -1.27393818    
   7.90000057      -1.27662742    
   7.91000032      -1.27779877    
   7.92000055      -1.27893257    
   7.93000078      -1.27971518    
   7.94000053      -1.28049839    
   7.95000076      -1.28171360    
   7.96000051      -1.28253770    
   7.97000074      -1.28395200    
   7.98000050      -1.28355896    
   7.99000072      -1.28403068    
   8.00000095      -1.28521073    
   8.01000023      -1.28694415    
   8.02000046      -1.28729916    
   8.03000069      -1.28891766    
   8.04000092      -1.28994548    
   8.05000019      -1.29129100    
   8.06000042      -1.29390824    
   8.07000065      -1.29378903    
   8.08000088      -1.29553747    
   8.09000015      -1.29649246    
   8.10000038      -1.29796648    
   8.11000061      -1.29908347    
   8.12000084      -1.29948258    
   8.13000011      -1.30144095    
   8.14000034      -1.30332303    
   8.15000057      -1.30516851    
   8.16000080      -1.30593181    
   8.17000103      -1.30822504    
   8.18000031      -1.31003916    
   8.19000053      -1.31367755    
   8.20000076      -1.31428516    
   8.21000099      -1.31582630    
   8.22000027      -1.31940424    
   8.23000050      -1.32107568    
   8.24000072      -1.32197368    
   8.25000095      -1.32377207    
   8.26000023      -1.32491815    
   8.27000046      -1.32647574    
   8.28000069      -1.32799470    
   8.29000092      -1.32980394    
   8.30000019      -1.33075106    
   8.31000042      -1.33132792    
   8.32000065      -1.33202899    
   8.33000088      -1.33492053    
   8.34000015      -1.33624518    
   8.35000038      -1.33786190    
   8.36000061      -1.33827698    
   8.37000084      -1.34031284    
   8.38000107      -1.34185302    
   8.39000034      -1.34468973    
   8.40000057      -1.34548378    
   8.41000080      -1.34669685    
   8.42000103      -1.34786963    
   8.43000031      -1.35000920    
   8.44000053      -1.35143816    
   8.45000076      -1.35274279    
   8.46000099      -1.35375392    
   8.47000027      -1.35611737    
   8.48000050      -1.35810530    
   8.49000072      -1.35992765    
   8.50000095      -1.36294365    
   8.51000023      -1.36345434    
   8.52000046      -1.36434865    
   8.53000069      -1.36541426    
   8.54000092      -1.36596894    
   8.55000019      -1.36737800    
   8.56000042      -1.36848974    
   8.57000065      -1.36921728    
   8.58000088      -1.37058818    
   8.59000015      -1.37144589    
   8.60000038      -1.37166059    
   8.61000061      -1.37204683    
   8.62000084      -1.37307775    
   8.63000107      -1.37380874    
   8.64000034      -1.37492752    
   8.65000057      -1.37441099    
   8.66000080      -1.37445402    
   8.67000103      -1.37583220    
   8.68000031      -1.37729847    
   8.69000053      -1.37708271    
   8.70000076      -1.37885344    
   8.71000099      -1.38162374    
   8.72000027      -1.38414097    
   8.73000050      -1.38518441    
   8.74000072      -1.38427138    
   8.75000095      -1.38579369    
   8.76000023      -1.38740551    
   8.77000046      -1.38932562    
   8.78000069      -1.39041829    
   8.79000092      -1.39181852    
   8.80000019      -1.39326465    
   8.81000042      -1.39532793    
   8.82000065      -1.39655912    
   8.83000088      -1.39765978    
   8.84000015      -1.40043855    
   8.85000038      -1.40030611    
   8.86000061      -1.40057111    
   8.87000084      -1.40180874    
   8.88000107      -1.40233970    
   8.89000034      -1.40225112    
   8.90000057      -1.40353525    
   8.91000080      -1.40548658    
   8.92000103      -1.40495408    
   8.93000031      -1.40788674    
   8.94000053      -1.40984666    
   8.95000076      -1.41176569    
   8.96000099      -1.41172099    
   8.97000027      -1.41350949    
   8.98000050      -1.41561496    
   8.99000072      -1.41785967    
   9.00000095      -1.41983926    
   9.01000023      -1.42213881    
   9.02000046      -1.42485070    
   9.03000069      -1.42562044    
   9.04000092      -1.42643607    
   9.05000019      -1.42652678    
   9.06000042      -1.42688954    
   9.07000065      -1.42856908    
   9.08000088      -1.43070650    
   9.09000111      -1.43038785    
   9.10000038      -1.43111634    
   9.11000061      -1.43148077    
   9.12000084      -1.43293989    
   9.13000107      -1.43367016    
   9.14000034      -1.43549836    
   9.15000057      -1.43481243    
   9.16000080      -1.43526959    
   9.17000103      -1.43691742    
   9.18000031      -1.43769658    
   9.19000053      -1.43875158    
   9.20000076      -1.43861389    
   9.21000099      -1.44049704    
   9.22000027      -1.44114101    
   9.23000050      -1.44312108    
   9.24000072      -1.44266021    
   9.25000095      -1.44413567    
   9.26000023      -1.44713950    
   9.27000046      -1.44871426    
   9.28000069      -1.45094168    
   9.29000092      -1.45308113    
   9.30000019      -1.45377970    
   9.31000042      -1.45480514    
   9.32000065      -1.45541167    
   9.33000088      -1.45784116    
   9.34000111      -1.46037054    
   9.35000038      -1.46168458    
   9.36000061      -1.46304727    
   9.37000084      -1.46521270    
   9.38000107      -1.46634424    
   9.39000034      -1.46728837    
   9.40000057      -1.46842229    
   9.41000080      -1.47036254    
   9.42000103      -1.47268641    
   9.43000031      -1.47387409    
   9.44000053      -1.47458732    
   9.45000076      -1.47653949    
   9.46000099      -1.47902107    
   9.47000027      -1.48050332    
   9.48000050      -1.48131716    
   9.49000072      -1.48208368    
   9.50000095      -1.48246717    
   9.51000023      -1.48419476    
   9.52000046      -1.48534811    
   9.53000069      -1.48645461    
   9.54000092      -1.48789978    
   9.55000114      -1.48891258    
   9.56000042      -1.48978162    
   9.57000065      -1.49103808    
   9.58000088      -1.49370134    
   9.59000111      -1.49598289    
   9.60000038      -1.49724722    
   9.61000061      -1.49880552    
   9.62000084      -1.49865937    
   9.63000107      -1.49914670    
   9.64000034      -1.49939048    
   9.65000057      -1.50051272    
   9.66000080      -1.50061035    
   9.67000103      -1.50251627    
   9.68000031      -1.50369096    
   9.69000053      -1.50599539    
   9.70000076      -1.50692844    
   9.71000099      -1.50737083    
   9.72000027      -1.51027513    
   9.73000050      -1.51111352    
   9.74000072      -1.51121223    
   9.75000095      -1.51294076    
   9.76000023      -1.51447415    
   9.77000046      -1.51635718    
   9.78000069      -1.51849222    
   9.79000092      -1.51933753    
   9.80000114      -1.52028310    
   9.81000042      -1.52043259    
   9.82000065      -1.52008390    
   9.83000088      -1.52132928    
   9.84000111      -1.52307546    
   9.85000038      -1.52577543    
   9.86000061      -1.52632642    
   9.87000084      -1.52592576    
   9.88000107      -1.52742910    
   9.89000034      -1.52737892    
   9.90000057      -1.52848279    
   9.91000080      -1.52913558    
   9.92000103      -1.53024137    
   9.93000031      -1.53190243    
   9.94000053      -1.53351569    
   9.95000076      -1.53573823    
   9.96000099      -1.53669953    
   9.97000027      -1.53680086    
   9.98000050      -1.53730714    
   9.99000072      -1.53882778    
   10.0000010      -1.54223216    
   10.0100012      -1.54365838    
   10.0200005      -1.54437220    
   10.0300007      -1.54549491    
   10.0400009      -1.54631233    
   10.0500011      -1.54830742    
   10.0600004      -1.55025530    
   10.0700006      -1.55076849    
   10.0800009      -1.55169296    
   10.0900011      -1.55261827    
   10.1000004      -1.55447149    
   10.1100006      -1.55787790    
   10.1200008      -1.55984449    
   10.1300011      -1.56082928    
   10.1400003      -1.56150353    
   10.1500006      -1.56306136    
   10.1600008      -1.56389332    
   10.1700010      -1.56394529    
   10.1800003      -1.56368530    
   10.1900005      -1.56410134    
   10.2000008      -1.56529856    
   10.2100010      -1.56555915    
   10.2200003      -1.56743634    
   10.2300005      -1.56952655    
   10.2400007      -1.56926501    
   10.2500010      -1.56926501    
   10.2600012      -1.56889904    
   10.2700005      -1.57104456    
   10.2800007      -1.57230270    
   10.2900009      -1.57461321    
   10.3000011      -1.57550728    
   10.3100004      -1.57577050    
   10.3200006      -1.57682371    
   10.3300009      -1.57782531    
   10.3400011      -1.57893360    
   10.3500004      -1.58062458    
   10.3600006      -1.57999003    
   10.3700008      -1.58253050    
   10.3800011      -1.58412147    
   10.3900003      -1.58491790    
   10.4000006      -1.58465230    
   10.4100008      -1.58640635    
   10.4200010      -1.58805680    
   10.4300003      -1.58954990    
   10.4400005      -1.59051096    
   10.4500008      -1.59174025    
   10.4600010      -1.59345317    
   10.4700003      -1.59549093    
   10.4800005      -1.59785581    
   10.4900007      -1.60135961    
   10.5000010      -1.60211587    
   10.5100012      -1.60298085    
   10.5200005      -1.60422564    
   10.5300007      -1.60601425    
   10.5400009      -1.60661125    
   10.5500011      -1.60748005    
   10.5600004      -1.60813224    
   10.5700006      -1.60922027    
   10.5800009      -1.61172688    
   10.5900011      -1.61205435    
   10.6000004      -1.61385703    
   10.6100006      -1.61538911    
   10.6200008      -1.61632049    
   10.6300011      -1.61664951    
   10.6400003      -1.61758208    
   10.6500006      -1.61900997    
   10.6600008      -1.62297499    
   10.6700010      -1.62391341    
   10.6800003      -1.62523985    
   10.6900005      -1.62695575    
   10.7000008      -1.62784255    
   10.7100010      -1.62889659    
   10.7200012      -1.62950730    
   10.7300005      -1.63045192    
   10.7400007      -1.63217688    
   10.7500010      -1.63412786    
   10.7600012      -1.63591492    
   10.7700005      -1.63602662    
   10.7800007      -1.63876975    
   10.7900009      -1.64219499    
   10.8000011      -1.64208257    
   10.8100004      -1.64303923    
   10.8200006      -1.64394033    
   10.8300009      -1.64478588    
   10.8400011      -1.64461672    
   10.8500004      -1.64647925    
   10.8600006      -1.64817536    
   10.8700008      -1.64947760    
   10.8800011      -1.64930773    
   10.8900003      -1.65021455    
   10.9000006      -1.65168989    
   10.9100008      -1.65276945    
   10.9200010      -1.65436244    
   10.9300003      -1.65572977    
   10.9400005      -1.65652835    
   10.9500008      -1.65721333    
   10.9600010      -1.65829885    
   10.9700012      -1.66087449    
   10.9800005      -1.66271007    
   10.9900007      -1.66368663    
   11.0000010      -1.66380155    
   11.0100012      -1.66495180    
   11.0200005      -1.66564250    
   11.0300007      -1.66500926    
   11.0400009      -1.66483665    
   11.0500011      -1.66691017    
   11.0600004      -1.66760230    
   11.0700006      -1.66708314    
   11.0800009      -1.66766000    
   11.0900011      -1.66979718    
   11.1000004      -1.67153335    
   11.1100006      -1.67391109    
   11.1200008      -1.67582893    
   11.1300011      -1.67845023    
   11.1400003      -1.67990935    
   11.1500006      -1.68125379    
   11.1600008      -1.68178034    
   11.1700010      -1.68254137    
   11.1800013      -1.68300998    
   11.1900005      -1.68518031    
   11.2000008      -1.68676698    
   11.2100010      -1.68806171    
   11.2200012      -1.68941712    
   11.2300005      -1.69177866    
   11.2400007      -1.69260657    
   11.2500010      -1.69349432    
   11.2600012      -1.69467914    
   11.2700005      -1.69740975    
   11.2800007      -1.69895649    
   11.2900009      -1.70151973    
   11.3000011      -1.70379043    
   11.3100004      -1.70468819    
   11.3200006      -1.70534706    
   11.3300009      -1.70510745    
   11.3400011      -1.70684612    
   11.3500004      -1.70900857    
   11.3600006      -1.71027231    
   11.3700008      -1.71316659    
   11.3800011      -1.71552455    
   11.3900003      -1.71685708    
   11.4000006      -1.71788800    
   11.4100008      -1.71855557    
   11.4200010      -1.72007453    
   11.4300013      -1.72074366    
   11.4400005      -1.72226596    
   11.4500008      -1.72507298    
   11.4600010      -1.72684669    
   11.4700012      -1.72764301    
   11.4800005      -1.72794938    
   11.4900007      -1.72837842    
   11.5000010      -1.73046517    
   11.5100012      -1.73360348    
   11.5200005      -1.73786533    
   11.5300007      -1.73904204    
   11.5400009      -1.74096501    
   11.5500011      -1.74320269    
   11.5600004      -1.74451029    
   11.5700006      -1.74538302    
   11.5800009      -1.74775565    
   11.5900011      -1.74819338    
   11.6000004      -1.74950743    
   11.6100006      -1.75151336    
   11.6200008      -1.75214112    
   11.6300011      -1.75402641    
   11.6400013      -1.75641966    
   11.6500006      -1.75850272    
   11.6600008      -1.76097000    
   11.6700010      -1.76147687    
   11.6800013      -1.76325297    
   11.6900005      -1.76445997    
   11.7000008      -1.76592302    
   11.7100010      -1.76815355    
   11.7200012      -1.76891947    
   11.7300005      -1.77058077    
   11.7400007      -1.77282178    
   11.7500010      -1.77564609    
   11.7600012      -1.77725446    
   11.7700005      -1.77854288    
   11.7800007      -1.77983308    
   11.7900009      -1.78209484    
   11.8000011      -1.78377831    
   11.8100004      -1.78455627    
   11.8200006      -1.78682888    
   11.8300009      -1.78904128    
   11.8400011      -1.78982341    
   11.8500004      -1.79243469    
   11.8600006      -1.79374290    
   11.8700008      -1.79393935    
   11.8800011      -1.79465973    
   11.8900013      -1.79465973    
   11.9000006      -1.79610205    
   11.9100008      -1.79767787    
   11.9200010      -1.80030978    
   11.9300013      -1.80268443    
   11.9400005      -1.80486619    
   11.9500008      -1.80692005    
   11.9600010      -1.81050789    
   11.9700012      -1.81264007    
   11.9800005      -1.81444263    
   11.9900007      -1.81698513    
   12.0000010      -1.81758833    
   12.0100012      -1.81799054    
   12.0200005      -1.81913126    
   12.0300007      -1.81919837    
   12.0400009      -1.82054210    
   12.0500011      -1.82242632    
   12.0600004      -1.82384193    
   12.0700006      -1.82654369    
   12.0800009      -1.82749104    
   12.0900011      -1.82803273    
   12.1000004      -1.83054221    
   12.1100006      -1.83278561    
   12.1200008      -1.83414769    
   12.1300011      -1.83482957    
   12.1400013      -1.83578479    
   12.1500006      -1.83735597    
   12.1600008      -1.83982038    
   12.1700010      -1.84208488    
   12.1800013      -1.84318459    
   12.1900005      -1.84435439    
   12.2000008      -1.84738839    
   12.2100010      -1.84897816    
   12.2200012      -1.85063958    
   12.2300005      -1.85397077    
   12.2400007      -1.85619783    
   12.2500010      -1.85898864    
   12.2600012      -1.85912836    
   12.2700005      -1.86003721    
   12.2800007      -1.86066675    
   12.2900009      -1.86354017    
   12.3000011      -1.86592937    
   12.3100004      -1.86740792    
   12.3200006      -1.86804223    
   12.3300009      -1.86910033    
   12.3400011      -1.87037146    
   12.3500013      -1.87355661    
   12.3600006      -1.87440765    
   12.3700008      -1.87774789    
   12.3800011      -1.87903023    
   12.3900013      -1.88031411    
   12.4000006      -1.88159955    
   12.4100008      -1.88245749    
   12.4200010      -1.88639927    
   12.4300013      -1.89050066    
   12.4400005      -1.89093339    
   12.4500008      -1.89158285    
   12.4600010      -1.89367819    
   12.4700012      -1.89635813    
   12.4800005      -1.89882708    
   12.4900007      -1.90159369    
   12.5000010      -1.90290701    
   12.5100012      -1.90217721    
   12.5200005      -1.90297997    
   12.5300007      -1.90466058    
   12.5400009      -1.90678370    
   12.5500011      -1.90803027    
   12.5600004      -1.90839732    
   12.5700006      -1.90949893    
   12.5800009      -1.91119063    
   12.5900011      -1.91347504    
   12.6000013      -1.91583884    
   12.6100006      -1.91754115    
   12.6200008      -1.92125201    
   12.6300011      -1.92251694    
   12.6400013      -1.92318714    
   12.6500006      -1.92423069    
   12.6600008      -1.92520070    
   12.6700010      -1.92721820    
   12.6800013      -1.92923987    
   12.6900005      -1.93104029    
   12.7000008      -1.93374705    
   12.7100010      -1.93472636    
   12.7200012      -1.93714094    
   12.7300005      -1.93789661    
   12.7400007      -1.93804777    
   12.7500010      -1.93978846    
   12.7600012      -1.94122863    
   12.7700005      -1.94168389    
   12.7800007      -1.94312692    
   12.7900009      -1.94335485    
   12.8000011      -1.94426751    
   12.8100014      -1.94586658    
   12.8200006      -1.94777358    
   12.8300009      -1.94708669    
   12.8400011      -1.94922543    
   12.8500013      -1.94823194    
   12.8600006      -1.94899607    
   12.8700008      -1.94945478    
   12.8800011      -1.95175195    
   12.8900013      -1.95259547    
   12.9000006      -1.95543826    
   12.9100008      -1.95705533    
   12.9200010      -1.95790339    
   12.9300013      -1.95798051    
   12.9400005      -1.95975626    
   12.9500008      -1.96099341    
   12.9600010      -1.96292949    
   12.9700012      -1.96541321    
   12.9800005      -1.96837056    
   12.9900007      -1.97071171    
   13.0000010      -1.97211885    
   13.0100012      -1.97243190    
   13.0200005      -1.97415507    
   13.0300007      -1.97509623    
   13.0400009      -1.97517478    
   13.0500011      -1.97705984    
   13.0600014      -1.97698116    
   13.0700006      -1.97894859    
   13.0800009      -1.98028862    
   13.0900011      -1.98084092    
   13.1000013      -1.98313224    
   13.1100006      -1.98590457    
   13.1200008      -1.98828709    
   13.1300011      -1.98995817    
   13.1400013      -1.98956001    
   13.1500006      -1.98963964    
   13.1600008      -1.99370837    
   13.1700010      -1.99586928    
   13.1800013      -1.99626994    
   13.1900005      -1.99755311    
   13.2000008      -1.99932015    
   13.2100010      -2.00302505    
   13.2200012      -2.00367069    
   13.2300005      -2.00658178    
   13.2400007      -2.00844598    
   13.2500010      -2.01080155    
   13.2600012      -2.01251054    
   13.2700014      -2.01308107    
   13.2800007      -2.01487589    
   13.2900009      -2.01569271    
   13.3000011      -2.01814723    
   13.3100014      -2.02011538    
   13.3200006      -2.02241611    
   13.3300009      -2.02422786    
   13.3400011      -2.02406287    
   13.3500013      -2.02645564    
   13.3600006      -2.02968240    
   13.3700008      -2.03316903    
   13.3800011      -2.03533363    
   13.3900013      -2.03833818    
   13.4000006      -2.04051399    
   13.4100008      -2.04286242    
   13.4200010      -2.04387045    
   13.4300013      -2.04462743    
   13.4400005      -2.04656386    
   13.4500008      -2.04909563    
   13.4600010      -2.05171824    
   13.4700012      -2.05494285    
   13.4800005      -2.05672932    
   13.4900007      -2.05996990    
   13.5000010      -2.06236458    
   13.5100012      -2.06270695    
   13.5200014      -2.06390691    
   13.5300007      -2.06407833    
   13.5400009      -2.06734300    
   13.5500011      -2.06863451    
   13.5600014      -2.07087731    
   13.5700006      -2.07459760    
   13.5800009      -2.07659316    
   13.5900011      -2.07876682    
   13.6000013      -2.07972455    
   13.6100006      -2.08050919    
   13.6200008      -2.08111954    
   13.6300011      -2.08225441    
   13.6400013      -2.08496571    
   13.6500006      -2.08706999    
   13.6600008      -2.08803582    
   13.6700010      -2.08786011    
   13.6800013      -2.08961844    
   13.6900005      -2.09058666    
   13.7000008      -2.09287930    
   13.7100010      -2.09376240    
   13.7200012      -2.09482336    
   13.7300005      -2.09810114    
   13.7400007      -2.10183525    
   13.7500010      -2.10343981    
   13.7600012      -2.10495758    
   13.7700014      -2.10468960    
   13.7800007      -2.10674620    
   13.7900009      -2.11006355    
   13.8000011      -2.11168146    
   13.8100014      -2.11348200    
   13.8200006      -2.11537623    
   13.8300009      -2.11799788    
   13.8400011      -2.12080812    
   13.8500013      -2.12298918    
   13.8600006      -2.12572217    
   13.8700008      -2.12937784    
   13.8800011      -2.13166928    
   13.8900013      -2.13516259    
   13.9000006      -2.13829851    
   13.9100008      -2.13996267    
   13.9200010      -2.14209318    
   13.9300013      -2.14441419    
   13.9400005      -2.14692688    
   13.9500008      -2.14879227    
   13.9600010      -2.14991307    
   13.9700012      -2.15150309    
   13.9800014      -2.15375233    
   13.9900007      -2.15713549    
   14.0000010      -2.15826559    
   14.0100012      -2.15958595    
   14.0200014      -2.16100240    
   14.0300007      -2.16242099    
   14.0400009      -2.16611838    
   14.0500011      -2.16906738    
   14.0600014      -2.17040205    
   14.0700006      -2.17432070    
   14.0800009      -2.17835093    
   14.0900011      -2.18133616    
   14.1000013      -2.18355680    
   14.1100006      -2.18597627    
   14.1200008      -2.18810987    
   14.1300011      -2.19063783    
   14.1400013      -2.19326949    
   14.1500006      -2.19639754    
   14.1600008      -2.19718099    
   14.1700010      -2.19924068    
   14.1800013      -2.20012474    
   14.1900005      -2.20189524    
   14.2000008      -2.20396471    
   14.2100010      -2.20752239    
   14.2200012      -2.20910764    
   14.2300014      -2.21039748    
   14.2400007      -2.21149015    
   14.2500010      -2.21387863    
   14.2600012      -2.21607280    
   14.2700014      -2.21977401    
   14.2800007      -2.22198129    
   14.2900009      -2.22369051    
   14.3000011      -2.22570467    
   14.3100014      -2.22873378    
   14.3200006      -2.22964430    
   14.3300009      -2.23238087    
   14.3400011      -2.23583746    
   14.3500013      -2.23828483    
   14.3600006      -2.23930621    
   14.3700008      -2.23859119    
   14.3800011      -2.24032879    
   14.3900013      -2.24350500    
   14.4000006      -2.24391580    
   14.4100008      -2.24566245    
   14.4200010      -2.24813414    
   14.4300013      -2.25030160    
   14.4400015      -2.25195622    
   14.4500008      -2.25319886    
   14.4600010      -2.25641656    
   14.4700012      -2.25974870    
   14.4800014      -2.26183724    
   14.4900007      -2.26403451    
   14.5000010      -2.26644683    
   14.5100012      -2.26739240    
   14.5200014      -2.26928616    
   14.5300007      -2.27287292    
   14.5400009      -2.27573061    
   14.5500011      -2.27668500    
   14.5600014      -2.27817130    
   14.5700006      -2.27912807    
   14.5800009      -2.28051162    
   14.5900011      -2.28307080    
   14.6000013      -2.28510141    
   14.6100006      -2.28767228    
   14.6200008      -2.29014230    
   14.6300011      -2.29261851    
   14.6400013      -2.29499292    
   14.6500006      -2.29477692    
   14.6600008      -2.29423666    
   14.6700010      -2.29639840    
   14.6800013      -2.30008411    
   14.6900015      -2.30411053    
   14.7000008      -2.30684018    
   14.7100010      -2.30826259    
   14.7200012      -2.31199217    
   14.7300014      -2.31342196    
   14.7400007      -2.31463337    
   14.7500010      -2.31750250    
   14.7600012      -2.31794477    
   14.7700014      -2.32049084    
   14.7800007      -2.32271004    
   14.7900009      -2.32348800    
   14.8000011      -2.32593679    
   14.8100014      -2.32794476    
   14.8200006      -2.32772136    
   14.8300009      -2.32895041    
   14.8400011      -2.33029246    
   14.8500013      -2.33174872    
   14.8600006      -2.33410549    
   14.8700008      -2.33917451    
   14.8800011      -2.34132266    
   14.8900013      -2.34279490    
   14.9000015      -2.34381557    
   14.9100008      -2.34483695    
   14.9200010      -2.34631467    
   14.9300013      -2.34665585    
   14.9400015      -2.35018921    
   14.9500008      -2.35144615    
   14.9600010      -2.35648894    
   14.9700012      -2.35982680    
   14.9800014      -2.36178851    
   14.9900007      -2.36537600    
   15.0000010      -2.36711645    
   15.0100012      -2.36839461    
   15.0200014      -2.37025690    
   15.0300007      -2.37188911    
   15.0400009      -2.37434244    
   15.0500011      -2.37656736    
   15.0600014      -2.37879729    
   15.0700006      -2.37962031    
   15.0800009      -2.38162112    
   15.0900011      -2.38291812    
   15.1000013      -2.38516235    
   15.1100006      -2.38681912    
   15.1200008      -2.39002204    
   15.1300011      -2.39252043    
   15.1400013      -2.39466691    
   15.1500015      -2.39621997    
   15.1600008      -2.39825463    
   15.1700010      -2.39873385    
   15.1800013      -2.39921355    
   15.1900015      -2.40366030    
   15.2000008      -2.40836906    
   15.2100010      -2.41103506    
   15.2200012      -2.41212773    
   15.2300014      -2.41383004    
   15.2400007      -2.41736507    
   15.2500010      -2.42030001    
   15.2600012      -2.42324376    
   15.2700014      -2.42558026    
   15.2800007      -2.42903376    
   15.2900009      -2.43262315    
   15.3000011      -2.43510604    
   15.3100014      -2.43934131    
   15.3200006      -2.44221640    
   15.3300009      -2.44284248    
   15.3400011      -2.44635606    
   15.3500013      -2.44761395    
   15.3600006      -2.44962978    
   15.3700008      -2.45152354    
   15.3800011      -2.45481420    
   15.3900013      -2.45659065    
   15.4000015      -2.45989799    
   15.4100008      -2.46219420    
   15.4200010      -2.46526408    
   15.4300013      -2.46757269    
   15.4400015      -2.46808648    
   15.4500008      -2.46590495    
   15.4600010      -2.46693087    
   15.4700012      -2.47040153    
   15.4800014      -2.47323847    
   15.4900007      -2.47517729    
   15.5000010      -2.47724962    
   15.5100012      -2.47789812    
   15.5200014      -2.47958612    
   15.5300007      -2.48114681    
   15.5400009      -2.48427534    
   15.5500011      -2.48571277    
   15.5600014      -2.48610497    
   15.5700006      -2.48558187    
   15.5800009      -2.48846221    
   15.5900011      -2.49095654    
   15.6000013      -2.49292994    
   15.6100016      -2.49556756    
   15.6200008      -2.49980187    
   15.6300011      -2.50259066    
   15.6400013      -2.50512052    
   15.6500015      -2.50725579    
   15.6600008      -2.51006532    
   15.6700010      -2.51127195    
   15.6800013      -2.51463103    
   15.6900015      -2.51921749    
   15.7000008      -2.52206087    
   15.7100010      -2.52532053    
   15.7200012      -2.52627325    
   15.7300014      -2.52640939    
   15.7400007      -2.52872729    
   15.7500010      -2.53296757    
   15.7600012      -2.53640056    
   15.7700014      -2.53943133    
   15.7800007      -2.54025936    
   15.7900009      -2.54177952    
   15.8000011      -2.54344034    
   15.8100014      -2.54538155    
   15.8200006      -2.54788303    
   15.8300009      -2.55066967    
   15.8400011      -2.55234551    
   15.8500013      -2.55598593    
   15.8600016      -2.55907655    
   15.8700008      -2.55949879    
   15.8800011      -2.56020284    
   15.8900013      -2.56217694    
   15.9000015      -2.56627846    
   15.9100008      -2.56869054    
   15.9200010      -2.57182097    
   15.9300013      -2.57581925    
   15.9400015      -2.57911563    
   15.9500008      -2.58256698    
   15.9600010      -2.58371997    
   15.9700012      -2.58487439    
   15.9800014      -2.58704257    
   15.9900007      -2.59095693    
