   0.00000000            -Infinity
   1.00000007E-02 -0.549998939    
   2.00000014E-02 -0.247558340    
   3.00000012E-02 -0.150227413    
   4.00000028E-02 -0.122927435    
   5.00000045E-02 -0.150393739    
   6.00000024E-02 -0.178665370    
   7.00000077E-02 -0.192102894    
   8.00000057E-02 -0.195881590    
   9.00000036E-02 -0.189573616    
  0.100000009     -0.190593511    
  0.110000007     -0.198674053    
  0.120000005     -0.208379909    
  0.130000010     -0.217876390    
  0.140000015     -0.220833093    
  0.150000006     -0.212793589    
  0.160000011     -0.217306986    
  0.170000017     -0.223109931    
  0.180000007     -0.227043763    
  0.190000013     -0.226857081    
  0.200000018     -0.230492607    
  0.210000008     -0.234144554    
  0.220000014     -0.225341037    
  0.230000019     -0.220395520    
  0.240000010     -0.233589083    
  0.250000030     -0.235974267    
  0.260000020     -0.245491847    
  0.270000011     -0.245960593    
  0.280000031     -0.240910247    
  0.290000021     -0.247225523    
  0.300000012     -0.240866572    
  0.310000032     -0.239384964    
  0.320000023     -0.238230661    
  0.330000013     -0.241937667    
  0.340000033     -0.238833517    
  0.350000024     -0.239621177    
  0.360000014     -0.239761308    
  0.370000035     -0.236656278    
  0.380000025     -0.240691930    
  0.390000015     -0.249006703    
  0.400000036     -0.251785070    
  0.410000026     -0.255235046    
  0.420000017     -0.260029376    
  0.430000037     -0.254543394    
  0.440000027     -0.250729561    
  0.450000018     -0.247584596    
  0.460000038     -0.252347916    
  0.470000029     -0.259800822    
  0.480000019     -0.263294965    
  0.490000039     -0.267813236    
  0.500000060     -0.270331800    
  0.510000050     -0.266115099    
  0.520000041     -0.267619967    
  0.530000031     -0.280665457    
  0.540000021     -0.283227861    
  0.550000012     -0.283741087    
  0.560000062     -0.278781742    
  0.570000052     -0.273840904    
  0.580000043     -0.268243551    
  0.590000033     -0.264692068    
  0.600000024     -0.275015593    
  0.610000014     -0.275182337    
  0.620000064     -0.275006711    
  0.630000055     -0.266339660    
  0.640000045     -0.270569742    
  0.650000036     -0.277898669    
  0.660000026     -0.274987102    
  0.670000076     -0.272421509    
  0.680000067     -0.274293572    
  0.690000057     -0.270023406    
  0.700000048     -0.265766710    
  0.710000038     -0.269326061    
  0.720000029     -0.261004686    
  0.730000079     -0.266247779    
  0.740000069     -0.265388519    
  0.750000060     -0.270660996    
  0.760000050     -0.279756516    
  0.770000041     -0.277168900    
  0.780000031     -0.279061407    
  0.790000081     -0.284774423    
  0.800000072     -0.286687791    
  0.810000062     -0.287211716    
  0.820000052     -0.288084775    
  0.830000043     -0.292110622    
  0.840000033     -0.297568083    
  0.850000083     -0.300932407    
  0.860000074     -0.306092709    
  0.870000064     -0.296000183    
  0.880000055     -0.294066757    
  0.890000045     -0.292838424    
  0.900000036     -0.294430256    
  0.910000086     -0.301340461    
  0.920000076     -0.310098261    
  0.930000067     -0.308140725    
  0.940000057     -0.318419039    
  0.950000048     -0.318255305    
  0.960000038     -0.319906443    
  0.970000088     -0.323745847    
  0.980000079     -0.318854630    
  0.990000069     -0.318328559    
   1.00000012     -0.313094527    
   1.01000011     -0.319091678    
   1.02000010     -0.324400395    
   1.03000009     -0.324970990    
   1.04000008     -0.326275229    
   1.05000007     -0.323183745    
   1.06000006     -0.323753238    
   1.07000005     -0.326159358    
   1.08000004     -0.330418259    
   1.09000003     -0.338788033    
   1.10000002     -0.334169567    
   1.11000013     -0.330678403    
   1.12000012     -0.325351954    
   1.13000011     -0.318584681    
   1.14000010     -0.324659407    
   1.15000010     -0.329666585    
   1.16000009     -0.336567760    
   1.17000008     -0.336409718    
   1.18000007     -0.335132301    
   1.19000006     -0.334601253    
   1.20000005     -0.334441692    
   1.21000004     -0.334655315    
   1.22000003     -0.332631052    
   1.23000014     -0.336580783    
   1.24000013     -0.330447197    
   1.25000012     -0.333644122    
   1.26000011     -0.331616580    
   1.27000010     -0.335945219    
   1.28000009     -0.337663382    
   1.29000008     -0.334500492    
   1.30000007     -0.339227647    
   1.31000006     -0.336058229    
   1.32000005     -0.335147291    
   1.33000004     -0.343288183    
   1.34000015     -0.351505965    
   1.35000014     -0.351735383    
   1.36000013     -0.350433528    
   1.37000012     -0.347224385    
   1.38000011     -0.348213375    
   1.39000010     -0.346150279    
   1.40000010     -0.342947215    
   1.41000009     -0.338613570    
   1.42000008     -0.337318122    
   1.43000007     -0.346286952    
   1.44000006     -0.345366001    
   1.45000005     -0.345208734    
   1.46000016     -0.343523979    
   1.47000015     -0.347191244    
   1.48000014     -0.355504751    
   1.49000013     -0.354578823    
   1.50000012     -0.355198026    
   1.51000011     -0.353883654    
   1.52000010     -0.356829345    
   1.53000009     -0.370355576    
   1.54000008     -0.360412836    
   1.55000007     -0.355590731    
   1.56000006     -0.367549300    
   1.57000005     -0.366220683    
   1.58000016     -0.365284950    
   1.59000015     -0.364741683    
   1.60000014     -0.359105855    
   1.61000013     -0.360125542    
   1.62000012     -0.362325072    
   1.63000011     -0.364135921    
   1.64000010     -0.374663800    
   1.65000010     -0.372131795    
   1.66000009     -0.366442055    
   1.67000008     -0.359990895    
   1.68000007     -0.359838068    
   1.69000018     -0.360469431    
   1.70000017     -0.363862216    
   1.71000016     -0.373229146    
   1.72000015     -0.367515147    
   1.73000014     -0.364194959    
   1.74000013     -0.365627587    
   1.75000012     -0.369845301    
   1.76000011     -0.368500173    
   1.77000010     -0.362003237    
   1.78000009     -0.361453623    
   1.79000008     -0.356957525    
   1.80000007     -0.361145496    
   1.81000018     -0.365356326    
   1.82000017     -0.362819880    
   1.83000016     -0.361079395    
   1.84000015     -0.363704681    
   1.85000014     -0.362756491    
   1.86000013     -0.363397241    
   1.87000012     -0.365635663    
   1.88000011     -0.364285737    
   1.89000010     -0.372946113    
   1.90000010     -0.374810487    
   1.91000009     -0.379515469    
   1.92000008     -0.379368246    
   1.93000019     -0.380844802    
   1.94000018     -0.378260911    
   1.95000017     -0.384219050    
   1.96000016     -0.382031947    
   1.97000015     -0.385562629    
   1.98000014     -0.384597689    
   1.99000013     -0.391435236    
   2.00000024     -0.387176096    
   2.01000023     -0.384978473    
   2.02000022     -0.385653526    
   2.03000021     -0.381000012    
   2.04000020     -0.382899135    
   2.05000019     -0.383161515    
   2.06000018     -0.384656549    
   2.07000017     -0.392353773    
   2.08000016     -0.391379982    
   2.09000015     -0.389167398    
   2.10000014     -0.385304034    
   2.11000013     -0.381042749    
   2.12000012     -0.380483806    
   2.13000011     -0.380334437    
   2.14000010     -0.383477628    
   2.15000010     -0.381270051    
   2.16000009     -0.386075854    
   2.17000008     -0.379325926    
   2.18000007     -0.389101595    
   2.19000006     -0.386463583    
   2.20000005     -0.384658188    
   2.21000004     -0.390746325    
   2.22000027     -0.383947343    
   2.23000026     -0.376775831    
   2.24000025     -0.380337685    
   2.25000024     -0.383917063    
   2.26000023     -0.382938474    
   2.27000022     -0.383203834    
   2.28000021     -0.389724255    
   2.29000020     -0.390834153    
   2.30000019     -0.387759060    
   2.31000018     -0.388028771    
   2.32000017     -0.386628002    
   2.33000016     -0.389829874    
   2.34000015     -0.388004243    
   2.35000014     -0.387857527    
   2.36000013     -0.380606949    
   2.37000012     -0.382123590    
   2.38000011     -0.373660386    
   2.39000010     -0.374334753    
   2.40000010     -0.377503186    
   2.41000009     -0.375272244    
   2.42000008     -0.383462489    
   2.43000007     -0.379129797    
   2.44000006     -0.377308547    
   2.45000029     -0.378407359    
   2.46000028     -0.374919146    
   2.47000027     -0.375598550    
   2.48000026     -0.380459487    
   2.49000025     -0.385352761    
   2.50000024     -0.377224743    
   2.51000023     -0.369567245    
   2.52000022     -0.370242000    
   2.53000021     -0.370918065    
   2.54000020     -0.369096845    
   2.55000019     -0.368106991    
   2.56000018     -0.368365765    
   2.57000017     -0.369456351    
   2.58000016     -0.373476595    
   2.59000015     -0.377097249    
   2.60000014     -0.383693695    
   2.61000013     -0.374266386    
   2.62000012     -0.375371486    
   2.63000011     -0.380697817    
   2.64000010     -0.379698277    
   2.65000010     -0.381237775    
   2.66000009     -0.384479582    
   2.67000008     -0.381779164    
   2.68000031     -0.385879785    
   2.69000030     -0.387007803    
   2.70000029     -0.386429548    
   2.71000028     -0.382441044    
   2.72000027     -0.377192497    
   2.73000026     -0.372386843    
   2.74000025     -0.380703330    
   2.75000024     -0.379697651    
   2.76000023     -0.386803776    
   2.77000022     -0.382373422    
   2.78000021     -0.376256883    
   2.79000020     -0.384204268    
   2.80000019     -0.376793653    
   2.81000018     -0.376637012    
   2.82000017     -0.374779552    
   2.83000016     -0.379309982    
   2.84000015     -0.373188734    
   2.85000014     -0.374306321    
   2.86000013     -0.372872710    
   2.87000012     -0.369316190    
   2.88000011     -0.366613716    
   2.89000010     -0.362651795    
   2.90000010     -0.359120548    
   2.91000032     -0.364437103    
   2.92000031     -0.372770965    
   2.93000031     -0.370480001    
   2.94000030     -0.368616760    
   2.95000029     -0.357451558    
   2.96000028     -0.352664888    
   2.97000027     -0.355856925    
   2.98000026     -0.351070493    
   2.99000025     -0.344635040    
   3.00000024     -0.347383738    
   3.01000023     -0.350563496    
   3.02000022     -0.346206158    
   3.03000021     -0.346871555    
   3.04000020     -0.343774438    
   3.05000019     -0.349463224    
   3.06000018     -0.350975066    
   3.07000017     -0.355448037    
   3.08000016     -0.355279654    
   3.09000015     -0.354688108    
   3.10000014     -0.358337432    
   3.11000013     -0.362430573    
   3.12000012     -0.363119096    
   3.13000011     -0.364239216    
   3.14000010     -0.366218626    
   3.15000033     -0.373816103    
   3.16000032     -0.373654842    
   3.17000031     -0.377836496    
   3.18000031     -0.375938088    
   3.19000030     -0.375776619    
   3.20000029     -0.381724149    
   3.21000028     -0.385075003    
   3.22000027     -0.383600354    
   3.23000026     -0.385201067    
   3.24000025     -0.386366576    
   3.25000024     -0.389301032    
   3.26000023     -0.389588118    
   3.27000022     -0.389432907    
   3.28000021     -0.391051829    
   3.29000020     -0.395347834    
   3.30000019     -0.393856168    
   3.31000018     -0.387923509    
   3.32000017     -0.393549383    
   3.33000016     -0.394734830    
   3.34000015     -0.394134760    
   3.35000014     -0.395322770    
   3.36000013     -0.391592711    
   3.37000012     -0.383433908    
   3.38000035     -0.380620986    
   3.39000034     -0.383116037    
   3.40000033     -0.380742580    
   3.41000032     -0.373963892    
   3.42000031     -0.372041345    
   3.43000031     -0.365308136    
   3.44000030     -0.366888940    
   3.45000029     -0.368474334    
   3.46000028     -0.365242511    
   3.47000027     -0.368141383    
   3.48000026     -0.375907958    
   3.49000025     -0.374418318    
   3.50000024     -0.377798319    
   3.51000023     -0.378968954    
   3.52000022     -0.380141795    
   3.53000021     -0.377309859    
   3.54000020     -0.381603241    
   3.55000019     -0.383678198    
   3.56000018     -0.381726772    
   3.57000017     -0.385151327    
   3.58000016     -0.378275096    
   3.59000015     -0.379006058    
   3.60000014     -0.380183876    
   3.61000037     -0.382711738    
   3.62000036     -0.387504369    
   3.63000035     -0.391418308    
   3.64000034     -0.388994664    
   3.65000033     -0.388382733    
   3.66000032     -0.387318134    
   3.67000031     -0.382642001    
   3.68000031     -0.391992748    
   3.69000030     -0.397313982    
   3.70000029     -0.405437887    
   3.71000028     -0.397919416    
   3.72000027     -0.400061548    
   3.73000026     -0.399446815    
   3.74000025     -0.401594728    
   3.75000024     -0.397755355    
   3.76000023     -0.399441034    
   3.77000022     -0.402517557    
   3.78000021     -0.404216051    
   3.79000020     -0.402672857    
   3.80000019     -0.390084893    
   3.81000018     -0.390840590    
   3.82000017     -0.391139328    
   3.83000016     -0.385943711    
   3.84000015     -0.396344632    
   3.85000038     -0.395725638    
   3.86000037     -0.400661081    
   3.87000036     -0.394023746    
   3.88000035     -0.397565782    
   3.89000034     -0.399263680    
   3.90000033     -0.402364880    
   3.91000032     -0.395701200    
   3.92000031     -0.385854363    
   3.93000031     -0.383396477    
   3.94000030     -0.388749838    
   3.95000029     -0.387665361    
   3.96000028     -0.387502700    
   3.97000027     -0.381361783    
   3.98000026     -0.382113636    
   3.99000025     -0.377821535    
   4.00000048     -0.382241845    
   4.01000023     -0.384839833    
   4.02000046     -0.386060327    
   4.03000021     -0.383126527    
   4.04000044     -0.374692500    
   4.05000019     -0.376813799    
   4.06000042     -0.386791825    
   4.07000017     -0.398292005    
   4.08000040     -0.400482625    
   4.09000015     -0.396565437    
   4.10000038     -0.391723663    
   4.11000013     -0.392030060    
   4.12000036     -0.390464365    
   4.13000011     -0.395454913    
   4.14000034     -0.387337536    
   4.15000010     -0.391378462    
   4.16000032     -0.387473643    
   4.17000008     -0.389178485    
   4.18000031     -0.395589828    
   4.19000053     -0.397317350    
   4.20000029     -0.399995834    
   4.21000051     -0.400784522    
   4.22000027     -0.404432237    
   4.23000050     -0.408575475    
   4.24000025     -0.396985561    
   4.25000048     -0.398247272    
   4.26000023     -0.395241350    
   4.27000046     -0.400779426    
   4.28000021     -0.403005391    
   4.29000044     -0.399506986    
   4.30000019     -0.403166562    
   4.31000042     -0.400138825    
   4.32000017     -0.398070544    
   4.33000040     -0.398385465    
   4.34000015     -0.393462002    
   4.35000038     -0.393298060    
   4.36000013     -0.395037025    
   4.37000036     -0.392969459    
   4.38000011     -0.395187914    
   4.39000034     -0.394546717    
   4.40000010     -0.395337641    
   4.41000032     -0.399005771    
   4.42000008     -0.394532293    
   4.43000031     -0.402531028    
   4.44000053     -0.398999900    
   4.45000029     -0.403659433    
   4.46000051     -0.406888813    
   4.47000027     -0.405760616    
   4.48000050     -0.392584741    
   4.49000025     -0.388593793    
   4.50000048     -0.381762743    
   4.51000023     -0.383965969    
   4.52000046     -0.387131929    
   4.53000021     -0.387442976    
   4.54000044     -0.389667153    
   4.55000019     -0.383760959    
   4.56000042     -0.384544283    
   4.57000017     -0.385330141    
   4.58000040     -0.381339103    
   4.59000015     -0.382598311    
   4.60000038     -0.379563481    
   4.61000013     -0.383689672    
   4.62000036     -0.377786934    
   4.63000011     -0.386224926    
   4.64000034     -0.390390456    
   4.65000010     -0.395550162    
   4.66000032     -0.400743574    
   4.67000055     -0.412378907    
   4.68000031     -0.416683435    
   4.69000053     -0.410082877    
   4.70000029     -0.408443093    
   4.71000051     -0.404338658    
   4.72000027     -0.406639695    
   4.73000050     -0.400573611    
   4.74000025     -0.400407970    
   4.75000048     -0.393391162    
   4.76000023     -0.394686729    
   4.77000046     -0.393541425    
   4.78000021     -0.390932143    
   4.79000044     -0.393204719    
   4.80000019     -0.390104264    
   4.81000042     -0.394336164    
   4.82000017     -0.393186510    
   4.83000040     -0.390080154    
   4.84000015     -0.391378105    
   4.85000038     -0.398583382    
   4.86000013     -0.402375489    
   4.87000036     -0.406684518    
   4.88000011     -0.406022519    
   4.89000034     -0.406358212    
   4.90000057     -0.409192950    
   4.91000032     -0.410533339    
   4.92000055     -0.405866146    
   4.93000031     -0.407202601    
   4.94000053     -0.418116450    
   4.95000029     -0.419986248    
   4.96000051     -0.422881514    
   4.97000027     -0.426298648    
   4.98000050     -0.433335453    
   4.99000025     -0.429066986    
   5.00000048     -0.427886695    
   5.01000023     -0.425168484    
   5.02000046     -0.423476428    
   5.03000021     -0.428454220    
   5.04000044     -0.418563753    
   5.05000019     -0.418914944    
   5.06000042     -0.414677411    
   5.07000017     -0.412991256    
   5.08000040     -0.409783721    
   5.09000015     -0.402544945    
   5.10000038     -0.399359643    
   5.11000013     -0.407262355    
   5.12000036     -0.408619136    
   5.13000059     -0.413546056    
   5.14000034     -0.411341608    
   5.15000057     -0.412198573    
   5.16000032     -0.415104032    
   5.17000055     -0.411871910    
   5.18000031     -0.408645153    
   5.19000053     -0.404915720    
   5.20000029     -0.406784356    
   5.21000051     -0.412752032    
   5.22000027     -0.415157288    
   5.23000050     -0.414994717    
   5.24000025     -0.416377604    
   5.25000048     -0.412095875    
   5.26000023     -0.415536344    
   5.27000046     -0.412280947    
   5.28000021     -0.407492191    
   5.29000044     -0.414529979    
   5.30000019     -0.414883524    
   5.31000042     -0.413169116    
   5.32000017     -0.420786232    
   5.33000040     -0.419063658    
   5.34000015     -0.410607368    
   5.35000038     -0.402721733    
   5.36000061     -0.403577775    
   5.37000036     -0.404949427    
   5.38000059     -0.402723074    
   5.39000034     -0.403066397    
   5.40000057     -0.409087151    
   5.41000032     -0.406849623    
   5.42000055     -0.410307258    
   5.43000031     -0.414823413    
   5.44000053     -0.411011696    
   5.45000029     -0.409284145    
   5.46000051     -0.413804680    
   5.47000027     -0.413116038    
   5.48000050     -0.420816988    
   5.49000025     -0.415400624    
   5.50000048     -0.416283876    
   5.51000023     -0.404630274    
   5.52000046     -0.407059491    
   5.53000021     -0.411065370    
   5.54000044     -0.413518935    
   5.55000019     -0.411253452    
   5.56000042     -0.403250158    
   5.57000017     -0.405683428    
   5.58000040     -0.403946042    
   5.59000063     -0.404817790    
   5.60000038     -0.405167669    
   5.61000061     -0.408663094    
   5.62000036     -0.406393558    
   5.63000059     -0.403080761    
   5.64000034     -0.395092428    
   5.65000057     -0.398034513    
   5.66000032     -0.393178314    
   5.67000055     -0.396638095    
   5.68000031     -0.401162505    
   5.69000053     -0.402559906    
   5.70000029     -0.405539185    
   5.71000051     -0.405365497    
   5.72000027     -0.405192435    
   5.73000050     -0.400283277    
   5.74000025     -0.403790176    
   5.75000048     -0.405726552    
   5.76000023     -0.398702890    
   5.77000046     -0.395901144    
   5.78000021     -0.396245688    
   5.79000044     -0.396066576    
   5.80000019     -0.394312739    
   5.81000042     -0.394132555    
   5.82000065     -0.396053553    
   5.83000040     -0.396400362    
   5.84000063     -0.400444627    
   5.85000038     -0.392882854    
   5.86000061     -0.397972763    
   5.87000036     -0.399380803    
   5.88000059     -0.394444048    
   5.89000034     -0.397434235    
   5.90000057     -0.402032018    
   5.91000032     -0.403453380    
   5.92000055     -0.398485899    
   5.93000031     -0.400965899    
   5.94000053     -0.405060768    
   5.95000029     -0.395289242    
   5.96000051     -0.393516511    
   5.97000027     -0.404530585    
   5.98000050     -0.406501204    
   5.99000025     -0.411719382    
   6.00000048     -0.411545753    
   6.01000023     -0.413540363    
   6.02000046     -0.412824452    
   6.03000021     -0.402389377    
   6.04000044     -0.395245254    
   6.05000019     -0.391861498    
   6.06000042     -0.393275887    
   6.07000065     -0.402209967    
   6.08000040     -0.407977432    
   6.09000063     -0.406173795    
   6.10000038     -0.400591075    
   6.11000061     -0.400410026    
   6.12000036     -0.400229633    
   6.13000059     -0.395737231    
   6.14000034     -0.395552725    
   6.15000057     -0.395907253    
   6.16000032     -0.394646287    
   6.17000055     -0.399860591    
   6.18000031     -0.399678797    
   6.19000053     -0.393013000    
   6.20000029     -0.403661400    
   6.21000051     -0.412787974    
   6.22000027     -0.414264858    
   6.23000050     -0.417405307    
   6.24000025     -0.408959478    
   6.25000048     -0.407684028    
   6.26000023     -0.408603251    
   6.27000046     -0.417264432    
   6.28000021     -0.419313908    
   6.29000044     -0.414142281    
   6.30000067     -0.415630281    
   6.31000042     -0.411574274    
   6.32000065     -0.412503600    
   6.33000040     -0.412881643    
   6.34000063     -0.415483445    
   6.35000038     -0.403677642    
   6.36000061     -0.402393132    
   6.37000036     -0.405519605    
   6.38000059     -0.406997263    
   6.39000034     -0.409590214    
   6.40000057     -0.409409881    
   6.41000032     -0.394325018    
   6.42000055     -0.391399264    
   6.43000031     -0.386297196    
   6.44000053     -0.387193650    
   6.45000029     -0.387546957    
   6.46000051     -0.385172158    
   6.47000027     -0.391541928    
   6.48000050     -0.393550366    
   6.49000025     -0.392809570    
   6.50000048     -0.389869481    
   6.51000023     -0.392979890    
   6.52000046     -0.396103859    
   6.53000069     -0.399243414    
   6.54000044     -0.396833271    
   6.55000067     -0.393320501    
   6.56000042     -0.388712138    
   6.57000065     -0.390173912    
   6.58000040     -0.391086370    
   6.59000063     -0.393664330    
   6.60000038     -0.395696342    
   6.61000061     -0.387188286    
   6.62000036     -0.386993587    
   6.63000059     -0.389010847    
   6.64000034     -0.394933075    
   6.65000057     -0.403710395    
   6.66000032     -0.403523892    
   6.67000055     -0.399959564    
   6.68000031     -0.396964550    
   6.69000053     -0.395092696    
   6.70000029     -0.392102569    
   6.71000051     -0.393027484    
   6.72000027     -0.397886306    
   6.73000050     -0.398820847    
   6.74000025     -0.403720826    
   6.75000048     -0.406372249    
   6.76000071     -0.409035742    
   6.77000046     -0.409993589    
   6.78000069     -0.400696754    
   6.79000044     -0.403916329    
   6.80000067     -0.407721400    
   6.81000042     -0.413272083    
   6.82000065     -0.414241135    
   6.83000040     -0.417523921    
   6.84000063     -0.413874835    
   6.85000038     -0.416582525    
   6.86000061     -0.418719769    
   6.87000036     -0.416796833    
   6.88000059     -0.423019707    
   6.89000034     -0.414691746    
   6.90000057     -0.411034167    
   6.91000032     -0.401063800    
   6.92000055     -0.402592629    
   6.93000031     -0.408161640    
   6.94000053     -0.419017255    
   6.95000029     -0.421762764    
   6.96000051     -0.415730894    
   6.97000027     -0.419641852    
   6.98000050     -0.422396809    
   6.99000072     -0.426344484    
   7.00000048     -0.422625184    
   7.01000071     -0.430732787    
   7.02000046     -0.434132367    
   7.03000069     -0.434556156    
   7.04000044     -0.428419083    
   7.05000067     -0.424678296    
   7.06000042     -0.425685108    
   7.07000065     -0.425505280    
   7.08000040     -0.421764463    
   7.09000063     -0.421582282    
   7.10000038     -0.423775047    
   7.11000061     -0.422998428    
   7.12000036     -0.425795496    
   7.13000059     -0.425018877    
   7.14000034     -0.432629287    
   7.15000057     -0.428846866    
   7.16000032     -0.429868579    
   7.17000055     -0.431495339    
   7.18000031     -0.428909898    
   7.19000053     -0.429332316    
   7.20000029     -0.421351880    
   7.21000051     -0.421765924    
   7.22000074     -0.418591946    
   7.23000050     -0.413638622    
   7.24000072     -0.412259698    
   7.25000048     -0.406142294    
   7.26000071     -0.404765993    
   7.27000046     -0.404571056    
   7.28000069     -0.406744599    
   7.29000044     -0.408925205    
   7.30000067     -0.407543451    
   7.31000042     -0.410326213    
   7.32000065     -0.418522090    
   7.33000040     -0.417131275    
   7.34000063     -0.417544276    
   7.35000038     -0.414347917    
   7.36000061     -0.412356198    
   7.37000036     -0.405583471    
   7.38000059     -0.409572363    
   7.39000034     -0.416597724    
   7.40000057     -0.411586434    
   7.41000032     -0.404796541    
   7.42000055     -0.404599011    
   7.43000031     -0.407998860    
   7.44000053     -0.407803208    
   7.45000076     -0.407607317    
   7.46000051     -0.408615023    
   7.47000074     -0.408419609    
   7.48000050     -0.415486783    
   7.49000072     -0.417729378    
   7.50000048     -0.424882740    
   7.51000071     -0.431480020    
   7.52000046     -0.430060357    
   7.53000069     -0.428639770    
   7.54000044     -0.419833869    
   7.55000067     -0.413527310    
   7.56000042     -0.416388899    
   7.57000065     -0.420492113    
   7.58000040     -0.419071347    
   7.59000063     -0.426288158    
   7.60000038     -0.427341521    
   7.61000061     -0.423435092    
   7.62000036     -0.421390325    
   7.63000059     -0.418728739    
   7.64000034     -0.414839834    
   7.65000057     -0.415876448    
   7.66000032     -0.420626730    
   7.67000055     -0.421675593    
   7.68000031     -0.422105968    
   7.69000053     -0.419430852    
   7.70000076     -0.417376876    
   7.71000051     -0.424026132    
   7.72000074     -0.418229908    
   7.73000050     -0.418657422    
   7.74000072     -0.416598439    
   7.75000048     -0.412681341    
   7.76000071     -0.413723439    
   7.77000046     -0.410426497    
   7.78000069     -0.417061627    
   7.79000044     -0.425637752    
   7.80000067     -0.425447285    
   7.81000042     -0.425886840    
   7.82000065     -0.422546506    
   7.83000040     -0.423613161    
   7.84000063     -0.425946325    
   7.85000038     -0.423228115    
   7.86000061     -0.416741580    
   7.87000036     -0.411535323    
   7.88000059     -0.414465189    
   7.89000034     -0.413011909    
   7.90000057     -0.408432961    
   7.91000032     -0.415753126    
   7.92000055     -0.421871185    
   7.93000078     -0.423580825    
   7.94000053     -0.421480626    
   7.95000076     -0.419382811    
   7.96000051     -0.415388703    
   7.97000074     -0.415821046    
   7.98000050     -0.427719921    
   7.99000072     -0.431380749    
   8.00000095     -0.440897018    
   8.01000023     -0.442015260    
   8.02000046     -0.439878136    
   8.03000069     -0.444914550    
   8.04000092     -0.442116708    
   8.05000019     -0.429591030    
   8.06000042     -0.432634413    
   8.07000065     -0.430500567    
   8.08000088     -0.429014176    
   8.09000015     -0.428820580    
   8.10000038     -0.422815651    
   8.11000061     -0.425199866    
   8.12000084     -0.417276472    
   8.13000011     -0.415792793    
   8.14000034     -0.417515874    
   8.15000057     -0.414745450    
   8.16000080     -0.415184289    
   8.17000103     -0.417555064    
   8.18000031     -0.424470425    
   8.19000053     -0.431446075    
   8.20000076     -0.434533596    
   8.21000099     -0.434999734    
   8.22000027     -0.438106030    
   8.23000050     -0.429360867    
   8.24000072     -0.421978593    
   8.25000095     -0.420475870    
   8.26000023     -0.417025089    
   8.27000046     -0.423989415    
   8.28000069     -0.432333887    
   8.29000092     -0.442096859    
   8.30000019     -0.442577004    
   8.31000042     -0.442390263    
   8.32000065     -0.440865248    
   8.33000088     -0.442014128    
   8.34000015     -0.441825360    
   8.35000038     -0.439628214    
   8.36000061     -0.435429424    
   8.37000084     -0.435236901    
   8.38000107     -0.431710362    
   8.39000034     -0.428190947    
   8.40000057     -0.426002175    
   8.41000080     -0.424476981    
   8.42000103     -0.427594334    
   8.43000031     -0.428059787    
   8.44000053     -0.427194774    
   8.45000076     -0.426994890    
   8.46000099     -0.424796164    
   8.47000027     -0.425926089    
   8.48000050     -0.429066241    
   8.49000072     -0.434912711    
   8.50000095     -0.431350827    
   8.51000023     -0.430480301    
   8.52000046     -0.431626767    
   8.53000069     -0.429408669    
   8.54000092     -0.427863568    
   8.55000019     -0.430355370    
   8.56000042     -0.434890717    
   8.57000065     -0.432659864    
   8.58000088     -0.429754525    
   8.59000015     -0.429554284    
   8.60000038     -0.432062507    
   8.61000061     -0.435263515    
   8.62000084     -0.443278909    
   8.63000107     -0.436916441    
   8.64000034     -0.438087851    
   8.65000057     -0.440637499    
   8.66000080     -0.442508072    
   8.67000103     -0.444385678    
   8.68000031     -0.443501234    
   8.69000053     -0.437791020    
   8.70000076     -0.432788223    
   8.71000099     -0.432586849    
   8.72000027     -0.434445620    
   8.73000050     -0.434244990    
   8.74000072     -0.438182533    
   8.75000095     -0.434532493    
   8.76000023     -0.436403304    
   8.77000046     -0.434821278    
   8.78000069     -0.435312241    
   8.79000092     -0.430278629    
   8.80000019     -0.431453675    
   8.81000042     -0.429869771    
   8.82000065     -0.433813721    
   8.83000088     -0.441269577    
   8.84000015     -0.432715654    
   8.85000038     -0.429047674    
   8.86000061     -0.426767439    
   8.87000084     -0.431409180    
   8.88000107     -0.433290511    
   8.89000034     -0.424759507    
   8.90000057     -0.422477186    
   8.91000080     -0.422955751    
   8.92000103     -0.428292185    
   8.93000031     -0.434367031    
   8.94000053     -0.432761669    
   8.95000076     -0.422800452    
   8.96000099     -0.431650728    
   8.97000027     -0.444848508    
   8.98000050     -0.445361912    
   8.99000072     -0.450159878    
   9.00000095     -0.445679426    
   9.01000023     -0.442633420    
   9.02000046     -0.452448219    
   9.03000069     -0.447947949    
   9.04000092     -0.444174051    
   9.05000019     -0.438983887    
   9.06000042     -0.445207000    
   9.07000065     -0.452202082    
   9.08000088     -0.461446226    
   9.09000111     -0.467115223    
   9.10000038     -0.463265210    
   9.11000061     -0.453599811    
   9.12000084     -0.455587208    
   9.13000107     -0.455394715    
   9.14000034     -0.455931693    
   9.15000057     -0.460861385    
   9.16000080     -0.459205240    
   9.17000103     -0.468598723    
   9.18000031     -0.470641732    
   9.19000053     -0.470459104    
   9.20000076     -0.462863356    
   9.21000099     -0.456779778    
   9.22000027     -0.452916682    
   9.23000050     -0.458603024    
   9.24000072     -0.460627228    
   9.25000095     -0.465631843    
   9.26000023     -0.469174474    
   9.27000046     -0.456354767    
   9.28000069     -0.456159860    
   9.29000092     -0.452274323    
   9.30000019     -0.446927607    
   9.31000042     -0.451140165    
   9.32000065     -0.447258025    
   9.33000088     -0.444117278    
   9.34000111     -0.440247983    
   9.35000038     -0.439308912    
   9.36000061     -0.439100027    
   9.37000084     -0.439624071    
   9.38000107     -0.446040452    
   9.39000034     -0.442884266    
   9.40000057     -0.445631683    
   9.41000080     -0.443209082    
   9.42000103     -0.439313829    
   9.43000031     -0.431761324    
   9.44000053     -0.434478372    
   9.45000076     -0.433530092    
   9.46000099     -0.432580769    
   9.47000027     -0.433835596    
   9.48000050     -0.437309653    
   9.49000072     -0.442288309    
   9.50000095     -0.448797673    
   9.51000023     -0.456117898    
   9.52000046     -0.465794027    
   9.53000069     -0.477126956    
   9.54000092     -0.483149767    
   9.55000114     -0.479860693    
   9.56000042     -0.474254608    
   9.57000065     -0.474842429    
   9.58000088     -0.464637220    
   9.59000111     -0.477575511    
   9.60000038     -0.477391779    
   9.61000061     -0.473321140    
   9.62000084     -0.470806569    
   9.63000107     -0.469067752    
   9.64000034     -0.472756863    
   9.65000057     -0.464815587    
   9.66000080     -0.462304950    
   9.67000103     -0.460566014    
   9.68000031     -0.462682903    
   9.69000053     -0.463259071    
   9.70000076     -0.467720568    
   9.71000099     -0.469086140    
   9.72000027     -0.462667286    
   9.73000050     -0.465579689    
   9.74000072     -0.464604884    
   9.75000095     -0.477746069    
   9.76000023     -0.479142070    
   9.77000046     -0.475001633    
   9.78000069     -0.481151342    
   9.79000092     -0.479376644    
   9.80000114     -0.475224018    
   9.81000042     -0.471079677    
   9.82000065     -0.475637466    
   9.83000088     -0.479426593    
   9.84000111     -0.485645145    
   9.85000038     -0.486266762    
   9.86000061     -0.484475821    
   9.87000084     -0.484292954    
   9.88000107     -0.485720694    
   9.89000034     -0.489581168    
   9.90000057     -0.491024673    
   9.91000080     -0.490033418    
   9.92000103     -0.495560527    
   9.93000031     -0.496203989    
   9.94000053     -0.493572801    
   9.95000076     -0.486057103    
   9.96000099     -0.489946634    
   9.97000027     -0.494679391    
   9.98000050     -0.503582597    
   9.99000072     -0.513421178    
   10.0000010     -0.505737185    
   10.0100012     -0.500580966    
   10.0200005     -0.498749495    
   10.0300007     -0.497745812    
   10.0400009     -0.504225731    
   10.0500011     -0.505727828    
   10.0600004     -0.517353058    
   10.0700006     -0.520591378    
   10.0800009     -0.508580029    
   10.0900011     -0.505888104    
   10.1000004     -0.507401884    
   10.1100006     -0.501348197    
   10.1200008     -0.505377412    
   10.1300011     -0.518789172    
   10.1400003     -0.514361620    
   10.1500006     -0.516759217    
   10.1600008     -0.512329340    
   10.1700010     -0.503674507    
   10.1800003     -0.498438209    
   10.1900005     -0.502480984    
   10.2000008     -0.510810554    
   10.2100010     -0.514067292    
   10.2200003     -0.516480565    
   10.2300005     -0.511162817    
   10.2400007     -0.516153932    
   10.2500010     -0.517717898    
   10.2600012     -0.518420458    
   10.2700005     -0.513934493    
   10.2800007     -0.515497446    
   10.2900009     -0.522283316    
   10.3000011     -0.516033649    
   10.3100004     -0.521964133    
   10.3200006     -0.523553967    
   10.3300009     -0.528667510    
   10.3400011     -0.536481619    
   10.3500004     -0.541686237    
   10.3600006     -0.548731387    
   10.3700008     -0.548593998    
   10.3800011     -0.548457801    
   10.3900003     -0.550129831    
   10.4000006     -0.553627431    
   10.4100008     -0.552583039    
   10.4200010     -0.559762418    
   10.4300003     -0.566083252    
   10.4400005     -0.554921627    
   10.4500008     -0.551133096    
   10.4600010     -0.555573404    
   10.4700003     -0.549947083    
   10.4800005     -0.553472757    
   10.4900007     -0.554257512    
   10.5000010     -0.556887507    
   10.5100012     -0.548480392    
   10.5200005     -0.541945279    
   10.5300007     -0.540888548    
   10.5400009     -0.538920641    
   10.5500011     -0.527002275    
   10.5600004     -0.525042534    
   10.5700006     -0.523981869    
   10.5800009     -0.529234409    
   10.5900011     -0.522756100    
   10.6000004     -0.523493409    
   10.6100006     -0.529667497    
   10.6200008     -0.522263527    
   10.6300011     -0.518491209    
   10.6400003     -0.520126402    
   10.6500006     -0.510966480    
   10.6600008     -0.506321013    
   10.6700010     -0.500797689    
   10.6800003     -0.512235343    
   10.6900005     -0.505780399    
   10.7000008     -0.520026624    
   10.7100010     -0.518949747    
   10.7200012     -0.510631680    
   10.7300005     -0.509551764    
   10.7400007     -0.503973007    
   10.7500010     -0.507390022    
   10.7600012     -0.510826051    
   10.7700005     -0.510647893    
   10.7800007     -0.515017390    
   10.7900009     -0.511200249    
   10.8000011     -0.511932075    
   10.8100004     -0.515407741    
   10.8200006     -0.524432719    
   10.8300009     -0.527973592    
   10.8400011     -0.539024949    
   10.8500004     -0.538872182    
   10.8600006     -0.545331120    
   10.8700008     -0.530118644    
   10.8800011     -0.525289714    
   10.8900003     -0.526054502    
   10.9000006     -0.532446146    
   10.9100008     -0.526657164    
   10.9200010     -0.522753060    
   10.9300003     -0.526324749    
   10.9400005     -0.526158214    
   10.9500008     -0.524115205    
   10.9600010     -0.529590249    
   10.9700012     -0.534159124    
   10.9800005     -0.522666812    
   10.9900007     -0.508496881    
   11.0000010     -0.507385492    
   11.0100012     -0.513714194    
   11.0200005     -0.510733902    
   11.0300007     -0.508686781    
   11.0400009     -0.512237132    
   11.0500011     -0.511119068    
   11.0600004     -0.510935545    
   11.0700006     -0.510751486    
   11.0800009     -0.516212046    
   11.0900011     -0.515089333    
   11.1000004     -0.509259284    
   11.1100006     -0.493221641    
   11.1200008     -0.491170198    
   11.1300011     -0.488195121    
   11.1400003     -0.493544787    
   11.1500006     -0.497067362    
   11.1600008     -0.494071990    
   11.1700010     -0.493870258    
   11.1800013     -0.494601220    
   11.1900005     -0.498145074    
   11.2000008     -0.501709580    
   11.2100010     -0.504348814    
   11.2200012     -0.504155457    
   11.2300005     -0.507761061    
   11.2400007     -0.504716992    
   11.2500010     -0.502624214    
   11.2600012     -0.505281746    
   11.2700005     -0.508908629    
   11.2800007     -0.517377555    
   11.2900009     -0.522042453    
   11.3000011     -0.525763273    
   11.3100004     -0.538378119    
   11.3200006     -0.544179797    
   11.3300009     -0.536071122    
   11.3400011     -0.540874004    
   11.3500004     -0.540714443    
   11.3600006     -0.538559318    
   11.3700008     -0.537399411    
   11.3800011     -0.537235498    
   11.3900003     -0.530108929    
   11.4000006     -0.529937506    
   11.4100008     -0.531753182    
   11.4200010     -0.537576437    
   11.4300013     -0.534406781    
   11.4400005     -0.530242741    
   11.4500008     -0.523108244    
   11.4600010     -0.517980337    
   11.4700012     -0.516806602    
   11.4800005     -0.510708690    
   11.4900007     -0.511498928    
   11.5000010     -0.516245365    
   11.5100012     -0.525017858    
   11.5200005     -0.525839269    
   11.5300007     -0.527668357    
   11.5400009     -0.535572112    
   11.5500011     -0.540491402    
   11.5600004     -0.534217477    
   11.5700006     -0.541185260    
   11.5800009     -0.549251258    
   11.5900011     -0.554278910    
   11.6000004     -0.540691078    
   11.6100006     -0.540525794    
   11.6200008     -0.532163620    
   11.6300011     -0.528929591    
   11.6400013     -0.530792177    
   11.6500006     -0.531638682    
   11.6600008     -0.534541249    
   11.6700010     -0.535397828    
   11.6800013     -0.536257088    
   11.6900005     -0.528879821    
   11.7000008     -0.528700352    
   11.7100010     -0.527494192    
   11.7200012     -0.521164834    
   11.7300005     -0.517914295    
   11.7400007     -0.522838354    
   11.7500010     -0.530898511    
   11.7600012     -0.534873724    
   11.7700005     -0.540968776    
   11.7800007     -0.532440782    
   11.7900009     -0.534348965    
   11.8000011     -0.526884258    
   11.8100004     -0.530863345    
   11.8200006     -0.529639840    
   11.8300009     -0.528415203    
   11.8400011     -0.539780855    
   11.8500004     -0.530141234    
   11.8600006     -0.529959440    
   11.8700008     -0.529777110    
   11.8800011     -0.528544962    
   11.8900013     -0.524168313    
   11.9000006     -0.522932649    
   11.9100008     -0.527991474    
   11.9200010     -0.529916644    
   11.9300013     -0.526566625    
   11.9400005     -0.522168934    
   11.9500008     -0.528305948    
   11.9600010     -0.531303287    
   11.9700012     -0.527934074    
   11.9800005     -0.517188191    
   11.9900007     -0.510699928    
   12.0000010     -0.516790688    
   12.0100012     -0.519758403    
   12.0200005     -0.516392112    
   12.0300007     -0.509875953    
   12.0400009     -0.507570207    
   12.0500011     -0.507360339    
   12.0600004     -0.504003406    
   12.0700006     -0.499605715    
   12.0800009     -0.499386370    
   12.0900011     -0.511798680    
   12.1000004     -0.522252738    
   12.1100006     -0.515640020    
   12.1200008     -0.526166379    
   12.1300011     -0.521664083    
   12.1400013     -0.519316733    
   12.1500006     -0.521268845    
   12.1600008     -0.521070898    
   12.1700010     -0.512270451    
   12.1800013     -0.513133943    
   12.1900005     -0.516153634    
   12.2000008     -0.512718558    
   12.2100010     -0.503934920    
   12.2200012     -0.504786015    
   12.2300005     -0.506712019    
   12.2400007     -0.508646607    
   12.2500010     -0.508431733    
   12.2600012     -0.514711320    
   12.2700005     -0.516679049    
   12.2800007     -0.514294446    
   12.2900009     -0.521739721    
   12.3000011     -0.519343019    
   12.3100004     -0.510395527    
   12.3200006     -0.505833387    
   12.3300009     -0.502361953    
   12.3400011     -0.507569849    
   12.3500013     -0.521630287    
   12.3600006     -0.538178384    
   12.3700008     -0.549331546    
   12.3800011     -0.538937807    
   12.3900013     -0.534238636    
   12.4000006     -0.531796575    
   12.4100008     -0.529353738    
   12.4200010     -0.529157817    
   12.4300013     -0.535741508    
   12.4400005     -0.532152712    
   12.4500008     -0.526312530    
   12.4600010     -0.532899320    
   12.4700012     -0.533843040    
   12.4800005     -0.529105425    
   12.4900007     -0.536885202    
   12.5000010     -0.536695659    
   12.5100012     -0.530788004    
   12.5200005     -0.523765385    
   12.5300007     -0.522425413    
   12.5400009     -0.517688036    
   12.5500011     -0.515216470    
   12.5600004     -0.508243740    
   12.5700006     -0.504654706    
   12.5800009     -0.512304962    
   12.5900011     -0.509824812    
   12.6000013     -0.508472979    
   12.6100006     -0.505991161    
   12.6200008     -0.501258433    
   12.6300011     -0.499900252    
   12.6400013     -0.504174531    
   12.6500006     -0.499429196    
   12.6600008     -0.509390950    
   12.6700010     -0.520633399    
   12.6800013     -0.514663339    
   12.6900005     -0.496219665    
   12.7000008     -0.482510090    
   12.7100010     -0.488971204    
   12.7200012     -0.494361073    
   12.7300005     -0.500934958    
   12.7400007     -0.497278720    
   12.7500010     -0.491358101    
   12.7600012     -0.489975512    
   12.7700005     -0.491994977    
   12.7800007     -0.495165139    
   12.7900009     -0.490357757    
   12.8000011     -0.486695945    
   12.8100014     -0.488714933    
   12.8200006     -0.495325446    
   12.8300009     -0.500842512    
   12.8400011     -0.495982379    
   12.8500013     -0.487694025    
   12.8600006     -0.487437785    
   12.8700008     -0.479184598    
   12.8800011     -0.477779150    
   12.8900013     -0.478649437    
   12.9000006     -0.474962622    
   12.9100008     -0.480400264    
   12.9200010     -0.481280565    
   12.9300013     -0.491412163    
   12.9400005     -0.496988386    
   12.9500008     -0.504969418    
   12.9600010     -0.497662187    
   12.9700012     -0.497413009    
   12.9800005     -0.499518871    
   12.9900007     -0.495735943    
   13.0000010     -0.488441229    
   13.0100012     -0.485840827    
   13.0200005     -0.487917483    
   13.0300007     -0.485310197    
   13.0400009     -0.481532902    
   13.0500011     -0.483604312    
   13.0600014     -0.480990767    
   13.0700006     -0.491325378    
   13.0800009     -0.493440121    
   13.0900011     -0.488431126    
   13.1000013     -0.488166571    
   13.1100006     -0.486714005    
   13.1200008     -0.480525643    
   13.1300011     -0.482617080    
   13.1400013     -0.478791505    
   13.1500006     -0.484448135    
   13.1600008     -0.486562818    
   13.1700010     -0.483903855    
   13.1800013     -0.487220705    
   13.1900005     -0.488152176    
   13.2000008     -0.484279603    
   13.2100010     -0.491234273    
   13.2200012     -0.497039914    
   13.2300005     -0.504124880    
   13.2400007     -0.510042489    
   13.2500010     -0.511038482    
   13.2600012     -0.510795355    
   13.2700014     -0.503116131    
   13.2800007     -0.502862215    
   13.2900009     -0.505086064    
   13.3000011     -0.508567452    
   13.3100014     -0.510819018    
   13.3200006     -0.513083160    
   13.3300009     -0.516619921    
   13.3400011     -0.500079572    
   13.3500013     -0.502313137    
   13.3600006     -0.488398403    
   13.3700008     -0.494315267    
   13.3800011     -0.505303502    
   13.3900013     -0.516448379    
   13.4000006     -0.522604406    
   13.4100008     -0.535307288    
   13.4200010     -0.535089493    
   13.4300013     -0.533565879    
   13.4400005     -0.538580775    
   13.4500008     -0.547606945    
   13.4600010     -0.555403769    
   13.4700012     -0.552533329    
   13.4800005     -0.540360212    
   13.4900007     -0.529606223    
   13.5000010     -0.532006204    
   13.5100012     -0.523906767    
   13.5200014     -0.523670256    
   13.5300007     -0.509119689    
   13.5400009     -0.506278932    
   13.5500011     -0.502150118    
   13.5600014     -0.504464984    
   13.5700006     -0.506791830    
   13.5800009     -0.522237718    
   13.5900011     -0.519358099    
   13.6000013     -0.511228621    
   13.6100006     -0.505743325    
   13.6200008     -0.498972803    
   13.6300011     -0.499999315    
   13.6400013     -0.491945177    
   13.6500006     -0.496850044    
   13.6600008     -0.493971854    
   13.6700010     -0.498905748    
   13.6800013     -0.506514549    
   13.6900005     -0.519546092    
   13.7000008     -0.511286616    
   13.7100010     -0.512358785    
   13.7200012     -0.508101881    
   13.7300005     -0.509169281    
   13.7400007     -0.507570386    
   13.7500010     -0.509976685    
   13.7600012     -0.509712696    
   13.7700014     -0.514831066    
   13.7800007     -0.517279088    
   13.7900009     -0.517023981    
   13.8000011     -0.518126726    
   13.8100014     -0.507031083    
   13.8200006     -0.505411565    
   13.8300009     -0.501097798    
   13.8400011     -0.487449229    
   13.8500013     -0.487150669    
   13.8600006     -0.493531317    
   13.8700008     -0.494582921    
   13.8800011     -0.499691069    
   13.8900013     -0.495350093    
   13.9000006     -0.492360920    
   13.9100008     -0.498836845    
   13.9200010     -0.497190326    
   13.9300013     -0.499626040    
   13.9400005     -0.499339730    
   13.9500008     -0.496320128    
   13.9600010     -0.494663268    
   13.9700012     -0.491640300    
   13.9800014     -0.488616407    
   13.9900007     -0.488313019    
   14.0000010     -0.496227115    
   14.0100012     -0.487701982    
   14.0200014     -0.494258970    
   14.0300007     -0.487088293    
   14.0400009     -0.481307179    
   14.0500011     -0.496132046    
   14.0600014     -0.497225106    
   14.0700006     -0.503916979    
   14.0800009     -0.506442845    
   14.0900011     -0.511816382    
   14.1000013     -0.520099401    
   14.1100006     -0.512685359    
   14.1200008     -0.518131316    
   14.1300011     -0.519300044    
   14.1400013     -0.517591476    
   14.1500006     -0.521653235    
   14.1600008     -0.519939005    
   14.1700010     -0.528404534    
   14.1800013     -0.531080544    
   14.1900005     -0.529358089    
   14.2000008     -0.530573368    
   14.2100010     -0.528844714    
   14.2200012     -0.531540871    
   14.2300014     -0.532769322    
   14.2400007     -0.526590466    
   14.2500010     -0.526328325    
   14.2600012     -0.521630466    
   14.2700014     -0.524318218    
   14.2800007     -0.525535882    
   14.2900009     -0.525269866    
   14.3000011     -0.530982137    
   14.3100014     -0.521754980    
   14.3200006     -0.525963008    
   14.3300009     -0.516740620    
   14.3400011     -0.522429705    
   14.3500013     -0.532706261    
   14.3600006     -0.535487533    
   14.3700008     -0.533709884    
   14.3800011     -0.525858760    
   14.3900013     -0.528623700    
   14.4000006     -0.526836395    
   14.4100008     -0.531143606    
   14.4200010     -0.532412589    
   14.4300013     -0.533687711    
   14.4400015     -0.528815389    
   14.4500008     -0.530083895    
   14.4600010     -0.534450293    
   14.4700012     -0.532640278    
   14.4800014     -0.544857025    
   14.4900007     -0.550921082    
   14.5000010     -0.541220784    
   14.5100012     -0.539397478    
   14.5200014     -0.534436166    
   14.5300007     -0.537311912    
   14.5400009     -0.538628459    
   14.5500011     -0.533642471    
   14.5600014     -0.528662741    
   14.5700006     -0.528388262    
   14.5800009     -0.526541591    
   14.5900011     -0.523122489    
   14.6000013     -0.525982499    
   14.6100006     -0.532030642    
   14.6200008     -0.525419652    
   14.6300011     -0.528306127    
   14.6400013     -0.529618263    
   14.6500006     -0.534137487    
   14.6600008     -0.540308058    
   14.6700010     -0.543288708    
   14.6800013     -0.544658959    
   14.6900015     -0.537899852    
   14.7000008     -0.539258122    
   14.7100010     -0.534119070    
   14.7200012     -0.543633461    
   14.7300014     -0.548312902    
   14.7400007     -0.554695427    
   14.7500010     -0.551126242    
   14.7600012     -0.539298594    
   14.7700014     -0.530827045    
   14.7800007     -0.527276814    
   14.7900009     -0.528623343    
   14.8000011     -0.526699066    
   14.8100014     -0.521502256    
   14.8200006     -0.532706380    
   14.8300009     -0.547437012    
   14.8400011     -0.552242756    
   14.8500013     -0.546921134    
   14.8600006     -0.550045490    
   14.8700008     -0.544709861    
   14.8800011     -0.537700415    
   14.8900013     -0.537422895    
   14.9000015     -0.537145436    
   14.9100008     -0.540251076    
   14.9200010     -0.548502147    
   14.9300013     -0.546527743    
   14.9400015     -0.551422417    
   14.9500008     -0.544281006    
   14.9600010     -0.542295098    
   14.9700012     -0.535171926    
   14.9800014     -0.529771030    
   14.9900007     -0.512582898    
   15.0000010     -0.512257338    
   15.0100012     -0.515297472    
   15.0200014     -0.528580725    
   15.0300007     -0.542097867    
   15.0400009     -0.547060549    
   15.0500011     -0.534584880    
   15.0600014     -0.527372897    
   15.0700006     -0.521900415    
   15.0800009     -0.519865751    
   15.0900011     -0.509272397    
   15.1000013     -0.508934736    
   15.1100006     -0.510306239    
   15.1200008     -0.520314038    
   15.1300011     -0.519993067    
   15.1400013     -0.516198635    
   15.1500015     -0.507225990    
   15.1600008     -0.513800979    
   15.1700010     -0.513465703    
   15.1800013     -0.504456401    
   15.1900015     -0.505835533    
   15.2000008     -0.498563796    
   15.2100010     -0.499928743    
   15.2200012     -0.511772037    
   15.2300014     -0.490558743    
   15.2400007     -0.495364368    
   15.2500010     -0.494991571    
   15.2600012     -0.489413142    
   15.2700014     -0.492500573    
   15.2800007     -0.504390538    
   15.2900009     -0.505799055    
   15.3000011     -0.503668785    
   15.3100014     -0.505080223    
   15.3200006     -0.497626990    
   15.3300009     -0.516912937    
   15.3400011     -0.516571581    
   15.3500013     -0.528990388    
   15.3600006     -0.519520342    
   15.3700008     -0.510098755    
   15.3800011     -0.511555135    
   15.3900013     -0.514843464    
   15.4000015     -0.516323030    
   15.4100008     -0.514142334    
   15.4200010     -0.517466009    
   15.4300013     -0.522669375    
   15.4400015     -0.520473480    
   15.4500008     -0.533227384    
   15.4600010     -0.523516953    
   15.4700012     -0.517576218    
   15.4800014     -0.522837937    
   15.4900007     -0.530043423    
   15.5000010     -0.531613529    
   15.5100012     -0.535103738    
   15.5200014     -0.536700249    
   15.5300007     -0.524909735    
   15.5400009     -0.526474893    
   15.5500011     -0.524224699    
   15.5600014     -0.510584593    
   15.5700006     -0.515900135    
   15.5800009     -0.515538573    
   15.5900011     -0.520916820    
   15.6000013     -0.505294979    
   15.6100016     -0.508712530    
   15.6200008     -0.496947825    
   15.6300011     -0.500333369    
   15.6400013     -0.499936789    
   15.6500015     -0.503355205    
   15.6600008     -0.516462445    
   15.6700010     -0.521948040    
   15.6800013     -0.529462993    
   15.6900015     -0.521228969    
   15.7000008     -0.516938329    
   15.7100010     -0.520504296    
   15.7200012     -0.532067776    
   15.7300014     -0.543822110    
   15.7400007     -0.545536816    
   15.7500010     -0.551360965    
   15.7600012     -0.542858481    
   15.7700014     -0.544581771    
   15.7800007     -0.540162146    
   15.7900009     -0.545997202    
   15.8000011     -0.543614030    
   15.8100014     -0.541224360    
   15.8200006     -0.555461645    
   15.8300009     -0.548876345    
   15.8400011     -0.550653934    
   15.8500013     -0.546147346    
   15.8600016     -0.533322692    
   15.8700008     -0.541304350    
   15.8800011     -0.549389780    
   15.8900013     -0.540631294    
   15.9000015     -0.544511735    
   15.9100008     -0.546301067    
   15.9200010     -0.548102379    
   15.9300013     -0.535037696    
   15.9400015     -0.534683585    
   15.9500008     -0.538573802    
   15.9600010     -0.536095798    
   15.9700012     -0.531485796    
   15.9800014     -0.531120658    
   15.9900007     -0.539318979    
