   0.00000000      -1.03384035E-03
   2.00000014E-02 -0.124617800    
   4.00000028E-02 -0.155596241    
   6.00000024E-02 -0.171115115    
   8.00000057E-02 -0.181604788    
  0.100000009     -0.196842328    
  0.120000005     -0.206128642    
  0.140000015     -0.213437542    
  0.160000011     -0.219880223    
  0.180000007     -0.226126730    
  0.200000018     -0.231295645    
  0.220000014     -0.236277685    
  0.240000010     -0.243380725    
  0.260000020     -0.247828946    
  0.280000031     -0.251971394    
  0.300000012     -0.256185561    
  0.320000023     -0.259077817    
  0.340000033     -0.262252510    
  0.360000014     -0.265602291    
  0.380000025     -0.270123124    
  0.400000036     -0.273416251    
  0.420000017     -0.277527124    
  0.440000027     -0.281431466    
  0.460000038     -0.285968363    
  0.480000019     -0.289117098    
  0.500000060     -0.293773979    
  0.520000041     -0.296124727    
  0.540000021     -0.299447924    
  0.560000062     -0.300985396    
  0.580000043     -0.304953903    
  0.600000024     -0.306958437    
  0.620000064     -0.311181098    
  0.640000045     -0.315132618    
  0.660000026     -0.317794919    
  0.680000067     -0.322762311    
  0.700000048     -0.324569523    
  0.720000029     -0.329922616    
  0.740000069     -0.332654148    
  0.760000050     -0.337400556    
  0.780000031     -0.340626776    
  0.800000072     -0.344607294    
  0.820000052     -0.346991301    
  0.840000033     -0.349081963    
  0.860000074     -0.353576750    
  0.880000055     -0.355169803    
  0.900000036     -0.357639402    
  0.920000076     -0.361839831    
  0.940000057     -0.364356339    
  0.960000038     -0.368554622    
  0.980000079     -0.370568663    
   1.00000012     -0.373383015    
   1.02000010     -0.375161290    
   1.04000008     -0.377680928    
   1.06000006     -0.381657541    
   1.08000004     -0.385185033    
   1.10000002     -0.387170821    
   1.12000012     -0.388973802    
   1.14000010     -0.391840518    
   1.16000009     -0.394465089    
   1.18000007     -0.397943914    
   1.20000005     -0.399609208    
   1.22000003     -0.402128160    
   1.24000013     -0.405633807    
   1.26000011     -0.407724082    
   1.28000009     -0.411122173    
   1.30000007     -0.414372176    
   1.32000005     -0.417280704    
   1.34000015     -0.419491708    
   1.36000013     -0.421836287    
   1.38000011     -0.426218867    
   1.40000010     -0.428935349    
   1.42000008     -0.431172282    
   1.44000006     -0.435204923    
   1.46000016     -0.438174784    
   1.48000014     -0.440203279    
   1.50000012     -0.443089426    
   1.52000010     -0.445687622    
   1.54000008     -0.449217349    
   1.56000006     -0.452991784    
   1.58000016     -0.457646757    
   1.60000014     -0.459514707    
   1.62000012     -0.462959766    
   1.64000010     -0.465475738    
   1.66000009     -0.467156589    
   1.68000007     -0.469042510    
   1.70000017     -0.472013235    
   1.72000015     -0.476010710    
   1.74000013     -0.480842382    
   1.76000011     -0.482344300    
   1.78000009     -0.485834718    
   1.80000007     -0.489681453    
   1.82000017     -0.490921050    
   1.84000015     -0.493750244    
   1.86000013     -0.496483535    
   1.88000011     -0.499085397    
   1.90000010     -0.502425730    
   1.92000008     -0.506406963    
   1.94000018     -0.508613825    
   1.96000016     -0.510474205    
   1.98000014     -0.512021363    
   2.00000024     -0.514769852    
   2.02000022     -0.517986059    
   2.04000020     -0.520360649    
   2.06000018     -0.524556458    
   2.08000016     -0.527375400    
   2.10000014     -0.529271126    
   2.12000012     -0.533145130    
   2.14000010     -0.535700142    
   2.16000009     -0.537142456    
   2.18000007     -0.539780021    
   2.20000005     -0.544276476    
   2.22000027     -0.545512855    
   2.24000025     -0.548282146    
   2.26000023     -0.551424980    
   2.28000021     -0.554137409    
   2.30000019     -0.554981887    
   2.32000017     -0.558957040    
   2.34000015     -0.562133670    
   2.36000013     -0.564244807    
   2.38000011     -0.566286027    
   2.40000010     -0.570455670    
   2.42000008     -0.575279772    
   2.44000006     -0.577456355    
   2.46000028     -0.582352221    
   2.48000026     -0.585793674    
   2.50000024     -0.588638961    
   2.52000022     -0.589703321    
   2.54000020     -0.590692639    
   2.56000018     -0.593704641    
   2.58000016     -0.597070456    
   2.60000014     -0.599640727    
   2.62000012     -0.601832509    
   2.64000010     -0.604762495    
   2.66000009     -0.607120395    
   2.68000031     -0.611386418    
   2.70000029     -0.611503124    
   2.72000027     -0.615592778    
   2.74000025     -0.619072378    
   2.76000023     -0.621189475    
   2.78000021     -0.622681975    
   2.80000019     -0.625240207    
   2.82000017     -0.628318727    
   2.84000015     -0.630970716    
   2.86000013     -0.635738134    
   2.88000011     -0.638369799    
   2.90000010     -0.641248822    
   2.92000031     -0.644256592    
   2.94000030     -0.646709621    
   2.96000028     -0.650056958    
   2.98000026     -0.654064417    
   3.00000024     -0.657599270    
   3.02000022     -0.661310196    
   3.04000020     -0.662945688    
   3.06000018     -0.665116966    
   3.08000016     -0.668732345    
   3.10000014     -0.671782732    
   3.12000012     -0.672898114    
   3.14000010     -0.676458895    
   3.16000032     -0.678742826    
   3.18000031     -0.682449639    
   3.20000029     -0.684412837    
   3.22000027     -0.686212182    
   3.24000025     -0.689904809    
   3.26000023     -0.692556918    
   3.28000021     -0.696696281    
   3.30000019     -0.700045645    
   3.32000017     -0.704301536    
   3.34000015     -0.706308067    
   3.36000013     -0.709947109    
   3.38000035     -0.713642597    
   3.40000033     -0.716272056    
   3.42000031     -0.717611015    
   3.44000030     -0.722029328    
   3.46000028     -0.725290537    
   3.48000026     -0.729393005    
   3.50000024     -0.732283533    
   3.52000022     -0.735006571    
   3.54000020     -0.739060819    
   3.56000018     -0.739016712    
   3.58000016     -0.743442059    
   3.60000014     -0.746062219    
   3.62000036     -0.748510957    
   3.64000034     -0.750385046    
   3.66000032     -0.754816234    
   3.68000031     -0.758186340    
   3.70000029     -0.761522710    
   3.72000027     -0.762200356    
   3.74000025     -0.765867531    
   3.76000023     -0.770231366    
   3.78000021     -0.775346696    
   3.80000019     -0.778557122    
   3.82000017     -0.780396283    
   3.84000015     -0.783761501    
   3.86000037     -0.784084797    
   3.88000035     -0.788297117    
   3.90000033     -0.790851593    
   3.92000031     -0.794952452    
   3.94000030     -0.797102809    
   3.96000028     -0.799351573    
   3.98000026     -0.804147065    
   4.00000048     -0.807877064    
   4.02000046     -0.809628844    
   4.04000044     -0.811716080    
   4.06000042     -0.813902736    
   4.08000040     -0.816619098    
   4.10000038     -0.818768740    
   4.12000036     -0.822073877    
   4.14000034     -0.826546013    
   4.16000032     -0.828523993    
   4.18000031     -0.830263913    
   4.20000029     -0.833801508    
   4.22000027     -0.837839007    
   4.24000025     -0.840718985    
   4.26000023     -0.842284441    
   4.28000021     -0.846700549    
   4.30000019     -0.847930729    
   4.32000017     -0.851383269    
   4.34000015     -0.853411019    
   4.36000013     -0.856783152    
   4.38000011     -0.860914648    
   4.40000010     -0.864662707    
   4.42000008     -0.866266191    
   4.44000053     -0.869480789    
   4.46000051     -0.874271631    
   4.48000050     -0.877309322    
   4.50000048     -0.879237950    
   4.52000046     -0.884688675    
   4.54000044     -0.886273444    
   4.56000042     -0.890272021    
   4.58000040     -0.894235015    
   4.60000038     -0.894854069    
   4.62000036     -0.895783365    
   4.64000034     -0.899820209    
   4.66000032     -0.903196752    
   4.68000031     -0.903613091    
   4.70000029     -0.907577217    
   4.72000027     -0.910770357    
   4.74000025     -0.915658295    
   4.76000023     -0.919987977    
   4.78000021     -0.924814939    
   4.80000019     -0.926890731    
   4.82000017     -0.928757370    
   4.84000015     -0.931376576    
   4.86000013     -0.936205149    
   4.88000011     -0.940462828    
   4.90000057     -0.941003084    
   4.92000055     -0.942842185    
   4.94000053     -0.947780907    
   4.96000051     -0.950232327    
   4.98000050     -0.952361643    
   5.00000048     -0.955153048    
   5.02000046     -0.957952201    
   5.04000044     -0.961972594    
   5.06000042     -0.964071810    
   5.08000040     -0.966674328    
   5.10000038     -0.969784081    
   5.12000036     -0.972401500    
   5.14000034     -0.975025773    
   5.16000032     -0.977769136    
   5.18000031     -0.980576217    
   5.20000029     -0.983785927    
   5.22000027     -0.986383855    
   5.24000025     -0.988875031    
   5.26000023     -0.989442050    
   5.28000021     -0.994446099    
   5.30000019     -0.995358646    
   5.32000017     -0.999647141    
   5.34000015      -1.00458741    
   5.36000061      -1.00706673    
   5.38000059      -1.01100004    
   5.40000057      -1.01233399    
   5.42000055      -1.01529825    
   5.44000053      -1.01710415    
   5.46000051      -1.02219033    
   5.48000050      -1.02506638    
   5.50000048      -1.02730238    
   5.52000046      -1.02783275    
   5.54000044      -1.03356647    
   5.56000042      -1.03475273    
   5.58000040      -1.03599989    
   5.60000038      -1.03987002    
   5.62000036      -1.04148197    
   5.64000034      -1.04423440    
   5.66000032      -1.04597342    
   5.68000031      -1.04940045    
   5.70000029      -1.05374622    
   5.72000027      -1.05726075    
   5.74000025      -1.06030047    
   5.76000023      -1.06481612    
   5.78000021      -1.06493843    
   5.80000019      -1.06757224    
   5.82000065      -1.06996703    
   5.84000063      -1.07286072    
   5.86000061      -1.07434154    
   5.88000059      -1.07656693    
   5.90000057      -1.08003855    
   5.92000055      -1.08321059    
   5.94000053      -1.08539343    
   5.96000051      -1.08714306    
   5.98000050      -1.09241056    
   6.00000048      -1.09480262    
   6.02000046      -1.09745312    
   6.04000044      -1.09973061    
   6.06000042      -1.10347438    
   6.08000040      -1.10659432    
   6.10000038      -1.11042786    
   6.12000036      -1.11279929    
   6.14000034      -1.11414778    
   6.16000032      -1.11543369    
   6.18000031      -1.11768806    
   6.20000029      -1.12033534    
   6.22000027      -1.12415719    
   6.24000025      -1.12734246    
   6.26000023      -1.12916708    
   6.28000021      -1.13014603    
   6.30000067      -1.13236845    
   6.32000065      -1.13603961    
   6.34000063      -1.13682806    
   6.36000061      -1.14342260    
   6.38000059      -1.14461434    
   6.40000057      -1.14746678    
   6.42000055      -1.14999437    
   6.44000053      -1.15099382    
   6.46000051      -1.15099382    
   6.48000050      -1.15573847    
   6.50000048      -1.15902603    
   6.52000046      -1.16225708    
   6.54000044      -1.16306639    
   6.56000042      -1.16752982    
   6.58000040      -1.16942942    
   6.60000038      -1.17228556    
   6.62000036      -1.17631173    
   6.64000034      -1.17891335    
   6.66000032      -1.18214059    
   6.68000031      -1.18269098    
   6.70000029      -1.18682837    
   6.72000027      -1.18848813    
   6.74000025      -1.19077480    
   6.76000071      -1.19334483    
   6.78000069      -1.19647944    
   6.80000067      -1.20004416    
   6.82000065      -1.20179605    
   6.84000063      -1.20608377    
   6.86000061      -1.20968282    
   6.88000059      -1.21067309    
   6.90000057      -1.21223128    
   6.92000055      -1.21563911    
   6.94000053      -1.21549678    
   6.96000051      -1.21670651    
   6.98000050      -1.21848786    
   7.00000048      -1.22134483    
   7.02000046      -1.22729909    
   7.04000044      -1.22801888    
   7.06000042      -1.22881126    
   7.08000040      -1.23184240    
   7.10000038      -1.23575330    
   7.12000036      -1.23836887    
   7.14000034      -1.24121046    
   7.16000032      -1.24559760    
   7.18000031      -1.24816585    
   7.20000029      -1.25361741    
   7.22000074      -1.25531793    
   7.24000072      -1.25665069    
   7.26000071      -1.25783706    
   7.28000069      -1.26162755    
   7.30000067      -1.26513362    
   7.32000065      -1.26715326    
   7.34000063      -1.26827705    
   7.36000061      -1.27263439    
   7.38000059      -1.27610362    
   7.40000057      -1.28064704    
   7.42000055      -1.28338313    
   7.44000053      -1.28681362    
   7.46000051      -1.29309523    
   7.48000050      -1.29463327    
   7.50000048      -1.29763949    
   7.52000046      -1.29810274    
   7.54000044      -1.30080950    
   7.56000042      -1.30406737    
   7.58000040      -1.30718005    
   7.60000038      -1.31030238    
   7.62000036      -1.31382668    
   7.64000034      -1.31359124    
   7.66000032      -1.31626165    
   7.68000031      -1.31681228    
   7.70000076      -1.32146597    
   7.72000074      -1.32439530    
   7.74000072      -1.32669747    
   7.76000071      -1.32908440    
   7.78000069      -1.33051932    
   7.80000067      -1.33443606    
   7.82000065      -1.33595884    
   7.84000063      -1.33764482    
   7.86000061      -1.34183156    
   7.88000059      -1.34603596    
   7.90000057      -1.35123503    
   7.92000055      -1.35115361    
   7.94000053      -1.35433483    
   7.96000051      -1.35719836    
   7.98000050      -1.35785413    
   8.00000095      -1.36229122    
   8.02000046      -1.36468220    
   8.04000092      -1.36790693    
   8.06000042      -1.37097573    
   8.08000088      -1.37272179    
   8.10000038      -1.37305462    
   8.12000084      -1.37447083    
   8.14000034      -1.37873125    
   8.16000080      -1.38149786    
   8.18000031      -1.38385117    
   8.20000076      -1.38502991    
   8.22000027      -1.38832092    
   8.24000072      -1.39018214    
   8.26000023      -1.39442515    
   8.28000069      -1.39604223    
   8.30000019      -1.39612746    
   8.32000065      -1.39954066    
   8.34000015      -1.40065253    
   8.36000061      -1.40425313    
   8.38000107      -1.40717721    
   8.40000057      -1.41028285    
   8.42000103      -1.41339815    
   8.44000053      -1.41339815    
   8.46000099      -1.41548038    
   8.48000050      -1.41800225    
   8.50000095      -1.42175329    
   8.52000046      -1.42490458    
   8.54000092      -1.42788982    
   8.56000042      -1.42903376    
   8.58000088      -1.43158996    
   8.60000038      -1.43353367    
   8.62000084      -1.43406439    
   8.64000034      -1.44072247    
   8.66000080      -1.43920946    
   8.68000031      -1.44205952    
   8.70000076      -1.44473875    
   8.72000027      -1.44617069    
   8.74000072      -1.44948971    
   8.76000023      -1.45146859    
   8.78000069      -1.45643270    
   8.80000019      -1.45670414    
   8.82000065      -1.45842516    
   8.84000015      -1.46315086    
   8.86000061      -1.46634412    
   8.88000107      -1.46817338    
   8.90000057      -1.46707547    
   8.92000103      -1.47184217    
   8.94000053      -1.47617018    
   8.96000099      -1.47746301    
   8.98000050      -1.47746301    
   9.00000095      -1.48274398    
   9.02000046      -1.48107326    
   9.04000092      -1.48432434    
   9.06000042      -1.48441744    
   9.08000088      -1.48852003    
   9.10000038      -1.49273324    
   9.12000084      -1.49630511    
   9.14000034      -1.49837875    
   9.16000080      -1.50092971    
   9.18000031      -1.50329745    
   9.20000076      -1.50548077    
   9.22000027      -1.51081657    
   9.24000072      -1.51349533    
   9.26000023      -1.51752675    
   9.28000069      -1.51848900    
   9.30000019      -1.52051282    
   9.32000065      -1.52205753    
   9.34000111      -1.52263749    
   9.36000061      -1.52428222    
   9.38000107      -1.52651191    
   9.40000057      -1.52884388    
   9.42000103      -1.53118110    
   9.44000053      -1.53323090    
   9.46000099      -1.53685248    
   9.48000050      -1.53960192    
   9.50000095      -1.54166889    
   9.52000046      -1.54571688    
   9.54000092      -1.54878855    
   9.56000042      -1.55077517    
   9.58000088      -1.55256653    
   9.60000038      -1.55366290    
   9.62000084      -1.55515981    
   9.64000034      -1.55816042    
   9.66000080      -1.55936325    
   9.68000031      -1.56308079    
   9.70000076      -1.56580245    
   9.72000027      -1.56843030    
   9.74000072      -1.56681240    
   9.76000023      -1.57147110    
   9.78000069      -1.57208037    
   9.80000114      -1.57401216    
   9.82000065      -1.57584572    
   9.84000111      -1.58013713    
   9.86000061      -1.58485854    
   9.88000107      -1.58660901    
   9.90000057      -1.58722746    
   9.92000103      -1.59073997    
   9.94000053      -1.59530377    
   9.96000099      -1.59644794    
   9.98000050      -1.60009742    
   10.0000010      -1.59915769    
   10.0200005      -1.60114253    
   10.0400009      -1.60512412    
   10.0600004      -1.60933244    
   10.0800009      -1.60954332    
   10.1000004      -1.61239469    
   10.1200008      -1.61451197    
   10.1400003      -1.61918581    
   10.1600008      -1.61929226    
   10.1800003      -1.62195802    
   10.2000008      -1.62409568    
   10.2200003      -1.62452376    
   10.2400007      -1.62774014    
   10.2600012      -1.63010550    
   10.2800007      -1.63431239    
   10.3000011      -1.63864565    
   10.3200006      -1.63973188    
   10.3400011      -1.64245272    
   10.3600006      -1.64583683    
   10.3800011      -1.64824533    
   10.4000006      -1.65285969    
   10.4200010      -1.65506458    
   10.4400005      -1.65749550    
   10.4600010      -1.65904558    
   10.4800005      -1.66315365    
   10.5000010      -1.66437829    
   10.5200005      -1.66839671    
   10.5400009      -1.67243111    
   10.5600004      -1.67310512    
   10.5800009      -1.67873955    
   10.6000004      -1.68224907    
   10.6200008      -1.68520188    
   10.6400003      -1.68987608    
   10.6600008      -1.68976188    
   10.6800003      -1.69147718    
   10.7000008      -1.69468713    
   10.7200012      -1.70194733    
   10.7400007      -1.70461106    
   10.7600012      -1.70542312    
   10.7800007      -1.71042633    
   10.8000011      -1.71264505    
   10.8200006      -1.71674514    
   10.8400011      -1.72015512    
   10.8600006      -1.72263169    
   10.8800011      -1.72701001    
   10.9000006      -1.73093140    
   10.9200010      -1.73355424    
   10.9400005      -1.73786104    
   10.9600010      -1.74399412    
   10.9800005      -1.74508035    
   11.0000010      -1.74737740    
   11.0200005      -1.75065076    
   11.0400009      -1.75356936    
   11.0600004      -1.75882006    
   11.0800009      -1.76102614    
   11.1000004      -1.76483715    
   11.1200008      -1.76977599    
   11.1400003      -1.77076662    
   11.1600008      -1.77337193    
   11.1800013      -1.77710557    
   11.2000008      -1.78035283    
   11.2200012      -1.78298330    
   11.2400007      -1.78826487    
   11.2600012      -1.79028440    
   11.2800007      -1.79256117    
   11.3000011      -1.79738474    
   11.3200006      -1.80082619    
   11.3400011      -1.80325508    
   11.3600006      -1.80568981    
   11.3800011      -1.80903137    
   11.4000006      -1.81148028    
   11.4200010      -1.81510019    
   11.4400005      -1.81821346    
   11.4600010      -1.82237959    
   11.4800005      -1.82590830    
   11.5000010      -1.82866156    
   11.5200005      -1.83485103    
   11.5400009      -1.83829153    
   11.5600004      -1.84174395    
   11.5800009      -1.84641027    
   11.6000004      -1.85096431    
   11.6200008      -1.85473025    
   11.6400013      -1.85607862    
   11.6600008      -1.86352777    
   11.6800013      -1.86788750    
   11.7000008      -1.87295210    
   11.7200012      -1.87254059    
   11.7400007      -1.87790477    
   11.7600012      -1.88080502    
   11.7800007      -1.88357520    
   11.8000011      -1.88510191    
   11.8200006      -1.89011514    
   11.8400011      -1.89529407    
   11.8600006      -1.89627683    
   11.8800011      -1.90007675    
   11.9000006      -1.90162897    
   11.9200010      -1.90304220    
   11.9400005      -1.90914190    
   11.9600010      -1.91313386    
   11.9800005      -1.91685510    
   12.0000010      -1.92073417    
   12.0200005      -1.92318428    
   12.0400009      -1.92535102    
   12.0600004      -1.93158889    
   12.0800009      -1.93202555    
   12.1000004      -1.93494141    
   12.1200008      -1.93874478    
   12.1400013      -1.94182742    
   12.1600008      -1.94477201    
   12.1800013      -1.95113254    
   12.2000008      -1.95544517    
   12.2200012      -1.96307480    
   12.2400007      -1.96804285    
   12.2600012      -1.97197449    
   12.2800007      -1.97744393    
   12.3000011      -1.98034263    
   12.3200006      -1.98509037    
   12.3400011      -1.98524380    
   12.3600006      -1.98801148    
   12.3800011      -1.99078667    
   12.4000006      -1.99869180    
   12.4200010      -2.00180912    
   12.4400005      -2.00587606    
   12.4600010      -2.00980210    
   12.4800005      -2.01579976    
   12.5000010      -2.01722550    
   12.5200005      -2.02454448    
   12.5400009      -2.03047061    
   12.5600004      -2.02982831    
   12.5800009      -2.03095269    
   12.6000013      -2.03530169    
   12.6200008      -2.03950739    
   12.6400013      -2.04568624    
   12.6600008      -2.04650211    
   12.6800013      -2.05075526    
   12.7000008      -2.05321741    
   12.7200012      -2.06047463    
   12.7400007      -2.06478786    
   12.7600012      -2.07430911    
   12.7800007      -2.07598901    
   12.8000011      -2.07952595    
   12.8200006      -2.08087659    
   12.8400011      -2.08731723    
   12.8600006      -2.09089446    
   12.8800011      -2.09021211    
   12.9000006      -2.09534121    
   12.9200010      -2.09998012    
   12.9400005      -2.10153103    
   12.9600010      -2.10567904    
   12.9800005      -2.11106229    
   13.0000010      -2.11998248    
   13.0200005      -2.12226892    
   13.0400009      -2.12915993    
   13.0600014      -2.12774253    
   13.0800009      -2.12951469    
   13.1000013      -2.13627744    
   13.1200008      -2.14075184    
   13.1400013      -2.14146948    
   13.1600008      -2.14614749    
   13.1800013      -2.15338731    
   13.2000008      -2.16086292    
   13.2200012      -2.15866923    
   13.2400007      -2.16232824    
   13.2600012      -2.16839504    
   13.2800007      -2.17208982    
   13.3000011      -2.17449880    
   13.3200006      -2.18008018    
   13.3400011      -2.18194747    
   13.3600006      -2.18513012    
   13.3800011      -2.18907571    
   13.4000006      -2.19247007    
   13.4200010      -2.20081592    
   13.4400005      -2.20616364    
   13.4600010      -2.21173239    
   13.4800005      -2.21675181    
   13.5000010      -2.21868896    
   13.5200014      -2.22432828    
   13.5400009      -2.22843194    
   13.5600014      -2.23452044    
   13.5800009      -2.23846841    
   13.6000013      -2.24143958    
   13.6200008      -2.25100708    
   13.6400013      -2.25441766    
   13.6600008      -2.25783992    
   13.6800013      -2.26390791    
   13.7000008      -2.26817751    
   13.7200012      -2.27430868    
   13.7400007      -2.27779984    
   13.7600012      -2.28068423    
   13.7800007      -2.28564787    
   13.8000011      -2.29084492    
   13.8200006      -2.29544067    
   13.8400011      -2.30153131    
   13.8600006      -2.30638814    
   13.8800011      -2.30681157    
   13.9000006      -2.31105614    
   13.9200010      -2.32002854    
   13.9400005      -2.32583952    
   13.9600010      -2.33538198    
   13.9800014      -2.34040642    
   14.0000010      -2.35186028    
   14.0200014      -2.35230350    
   14.0400009      -2.36187935    
   14.0600014      -2.36748910    
   14.0800009      -2.36996746    
   14.1000013      -2.37789416    
   14.1200008      -2.38473892    
   14.1400013      -2.38565493    
   14.1600008      -2.39209175    
   14.1800013      -2.39787412    
   14.2000008      -2.40696192    
   14.2200012      -2.41024446    
   14.2400007      -2.41071439    
   14.2600012      -2.41873503    
   14.2800007      -2.42729831    
   14.3000011      -2.43425035    
   14.3200006      -2.44100881    
   14.3400011      -2.44562101    
   14.3600006      -2.45417333    
   14.3800011      -2.45441890    
   14.4000006      -2.46008039    
   14.4200010      -2.46577406    
   14.4400015      -2.46900678    
   14.4600010      -2.47224998    
   14.4800014      -2.47575426    
   14.5000010      -2.48078179    
   14.5200014      -2.49269724    
   14.5400009      -2.49678636    
   14.5600014      -2.49858046    
   14.5800009      -2.50553131    
   14.6000013      -2.51071119    
   14.6200008      -2.51827025    
   14.6400013      -2.52404308    
   14.6600008      -2.53568959    
   14.6800013      -2.53969121    
   14.7000008      -2.54774261    
   14.7200012      -2.55152249    
   14.7400007      -2.55287576    
   14.7600012      -2.56240106    
   14.7800007      -2.56294799    
   14.8000011      -2.56981134    
   14.8200006      -2.57229376    
   14.8400011      -2.57367563    
   14.8600006      -2.58228564    
   14.8800011      -2.58900261    
   14.9000015      -2.59519982    
   14.9200010      -2.59604788    
   14.9400015      -2.60285830    
   14.9600010      -2.60771060    
   14.9800014      -2.61229920    
   15.0000010      -2.61517763    
   15.0200014      -2.62153983    
   15.0400009      -2.62444520    
   15.0600014      -2.63174558    
   15.0800009      -2.63791919    
   15.1000013      -2.64176011    
   15.1200008      -2.64472485    
   15.1400013      -2.65038228    
   15.1600008      -2.65847707    
   15.1800013      -2.66360760    
   15.2000008      -2.67272615    
   15.2200012      -2.67823744    
   15.2400007      -2.68439698    
   15.2600012      -2.68811107    
   15.2800007      -2.69808316    
   15.3000011      -2.70373631    
   15.3200006      -2.70910525    
   15.3400011      -2.71737242    
   15.3600006      -2.72313595    
   15.3800011      -2.73184443    
   15.4000015      -2.74291921    
   15.4200010      -2.75015140    
   15.4400015      -2.75544429    
   15.4600010      -2.76443982    
   15.4800014      -2.76880002    
   15.5000010      -2.77690005    
   15.5200014      -2.78438306    
   15.5400009      -2.79329944    
   15.5600014      -2.80160093    
   15.5800009      -2.80299139    
   15.6000013      -2.80752349    
   15.6200008      -2.81137419    
   15.6400013      -2.81770778    
   15.6600008      -2.82585955    
   15.6800013      -2.83300257    
   15.7000008      -2.83515525    
   15.7200012      -2.84671617    
   15.7400007      -2.84889889    
   15.7600012      -2.85730982    
   15.7800007      -2.86025214    
   15.8000011      -2.86913109    
   15.8200006      -2.87621689    
   15.8400011      -2.87509465    
   15.8600016      -2.88259935    
   15.8800011      -2.88410711    
   15.9000015      -2.89320159    
   15.9200010      -2.90970540    
   15.9400015      -2.91474915    
   15.9600010      -2.92138338    
   15.9800014      -2.93201113    
