   0.00000000       0.00000000    
   1.00000007E-02   6.67056441E-02
   2.00000014E-02   9.49557796E-02
   3.00000012E-02  0.108722903    
   4.00000028E-02  0.114162408    
   5.00000045E-02  0.117589593    
   6.00000024E-02  0.119994938    
   7.00000077E-02  0.124760948    
   8.00000057E-02  0.129457653    
   9.00000036E-02  0.134360209    
  0.100000009      0.137753218    
  0.110000007      0.140747041    
  0.120000005      0.143489316    
  0.130000010      0.145438865    
  0.140000015      0.146732509    
  0.150000006      0.148866042    
  0.160000011      0.149907887    
  0.170000017      0.152342930    
  0.180000007      0.153897822    
  0.190000013      0.155039445    
  0.200000018      0.155330583    
  0.210000008      0.156740263    
  0.220000014      0.158204615    
  0.230000019      0.160416752    
  0.240000010      0.161564469    
  0.250000030      0.162980199    
  0.260000020      0.163906202    
  0.270000011      0.164854556    
  0.280000031      0.165344238    
  0.290000021      0.166657716    
  0.300000012      0.167994082    
  0.310000032      0.168903589    
  0.320000023      0.169921175    
  0.330000013      0.170371771    
  0.340000033      0.170962259    
  0.350000024      0.171778709    
  0.360000014      0.171941251    
  0.370000035      0.172694445    
  0.380000025      0.173749313    
  0.390000015      0.174729854    
  0.400000036      0.175388902    
  0.410000026      0.175887257    
  0.420000017      0.176741332    
  0.430000037      0.177607045    
  0.440000027      0.178473577    
  0.450000018      0.179330289    
  0.460000038      0.180241823    
  0.470000029      0.181143448    
  0.480000019      0.181732833    
  0.490000039      0.182366163    
  0.500000060      0.182665035    
  0.510000050      0.183515668    
  0.520000041      0.184161633    
  0.530000031      0.185154662    
  0.540000021      0.185369015    
  0.550000012      0.185410112    
  0.560000062      0.185863271    
  0.570000052      0.186728999    
  0.580000043      0.187443852    
  0.590000033      0.188332930    
  0.600000024      0.189266503    
  0.610000014      0.189994618    
  0.620000064      0.190331891    
  0.630000055      0.190963253    
  0.640000045      0.192226663    
  0.650000036      0.193142995    
  0.660000026      0.193035692    
  0.670000076      0.192884922    
  0.680000067      0.193551898    
  0.690000057      0.194012284    
  0.700000048      0.194855437    
  0.710000038      0.195087537    
  0.720000029      0.195407391    
  0.730000079      0.195629060    
  0.740000069      0.196485698    
  0.750000060      0.196828559    
  0.760000050      0.197314367    
  0.770000041      0.197044313    
  0.780000031      0.198133677    
  0.790000081      0.198840246    
  0.800000072      0.199492663    
  0.810000062      0.199717432    
  0.820000052      0.200755522    
  0.830000043      0.200596437    
  0.840000033      0.201284170    
  0.850000083      0.201961488    
  0.860000074      0.202551514    
  0.870000064      0.203483626    
  0.880000055      0.203744382    
  0.890000045      0.203994349    
  0.900000036      0.204619825    
  0.910000086      0.204870492    
  0.920000076      0.205397531    
  0.930000067      0.205925256    
  0.940000057      0.206453517    
  0.950000048      0.207612887    
  0.960000038      0.207677618    
  0.970000088      0.207576364    
  0.980000079      0.207851768    
  0.990000069      0.208493188    
   1.00000012      0.209401652    
   1.01000011      0.209977910    
   1.02000010      0.210421756    
   1.03000009      0.211043790    
   1.04000008      0.211210594    
   1.05000007      0.211889312    
   1.06000006      0.212980464    
   1.07000005      0.213727489    
   1.08000004      0.213851541    
   1.09000003      0.213942409    
   1.10000002      0.214434654    
   1.11000013      0.214983359    
   1.12000012      0.215934455    
   1.13000011      0.215188831    
   1.14000010      0.215615928    
   1.15000010      0.216032133    
   1.16000009      0.216616571    
   1.17000008      0.216944277    
   1.18000007      0.217686743    
   1.19000006      0.217847213    
   1.20000005      0.218422726    
   1.21000004      0.218639866    
   1.22000003      0.219283774    
   1.23000014      0.219288379    
   1.24000013      0.219832182    
   1.25000012      0.219589666    
   1.26000011      0.219954282    
   1.27000010      0.220443055    
   1.28000009      0.220842317    
   1.29000008      0.221399635    
   1.30000007      0.221867368    
   1.31000006      0.221737981    
   1.32000005      0.221484393    
   1.33000004      0.221591815    
   1.34000015      0.221733153    
   1.35000014      0.222869024    
   1.36000013      0.223067746    
   1.37000012      0.223504260    
   1.38000011      0.224099636    
   1.39000010      0.225069374    
   1.40000010      0.225893095    
   1.41000009      0.225674346    
   1.42000008      0.225682318    
   1.43000007      0.225906044    
   1.44000006      0.225914299    
   1.45000005      0.226274595    
   1.46000016      0.226589873    
   1.47000015      0.227269664    
   1.48000014      0.227505922    
   1.49000013      0.228539780    
   1.50000012      0.228025362    
   1.51000011      0.228068829    
   1.52000010      0.228203699    
   1.53000009      0.228635281    
   1.54000008      0.229375765    
   1.55000007      0.229831249    
   1.56000006      0.230058834    
   1.57000005      0.230538160    
   1.58000016      0.230629086    
   1.59000015      0.231017575    
   1.60000014      0.231040090    
   1.61000013      0.231990844    
   1.62000012      0.232873783    
   1.63000011      0.233688921    
   1.64000010      0.233862072    
   1.65000010      0.234058440    
   1.66000009      0.234565347    
   1.67000008      0.235256657    
   1.68000007      0.235741660    
   1.69000018      0.235870481    
   1.70000017      0.236183703    
   1.71000016      0.236312777    
   1.72000015      0.237053007    
   1.73000014      0.237702027    
   1.74000013      0.237751260    
   1.75000012      0.237523660    
   1.76000011      0.237214863    
   1.77000010      0.237113684    
   1.78000009      0.238157600    
   1.79000008      0.238612458    
   1.80000007      0.238743529    
   1.81000018      0.238666236    
   1.82000017      0.238843948    
   1.83000016      0.239253744    
   1.84000015      0.239408687    
   1.85000014      0.239145815    
   1.86000013      0.239324123    
   1.87000012      0.239235178    
   1.88000011      0.239937216    
   1.89000010      0.240500212    
   1.90000010      0.240877613    
   1.91000009      0.240754575    
   1.92000008      0.240841061    
   1.93000019      0.240974352    
   1.94000018      0.241154417    
   1.95000017      0.241778508    
   1.96000016      0.242181197    
   1.97000015      0.242724553    
   1.98000014      0.243397370    
   1.99000013      0.243684530    
   2.00000024      0.243679419    
   2.01000023      0.244049162    
   2.02000022      0.244255215    
   2.03000021      0.244414672    
   2.04000020      0.243846640    
   2.05000019      0.244510859    
   2.06000018      0.244600147    
   2.07000017      0.244736493    
   2.08000016      0.244496807    
   2.09000015      0.244974568    
   2.10000014      0.245052680    
   2.11000013      0.244812474    
   2.12000012      0.244749010    
   2.13000011      0.244897857    
   2.14000010      0.244881511    
   2.15000010      0.244652763    
   2.16000009      0.244825348    
   2.17000008      0.245399922    
   2.18000007      0.245750502    
   2.19000006      0.245734781    
   2.20000005      0.246417403    
   2.21000004      0.247479945    
   2.22000027      0.247275606    
   2.23000026      0.247485682    
   2.24000025      0.247897997    
   2.25000024      0.247930735    
   2.26000023      0.248011231    
   2.27000022      0.248792991    
   2.28000021      0.249171227    
   2.29000020      0.249300063    
   2.30000019      0.249000326    
   2.31000018      0.249665409    
   2.32000017      0.250378639    
   2.33000016      0.250413030    
   2.34000015      0.250340104    
   2.35000014      0.251389325    
   2.36000013      0.251710951    
   2.37000012      0.252021164    
   2.38000011      0.252271801    
   2.39000010      0.252654523    
   2.40000010      0.252666324    
   2.41000009      0.252857804    
   2.42000008      0.253349423    
   2.43000007      0.253673494    
   2.44000006      0.253745943    
   2.45000029      0.253938615    
   2.46000028      0.254828393    
   2.47000027      0.255586833    
   2.48000026      0.255335808    
   2.49000025      0.255240947    
   2.50000024      0.255350560    
   2.51000023      0.255978644    
   2.52000022      0.255956292    
   2.53000021      0.256066501    
   2.54000020      0.256201118    
   2.55000019      0.255623370    
   2.56000018      0.256349921    
   2.57000017      0.256750882    
   2.58000016      0.257467002    
   2.59000015      0.257832676    
   2.60000014      0.257387549    
   2.61000013      0.257656604    
   2.62000012      0.257719994    
   2.63000011      0.258159518    
   2.64000010      0.259303600    
   2.65000010      0.259210229    
   2.66000009      0.259080261    
   2.67000008      0.259582281    
   2.68000031      0.259099454    
   2.69000030      0.259663135    
   2.70000029      0.259788811    
   2.71000028      0.259451538    
   2.72000027      0.260004222    
   2.73000026      0.260679394    
   2.74000025      0.260879278    
   2.75000024      0.260883957    
   2.76000023      0.261010796    
   2.77000022      0.261260271    
   2.78000021      0.261411935    
   2.79000020      0.261588365    
   2.80000019      0.261936486    
   2.81000018      0.261990786    
   2.82000017      0.262314916    
   2.83000016      0.263216436    
   2.84000015      0.263627857    
   2.85000014      0.263670981    
   2.86000013      0.263787836    
   2.87000012      0.264114112    
   2.88000011      0.264280677    
   2.89000010      0.264743179    
   2.90000010      0.264984161    
   2.91000032      0.265496880    
   2.92000031      0.265936136    
   2.93000031      0.266388267    
   2.94000030      0.266754419    
   2.95000029      0.267553419    
   2.96000028      0.267661095    
   2.97000027      0.267249107    
   2.98000026      0.267381251    
   2.99000025      0.267241061    
   3.00000024      0.267919064    
   3.01000023      0.267828584    
   3.02000022      0.268395990    
   3.03000021      0.268293411    
   3.04000020      0.269184709    
   3.05000019      0.268833816    
   3.06000018      0.268693864    
   3.07000017      0.269089043    
   3.08000016      0.269073665    
   3.09000015      0.269469500    
   3.10000014      0.269853473    
   3.11000013      0.269614011    
   3.12000012      0.269374073    
   3.13000011      0.269284070    
   3.14000010      0.269218743    
   3.15000033      0.269966364    
   3.16000032      0.270289361    
   3.17000031      0.270349741    
   3.18000031      0.270610660    
   3.19000030      0.271097749    
   3.20000029      0.271748275    
   3.21000028      0.272474974    
   3.22000027      0.272612363    
   3.23000026      0.272360206    
   3.24000025      0.273000568    
   3.25000024      0.273578703    
   3.26000023      0.273591042    
   3.27000022      0.273288429    
   3.28000021      0.273199737    
   3.29000020      0.273174167    
   3.30000019      0.273148477    
   3.31000018      0.272996396    
   3.32000017      0.272945166    
   3.33000016      0.272729665    
   3.34000015      0.272804767    
   3.35000014      0.273133218    
   3.36000013      0.273246676    
   3.37000012      0.273385733    
   3.38000035      0.273347288    
   3.39000034      0.273397684    
   3.40000033      0.274527222    
   3.41000032      0.274946690    
   3.42000031      0.275290519    
   3.43000031      0.275545716    
   3.44000030      0.275508583    
   3.45000029      0.275076538    
   3.46000028      0.275433987    
   3.47000027      0.276034027    
   3.48000026      0.276137352    
   3.49000025      0.275500387    
   3.50000024      0.275194854    
   3.51000023      0.275860220    
   3.52000022      0.275937915    
   3.53000021      0.276118338    
   3.54000020      0.276529282    
   3.55000019      0.276838332    
   3.56000018      0.276942670    
   3.57000017      0.277342081    
   3.58000016      0.277459621    
   3.59000015      0.278001249    
   3.60000014      0.278042138    
   3.61000037      0.278186172    
   3.62000036      0.277995706    
   3.63000035      0.278217077    
   3.64000034      0.278593242    
   3.65000033      0.278995574    
   3.66000032      0.278702080    
   3.67000031      0.278575778    
   3.68000031      0.278824121    
   3.69000030      0.278594494    
   3.70000029      0.278920442    
   3.71000028      0.279660970    
   3.72000027      0.279690415    
   3.73000026      0.279460639    
   3.74000025      0.279606670    
   3.75000024      0.280154824    
   3.76000023      0.281015098    
   3.77000022      0.280837655    
   3.78000021      0.280750901    
   3.79000020      0.280781090    
   3.80000019      0.281526834    
   3.81000018      0.281492501    
   3.82000017      0.281614274    
   3.83000016      0.281957895    
   3.84000015      0.281975955    
   3.85000038      0.281602383    
   3.86000037      0.282038093    
   3.87000036      0.282421947    
   3.88000035      0.282727957    
   3.89000034      0.282380164    
   3.90000033      0.281717777    
   3.91000032      0.281892747    
   3.92000031      0.282054961    
   3.93000031      0.282387942    
   3.94000030      0.282275051    
   3.95000029      0.282766044    
   3.96000028      0.282784641    
   3.97000027      0.282356292    
   3.98000026      0.282782674    
   3.99000025      0.282472074    
   4.00000048      0.282319218    
   4.01000023      0.282258570    
   4.02000046      0.282369345    
   4.03000021      0.282876045    
   4.04000044      0.282908022    
   4.05000019      0.283045769    
   4.06000042      0.283382028    
   4.07000017      0.283017486    
   4.08000040      0.283738017    
   4.09000015      0.283571839    
   4.10000038      0.284002125    
   4.11000013      0.284326851    
   4.12000036      0.284492463    
   4.13000011      0.284512490    
   4.14000034      0.284080535    
   4.15000010      0.284246594    
   4.16000032      0.284053415    
   4.17000008      0.283953190    
   4.18000031      0.283826321    
   4.19000053      0.284419090    
   4.20000029      0.285012633    
   4.21000051      0.285313219    
   4.22000027      0.285066634    
   4.23000050      0.285006911    
   4.24000025      0.285094082    
   4.25000048      0.285797060    
   4.26000023      0.285724044    
   4.27000046      0.285959303    
   4.28000021      0.286221683    
   4.29000044      0.286215961    
   4.30000019      0.285700411    
   4.31000042      0.285815239    
   4.32000017      0.286508232    
   4.33000040      0.286583513    
   4.34000015      0.286295533    
   4.35000038      0.286491841    
   4.36000013      0.286850214    
   4.37000036      0.286818027    
   4.38000011      0.287096143    
   4.39000034      0.286685944    
   4.40000010      0.286221325    
   4.41000032      0.286121011    
   4.42000008      0.286047637    
   4.43000031      0.285825282    
   4.44000053      0.285697520    
   4.45000029      0.286219984    
   4.46000051      0.286621183    
   4.47000027      0.286982149    
   4.48000050      0.286542505    
   4.49000025      0.286713600    
   4.50000048      0.286490768    
   4.51000023      0.287070096    
   4.52000046      0.287092119    
   4.53000021      0.287427723    
   4.54000044      0.287204653    
   4.55000019      0.287827045    
   4.56000042      0.287740499    
   4.57000017      0.287312329    
   4.58000040      0.287512213    
   4.59000015      0.288122833    
   4.60000038      0.288939416    
   4.61000013      0.289729744    
   4.62000036      0.289178163    
   4.63000011      0.288721800    
   4.64000034      0.288676500    
   4.65000010      0.288686007    
   4.66000032      0.288915664    
   4.67000055      0.289241374    
   4.68000031      0.288494766    
   4.69000053      0.289220184    
   4.70000029      0.288954556    
   4.71000051      0.289295107    
   4.72000027      0.289208531    
   4.73000050      0.288652748    
   4.74000025      0.289076656    
   4.75000048      0.289390534    
   4.76000023      0.289926291    
   4.77000046      0.290033489    
   4.78000021      0.290210217    
   4.79000044      0.290165544    
   4.80000019      0.290952623    
   4.81000042      0.291712970    
   4.82000017      0.291197121    
   4.83000040      0.290847212    
   4.84000015      0.290691614    
   4.85000038      0.290424407    
   4.86000013      0.290936410    
   4.87000036      0.291476995    
   4.88000011      0.291167915    
   4.89000034      0.290746957    
   4.90000057      0.290423036    
   4.91000032      0.290992558    
   4.92000055      0.291367203    
   4.93000031      0.291798264    
   4.94000053      0.292551845    
   4.95000029      0.292480171    
   4.96000051      0.292772770    
   4.97000027      0.293065637    
   4.98000050      0.293765813    
   4.99000025      0.294059932    
   5.00000048      0.294649273    
   5.01000023      0.294269472    
   5.02000046      0.294268996    
   5.03000021      0.294521779    
   5.04000044      0.294746935    
   5.05000019      0.294760793    
   5.06000042      0.294520676    
   5.07000017      0.294802725    
   5.08000040      0.295183957    
   5.09000015      0.295579821    
   5.10000038      0.295254797    
   5.11000013      0.295538068    
   5.12000036      0.295750797    
   5.13000059      0.295864612    
   5.14000034      0.296702027    
   5.15000057      0.296717256    
   5.16000032      0.295979947    
   5.17000055      0.295952111    
   5.18000031      0.296151876    
   5.19000053      0.295654386    
   5.20000029      0.295483947    
   5.21000051      0.295840532    
   5.22000027      0.296126276    
   5.23000050      0.295855910    
   5.24000025      0.295827836    
   5.25000048      0.295785576    
   5.26000023      0.295342773    
   5.27000046      0.295700788    
   5.28000021      0.295887172    
   5.29000044      0.296059638    
   5.30000019      0.296132058    
   5.31000042      0.296333760    
   5.32000017      0.296951950    
   5.33000040      0.297556639    
   5.34000015      0.297529548    
   5.35000038      0.297603190    
   5.36000061      0.297489643    
   5.37000036      0.297390521    
   5.38000059      0.297752500    
   5.39000034      0.297307104    
   5.40000057      0.297756195    
   5.41000032      0.297772497    
   5.42000055      0.298222423    
   5.43000031      0.297993243    
   5.44000053      0.297734618    
   5.45000029      0.297461301    
   5.46000051      0.297172964    
   5.47000027      0.297276109    
   5.48000050      0.297175974    
   5.49000025      0.296857804    
   5.50000048      0.296844512    
   5.51000023      0.297180444    
   5.52000046      0.297370970    
   5.53000021      0.296790004    
   5.54000044      0.296689183    
   5.55000019      0.296238184    
   5.56000042      0.296647638    
   5.57000017      0.296911657    
   5.58000040      0.296547592    
   5.59000063      0.296826512    
   5.60000038      0.297237515    
   5.61000061      0.296785027    
   5.62000036      0.296918184    
   5.63000059      0.297403365    
   5.64000034      0.296671182    
   5.65000057      0.297171652    
   5.66000032      0.297143668    
   5.67000055      0.297307014    
   5.68000031      0.297058374    
   5.69000053      0.296956748    
   5.70000029      0.297031701    
   5.71000051      0.296900392    
   5.72000027      0.296842664    
   5.73000050      0.296637177    
   5.74000025      0.296682596    
   5.75000048      0.296609819    
   5.76000023      0.296211153    
   5.77000046      0.296093673    
   5.78000021      0.295753419    
   5.79000044      0.296258211    
   5.80000019      0.296348035    
   5.81000042      0.296348989    
   5.82000065      0.296245873    
   5.83000040      0.295978963    
   5.84000063      0.296173006    
   5.85000038      0.296367586    
   5.86000061      0.296517462    
   5.87000036      0.295936793    
   5.88000059      0.296280831    
   5.89000034      0.296072423    
   5.90000057      0.295968622    
   5.91000032      0.296283305    
   5.92000055      0.296433985    
   5.93000031      0.296389937    
   5.94000053      0.296525806    
   5.95000029      0.296931833    
   5.96000051      0.296948195    
   5.97000027      0.296979547    
   5.98000050      0.297477126    
   5.99000025      0.297147691    
   6.00000048      0.297360182    
   6.01000023      0.296834469    
   6.02000046      0.296911091    
   6.03000021      0.296776593    
   6.04000044      0.296898603    
   6.05000019      0.296341032    
   6.06000042      0.295782477    
   6.07000065      0.296070486    
   6.08000040      0.295314282    
   6.09000063      0.294996291    
   6.10000038      0.295860380    
   6.11000061      0.295451313    
   6.12000036      0.295390725    
   6.13000059      0.296409100    
   6.14000034      0.296318918    
   6.15000057      0.296350181    
   6.16000032      0.296594888    
   6.17000055      0.296367407    
   6.18000031      0.296368301    
   6.19000053      0.296521902    
   6.20000029      0.297271252    
   6.21000051      0.297135264    
   6.22000027      0.297228664    
   6.23000050      0.297337323    
   6.24000025      0.296986639    
   6.25000048      0.297340542    
   6.26000023      0.297280878    
   6.27000046      0.297650874    
   6.28000021      0.297437757    
   6.29000044      0.297301114    
   6.30000067      0.297287494    
   6.31000042      0.297535270    
   6.32000065      0.297891557    
   6.33000040      0.297585309    
   6.34000063      0.296815813    
   6.35000038      0.296523660    
   6.36000061      0.297436416    
   6.37000036      0.297546238    
   6.38000059      0.297362506    
   6.39000034      0.297100782    
   6.40000057      0.296978354    
   6.41000032      0.297383100    
   6.42000055      0.298098594    
   6.43000031      0.298240662    
   6.44000053      0.298740387    
   6.45000029      0.298851967    
   6.46000051      0.299290568    
   6.47000027      0.298810631    
   6.48000050      0.298735678    
   6.49000025      0.298769563    
   6.50000048      0.298756748    
   6.51000023      0.298743874    
   6.52000046      0.298371494    
   6.53000069      0.299077868    
   6.54000044      0.298282206    
   6.55000067      0.298081040    
   6.56000042      0.298788935    
   6.57000065      0.298713207    
   6.58000040      0.298606008    
   6.59000063      0.298388660    
   6.60000038      0.298281014    
   6.61000061      0.298440695    
   6.62000036      0.299136430    
   6.63000059      0.298761129    
   6.64000034      0.298842788    
   6.65000057      0.298798233    
   6.66000032      0.298627287    
   6.67000055      0.299594462    
   6.68000031      0.300183207    
   6.69000053      0.300725460    
   6.70000029      0.300745636    
   6.71000051      0.300543875    
   6.72000027      0.300770044    
   6.73000050      0.301822543    
   6.74000025      0.301891297    
   6.75000048      0.301928192    
   6.76000071      0.301042020    
   6.77000046      0.301030576    
   6.78000069      0.300493091    
   6.79000044      0.300864190    
   6.80000067      0.300788730    
   6.81000042      0.300601393    
   6.82000065      0.300109804    
   6.83000040      0.300641686    
   6.84000063      0.301302582    
   6.85000038      0.301595926    
   6.86000061      0.301231861    
   6.87000036      0.301156342    
   6.88000059      0.301562548    
   6.89000034      0.301374704    
   6.90000057      0.301411599    
   6.91000032      0.301287621    
   6.92000055      0.301453620    
   6.93000031      0.301361710    
   6.94000053      0.301059991    
   6.95000029      0.301500499    
   6.96000051      0.301796347    
   6.97000027      0.302869081    
   6.98000050      0.302907467    
   6.99000072      0.302751601    
   7.00000048      0.302935779    
   7.01000071      0.302974313    
   7.02000046      0.302996695    
   7.03000069      0.302759051    
   7.04000044      0.302651078    
   7.05000067      0.302754611    
   7.06000042      0.302956015    
   7.07000065      0.302864492    
   7.08000040      0.302544117    
   7.09000063      0.302239835    
   7.10000038      0.301918566    
   7.11000061      0.302267313    
   7.12000036      0.302747250    
   7.13000059      0.303523123    
   7.14000034      0.303382188    
   7.15000057      0.303437799    
   7.16000032      0.303575665    
   7.17000055      0.303631634    
   7.18000031      0.303983510    
   7.19000053      0.303743750    
   7.20000029      0.304376125    
   7.21000051      0.304367006    
   7.22000074      0.303813457    
   7.23000050      0.303704679    
   7.24000072      0.304108024    
   7.25000048      0.303900182    
   7.26000071      0.304171890    
   7.27000046      0.304543227    
   7.28000069      0.304020524    
   7.29000044      0.303994209    
   7.30000067      0.304233849    
   7.31000042      0.304373890    
   7.32000065      0.304082096    
   7.33000040      0.304105759    
   7.34000063      0.303979725    
   7.35000038      0.303953528    
   7.36000061      0.303810507    
   7.37000036      0.304184526    
   7.38000059      0.304325372    
   7.39000034      0.304382890    
   7.40000057      0.304206222    
   7.41000032      0.303995878    
   7.42000055      0.304438651    
   7.43000031      0.304596931    
   7.44000053      0.305275768    
   7.45000076      0.304897696    
   7.46000051      0.304821491    
   7.47000074      0.304879725    
   7.48000050      0.305106372    
   7.49000072      0.305164903    
   7.50000048      0.304414392    
   7.51000071      0.304826796    
   7.52000046      0.305172265    
   7.53000069      0.305687666    
   7.54000044      0.305746853    
   7.55000067      0.306263208    
   7.56000042      0.305916578    
   7.57000065      0.306281269    
   7.58000040      0.306477040    
   7.59000063      0.306859761    
   7.60000038      0.307226270    
   7.61000061      0.306997925    
   7.62000036      0.307024539    
   7.63000059      0.308005393    
   7.64000034      0.308595449    
   7.65000057      0.308248103    
   7.66000032      0.308566332    
   7.67000055      0.308098674    
   7.68000031      0.308759153    
   7.69000053      0.309095681    
   7.70000076      0.309381396    
   7.71000051      0.309135675    
   7.72000074      0.309507728    
   7.73000050      0.309570819    
   7.74000072      0.309771866    
   7.75000048      0.309491485    
   7.76000071      0.309279323    
   7.77000046      0.309359938    
   7.78000069      0.309543967    
   7.79000044      0.309970260    
   7.80000067      0.309585094    
   7.81000042      0.309406817    
   7.82000065      0.309487879    
   7.83000040      0.309828669    
   7.84000063      0.310551435    
   7.85000038      0.310251862    
   7.86000061      0.309743613    
   7.87000036      0.310033739    
   7.88000059      0.310028702    
   7.89000034      0.310615569    
   7.90000057      0.310732812    
   7.91000032      0.309752047    
   7.92000055      0.309171051    
   7.93000078      0.308885932    
   7.94000053      0.309596390    
   7.95000076      0.309818447    
   7.96000051      0.310110807    
   7.97000074      0.310578763    
   7.98000050      0.310188323    
   7.99000072      0.311060816    
   8.00000095      0.310459495    
   8.01000023      0.310700893    
   8.02000046      0.310731471    
   8.03000069      0.310674101    
   8.04000092      0.310863435    
   8.05000019      0.311229318    
   8.06000042      0.310572088    
   8.07000065      0.310002297    
   8.08000088      0.310014814    
   8.09000015      0.310381234    
   8.10000038      0.311350375    
   8.11000061      0.311169237    
   8.12000084      0.311129689    
   8.13000011      0.310894519    
   8.14000034      0.311121017    
   8.15000057      0.311383575    
   8.16000080      0.311415195    
   8.17000103      0.311037064    
   8.18000031      0.310997099    
   8.19000053      0.310760826    
   8.20000076      0.310649157    
   8.21000099      0.311091334    
   8.22000027      0.311552227    
   8.23000050      0.311870784    
   8.24000072      0.311383188    
   8.25000095      0.312060684    
   8.26000023      0.311877668    
   8.27000046      0.311874032    
   8.28000069      0.312697619    
   8.29000092      0.312496603    
   8.30000019      0.312259495    
   8.31000042      0.312760890    
   8.32000065      0.313119054    
   8.33000088      0.312953740    
   8.34000015      0.312987268    
   8.35000038      0.312387496    
   8.36000061      0.312655956    
   8.37000084      0.312942833    
   8.38000107      0.313502431    
   8.39000034      0.312810272    
   8.40000057      0.313116342    
   8.41000080      0.313313723    
   8.42000103      0.313456953    
   8.43000031      0.313235998    
   8.44000053      0.313525259    
   8.45000076      0.313066840    
   8.46000099      0.312625766    
   8.47000027      0.312970012    
   8.48000050      0.313077033    
   8.49000072      0.312488467    
   8.50000095      0.312961787    
   8.51000023      0.312793911    
   8.52000046      0.312919557    
   8.53000069      0.313118815    
   8.54000092      0.312895536    
   8.55000019      0.313168824    
   8.56000042      0.313074261    
   8.57000065      0.312997729    
   8.58000088      0.313216418    
   8.59000015      0.313029170    
   8.60000038      0.312971026    
   8.61000061      0.313504875    
   8.62000084      0.313057989    
   8.63000107      0.312406540    
   8.64000034      0.312069386    
   8.65000057      0.311954379    
   8.66000080      0.312452435    
   8.67000103      0.312002748    
   8.68000031      0.311943293    
   8.69000053      0.311604023    
   8.70000076      0.311767995    
   8.71000099      0.312492162    
   8.72000027      0.312115312    
   8.73000050      0.312934488    
   8.74000072      0.312688351    
   8.75000095      0.312460512    
   8.76000023      0.312438548    
   8.77000046      0.313167095    
   8.78000069      0.312638551    
   8.79000092      0.312860966    
   8.80000019      0.313479006    
   8.81000042      0.313476592    
   8.82000065      0.313210458    
   8.83000088      0.313905835    
   8.84000015      0.314206064    
   8.85000038      0.313996404    
   8.86000061      0.313710660    
   8.87000084      0.313973516    
   8.88000107      0.314180255    
   8.89000034      0.314102560    
   8.90000057      0.313853920    
   8.91000080      0.313870847    
   8.92000103      0.313678473    
   8.93000031      0.314514071    
   8.94000053      0.314207613    
   8.95000076      0.314587504    
   8.96000099      0.314509630    
   8.97000027      0.314068675    
   8.98000050      0.314602256    
   8.99000072      0.315002888    
   9.00000095      0.315136045    
   9.01000023      0.315633684    
   9.02000046      0.315345317    
   9.03000069      0.315690488    
   9.04000092      0.315920740    
   9.05000019      0.316343933    
   9.06000042      0.316209406    
   9.07000065      0.315785170    
   9.08000088      0.314279526    
   9.09000111      0.314490199    
   9.10000038      0.314740241    
   9.11000061      0.315106660    
   9.12000084      0.315202534    
   9.13000107      0.315511942    
   9.14000034      0.315802425    
   9.15000057      0.315918565    
   9.16000080      0.315685093    
   9.17000103      0.314925790    
   9.18000031      0.315138787    
   9.19000053      0.315527827    
   9.20000076      0.315527380    
   9.21000099      0.316093206    
   9.22000027      0.315487057    
   9.23000050      0.315388680    
   9.24000072      0.316308558    
   9.25000095      0.315877438    
   9.26000023      0.315779060    
   9.27000046      0.315935761    
   9.28000069      0.316309273    
   9.29000092      0.316742331    
   9.30000019      0.317097455    
   9.31000042      0.316999823    
   9.32000065      0.317592651    
   9.33000088      0.317356944    
   9.34000111      0.317951232    
   9.35000038      0.318051875    
   9.36000061      0.317479312    
   9.37000084      0.317044318    
   9.38000107      0.317461908    
   9.39000034      0.318138450    
   9.40000057      0.317862034    
   9.41000080      0.317803949    
   9.42000103      0.318104267    
   9.43000031      0.318126142    
   9.44000053      0.317689031    
   9.45000076      0.317890346    
   9.46000099      0.317092061    
   9.47000027      0.317093104    
   9.48000050      0.317514628    
   9.49000072      0.317014575    
   9.50000095      0.316453397    
   9.51000023      0.316513985    
   9.52000046      0.317077488    
   9.53000069      0.317018062    
   9.54000092      0.317059189    
   9.55000114      0.316777647    
   9.56000042      0.317323387    
   9.57000065      0.317768872    
   9.58000088      0.317972898    
   9.59000111      0.318298519    
   9.60000038      0.317915618    
   9.61000061      0.317897052    
   9.62000084      0.317918986    
   9.63000107      0.318408549    
   9.64000034      0.318024158    
   9.65000057      0.318249911    
   9.66000080      0.318211198    
   9.67000103      0.317539930    
   9.68000031      0.318011075    
   9.69000053      0.318012923    
   9.70000076      0.318260193    
   9.71000099      0.318508118    
   9.72000027      0.319064021    
   9.73000050      0.319620937    
   9.74000072      0.319768041    
   9.75000095      0.320326656    
   9.76000023      0.320783705    
   9.77000046      0.320479065    
   9.78000069      0.320524633    
   9.79000092      0.321107060    
   9.80000114      0.321380496    
   9.81000042      0.322047442    
   9.82000065      0.321038723    
   9.83000088      0.321022928    
   9.84000111      0.321255952    
   9.85000038      0.321696967    
   9.86000061      0.321993589    
   9.87000084      0.321895272    
   9.88000107      0.322504878    
   9.89000034      0.322323620    
   9.90000057      0.322767913    
   9.91000080      0.322962433    
   9.92000103      0.323032022    
   9.93000031      0.322808623    
   9.94000053      0.323024780    
   9.95000076      0.323031574    
   9.96000099      0.323290437    
   9.97000027      0.323633701    
   9.98000050      0.323914677    
   9.99000072      0.323206604    
   10.0000010      0.322960824    
   10.0100012      0.323284179    
   10.0200005      0.323755831    
   10.0300007      0.324968398    
   10.0400009      0.324998438    
   10.0500011      0.324710816    
   10.0600004      0.324189365    
   10.0700006      0.324452162    
   10.0800009      0.324417919    
   10.0900011      0.324383885    
   10.1000004      0.325009555    
   10.1100006      0.324464411    
   10.1200008      0.325027525    
   10.1300011      0.325036645    
   10.1400003      0.324511260    
   10.1500006      0.324797869    
   10.1600008      0.324656755    
   10.1700010      0.324987024    
   10.1800003      0.325575620    
   10.1900005      0.325391799    
   10.2000008      0.325723857    
   10.2100010      0.326293260    
   10.2200003      0.326497614    
   10.2300005      0.326551378    
   10.2400007      0.326583475    
   10.2500010      0.326507926    
   10.2600012      0.325869471    
   10.2700005      0.325034648    
   10.2800007      0.324978858    
   10.2900009      0.325465500    
   10.3000011      0.325409710    
   10.3100004      0.325441062    
   10.3200006      0.325341880    
   10.3300009      0.324196279    
   10.3400011      0.324204683    
   10.3500004      0.324496984    
   10.3600006      0.324483752    
   10.3700008      0.324645579    
   10.3800011      0.324523181    
   10.3900003      0.324773043    
   10.4000006      0.324716091    
   10.4100008      0.324483365    
   10.4200010      0.324690193    
   10.4300003      0.324831218    
   10.4400005      0.325237095    
   10.4500008      0.325180441    
   10.4600010      0.324880660    
   10.4700003      0.325685918    
   10.4800005      0.325762331    
   10.4900007      0.325905412    
   10.5000010      0.326159894    
   10.5100012      0.325459719    
   10.5200005      0.325469464    
   10.5300007      0.325657487    
   10.5400009      0.325823456    
   10.5500011      0.325454533    
   10.5600004      0.325084955    
   10.5700006      0.325831920    
   10.5800009      0.326065928    
   10.5900011      0.325516611    
   10.6000004      0.325436890    
   10.6100006      0.325424373    
   10.6200008      0.326423019    
   10.6300011      0.326366305    
   10.6400003      0.326872706    
   10.6500006      0.327312440    
   10.6600008      0.326918274    
   10.6700010      0.327020347    
   10.6800003      0.325946361    
   10.6900005      0.326115429    
   10.7000008      0.326035619    
   10.7100010      0.326295793    
   10.7200012      0.327078819    
   10.7300005      0.327227026    
   10.7400007      0.327557564    
   10.7500010      0.327570051    
   10.7600012      0.328152597    
   10.7700005      0.328827828    
   10.7800007      0.328132927    
   10.7900009      0.328466386    
   10.8000011      0.328777581    
   10.8100004      0.328676671    
   10.8200006      0.328621387    
   10.8300009      0.328956902    
   10.8400011      0.329131931    
   10.8500004      0.329744995    
   10.8600006      0.330036551    
   10.8700008      0.329982489    
   10.8800011      0.330182642    
   10.8900003      0.330221087    
   10.9000006      0.330445111    
   10.9100008      0.330924600    
   10.9200010      0.331172854    
   10.9300003      0.331352115    
   10.9400005      0.331648082    
   10.9500008      0.331968099    
   10.9600010      0.331565857    
   10.9700012      0.331372947    
   10.9800005      0.331413299    
   10.9900007      0.331593812    
   11.0000010      0.332360387    
   11.0100012      0.332941145    
   11.0200005      0.332983285    
   11.0300007      0.333307624    
   11.0400009      0.334549785    
   11.0500011      0.334358454    
   11.0600004      0.334378928    
   11.0700006      0.334470063    
   11.0800009      0.334679723    
   11.0900011      0.334913343    
   11.1000004      0.334981829    
   11.1100006      0.334694982    
   11.1200008      0.334526002    
   11.1300011      0.335045606    
   11.1400003      0.335518867    
   11.1500006      0.336040914    
   11.1600008      0.336230308    
   11.1700010      0.336444139    
   11.1800013      0.335965186    
   11.1900005      0.335628957    
   11.2000008      0.335411727    
   11.2100010      0.336440504    
   11.2200012      0.336079597    
   11.2300005      0.336078346    
   11.2400007      0.335716069    
   11.2500010      0.335642099    
   11.2600012      0.336267352    
   11.2700005      0.336097151    
   11.2800007      0.336385965    
   11.2900009      0.336603045    
   11.3000011      0.337547004    
   11.3100004      0.337741375    
   11.3200006      0.337693244    
   11.3300009      0.337645262    
   11.3400011      0.337475449    
   11.3500004      0.337938756    
   11.3600006      0.337890774    
   11.3700008      0.337647229    
   11.3800011      0.338259071    
   11.3900003      0.338749915    
   11.4000006      0.338653684    
   11.4100008      0.339366823    
   11.4200010      0.339786947    
   11.4300013      0.339347333    
   11.4400005      0.339448303    
   11.4500008      0.339475513    
   11.4600010      0.340119869    
   11.4700012      0.341704607    
   11.4800005      0.341734558    
   11.4900007      0.341591269    
   11.5000010      0.340307057    
   11.5100012      0.340881795    
   11.5200005      0.341557086    
   11.5300007      0.342283905    
   11.5400009      0.342738181    
   11.5500011      0.342171133    
   11.5600004      0.341253132    
   11.5700006      0.341107845    
   11.5800009      0.341237664    
   11.5900011      0.341367781    
   11.6000004      0.341824353    
   11.6100006      0.342030823    
   11.6200008      0.342363417    
   11.6300011      0.341765314    
   11.6400013      0.341468245    
   11.6500006      0.341801494    
   11.6600008      0.342337638    
   11.6700010      0.342596978    
   11.6800013      0.343236506    
   11.6900005      0.342939526    
   11.7000008      0.343200356    
   11.7100010      0.342978686    
   11.7200012      0.343672961    
   11.7300005      0.343425930    
   11.7400007      0.343739688    
   11.7500010      0.343594134    
   11.7600012      0.343806624    
   11.7700005      0.343737841    
   11.7800007      0.344027907    
   11.7900009      0.344061792    
   11.8000011      0.344250202    
   11.8100004      0.345236659    
   11.8200006      0.345220655    
   11.8300009      0.345256209    
   11.8400011      0.345808327    
   11.8500004      0.346284568    
   11.8600006      0.346684039    
   11.8700008      0.346747547    
   11.8800011      0.346032500    
   11.8900013      0.347108871    
   11.9000006      0.347277224    
   11.9100008      0.347524107    
   11.9200010      0.347823679    
   11.9300013      0.348098099    
   11.9400005      0.348137856    
   11.9500008      0.347339749    
   11.9600010      0.347011417    
   11.9700012      0.347154975    
   11.9800005      0.347666740    
   11.9900007      0.348153323    
   12.0000010      0.348430395    
   12.0100012      0.348365307    
   12.0200005      0.348537743    
   12.0300007      0.348895848    
   12.0400009      0.349360615    
   12.0500011      0.349508613    
   12.0600004      0.349922031    
   12.0700006      0.351054370    
   12.0800009      0.351151764    
   12.0900011      0.351702243    
   12.1000004      0.351960599    
   12.1100006      0.351391673    
   12.1200008      0.351837575    
   12.1300011      0.351240247    
   12.1400013      0.351311684    
   12.1500006      0.352027833    
   12.1600008      0.352799386    
   12.1700010      0.352630854    
   12.1800013      0.352866143    
   12.1900005      0.353614837    
   12.2000008      0.353662968    
   12.2100010      0.353224069    
   12.2200012      0.352865428    
   12.2300005      0.352939874    
   12.2400007      0.354019284    
   12.2500010      0.353687346    
   12.2600012      0.353381872    
   12.2700005      0.354002804    
   12.2800007      0.354461342    
   12.2900009      0.353772849    
   12.3000011      0.353739679    
   12.3100004      0.354254514    
   12.3200006      0.354743332    
   12.3300009      0.355837673    
   12.3400011      0.356577456    
   12.3500013      0.356795609    
   12.3600006      0.356517673    
   12.3700008      0.356819361    
   12.3800011      0.357342869    
   12.3900013      0.357646406    
   12.4000006      0.356813490    
   12.4100008      0.357394814    
   12.4200010      0.358255446    
   12.4300013      0.359062791    
   12.4400005      0.359704971    
   12.4500008      0.359344006    
   12.4600010      0.359708726    
   12.4700012      0.360410392    
   12.4800005      0.359908730    
   12.4900007      0.360528231    
   12.5000010      0.360025555    
   12.5100012      0.360478133    
   12.5200005      0.360847265    
   12.5300007      0.360455692    
   12.5400009      0.360938877    
   12.5500011      0.361395001    
   12.5600004      0.361654162    
   12.5700006      0.361942351    
   12.5800009      0.361549735    
   12.5900011      0.361753136    
   12.6000013      0.361700952    
   12.6100006      0.362418532    
   12.6200008      0.363052398    
   12.6300011      0.363659263    
   12.6400013      0.364411145    
   12.6500006      0.364419580    
   12.6600008      0.364255637    
   12.6700010      0.364925057    
   12.6800013      0.365682572    
   12.6900005      0.366499990    
   12.7000008      0.367204219    
   12.7100010      0.367447823    
   12.7200012      0.367257655    
   12.7300005      0.367502034    
   12.7400007      0.368211359    
   12.7500010      0.368893594    
   12.7600012      0.368791908    
   12.7700005      0.368106812    
   12.7800007      0.367916137    
   12.7900009      0.367432505    
   12.8000011      0.367035359    
   12.8100014      0.367545873    
   12.8200006      0.367323995    
   12.8300009      0.367219031    
   12.8400011      0.366907597    
   12.8500013      0.366683960    
   12.8600006      0.367286116    
   12.8700008      0.367771715    
   12.8800011      0.368140221    
   12.8900013      0.368005902    
   12.9000006      0.367811710    
   12.9100008      0.367884755    
   12.9200010      0.367243320    
   12.9300013      0.367017508    
   12.9400005      0.366880596    
   12.9500008      0.367251515    
   12.9600010      0.367413998    
   12.9700012      0.368985862    
   12.9800005      0.368640870    
   12.9900007      0.369166821    
   13.0000010      0.368339360    
   13.0100012      0.367810786    
   13.0200005      0.367915154    
   13.0300007      0.367928982    
   13.0400009      0.367852062    
   13.0500011      0.368017435    
   13.0600014      0.368274391    
   13.0700006      0.368349552    
   13.0800009      0.367450327    
   13.0900011      0.367280811    
   13.1000013      0.367507637    
   13.1100006      0.367490470    
   13.1200008      0.367656857    
   13.1300011      0.368100047    
   13.1400013      0.367346376    
   13.1500006      0.366713464    
   13.1600008      0.367064625    
   13.1700010      0.367293715    
   13.1800013      0.368172169    
   13.1900005      0.367753357    
   13.2000008      0.368015081    
   13.2100010      0.368029475    
   13.2200012      0.368199289    
   13.2300005      0.368556410    
   13.2400007      0.368945569    
   13.2500010      0.369866818    
   13.2600012      0.369696647    
   13.2700014      0.370715588    
   13.2800007      0.371549547    
   13.2900009      0.371632040    
   13.3000011      0.372312725    
   13.3100014      0.372680098    
   13.3200006      0.373048812    
   13.3300009      0.373102367    
   13.3400011      0.373409450    
   13.3500013      0.374034405    
   13.3600006      0.374661207    
   13.3700008      0.374845058    
   13.3800011      0.375474721    
   13.3900013      0.374767393    
   13.4000006      0.374345332    
   13.4100008      0.375009328    
   13.4200010      0.376219869    
   13.4300013      0.376760334    
   13.4400005      0.376756340    
   13.4500008      0.377331674    
   13.4600010      0.377683014    
   13.4700012      0.377615869    
   13.4800005      0.378001094    
   13.4900007      0.379002631    
   13.5000010      0.378937185    
   13.5100012      0.379163861    
   13.5200014      0.379553914    
   13.5300007      0.379489034    
   13.5400009      0.380043924    
   13.5500011      0.380240977    
   13.5600014      0.379849643    
   13.5700006      0.380210906    
   13.5800009      0.379982501    
   13.5900011      0.380904108    
   13.6000013      0.380873531    
   13.6100006      0.381172866    
   13.6200008      0.381605029    
   13.6300011      0.381641626    
   13.6400013      0.382142246    
   13.6500006      0.382312685    
   13.6600008      0.382948905    
   13.6700010      0.383420795    
   13.6800013      0.383227021    
   13.6900005      0.382598668    
   13.7000008      0.383172333    
   13.7100010      0.383078009    
   13.7200012      0.383755088    
   13.7300005      0.383896619    
   13.7400007      0.383769065    
   13.7500010      0.383675039    
   13.7600012      0.385201693    
   13.7700014      0.384838909    
   13.7800007      0.385254681    
   13.7900009      0.385026425    
   13.8000011      0.385001600    
   13.8100014      0.384976715    
   13.8200006      0.385804176    
   13.8300009      0.387078434    
   13.8400011      0.386817276    
   13.8500013      0.387103528    
   13.8600006      0.387528092    
   13.8700008      0.387300730    
   13.8800011      0.388243496    
   13.8900013      0.389085859    
   13.9000006      0.389171004    
   13.9100008      0.389533132    
   13.9200010      0.390104562    
   13.9300013      0.390538871    
   13.9400005      0.391148388    
   13.9500008      0.391551048    
   13.9600010      0.391501665    
   13.9700012      0.392010957    
   13.9800014      0.392767191    
   13.9900007      0.393385708    
   14.0000010      0.394498020    
   14.0100012      0.393749207    
   14.0200014      0.393455982    
   14.0300007      0.393691540    
   14.0400009      0.394670248    
   14.0500011      0.395581573    
   14.0600014      0.395076573    
   14.0700006      0.395813912    
   14.0800009      0.395770639    
   14.0900011      0.396047950    
   14.1000013      0.395504594    
   14.1100006      0.395854115    
   14.1200008      0.396455705    
   14.1300011      0.396089852    
   14.1400013      0.395938545    
   14.1500006      0.396867514    
   14.1600008      0.397944242    
   14.1700010      0.398626804    
   14.1800013      0.398333997    
   14.1900005      0.397967547    
   14.2000008      0.398472041    
   14.2100010      0.398869008    
   14.2200012      0.399777889    
   14.2300014      0.400909066    
   14.2400007      0.401129395    
   14.2500010      0.400910825    
   14.2600012      0.400948256    
   14.2700014      0.401206762    
   14.2800007      0.401502699    
   14.2900009      0.402464300    
   14.3000011      0.402615666    
   14.3100014      0.401841700    
   14.3200006      0.401287615    
   14.3300009      0.400768816    
   14.3400011      0.401253432    
   14.3500013      0.401739866    
   14.3600006      0.402265221    
   14.3700008      0.401557326    
   14.3800011      0.401296705    
   14.3900013      0.402350217    
   14.4000006      0.401488036    
   14.4100008      0.402055472    
   14.4200010      0.401038527    
   14.4300013      0.400623530    
   14.4400015      0.400434226    
   14.4500008      0.400434345    
   14.4600010      0.401004970    
   14.4700012      0.402149230    
   14.4800014      0.402534246    
   14.4900007      0.402767539    
   14.5000010      0.402311981    
   14.5100012      0.402123421    
   14.5200014      0.402664840    
   14.5300007      0.402668893    
   14.5400009      0.403599381    
   14.5500011      0.403953284    
   14.5600014      0.403766036    
   14.5700006      0.403112262    
   14.5800009      0.402806222    
   14.5900011      0.402654707    
   14.6000013      0.402736962    
   14.6100006      0.402584672    
   14.6200008      0.402471274    
   14.6300011      0.402082652    
   14.6400013      0.401574373    
   14.6500006      0.403231233    
   14.6600008      0.404065311    
   14.6700010      0.405100048    
   14.6800013      0.404039353    
   14.6900015      0.404403329    
   14.7000008      0.404052854    
   14.7100010      0.404657185    
   14.7200012      0.404665351    
   14.7300014      0.404673427    
   14.7400007      0.404721439    
   14.7500010      0.405893683    
   14.7600012      0.405904293    
   14.7700014      0.406519145    
   14.7800007      0.406974852    
   14.7900009      0.407715648    
   14.8000011      0.407405227    
   14.8100014      0.406728446    
   14.8200006      0.406781256    
   14.8300009      0.406834304    
   14.8400011      0.406234056    
   14.8500013      0.405917883    
   14.8600006      0.406297565    
   14.8700008      0.407254040    
   14.8800011      0.407802433    
   14.8900013      0.407858133    
   14.9000015      0.407831252    
   14.9100008      0.407845795    
   14.9200010      0.408233821    
   14.9300013      0.408789486    
   14.9400015      0.409056008    
   14.9500008      0.408739299    
   14.9600010      0.408672243    
   14.9700012      0.408981919    
   14.9800014      0.409838557    
   14.9900007      0.410151690    
   15.0000010      0.409496635    
   15.0100012      0.409599215    
   15.0200014      0.409617871    
   15.0300007      0.409212112    
   15.0400009      0.409739792    
   15.0500011      0.410311997    
   15.0600014      0.410630614    
   15.0700006      0.410437614    
   15.0800009      0.411014885    
   15.0900011      0.411379784    
   15.1000013      0.410197765    
   15.1100006      0.410260767    
   15.1200008      0.410108238    
   15.1300011      0.409608692    
   15.1400013      0.409063876    
   15.1500015      0.409820408    
   15.1600008      0.409273684    
   15.1700010      0.409204870    
   15.1800013      0.408916771    
   15.1900015      0.408934563    
   15.2000008      0.409786582    
   15.2100010      0.409498036    
   15.2200012      0.409208328    
   15.2300014      0.408873320    
   15.2400007      0.408891022    
   15.2500010      0.408864468    
   15.2600012      0.409682393    
   15.2700014      0.410281360    
   15.2800007      0.410704046    
   15.2900009      0.410815477    
   15.3000011      0.410478801    
   15.3100014      0.410545021    
   15.3200006      0.410251498    
   15.3300009      0.410362661    
   15.3400011      0.410157800    
   15.3500013      0.410677463    
   15.3600006      0.410381585    
   15.3700008      0.410175413    
   15.3800011      0.409284204    
   15.3900013      0.409851968    
   15.4000015      0.410009831    
   15.4100008      0.410535753    
   15.4200010      0.410097599    
   15.4300013      0.410164893    
   15.4400015      0.409909070    
   15.4500008      0.409929872    
   15.4600010      0.409718692    
   15.4700012      0.410855651    
   15.4800014      0.410599113    
   15.4900007      0.410855174    
   15.5000010      0.410784572    
   15.5100012      0.411699444    
   15.5200014      0.411583483    
   15.5300007      0.411891371    
   15.5400009      0.412862152    
   15.5500011      0.412795246    
   15.5600014      0.412823260    
   15.5700006      0.413041443    
   15.5800009      0.413165361    
   15.5900011      0.413576514    
   15.6000013      0.414324850    
   15.6100016      0.415412754    
   15.6200008      0.415254384    
   15.6300011      0.414323837    
   15.6400013      0.414597303    
   15.6500015      0.414629996    
   15.6600008      0.415390939    
   15.6700010      0.415912300    
   15.6800013      0.416972667    
   15.6900015      0.416864336    
   15.7000008      0.417000592    
   15.7100010      0.417432249    
   15.7200012      0.417028695    
   15.7300014      0.418449640    
   15.7400007      0.419135064    
   15.7500010      0.419873208    
   15.7600012      0.419869393    
   15.7700014      0.419666260    
   15.7800007      0.419062614    
   15.7900009      0.419357151    
   15.8000011      0.419351995    
   15.8100014      0.420453340    
   15.8200006      0.421156734    
   15.8300009      0.421610892    
   15.8400011      0.421003014    
   15.8500013      0.420240194    
   15.8600016      0.420033455    
   15.8700008      0.421254545    
   15.8800011      0.421663165    
   15.8900013      0.421868682    
   15.9000015      0.422537923    
   15.9100008      0.422591895    
   15.9200010      0.422904402    
   15.9300013      0.423322111    
   15.9400015      0.423378497    
   15.9500008      0.423331112    
   15.9600010      0.423544228    
   15.9700012      0.423235506    
   15.9800014      0.423659235    
   15.9900007      0.424505413    
