   0.00000000      0.998706341    
   1.00000007E-02  0.915588617    
   2.00000014E-02  0.845084071    
   3.00000012E-02  0.759379029    
   4.00000028E-02  0.668499351    
   5.00000045E-02  0.595084071    
   6.00000024E-02  0.550129354    
   7.00000077E-02  0.512613177    
   8.00000057E-02  0.497412682    
   9.00000036E-02  0.481565326    
  0.100000009      0.466688216    
  0.110000007      0.448900402    
  0.120000005      0.430789143    
  0.130000010      0.413001299    
  0.140000015      0.400711507    
  0.150000006      0.387128085    
  0.160000011      0.373868048    
  0.170000017      0.362548500    
  0.180000007      0.351552397    
  0.190000013      0.343143582    
  0.200000018      0.332794309    
  0.210000008      0.323415279    
  0.220000014      0.314683050    
  0.230000019      0.307891339    
  0.240000010      0.299482524    
  0.250000030      0.293984473    
  0.260000020      0.289133251    
  0.270000011      0.283958614    
  0.280000031      0.278460532    
  0.290000021      0.272639066    
  0.300000012      0.265200526    
  0.310000032      0.260025859    
  0.320000023      0.253557563    
  0.330000013      0.248059511    
  0.340000033      0.244178519    
  0.350000024      0.238680467    
  0.360000014      0.234799489    
  0.370000035      0.228978008    
  0.380000025      0.221539453    
  0.390000015      0.218952134    
  0.400000036      0.215071157    
  0.410000026      0.210219920    
  0.420000017      0.207309186    
  0.430000037      0.203751624    
  0.440000027      0.200517461    
  0.450000018      0.197283313    
  0.460000038      0.195342824    
  0.470000029      0.192755505    
  0.480000019      0.188551098    
  0.490000039      0.185316950    
  0.500000060      0.182729632    
  0.510000050      0.180142298    
  0.520000041      0.177878395    
  0.530000031      0.176261321    
  0.540000021      0.173997417    
  0.550000012      0.170763254    
  0.560000062      0.168175936    
  0.570000052      0.165588617    
  0.580000043      0.163001299    
  0.590000033      0.161060795    
  0.600000024      0.159443721    
  0.610000014      0.156532988    
  0.620000064      0.155562744    
  0.630000055      0.154269084    
  0.640000045      0.152005181    
  0.650000036      0.150388092    
  0.660000026      0.148124188    
  0.670000076      0.147153944    
  0.680000067      0.145213455    
  0.690000057      0.142626137    
  0.700000048      0.140362218    
  0.710000038      0.138098314    
  0.720000029      0.136157826    
  0.730000079      0.134864166    
  0.740000069      0.133893922    
  0.750000060      0.130336359    
  0.760000050      0.129042685    
  0.770000041      0.127425611    
  0.780000031      0.125161707    
  0.790000081      0.123544633    
  0.800000072      0.121927552    
  0.810000062      0.121280722    
  0.820000052      0.120310478    
  0.830000043      0.118693404    
  0.840000033      0.117076322    
  0.850000083      0.115459248    
  0.860000074      0.114812419    
  0.870000064      0.113518760    
  0.880000055      0.111901678    
  0.890000045      0.110608019    
  0.900000036      0.109961189    
  0.910000086      0.109961189    
  0.920000076      0.108990945    
  0.930000067      0.108344115    
  0.940000057      0.108344115    
  0.950000048      0.107697286    
  0.960000038      0.106727034    
  0.970000088      0.105109960    
  0.980000079      0.105109960    
  0.990000069      0.105109960    
   1.00000012      0.103492886    
   1.01000011      0.102846056    
   1.02000010      0.101875812    
   1.03000009      0.100582145    
   1.04000008       9.92884859E-02
   1.05000007       9.70245823E-02
   1.06000006       9.44372565E-02
   1.07000005       9.34670120E-02
   1.08000004       9.24967676E-02
   1.09000003       9.05562714E-02
   1.10000002       8.95860270E-02
   1.11000013       8.79689530E-02
   1.12000012       8.73221233E-02
   1.13000011       8.63518789E-02
   1.14000010       8.53816271E-02
   1.15000010       8.37645531E-02
   1.16000009       8.27943087E-02
   1.17000008       8.21474791E-02
   1.18000007       8.18240643E-02
   1.19000006       8.18240643E-02
   1.20000005       8.02069828E-02
   1.21000004       8.02069828E-02
   1.22000003       7.95601532E-02
   1.23000014       7.85899088E-02
   1.24000013       7.82664940E-02
   1.25000012       7.79430792E-02
   1.26000011       7.79430792E-02
   1.27000010       7.69728348E-02
   1.28000009       7.56791756E-02
   1.29000008       7.43855089E-02
   1.30000007       7.43855089E-02
   1.31000006       7.30918497E-02
   1.32000005       7.24450201E-02
   1.33000004       7.17981905E-02
   1.34000015       7.08279461E-02
   1.35000014       6.92108646E-02
   1.36000013       6.88874498E-02
   1.37000012       6.79172054E-02
   1.38000011       6.75937906E-02
   1.39000010       6.63001314E-02
   1.40000010       6.63001314E-02
   1.41000009       6.56533018E-02
   1.42000008       6.50064647E-02
   1.43000007       6.50064647E-02
   1.44000006       6.43596351E-02
   1.45000005       6.40362203E-02
   1.46000016       6.40362203E-02
   1.47000015       6.40362203E-02
   1.48000014       6.33893907E-02
   1.49000013       6.24191463E-02
   1.50000012       6.20957315E-02
   1.51000011       6.17723167E-02
   1.52000010       6.08020686E-02
   1.53000009       6.01552390E-02
   1.54000008       6.01552390E-02
   1.55000007       5.95084094E-02
   1.56000006       5.91849945E-02
   1.57000005       5.85381612E-02
   1.58000016       5.82147464E-02
   1.59000015       5.75679168E-02
   1.60000014       5.72445020E-02
   1.61000013       5.69210872E-02
   1.62000012       5.62742576E-02
   1.63000011       5.59508391E-02
   1.64000010       5.49805947E-02
   1.65000010       5.40103503E-02
   1.66000009       5.36869355E-02
   1.67000008       5.33635169E-02
   1.68000007       5.20698577E-02
   1.69000018       5.14230281E-02
   1.70000017       5.14230281E-02
   1.71000016       5.04527800E-02
   1.72000015       4.94825356E-02
   1.73000014       4.88357060E-02
   1.74000013       4.88357060E-02
   1.75000012       4.78654578E-02
   1.76000011       4.72186282E-02
   1.77000010       4.62483838E-02
   1.78000009       4.59249690E-02
   1.79000008       4.59249690E-02
   1.80000007       4.52781357E-02
   1.81000018       4.52781357E-02
   1.82000017       4.39844765E-02
   1.83000016       4.36610617E-02
   1.84000015       4.30142321E-02
   1.85000014       4.26908135E-02
   1.86000013       4.17205691E-02
   1.87000012       4.10737395E-02
   1.88000011       4.07503247E-02
   1.89000010       4.04269099E-02
   1.90000010       4.04269099E-02
   1.91000009       3.94566618E-02
   1.92000008       3.88098322E-02
   1.93000019       3.88098322E-02
   1.94000018       3.81630026E-02
   1.95000017       3.78395878E-02
   1.96000016       3.71927544E-02
   1.97000015       3.68693396E-02
   1.98000014       3.65459248E-02
   1.99000013       3.65459248E-02
   2.00000024       3.55756804E-02
   2.01000023       3.55756804E-02
   2.02000022       3.55756804E-02
   2.03000021       3.46054323E-02
   2.04000020       3.46054323E-02
   2.05000019       3.42820175E-02
   2.06000018       3.36351879E-02
   2.07000017       3.36351879E-02
   2.08000016       3.33117731E-02
   2.09000015       3.33117731E-02
   2.10000014       3.33117731E-02
   2.11000013       3.33117731E-02
   2.12000012       3.26649435E-02
   2.13000011       3.26649435E-02
   2.14000010       3.23415250E-02
   2.15000010       3.16946954E-02
   2.16000009       3.13712806E-02
   2.17000008       3.13712806E-02
   2.18000007       3.13712806E-02
   2.19000006       3.13712806E-02
   2.20000005       3.10478657E-02
   2.21000004       3.10478657E-02
   2.22000027       3.04010343E-02
   2.23000026       3.04010343E-02
   2.24000025       3.04010343E-02
   2.25000024       2.97542047E-02
   2.26000023       2.91073732E-02
   2.27000022       2.91073732E-02
   2.28000021       2.91073732E-02
   2.29000020       2.84605436E-02
   2.30000019       2.81371288E-02
   2.31000018       2.78137121E-02
   2.32000017       2.74902973E-02
   2.33000016       2.71668825E-02
   2.34000015       2.71668825E-02
   2.35000014       2.68434677E-02
   2.36000013       2.58732215E-02
   2.37000012       2.58732215E-02
   2.38000011       2.55498067E-02
   2.39000010       2.55498067E-02
   2.40000010       2.55498067E-02
   2.41000009       2.55498067E-02
   2.42000008       2.55498067E-02
   2.43000007       2.55498067E-02
   2.44000006       2.55498067E-02
   2.45000029       2.52263900E-02
   2.46000028       2.49029752E-02
   2.47000027       2.49029752E-02
   2.48000026       2.49029752E-02
   2.49000025       2.49029752E-02
   2.50000024       2.49029752E-02
   2.51000023       2.42561456E-02
   2.52000022       2.32858993E-02
   2.53000021       2.32858993E-02
   2.54000020       2.29624845E-02
   2.55000019       2.29624845E-02
   2.56000018       2.29624845E-02
   2.57000017       2.29624845E-02
   2.58000016       2.29624845E-02
   2.59000015       2.29624845E-02
   2.60000014       2.26390678E-02
   2.61000013       2.26390678E-02
   2.62000012       2.26390678E-02
   2.63000011       2.23156530E-02
   2.64000010       2.19922382E-02
   2.65000010       2.19922382E-02
   2.66000009       2.16688234E-02
   2.67000008       2.16688234E-02
   2.68000031       2.16688234E-02
   2.69000030       2.13454068E-02
   2.70000029       2.13454068E-02
   2.71000028       2.13454068E-02
   2.72000027       2.13454068E-02
   2.73000026       2.13454068E-02
   2.74000025       2.13454068E-02
   2.75000024       2.13454068E-02
   2.76000023       2.13454068E-02
   2.77000022       2.10219920E-02
   2.78000021       2.06985772E-02
   2.79000020       2.03751624E-02
   2.80000019       2.03751624E-02
   2.81000018       2.03751624E-02
   2.82000017       2.03751624E-02
   2.83000016       2.03751624E-02
   2.84000015       2.03751624E-02
   2.85000014       2.00517457E-02
   2.86000013       2.00517457E-02
   2.87000012       1.97283309E-02
   2.88000011       1.94049161E-02
   2.89000010       1.94049161E-02
   2.90000010       1.94049161E-02
   2.91000032       1.87580846E-02
   2.92000031       1.87580846E-02
   2.93000031       1.84346698E-02
   2.94000030       1.84346698E-02
   2.95000029       1.84346698E-02
   2.96000028       1.81112550E-02
   2.97000027       1.81112550E-02
   2.98000026       1.81112550E-02
   2.99000025       1.81112550E-02
   3.00000024       1.81112550E-02
   3.01000023       1.81112550E-02
   3.02000022       1.77878402E-02
   3.03000021       1.77878402E-02
   3.04000020       1.77878402E-02
   3.05000019       1.77878402E-02
   3.06000018       1.77878402E-02
   3.07000017       1.74644236E-02
   3.08000016       1.74644236E-02
   3.09000015       1.74644236E-02
   3.10000014       1.74644236E-02
   3.11000013       1.71410087E-02
   3.12000012       1.71410087E-02
   3.13000011       1.68175939E-02
   3.14000010       1.61707625E-02
   3.15000033       1.61707625E-02
   3.16000032       1.55239329E-02
   3.17000031       1.55239329E-02
   3.18000031       1.55239329E-02
   3.19000030       1.52005171E-02
   3.20000029       1.52005171E-02
   3.21000028       1.52005171E-02
   3.22000027       1.48771023E-02
   3.23000026       1.48771023E-02
   3.24000025       1.48771023E-02
   3.25000024       1.48771023E-02
   3.26000023       1.45536866E-02
   3.27000022       1.45536866E-02
   3.28000021       1.45536866E-02
   3.29000020       1.45536866E-02
   3.30000019       1.45536866E-02
   3.31000018       1.45536866E-02
   3.32000017       1.45536866E-02
   3.33000016       1.45536866E-02
   3.34000015       1.45536866E-02
   3.35000014       1.45536866E-02
   3.36000013       1.42302718E-02
   3.37000012       1.42302718E-02
   3.38000035       1.39068561E-02
   3.39000034       1.39068561E-02
   3.40000033       1.39068561E-02
   3.41000032       1.39068561E-02
   3.42000031       1.39068561E-02
   3.43000031       1.35834413E-02
   3.44000030       1.32600255E-02
   3.45000029       1.32600255E-02
   3.46000028       1.29366107E-02
   3.47000027       1.29366107E-02
   3.48000026       1.29366107E-02
   3.49000025       1.29366107E-02
   3.50000024       1.26131950E-02
   3.51000023       1.26131950E-02
   3.52000022       1.26131950E-02
   3.53000021       1.26131950E-02
   3.54000020       1.26131950E-02
   3.55000019       1.22897802E-02
   3.56000018       1.19663645E-02
   3.57000017       1.16429497E-02
   3.58000016       1.13195339E-02
   3.59000015       1.13195339E-02
   3.60000014       1.13195339E-02
   3.61000037       1.13195339E-02
   3.62000036       1.13195339E-02
   3.63000035       1.13195339E-02
   3.64000034       1.09961191E-02
   3.65000033       1.09961191E-02
   3.66000032       1.09961191E-02
   3.67000031       1.09961191E-02
   3.68000031       1.06727034E-02
   3.69000030       1.06727034E-02
   3.70000029       1.06727034E-02
   3.71000028       1.06727034E-02
   3.72000027       1.06727034E-02
   3.73000026       1.06727034E-02
   3.74000025       1.06727034E-02
   3.75000024       1.06727034E-02
   3.76000023       1.06727034E-02
   3.77000022       1.03492886E-02
   3.78000021       1.03492886E-02
   3.79000020       1.00258728E-02
   3.80000019       1.00258728E-02
   3.81000018       1.00258728E-02
   3.82000017       9.70245805E-03
   3.83000016       9.70245805E-03
   3.84000015       9.70245805E-03
   3.85000038       9.70245805E-03
   3.86000037       9.70245805E-03
   3.87000036       9.70245805E-03
   3.88000035       9.70245805E-03
   3.89000034       9.70245805E-03
   3.90000033       9.70245805E-03
   3.91000032       9.70245805E-03
   3.92000031       9.37904231E-03
   3.93000031       9.37904231E-03
   3.94000030       9.37904231E-03
   3.95000029       9.37904231E-03
   3.96000028       9.37904231E-03
   3.97000027       9.05562751E-03
   3.98000026       8.73221178E-03
   3.99000025       8.73221178E-03
   4.00000048       8.73221178E-03
   4.01000023       8.73221178E-03
   4.02000046       8.73221178E-03
   4.03000021       8.73221178E-03
   4.04000044       8.73221178E-03
   4.05000019       8.40879697E-03
   4.06000042       8.40879697E-03
   4.07000017       8.40879697E-03
   4.08000040       8.40879697E-03
   4.09000015       8.40879697E-03
   4.10000038       8.40879697E-03
   4.11000013       8.08538124E-03
   4.12000036       8.08538124E-03
   4.13000011       8.08538124E-03
   4.14000034       8.08538124E-03
   4.15000010       7.76196644E-03
   4.16000032       7.76196644E-03
   4.17000008       7.76196644E-03
   4.18000031       7.76196644E-03
   4.19000053       7.76196644E-03
   4.20000029       7.76196644E-03
   4.21000051       7.76196644E-03
   4.22000027       7.76196644E-03
   4.23000050       7.76196644E-03
   4.24000025       7.76196644E-03
   4.25000048       7.76196644E-03
   4.26000023       7.76196644E-03
   4.27000046       7.76196644E-03
   4.28000021       7.76196644E-03
   4.29000044       7.76196644E-03
   4.30000019       7.43855117E-03
   4.31000042       7.43855117E-03
   4.32000017       7.11513590E-03
   4.33000040       7.11513590E-03
   4.34000015       7.11513590E-03
   4.35000038       7.11513590E-03
   4.36000013       7.11513590E-03
   4.37000036       7.11513590E-03
   4.38000011       7.11513590E-03
   4.39000034       7.11513590E-03
   4.40000010       7.11513590E-03
   4.41000032       7.11513590E-03
   4.42000008       7.11513590E-03
   4.43000031       7.11513590E-03
   4.44000053       7.11513590E-03
   4.45000029       7.11513590E-03
   4.46000051       6.79172063E-03
   4.47000027       6.46830536E-03
   4.48000050       6.46830536E-03
   4.49000025       6.46830536E-03
   4.50000048       6.46830536E-03
   4.51000023       6.46830536E-03
   4.52000046       6.46830536E-03
   4.53000021       6.14489010E-03
   4.54000044       6.14489010E-03
   4.55000019       6.14489010E-03
   4.56000042       5.82147483E-03
   4.57000017       5.82147483E-03
   4.58000040       5.82147483E-03
   4.59000015       5.82147483E-03
   4.60000038       5.82147483E-03
   4.61000013       5.49805956E-03
   4.62000036       5.49805956E-03
   4.63000011       5.49805956E-03
   4.64000034       5.49805956E-03
   4.65000010       5.49805956E-03
   4.66000032       5.49805956E-03
   4.67000055       5.49805956E-03
   4.68000031       5.49805956E-03
   4.69000053       5.49805956E-03
   4.70000029       5.17464429E-03
   4.71000051       5.17464429E-03
   4.72000027       5.17464429E-03
   4.73000050       5.17464429E-03
   4.74000025       5.17464429E-03
   4.75000048       5.17464429E-03
   4.76000023       5.17464429E-03
   4.77000046       5.17464429E-03
   4.78000021       5.17464429E-03
   4.79000044       5.17464429E-03
   4.80000019       5.17464429E-03
   4.81000042       5.17464429E-03
   4.82000017       4.85122902E-03
   4.83000040       4.85122902E-03
   4.84000015       4.85122902E-03
   4.85000038       4.85122902E-03
   4.86000013       4.52781375E-03
   4.87000036       4.52781375E-03
   4.88000011       4.52781375E-03
   4.89000034       4.52781375E-03
   4.90000057       4.52781375E-03
   4.91000032       4.52781375E-03
   4.92000055       4.52781375E-03
   4.93000031       4.52781375E-03
   4.94000053       4.52781375E-03
   4.95000029       4.52781375E-03
   4.96000051       4.52781375E-03
   4.97000027       4.52781375E-03
   4.98000050       4.52781375E-03
   4.99000025       4.20439849E-03
   5.00000048       4.20439849E-03
   5.01000023       4.20439849E-03
   5.02000046       4.20439849E-03
   5.03000021       4.20439849E-03
   5.04000044       4.20439849E-03
   5.05000019       4.20439849E-03
   5.06000042       4.20439849E-03
   5.07000017       4.20439849E-03
   5.08000040       4.20439849E-03
   5.09000015       4.20439849E-03
   5.10000038       4.20439849E-03
   5.11000013       4.20439849E-03
   5.12000036       4.20439849E-03
   5.13000059       4.20439849E-03
   5.14000034       4.20439849E-03
   5.15000057       4.20439849E-03
   5.16000032       4.20439849E-03
   5.17000055       4.20439849E-03
   5.18000031       4.20439849E-03
   5.19000053       4.20439849E-03
   5.20000029       4.20439849E-03
   5.21000051       4.20439849E-03
   5.22000027       4.20439849E-03
   5.23000050       4.20439849E-03
   5.24000025       4.20439849E-03
   5.25000048       4.20439849E-03
   5.26000023       4.20439849E-03
   5.27000046       4.20439849E-03
   5.28000021       4.20439849E-03
   5.29000044       3.88098322E-03
   5.30000019       3.88098322E-03
   5.31000042       3.88098322E-03
   5.32000017       3.55756795E-03
   5.33000040       3.23415268E-03
   5.34000015       3.23415268E-03
   5.35000038       3.23415268E-03
   5.36000061       3.23415268E-03
   5.37000036       3.23415268E-03
   5.38000059       3.23415268E-03
   5.39000034       3.23415268E-03
   5.40000057       3.23415268E-03
   5.41000032       3.23415268E-03
   5.42000055       3.23415268E-03
   5.43000031       3.23415268E-03
   5.44000053       3.23415268E-03
   5.45000029       3.23415268E-03
   5.46000051       3.23415268E-03
   5.47000027       3.23415268E-03
   5.48000050       3.23415268E-03
   5.49000025       3.23415268E-03
   5.50000048       2.91073741E-03
   5.51000023       2.91073741E-03
   5.52000046       2.91073741E-03
   5.53000021       2.58732215E-03
   5.54000044       2.58732215E-03
   5.55000019       2.58732215E-03
   5.56000042       2.58732215E-03
   5.57000017       2.58732215E-03
   5.58000040       2.58732215E-03
   5.59000063       2.58732215E-03
   5.60000038       2.58732215E-03
   5.61000061       2.58732215E-03
   5.62000036       2.58732215E-03
   5.63000059       2.58732215E-03
   5.64000034       2.58732215E-03
   5.65000057       2.58732215E-03
   5.66000032       2.58732215E-03
   5.67000055       2.58732215E-03
   5.68000031       2.58732215E-03
   5.69000053       2.58732215E-03
   5.70000029       2.58732215E-03
   5.71000051       2.58732215E-03
   5.72000027       2.58732215E-03
   5.73000050       2.58732215E-03
   5.74000025       2.58732215E-03
   5.75000048       2.58732215E-03
   5.76000023       2.58732215E-03
   5.77000046       2.58732215E-03
   5.78000021       2.58732215E-03
   5.79000044       2.58732215E-03
   5.80000019       2.58732215E-03
   5.81000042       2.58732215E-03
   5.82000065       2.58732215E-03
   5.83000040       2.58732215E-03
   5.84000063       2.58732215E-03
   5.85000038       2.58732215E-03
   5.86000061       2.58732215E-03
   5.87000036       2.58732215E-03
   5.88000059       2.58732215E-03
   5.89000034       2.58732215E-03
   5.90000057       2.58732215E-03
   5.91000032       2.58732215E-03
   5.92000055       2.58732215E-03
   5.93000031       2.58732215E-03
   5.94000053       2.58732215E-03
   5.95000029       2.58732215E-03
   5.96000051       2.58732215E-03
   5.97000027       2.58732215E-03
   5.98000050       2.58732215E-03
   5.99000025       2.58732215E-03
   6.00000048       2.58732215E-03
   6.01000023       2.58732215E-03
   6.02000046       2.58732215E-03
   6.03000021       2.58732215E-03
   6.04000044       2.58732215E-03
   6.05000019       2.58732215E-03
   6.06000042       2.58732215E-03
   6.07000065       2.58732215E-03
   6.08000040       2.58732215E-03
   6.09000063       2.58732215E-03
   6.10000038       2.58732215E-03
   6.11000061       2.58732215E-03
   6.12000036       2.26390688E-03
   6.13000059       2.26390688E-03
   6.14000034       2.26390688E-03
   6.15000057       2.26390688E-03
   6.16000032       2.26390688E-03
   6.17000055       1.94049161E-03
   6.18000031       1.94049161E-03
   6.19000053       1.94049161E-03
   6.20000029       1.94049161E-03
   6.21000051       1.94049161E-03
   6.22000027       1.94049161E-03
   6.23000050       1.94049161E-03
   6.24000025       1.94049161E-03
   6.25000048       1.94049161E-03
   6.26000023       1.94049161E-03
   6.27000046       1.94049161E-03
   6.28000021       1.94049161E-03
   6.29000044       1.94049161E-03
   6.30000067       1.94049161E-03
   6.31000042       1.94049161E-03
   6.32000065       1.94049161E-03
   6.33000040       1.94049161E-03
   6.34000063       1.94049161E-03
   6.35000038       1.94049161E-03
   6.36000061       1.94049161E-03
   6.37000036       1.94049161E-03
   6.38000059       1.94049161E-03
   6.39000034       1.94049161E-03
   6.40000057       1.94049161E-03
   6.41000032       1.94049161E-03
   6.42000055       1.94049161E-03
   6.43000031       1.94049161E-03
   6.44000053       1.94049161E-03
   6.45000029       1.94049161E-03
   6.46000051       1.94049161E-03
   6.47000027       1.94049161E-03
   6.48000050       1.94049161E-03
   6.49000025       1.94049161E-03
   6.50000048       1.94049161E-03
   6.51000023       1.94049161E-03
   6.52000046       1.94049161E-03
   6.53000069       1.94049161E-03
   6.54000044       1.94049161E-03
   6.55000067       1.94049161E-03
   6.56000042       1.94049161E-03
   6.57000065       1.94049161E-03
   6.58000040       1.94049161E-03
   6.59000063       1.94049161E-03
   6.60000038       1.94049161E-03
   6.61000061       1.94049161E-03
   6.62000036       1.94049161E-03
   6.63000059       1.94049161E-03
   6.64000034       1.94049161E-03
   6.65000057       1.94049161E-03
   6.66000032       1.94049161E-03
   6.67000055       1.94049161E-03
   6.68000031       1.94049161E-03
   6.69000053       1.94049161E-03
   6.70000029       1.94049161E-03
   6.71000051       1.94049161E-03
   6.72000027       1.94049161E-03
   6.73000050       1.94049161E-03
   6.74000025       1.94049161E-03
   6.75000048       1.61707634E-03
   6.76000071       1.61707634E-03
   6.77000046       1.61707634E-03
   6.78000069       1.61707634E-03
   6.79000044       1.61707634E-03
   6.80000067       1.61707634E-03
   6.81000042       1.61707634E-03
   6.82000065       1.61707634E-03
   6.83000040       1.61707634E-03
   6.84000063       1.61707634E-03
   6.85000038       1.61707634E-03
   6.86000061       1.61707634E-03
   6.87000036       1.61707634E-03
   6.88000059       1.61707634E-03
   6.89000034       1.61707634E-03
   6.90000057       1.61707634E-03
   6.91000032       1.61707634E-03
   6.92000055       1.61707634E-03
   6.93000031       1.61707634E-03
   6.94000053       1.61707634E-03
   6.95000029       1.61707634E-03
   6.96000051       1.61707634E-03
   6.97000027       1.61707634E-03
   6.98000050       1.61707634E-03
   6.99000072       1.61707634E-03
   7.00000048       1.61707634E-03
   7.01000071       1.61707634E-03
   7.02000046       1.61707634E-03
   7.03000069       1.61707634E-03
   7.04000044       1.61707634E-03
   7.05000067       1.61707634E-03
   7.06000042       1.61707634E-03
   7.07000065       1.61707634E-03
   7.08000040       1.61707634E-03
   7.09000063       1.61707634E-03
   7.10000038       1.61707634E-03
   7.11000061       1.61707634E-03
   7.12000036       1.61707634E-03
   7.13000059       1.61707634E-03
   7.14000034       1.61707634E-03
   7.15000057       1.61707634E-03
   7.16000032       1.61707634E-03
   7.17000055       1.61707634E-03
   7.18000031       1.61707634E-03
   7.19000053       1.61707634E-03
   7.20000029       1.61707634E-03
   7.21000051       1.61707634E-03
   7.22000074       1.61707634E-03
   7.23000050       1.61707634E-03
   7.24000072       1.29366107E-03
   7.25000048       9.70245805E-04
   7.26000071       9.70245805E-04
   7.27000046       9.70245805E-04
   7.28000069       9.70245805E-04
   7.29000044       9.70245805E-04
   7.30000067       9.70245805E-04
   7.31000042       9.70245805E-04
   7.32000065       9.70245805E-04
   7.33000040       9.70245805E-04
   7.34000063       9.70245805E-04
   7.35000038       9.70245805E-04
   7.36000061       9.70245805E-04
   7.37000036       9.70245805E-04
   7.38000059       9.70245805E-04
   7.39000034       9.70245805E-04
   7.40000057       9.70245805E-04
   7.41000032       9.70245805E-04
   7.42000055       9.70245805E-04
   7.43000031       9.70245805E-04
   7.44000053       9.70245805E-04
   7.45000076       9.70245805E-04
   7.46000051       9.70245805E-04
   7.47000074       9.70245805E-04
   7.48000050       9.70245805E-04
   7.49000072       9.70245805E-04
   7.50000048       9.70245805E-04
   7.51000071       9.70245805E-04
   7.52000046       9.70245805E-04
   7.53000069       9.70245805E-04
   7.54000044       9.70245805E-04
   7.55000067       9.70245805E-04
   7.56000042       9.70245805E-04
   7.57000065       9.70245805E-04
   7.58000040       9.70245805E-04
   7.59000063       9.70245805E-04
   7.60000038       9.70245805E-04
   7.61000061       9.70245805E-04
   7.62000036       9.70245805E-04
   7.63000059       9.70245805E-04
   7.64000034       9.70245805E-04
   7.65000057       9.70245805E-04
   7.66000032       9.70245805E-04
   7.67000055       9.70245805E-04
   7.68000031       9.70245805E-04
   7.69000053       9.70245805E-04
   7.70000076       9.70245805E-04
   7.71000051       9.70245805E-04
   7.72000074       9.70245805E-04
   7.73000050       9.70245805E-04
   7.74000072       9.70245805E-04
   7.75000048       9.70245805E-04
   7.76000071       6.46830536E-04
   7.77000046       6.46830536E-04
   7.78000069       6.46830536E-04
   7.79000044       6.46830536E-04
   7.80000067       6.46830536E-04
   7.81000042       6.46830536E-04
   7.82000065       6.46830536E-04
   7.83000040       6.46830536E-04
   7.84000063       6.46830536E-04
   7.85000038       6.46830536E-04
   7.86000061       6.46830536E-04
   7.87000036       6.46830536E-04
   7.88000059       6.46830536E-04
   7.89000034       6.46830536E-04
   7.90000057       6.46830536E-04
   7.91000032       6.46830536E-04
   7.92000055       6.46830536E-04
   7.93000078       6.46830536E-04
   7.94000053       6.46830536E-04
   7.95000076       6.46830536E-04
   7.96000051       6.46830536E-04
   7.97000074       6.46830536E-04
   7.98000050       6.46830536E-04
   7.99000072       6.46830536E-04
   8.00000095       6.46830536E-04
   8.01000023       6.46830536E-04
   8.02000046       6.46830536E-04
   8.03000069       6.46830536E-04
   8.04000092       6.46830536E-04
   8.05000019       6.46830536E-04
   8.06000042       6.46830536E-04
   8.07000065       6.46830536E-04
   8.08000088       6.46830536E-04
   8.09000015       6.46830536E-04
   8.10000038       6.46830536E-04
   8.11000061       6.46830536E-04
   8.12000084       6.46830536E-04
   8.13000011       6.46830536E-04
   8.14000034       6.46830536E-04
   8.15000057       6.46830536E-04
   8.16000080       6.46830536E-04
   8.17000103       6.46830536E-04
   8.18000031       6.46830536E-04
   8.19000053       6.46830536E-04
   8.20000076       6.46830536E-04
   8.21000099       6.46830536E-04
   8.22000027       6.46830536E-04
   8.23000050       6.46830536E-04
   8.24000072       6.46830536E-04
   8.25000095       6.46830536E-04
   8.26000023       6.46830536E-04
   8.27000046       6.46830536E-04
   8.28000069       6.46830536E-04
   8.29000092       6.46830536E-04
   8.30000019       6.46830536E-04
   8.31000042       6.46830536E-04
   8.32000065       6.46830536E-04
   8.33000088       3.23415268E-04
   8.34000015       3.23415268E-04
   8.35000038       3.23415268E-04
   8.36000061       3.23415268E-04
   8.37000084       3.23415268E-04
   8.38000107       3.23415268E-04
   8.39000034       3.23415268E-04
   8.40000057       3.23415268E-04
   8.41000080       3.23415268E-04
   8.42000103       3.23415268E-04
   8.43000031       3.23415268E-04
   8.44000053       3.23415268E-04
   8.45000076       3.23415268E-04
   8.46000099       3.23415268E-04
   8.47000027       3.23415268E-04
   8.48000050       3.23415268E-04
   8.49000072       3.23415268E-04
   8.50000095       3.23415268E-04
   8.51000023       3.23415268E-04
   8.52000046       3.23415268E-04
   8.53000069       3.23415268E-04
   8.54000092       3.23415268E-04
   8.55000019       3.23415268E-04
   8.56000042       3.23415268E-04
   8.57000065       3.23415268E-04
   8.58000088       3.23415268E-04
   8.59000015       3.23415268E-04
   8.60000038       3.23415268E-04
   8.61000061       3.23415268E-04
   8.62000084       3.23415268E-04
   8.63000107       3.23415268E-04
   8.64000034       3.23415268E-04
   8.65000057       3.23415268E-04
   8.66000080       3.23415268E-04
   8.67000103       3.23415268E-04
   8.68000031       3.23415268E-04
   8.69000053       3.23415268E-04
   8.70000076       3.23415268E-04
   8.71000099       3.23415268E-04
   8.72000027       3.23415268E-04
   8.73000050       3.23415268E-04
   8.74000072       3.23415268E-04
   8.75000095       3.23415268E-04
   8.76000023       3.23415268E-04
   8.77000046       3.23415268E-04
   8.78000069       3.23415268E-04
   8.79000092       3.23415268E-04
   8.80000019       3.23415268E-04
   8.81000042       3.23415268E-04
   8.82000065       3.23415268E-04
   8.83000088       3.23415268E-04
   8.84000015       3.23415268E-04
   8.85000038       3.23415268E-04
   8.86000061       3.23415268E-04
   8.87000084       3.23415268E-04
   8.88000107       3.23415268E-04
   8.89000034       3.23415268E-04
   8.90000057       3.23415268E-04
   8.91000080       3.23415268E-04
   8.92000103       3.23415268E-04
   8.93000031       3.23415268E-04
   8.94000053       3.23415268E-04
   8.95000076       3.23415268E-04
   8.96000099       3.23415268E-04
   8.97000027       3.23415268E-04
   8.98000050       3.23415268E-04
   8.99000072       3.23415268E-04
   9.00000095       3.23415268E-04
   9.01000023       3.23415268E-04
   9.02000046       3.23415268E-04
   9.03000069       3.23415268E-04
   9.04000092       3.23415268E-04
   9.05000019       3.23415268E-04
   9.06000042       3.23415268E-04
   9.07000065       3.23415268E-04
   9.08000088       3.23415268E-04
   9.09000111       3.23415268E-04
   9.10000038       3.23415268E-04
   9.11000061       3.23415268E-04
   9.12000084       3.23415268E-04
   9.13000107       3.23415268E-04
   9.14000034       3.23415268E-04
   9.15000057       3.23415268E-04
   9.16000080       3.23415268E-04
   9.17000103       3.23415268E-04
   9.18000031       3.23415268E-04
   9.19000053       3.23415268E-04
   9.20000076       3.23415268E-04
   9.21000099       3.23415268E-04
   9.22000027       3.23415268E-04
   9.23000050       3.23415268E-04
   9.24000072       3.23415268E-04
   9.25000095       3.23415268E-04
   9.26000023       3.23415268E-04
   9.27000046       3.23415268E-04
   9.28000069       3.23415268E-04
   9.29000092       3.23415268E-04
   9.30000019       3.23415268E-04
   9.31000042       3.23415268E-04
   9.32000065       3.23415268E-04
   9.33000088       3.23415268E-04
   9.34000111       3.23415268E-04
   9.35000038       3.23415268E-04
   9.36000061       3.23415268E-04
   9.37000084       3.23415268E-04
   9.38000107       3.23415268E-04
   9.39000034       3.23415268E-04
   9.40000057       3.23415268E-04
   9.41000080       3.23415268E-04
   9.42000103       3.23415268E-04
   9.43000031       3.23415268E-04
   9.44000053       3.23415268E-04
   9.45000076       3.23415268E-04
   9.46000099       3.23415268E-04
   9.47000027       3.23415268E-04
   9.48000050       3.23415268E-04
   9.49000072       3.23415268E-04
   9.50000095       3.23415268E-04
   9.51000023       3.23415268E-04
   9.52000046       3.23415268E-04
   9.53000069       3.23415268E-04
   9.54000092       3.23415268E-04
   9.55000114       3.23415268E-04
   9.56000042       3.23415268E-04
   9.57000065       3.23415268E-04
   9.58000088       3.23415268E-04
   9.59000111       3.23415268E-04
   9.60000038       3.23415268E-04
   9.61000061       3.23415268E-04
   9.62000084       3.23415268E-04
   9.63000107       3.23415268E-04
   9.64000034       3.23415268E-04
   9.65000057       3.23415268E-04
   9.66000080       3.23415268E-04
   9.67000103       3.23415268E-04
   9.68000031       3.23415268E-04
   9.69000053       3.23415268E-04
   9.70000076       3.23415268E-04
   9.71000099       3.23415268E-04
   9.72000027       3.23415268E-04
   9.73000050       3.23415268E-04
   9.74000072       3.23415268E-04
   9.75000095       3.23415268E-04
   9.76000023       3.23415268E-04
   9.77000046       3.23415268E-04
   9.78000069       3.23415268E-04
   9.79000092       3.23415268E-04
   9.80000114       3.23415268E-04
   9.81000042       3.23415268E-04
   9.82000065       3.23415268E-04
   9.83000088       3.23415268E-04
   9.84000111       3.23415268E-04
   9.85000038       3.23415268E-04
   9.86000061       3.23415268E-04
   9.87000084       3.23415268E-04
   9.88000107       3.23415268E-04
   9.89000034       3.23415268E-04
   9.90000057       3.23415268E-04
   9.91000080       3.23415268E-04
   9.92000103       3.23415268E-04
   9.93000031       3.23415268E-04
   9.94000053       3.23415268E-04
   9.95000076       3.23415268E-04
   9.96000099       3.23415268E-04
   9.97000027       3.23415268E-04
   9.98000050       3.23415268E-04
   9.99000072       3.23415268E-04
   10.0000010       3.23415268E-04
   10.0100012       3.23415268E-04
   10.0200005       3.23415268E-04
   10.0300007       3.23415268E-04
   10.0400009       3.23415268E-04
   10.0500011       3.23415268E-04
   10.0600004       3.23415268E-04
   10.0700006       3.23415268E-04
   10.0800009       3.23415268E-04
   10.0900011       3.23415268E-04
   10.1000004       3.23415268E-04
   10.1100006       3.23415268E-04
   10.1200008       3.23415268E-04
   10.1300011       3.23415268E-04
   10.1400003       3.23415268E-04
   10.1500006       3.23415268E-04
   10.1600008       3.23415268E-04
   10.1700010       3.23415268E-04
   10.1800003       3.23415268E-04
   10.1900005       3.23415268E-04
   10.2000008       3.23415268E-04
   10.2100010       3.23415268E-04
   10.2200003       3.23415268E-04
   10.2300005       3.23415268E-04
   10.2400007       3.23415268E-04
   10.2500010       3.23415268E-04
   10.2600012       3.23415268E-04
   10.2700005       3.23415268E-04
   10.2800007       3.23415268E-04
   10.2900009       3.23415268E-04
   10.3000011       3.23415268E-04
   10.3100004       3.23415268E-04
   10.3200006       3.23415268E-04
   10.3300009       3.23415268E-04
   10.3400011       3.23415268E-04
   10.3500004       3.23415268E-04
   10.3600006       3.23415268E-04
   10.3700008       3.23415268E-04
   10.3800011       3.23415268E-04
   10.3900003       3.23415268E-04
   10.4000006       3.23415268E-04
   10.4100008       3.23415268E-04
   10.4200010       3.23415268E-04
   10.4300003       3.23415268E-04
   10.4400005       3.23415268E-04
   10.4500008       3.23415268E-04
   10.4600010       3.23415268E-04
   10.4700003       3.23415268E-04
   10.4800005       3.23415268E-04
   10.4900007       3.23415268E-04
   10.5000010       3.23415268E-04
   10.5100012       3.23415268E-04
   10.5200005       3.23415268E-04
   10.5300007       3.23415268E-04
   10.5400009       3.23415268E-04
   10.5500011       3.23415268E-04
   10.5600004       3.23415268E-04
   10.5700006       3.23415268E-04
   10.5800009       3.23415268E-04
   10.5900011       3.23415268E-04
   10.6000004       3.23415268E-04
   10.6100006       3.23415268E-04
   10.6200008       3.23415268E-04
   10.6300011       3.23415268E-04
   10.6400003       3.23415268E-04
   10.6500006       3.23415268E-04
   10.6600008       3.23415268E-04
   10.6700010       3.23415268E-04
   10.6800003       3.23415268E-04
   10.6900005       3.23415268E-04
   10.7000008       3.23415268E-04
   10.7100010       3.23415268E-04
   10.7200012       3.23415268E-04
   10.7300005       3.23415268E-04
   10.7400007       3.23415268E-04
   10.7500010       3.23415268E-04
   10.7600012       3.23415268E-04
   10.7700005       3.23415268E-04
   10.7800007       3.23415268E-04
   10.7900009       3.23415268E-04
   10.8000011       3.23415268E-04
   10.8100004       3.23415268E-04
   10.8200006       3.23415268E-04
   10.8300009       3.23415268E-04
   10.8400011       3.23415268E-04
   10.8500004       3.23415268E-04
   10.8600006       3.23415268E-04
   10.8700008       3.23415268E-04
   10.8800011       3.23415268E-04
   10.8900003       3.23415268E-04
   10.9000006       3.23415268E-04
   10.9100008       3.23415268E-04
   10.9200010       3.23415268E-04
   10.9300003       3.23415268E-04
   10.9400005       3.23415268E-04
   10.9500008       3.23415268E-04
   10.9600010       3.23415268E-04
   10.9700012       3.23415268E-04
   10.9800005       3.23415268E-04
   10.9900007       3.23415268E-04
   11.0000010       3.23415268E-04
   11.0100012       3.23415268E-04
   11.0200005       0.00000000    
   11.0300007       0.00000000    
   11.0400009       0.00000000    
   11.0500011       0.00000000    
   11.0600004       0.00000000    
   11.0700006       0.00000000    
   11.0800009       0.00000000    
   11.0900011       0.00000000    
   11.1000004       0.00000000    
   11.1100006       0.00000000    
   11.1200008       0.00000000    
   11.1300011       0.00000000    
   11.1400003       0.00000000    
   11.1500006       0.00000000    
   11.1600008       0.00000000    
   11.1700010       0.00000000    
   11.1800013       0.00000000    
   11.1900005       0.00000000    
   11.2000008       0.00000000    
   11.2100010       0.00000000    
   11.2200012       0.00000000    
   11.2300005       0.00000000    
   11.2400007       0.00000000    
   11.2500010       0.00000000    
   11.2600012       0.00000000    
   11.2700005       0.00000000    
   11.2800007       0.00000000    
   11.2900009       0.00000000    
   11.3000011       0.00000000    
   11.3100004       0.00000000    
   11.3200006       0.00000000    
   11.3300009       0.00000000    
   11.3400011       0.00000000    
   11.3500004       0.00000000    
   11.3600006       0.00000000    
   11.3700008       0.00000000    
   11.3800011       0.00000000    
   11.3900003       0.00000000    
   11.4000006       0.00000000    
   11.4100008       0.00000000    
   11.4200010       0.00000000    
   11.4300013       0.00000000    
   11.4400005       0.00000000    
   11.4500008       0.00000000    
   11.4600010       0.00000000    
   11.4700012       0.00000000    
   11.4800005       0.00000000    
   11.4900007       0.00000000    
   11.5000010       0.00000000    
   11.5100012       0.00000000    
   11.5200005       0.00000000    
   11.5300007       0.00000000    
   11.5400009       0.00000000    
   11.5500011       0.00000000    
   11.5600004       0.00000000    
   11.5700006       0.00000000    
   11.5800009       0.00000000    
   11.5900011       0.00000000    
   11.6000004       0.00000000    
   11.6100006       0.00000000    
   11.6200008       0.00000000    
   11.6300011       0.00000000    
   11.6400013       0.00000000    
   11.6500006       0.00000000    
   11.6600008       0.00000000    
   11.6700010       0.00000000    
   11.6800013       0.00000000    
   11.6900005       0.00000000    
   11.7000008       0.00000000    
   11.7100010       0.00000000    
   11.7200012       0.00000000    
   11.7300005       0.00000000    
   11.7400007       0.00000000    
   11.7500010       0.00000000    
   11.7600012       0.00000000    
   11.7700005       0.00000000    
   11.7800007       0.00000000    
   11.7900009       0.00000000    
   11.8000011       0.00000000    
   11.8100004       0.00000000    
   11.8200006       0.00000000    
   11.8300009       0.00000000    
   11.8400011       0.00000000    
   11.8500004       0.00000000    
   11.8600006       0.00000000    
   11.8700008       0.00000000    
   11.8800011       0.00000000    
   11.8900013       0.00000000    
   11.9000006       0.00000000    
   11.9100008       0.00000000    
   11.9200010       0.00000000    
   11.9300013       0.00000000    
   11.9400005       0.00000000    
   11.9500008       0.00000000    
   11.9600010       0.00000000    
   11.9700012       0.00000000    
   11.9800005       0.00000000    
   11.9900007       0.00000000    
   12.0000010       0.00000000    
   12.0100012       0.00000000    
   12.0200005       0.00000000    
   12.0300007       0.00000000    
   12.0400009       0.00000000    
   12.0500011       0.00000000    
   12.0600004       0.00000000    
   12.0700006       0.00000000    
   12.0800009       0.00000000    
   12.0900011       0.00000000    
   12.1000004       0.00000000    
   12.1100006       0.00000000    
   12.1200008       0.00000000    
   12.1300011       0.00000000    
   12.1400013       0.00000000    
   12.1500006       0.00000000    
   12.1600008       0.00000000    
   12.1700010       0.00000000    
   12.1800013       0.00000000    
   12.1900005       0.00000000    
   12.2000008       0.00000000    
   12.2100010       0.00000000    
   12.2200012       0.00000000    
   12.2300005       0.00000000    
   12.2400007       0.00000000    
   12.2500010       0.00000000    
   12.2600012       0.00000000    
   12.2700005       0.00000000    
   12.2800007       0.00000000    
   12.2900009       0.00000000    
   12.3000011       0.00000000    
   12.3100004       0.00000000    
   12.3200006       0.00000000    
   12.3300009       0.00000000    
   12.3400011       0.00000000    
   12.3500013       0.00000000    
   12.3600006       0.00000000    
   12.3700008       0.00000000    
   12.3800011       0.00000000    
   12.3900013       0.00000000    
   12.4000006       0.00000000    
   12.4100008       0.00000000    
   12.4200010       0.00000000    
   12.4300013       0.00000000    
   12.4400005       0.00000000    
   12.4500008       0.00000000    
   12.4600010       0.00000000    
   12.4700012       0.00000000    
   12.4800005       0.00000000    
   12.4900007       0.00000000    
   12.5000010       0.00000000    
   12.5100012       0.00000000    
   12.5200005       0.00000000    
   12.5300007       0.00000000    
   12.5400009       0.00000000    
   12.5500011       0.00000000    
   12.5600004       0.00000000    
   12.5700006       0.00000000    
   12.5800009       0.00000000    
   12.5900011       0.00000000    
   12.6000013       0.00000000    
   12.6100006       0.00000000    
   12.6200008       0.00000000    
   12.6300011       0.00000000    
   12.6400013       0.00000000    
   12.6500006       0.00000000    
   12.6600008       0.00000000    
   12.6700010       0.00000000    
   12.6800013       0.00000000    
   12.6900005       0.00000000    
   12.7000008       0.00000000    
   12.7100010       0.00000000    
   12.7200012       0.00000000    
   12.7300005       0.00000000    
   12.7400007       0.00000000    
   12.7500010       0.00000000    
   12.7600012       0.00000000    
   12.7700005       0.00000000    
   12.7800007       0.00000000    
   12.7900009       0.00000000    
   12.8000011       0.00000000    
   12.8100014       0.00000000    
   12.8200006       0.00000000    
   12.8300009       0.00000000    
   12.8400011       0.00000000    
   12.8500013       0.00000000    
   12.8600006       0.00000000    
   12.8700008       0.00000000    
   12.8800011       0.00000000    
   12.8900013       0.00000000    
   12.9000006       0.00000000    
   12.9100008       0.00000000    
   12.9200010       0.00000000    
   12.9300013       0.00000000    
   12.9400005       0.00000000    
   12.9500008       0.00000000    
   12.9600010       0.00000000    
   12.9700012       0.00000000    
   12.9800005       0.00000000    
   12.9900007       0.00000000    
   13.0000010       0.00000000    
   13.0100012       0.00000000    
   13.0200005       0.00000000    
   13.0300007       0.00000000    
   13.0400009       0.00000000    
   13.0500011       0.00000000    
   13.0600014       0.00000000    
   13.0700006       0.00000000    
   13.0800009       0.00000000    
   13.0900011       0.00000000    
   13.1000013       0.00000000    
   13.1100006       0.00000000    
   13.1200008       0.00000000    
   13.1300011       0.00000000    
   13.1400013       0.00000000    
   13.1500006       0.00000000    
   13.1600008       0.00000000    
   13.1700010       0.00000000    
   13.1800013       0.00000000    
   13.1900005       0.00000000    
   13.2000008       0.00000000    
   13.2100010       0.00000000    
   13.2200012       0.00000000    
   13.2300005       0.00000000    
   13.2400007       0.00000000    
   13.2500010       0.00000000    
   13.2600012       0.00000000    
   13.2700014       0.00000000    
   13.2800007       0.00000000    
   13.2900009       0.00000000    
   13.3000011       0.00000000    
   13.3100014       0.00000000    
   13.3200006       0.00000000    
   13.3300009       0.00000000    
   13.3400011       0.00000000    
   13.3500013       0.00000000    
   13.3600006       0.00000000    
   13.3700008       0.00000000    
   13.3800011       0.00000000    
   13.3900013       0.00000000    
   13.4000006       0.00000000    
   13.4100008       0.00000000    
   13.4200010       0.00000000    
   13.4300013       0.00000000    
   13.4400005       0.00000000    
   13.4500008       0.00000000    
   13.4600010       0.00000000    
   13.4700012       0.00000000    
   13.4800005       0.00000000    
   13.4900007       0.00000000    
   13.5000010       0.00000000    
   13.5100012       0.00000000    
   13.5200014       0.00000000    
   13.5300007       0.00000000    
   13.5400009       0.00000000    
   13.5500011       0.00000000    
   13.5600014       0.00000000    
   13.5700006       0.00000000    
   13.5800009       0.00000000    
   13.5900011       0.00000000    
   13.6000013       0.00000000    
   13.6100006       0.00000000    
   13.6200008       0.00000000    
   13.6300011       0.00000000    
   13.6400013       0.00000000    
   13.6500006       0.00000000    
   13.6600008       0.00000000    
   13.6700010       0.00000000    
   13.6800013       0.00000000    
   13.6900005       0.00000000    
   13.7000008       0.00000000    
   13.7100010       0.00000000    
   13.7200012       0.00000000    
   13.7300005       0.00000000    
   13.7400007       0.00000000    
   13.7500010       0.00000000    
   13.7600012       0.00000000    
   13.7700014       0.00000000    
   13.7800007       0.00000000    
   13.7900009       0.00000000    
   13.8000011       0.00000000    
   13.8100014       0.00000000    
   13.8200006       0.00000000    
   13.8300009       0.00000000    
   13.8400011       0.00000000    
   13.8500013       0.00000000    
   13.8600006       0.00000000    
   13.8700008       0.00000000    
   13.8800011       0.00000000    
   13.8900013       0.00000000    
   13.9000006       0.00000000    
   13.9100008       0.00000000    
   13.9200010       0.00000000    
   13.9300013       0.00000000    
   13.9400005       0.00000000    
   13.9500008       0.00000000    
   13.9600010       0.00000000    
   13.9700012       0.00000000    
   13.9800014       0.00000000    
   13.9900007       0.00000000    
   14.0000010       0.00000000    
   14.0100012       0.00000000    
   14.0200014       0.00000000    
   14.0300007       0.00000000    
   14.0400009       0.00000000    
   14.0500011       0.00000000    
   14.0600014       0.00000000    
   14.0700006       0.00000000    
   14.0800009       0.00000000    
   14.0900011       0.00000000    
   14.1000013       0.00000000    
   14.1100006       0.00000000    
   14.1200008       0.00000000    
   14.1300011       0.00000000    
   14.1400013       0.00000000    
   14.1500006       0.00000000    
   14.1600008       0.00000000    
   14.1700010       0.00000000    
   14.1800013       0.00000000    
   14.1900005       0.00000000    
   14.2000008       0.00000000    
   14.2100010       0.00000000    
   14.2200012       0.00000000    
   14.2300014       0.00000000    
   14.2400007       0.00000000    
   14.2500010       0.00000000    
   14.2600012       0.00000000    
   14.2700014       0.00000000    
   14.2800007       0.00000000    
   14.2900009       0.00000000    
   14.3000011       0.00000000    
   14.3100014       0.00000000    
   14.3200006       0.00000000    
   14.3300009       0.00000000    
   14.3400011       0.00000000    
   14.3500013       0.00000000    
   14.3600006       0.00000000    
   14.3700008       0.00000000    
   14.3800011       0.00000000    
   14.3900013       0.00000000    
   14.4000006       0.00000000    
   14.4100008       0.00000000    
   14.4200010       0.00000000    
   14.4300013       0.00000000    
   14.4400015       0.00000000    
   14.4500008       0.00000000    
   14.4600010       0.00000000    
   14.4700012       0.00000000    
   14.4800014       0.00000000    
   14.4900007       0.00000000    
   14.5000010       0.00000000    
   14.5100012       0.00000000    
   14.5200014       0.00000000    
   14.5300007       0.00000000    
   14.5400009       0.00000000    
   14.5500011       0.00000000    
   14.5600014       0.00000000    
   14.5700006       0.00000000    
   14.5800009       0.00000000    
   14.5900011       0.00000000    
   14.6000013       0.00000000    
   14.6100006       0.00000000    
   14.6200008       0.00000000    
   14.6300011       0.00000000    
   14.6400013       0.00000000    
   14.6500006       0.00000000    
   14.6600008       0.00000000    
   14.6700010       0.00000000    
   14.6800013       0.00000000    
   14.6900015       0.00000000    
   14.7000008       0.00000000    
   14.7100010       0.00000000    
   14.7200012       0.00000000    
   14.7300014       0.00000000    
   14.7400007       0.00000000    
   14.7500010       0.00000000    
   14.7600012       0.00000000    
   14.7700014       0.00000000    
   14.7800007       0.00000000    
   14.7900009       0.00000000    
   14.8000011       0.00000000    
   14.8100014       0.00000000    
   14.8200006       0.00000000    
   14.8300009       0.00000000    
   14.8400011       0.00000000    
   14.8500013       0.00000000    
   14.8600006       0.00000000    
   14.8700008       0.00000000    
   14.8800011       0.00000000    
   14.8900013       0.00000000    
   14.9000015       0.00000000    
   14.9100008       0.00000000    
   14.9200010       0.00000000    
   14.9300013       0.00000000    
   14.9400015       0.00000000    
   14.9500008       0.00000000    
   14.9600010       0.00000000    
   14.9700012       0.00000000    
   14.9800014       0.00000000    
   14.9900007       0.00000000    
   15.0000010       0.00000000    
   15.0100012       0.00000000    
   15.0200014       0.00000000    
   15.0300007       0.00000000    
   15.0400009       0.00000000    
   15.0500011       0.00000000    
   15.0600014       0.00000000    
   15.0700006       0.00000000    
   15.0800009       0.00000000    
   15.0900011       0.00000000    
   15.1000013       0.00000000    
   15.1100006       0.00000000    
   15.1200008       0.00000000    
   15.1300011       0.00000000    
   15.1400013       0.00000000    
   15.1500015       0.00000000    
   15.1600008       0.00000000    
   15.1700010       0.00000000    
   15.1800013       0.00000000    
   15.1900015       0.00000000    
   15.2000008       0.00000000    
   15.2100010       0.00000000    
   15.2200012       0.00000000    
   15.2300014       0.00000000    
   15.2400007       0.00000000    
   15.2500010       0.00000000    
   15.2600012       0.00000000    
   15.2700014       0.00000000    
   15.2800007       0.00000000    
   15.2900009       0.00000000    
   15.3000011       0.00000000    
   15.3100014       0.00000000    
   15.3200006       0.00000000    
   15.3300009       0.00000000    
   15.3400011       0.00000000    
   15.3500013       0.00000000    
   15.3600006       0.00000000    
   15.3700008       0.00000000    
   15.3800011       0.00000000    
   15.3900013       0.00000000    
   15.4000015       0.00000000    
   15.4100008       0.00000000    
   15.4200010       0.00000000    
   15.4300013       0.00000000    
   15.4400015       0.00000000    
   15.4500008       0.00000000    
   15.4600010       0.00000000    
   15.4700012       0.00000000    
   15.4800014       0.00000000    
   15.4900007       0.00000000    
   15.5000010       0.00000000    
   15.5100012       0.00000000    
   15.5200014       0.00000000    
   15.5300007       0.00000000    
   15.5400009       0.00000000    
   15.5500011       0.00000000    
   15.5600014       0.00000000    
   15.5700006       0.00000000    
   15.5800009       0.00000000    
   15.5900011       0.00000000    
   15.6000013       0.00000000    
   15.6100016       0.00000000    
   15.6200008       0.00000000    
   15.6300011       0.00000000    
   15.6400013       0.00000000    
   15.6500015       0.00000000    
   15.6600008       0.00000000    
   15.6700010       0.00000000    
   15.6800013       0.00000000    
   15.6900015       0.00000000    
   15.7000008       0.00000000    
   15.7100010       0.00000000    
   15.7200012       0.00000000    
   15.7300014       0.00000000    
   15.7400007       0.00000000    
   15.7500010       0.00000000    
   15.7600012       0.00000000    
   15.7700014       0.00000000    
   15.7800007       0.00000000    
   15.7900009       0.00000000    
   15.8000011       0.00000000    
   15.8100014       0.00000000    
   15.8200006       0.00000000    
   15.8300009       0.00000000    
   15.8400011       0.00000000    
   15.8500013       0.00000000    
   15.8600016       0.00000000    
   15.8700008       0.00000000    
   15.8800011       0.00000000    
   15.8900013       0.00000000    
   15.9000015       0.00000000    
   15.9100008       0.00000000    
   15.9200010       0.00000000    
   15.9300013       0.00000000    
   15.9400015       0.00000000    
   15.9500008       0.00000000    
   15.9600010       0.00000000    
   15.9700012       0.00000000    
   15.9800014       0.00000000    
   15.9900007       0.00000000    
