   1.00000012      0.641462445    	   1.00000012      0.337562144    	   1.00000012      0.235274687    
   1.01000011      0.640155196    	   1.01000011      0.338636309    	   1.01000011      0.228861228    
   1.02000010      0.638448536    	   1.02000010      0.340135157    	   1.02000010      0.235416114    
   1.03000009      0.637504399    	   1.03000009      0.340861768    	   1.03000009      0.233197197    
   1.04000008      0.636581063    	   1.04000008      0.341598660    	   1.04000008      0.248571932    
   1.05000007      0.635470927    	   1.05000007      0.342473716    	   1.05000007      0.242676497    
   1.06000006      0.634672046    	   1.06000006      0.343047976    	   1.06000006      0.239280656    
   1.07000005      0.633333683    	   1.07000005      0.344161868    	   1.07000005      0.237960145    
   1.08000004      0.631979764    	   1.08000004      0.345308423    	   1.08000004      0.219852254    
   1.09000003      0.630200446    	   1.09000003      0.346895784    	   1.09000003      0.232680798    
   1.10000002      0.629173338    	   1.10000002      0.347714514    	   1.10000002      0.238434806    
   1.11000013      0.628234386    	   1.11000013      0.348448575    	   1.11000013      0.232964739    
   1.12000012      0.627020538    	   1.12000012      0.349449098    	   1.12000012      0.239142478    
   1.13000011      0.626008987    	   1.13000011      0.350215852    	   1.13000011      0.219854414    
   1.14000010      0.624826193    	   1.14000010      0.351184547    	   1.14000010      0.210565850    
   1.15000010      0.623612344    	   1.15000010      0.352185488    	   1.15000010      0.210236400    
   1.16000009      0.622605979    	   1.16000009      0.352990448    	   1.16000009      0.226176843    
   1.17000008      0.621615171    	   1.17000008      0.353811294    	   1.17000008      0.227261111    
   1.18000007      0.620920062    	   1.18000007      0.354341537    	   1.18000007      0.220517114    
   1.19000006      0.620121181    	   1.19000006      0.354971796    	   1.19000006      0.222970665    
   1.20000005      0.618538976    	   1.20000005      0.356367737    	   1.20000005      0.218299285    
   1.21000004      0.616993129    	   1.21000004      0.357706219    	   1.21000004      0.213254556    
   1.22000003      0.615841508    	   1.22000003      0.358651906    	   1.22000003      0.221364588    
   1.23000014      0.614804029    	   1.23000014      0.359522253    	   1.23000014      0.224759877    
   1.24000013      0.613761306    	   1.24000013      0.360367507    	   1.24000013      0.244331345    
   1.25000012      0.612739384    	   1.25000012      0.361197025    	   1.25000012      0.246688426    
   1.26000011      0.611764133    	   1.26000011      0.362016112    	   1.26000011      0.226267874    
   1.27000010      0.610539913    	   1.27000010      0.363106966    	   1.27000010      0.209808871    
   1.28000009      0.609351993    	   1.28000009      0.364145070    	   1.28000009      0.207734093    
   1.29000008      0.607873559    	   1.29000008      0.365476936    	   1.29000008      0.203538463    
   1.30000007      0.606727123    	   1.30000007      0.366436124    	   1.30000007      0.202734336    
   1.31000006      0.605777800    	   1.31000006      0.367171586    	   1.31000006      0.200708330    
   1.32000005      0.605046391    	   1.32000005      0.367705256    	   1.32000005      0.196086258    
   1.33000004      0.604242325    	   1.33000004      0.368335128    	   1.33000004      0.195000365    
   1.34000015      0.603474557    	   1.34000015      0.368932724    	   1.34000015      0.183966458    
   1.35000014      0.602551222    	   1.35000014      0.369675547    	   1.35000014      0.165621787    
   1.36000013      0.601643384    	   1.36000013      0.370407432    	   1.36000013      0.173922002    
   1.37000012      0.600875616    	   1.37000012      0.371000946    	   1.37000012      0.174488246    
   1.38000011      0.599760354    	   1.38000011      0.371962845    	   1.38000011      0.180289954    
   1.39000010      0.599013329    	   1.39000010      0.372514307    	   1.39000010      0.193257198    
   1.40000010      0.598354518    	   1.40000010      0.373002559    	   1.40000010      0.187266394    
   1.41000009      0.597176969    	   1.41000009      0.374007404    	   1.41000009      0.189153686    
   1.42000008      0.596196532    	   1.42000008      0.374821424    	   1.42000008      0.187643528    
   1.43000007      0.595242023    	   1.43000007      0.375635684    	   1.43000007      0.195755720    
   1.44000006      0.593888104    	   1.44000006      0.376861215    	   1.44000006      0.199529782    
   1.45000005      0.593156695    	   1.45000005      0.377441466    	   1.45000005      0.205894470    
   1.46000016      0.592176259    	   1.46000016      0.378255814    	   1.46000016      0.214241832    
   1.47000015      0.591304779    	   1.47000015      0.378996491    	   1.47000015      0.206695884    
   1.48000014      0.590251684    	   1.48000014      0.379913718    	   1.48000014      0.209100664    
   1.49000013      0.588902950    	   1.49000013      0.381130993    	   1.49000013      0.209572077    
   1.50000012      0.587844729    	   1.50000012      0.382038713    	   1.50000012      0.206461802    
   1.51000011      0.586776078    	   1.51000011      0.382962137    	   1.51000011      0.219713539    
   1.52000010      0.585738599    	   1.52000010      0.383871228    	   1.52000010      0.214621127    
   1.53000009      0.584716678    	   1.53000009      0.384752780    	   1.53000009      0.221599206    
   1.54000008      0.583731055    	   1.54000008      0.385603040    	   1.54000008      0.212732747    
   1.55000007      0.582480848    	   1.55000007      0.386715770    	   1.55000007      0.201793134    
   1.56000006      0.581298113    	   1.56000006      0.387764663    	   1.56000006      0.202075973    
   1.57000005      0.580353975    	   1.57000005      0.388557523    	   1.57000005      0.210941359    
   1.58000016      0.579238713    	   1.58000016      0.389542848    	   1.58000016      0.205047548    
   1.59000015      0.578429461    	   1.59000015      0.390212625    	   1.59000015      0.191182956    
   1.60000014      0.577563107    	   1.60000014      0.390920281    	   1.60000014      0.199151024    
   1.61000013      0.576655328    	   1.61000013      0.391692251    	   1.61000013      0.200423300    
   1.62000012      0.575311780    	   1.62000012      0.392909616    	   1.62000012      0.188635126    
   1.63000011      0.574398756    	   1.63000011      0.393710136    	   1.63000011      0.194434658    
   1.64000010      0.573926687    	   1.64000010      0.394048721    	   1.64000010      0.189626738    
   1.65000010      0.572832167    	   1.65000010      0.395052701    	   1.65000010      0.188305676    
   1.66000009      0.571498990    	   1.66000009      0.396277964    	   1.66000009      0.183965921    
   1.67000008      0.570720851    	   1.67000008      0.396912664    	   1.67000008      0.179912269    
   1.68000007      0.569698930    	   1.68000007      0.397793472    	   1.68000007      0.177741587    
   1.69000018      0.568734050    	   1.69000018      0.398606092    	   1.69000018      0.177551389    
   1.70000017      0.568023384    	   1.70000017      0.399161428    	   1.70000017      0.187691212    
   1.71000016      0.567349017    	   1.71000016      0.399690002    	   1.71000016      0.189862445    
   1.72000015      0.566653848    	   1.72000015      0.400245368    	   1.72000015      0.174347371    
   1.73000014      0.565460742    	   1.73000014      0.401295364    	   1.73000014      0.185004130    
   1.74000013      0.564604819    	   1.74000013      0.402008086    	   1.74000013      0.177459821    
   1.75000012      0.563780010    	   1.75000012      0.402693421    	   1.75000012      0.178591758    
   1.76000011      0.562488317    	   1.76000011      0.403867900    	   1.76000011      0.187880859    
   1.77000010      0.561658323    	   1.77000010      0.404559404    	   1.77000010      0.186136067    
   1.78000009      0.560657144    	   1.78000009      0.405444711    	   1.78000009      0.198161036    
   1.79000008      0.559837520    	   1.79000008      0.406132579    	   1.79000008      0.185666278    
   1.80000007      0.558898568    	   1.80000007      0.406937182    	   1.80000007      0.188448727    
   1.81000018      0.557855904    	   1.81000018      0.407834619    	   1.81000018      0.182363093    
   1.82000017      0.557134867    	   1.82000017      0.408441246    	   1.82000017      0.173498809    
   1.83000016      0.555983245    	   1.83000016      0.409467876    	   1.83000016      0.188021749    
   1.84000015      0.555096149    	   1.84000015      0.410204709    	   1.84000015      0.189059407    
   1.85000014      0.554240227    	   1.85000014      0.410904497    	   1.85000014      0.186936393    
   1.86000013      0.553638518    	   1.86000013      0.411340147    	   1.86000013      0.186559260    
   1.87000012      0.552746236    	   1.87000012      0.412098616    	   1.87000012      0.182221130    
   1.88000011      0.551516831    	   1.88000011      0.413214326    	   1.88000011      0.187268019    
   1.89000010      0.550344467    	   1.89000010      0.414259762    	   1.89000010      0.178448170    
   1.90000010      0.549545586    	   1.90000010      0.414934218    	   1.90000010      0.184956446    
   1.91000009      0.548627377    	   1.91000009      0.415704161    	   1.91000009      0.192690417    
   1.92000008      0.547750711    	   1.92000008      0.416421860    	   1.92000008      0.187551409    
   1.93000019      0.546899974    	   1.93000019      0.417161763    	   1.93000019      0.180758655    
   1.94000018      0.546028495    	   1.94000018      0.417922884    	   1.94000018      0.172648638    
   1.95000017      0.544996142    	   1.95000017      0.418824792    	   1.95000017      0.170526713    
   1.96000016      0.543808222    	   1.96000016      0.419879019    	   1.96000016      0.169866189    
   1.97000015      0.543284297    	   1.97000015      0.420258045    	   1.97000015      0.160668641    
   1.98000014      0.542666972    	   1.98000014      0.420744628    	   1.98000014      0.162037924    
   1.99000013      0.541826606    	   1.99000013      0.421442777    	   1.99000013      0.162980214    
   2.00000024      0.540861726    	   2.00000024      0.422265649    	   2.00000024      0.162604704    
   2.01000023      0.540156245    	   2.01000023      0.422795922    	   2.01000023      0.163403958    
   2.02000022      0.539606392    	   2.02000022      0.423188150    	   2.02000022      0.150859892    
   2.03000021      0.538802326    	   2.03000021      0.423860252    	   2.03000021      0.160623133    
   2.04000020      0.537941217    	   2.04000020      0.424565464    	   2.04000020      0.165950701    
   2.05000019      0.537080050    	   2.05000019      0.425264508    	   2.05000019      0.165528044    
   2.06000018      0.536021829    	   2.06000018      0.426170647    	   2.06000018      0.159348667    
   2.07000017      0.535285234    	   2.07000017      0.426730365    	   2.07000017      0.161897048    
   2.08000016      0.534553766    	   2.08000016      0.427301407    	   2.08000016      0.171282068    
   2.09000015      0.533671916    	   2.09000015      0.428045273    	   2.09000015      0.173450589    
   2.10000014      0.532758892    	   2.10000014      0.428806186    	   2.10000014      0.161897048    
   2.11000013      0.531996369    	   2.11000013      0.429410428    	   2.11000013      0.166282311    
   2.12000012      0.531264901    	   2.12000012      0.429986686    	   2.12000012      0.156709805    
   2.13000011      0.530362308    	   2.13000011      0.430759519    	   2.13000011      0.169254959    
   2.14000010      0.529361129    	   2.14000010      0.431662440    	   2.14000010      0.162697911    
   2.15000010      0.528857946    	   2.15000010      0.432056427    	   2.15000010      0.167228401    
   2.16000009      0.527955294    	   2.16000009      0.432824165    	   2.16000009      0.166377142    
   2.17000008      0.527234256    	   2.17000008      0.433402896    	   2.17000008      0.166992158    
   2.18000007      0.526150048    	   2.18000007      0.434383482    	   2.18000007      0.164350048    
   2.19000006      0.525543153    	   2.19000006      0.434837759    	   2.19000006      0.163170949    
   2.20000005      0.524536729    	   2.20000005      0.435688227    	   2.20000005      0.152512565    
   2.21000004      0.523613393    	   2.21000004      0.436463207    	   2.21000004      0.154164150    
   2.22000027      0.522824883    	   2.22000027      0.437146157    	   2.22000027      0.144542336    
   2.23000026      0.522181630    	   2.23000026      0.437662393    	   2.23000026      0.152512014    
   2.24000025      0.521351635    	   2.24000025      0.438382953    	   2.24000025      0.143080398    
   2.25000024      0.520765483    	   2.25000024      0.438822806    	   2.25000024      0.156615525    
   2.26000023      0.520340085    	   2.26000023      0.439115465    	   2.26000023      0.142230764    
   2.27000022      0.519816160    	   2.27000022      0.439522475    	   2.27000022      0.141854167    
   2.28000021      0.518929124    	   2.28000021      0.440299392    	   2.28000021      0.139495984    
   2.29000020      0.518135428    	   2.29000020      0.440952063    	   2.29000020      0.141429350    
   2.30000019      0.517129064    	   2.30000019      0.441821933    	   2.30000019      0.141335607    
   2.31000018      0.516516924    	   2.31000018      0.442278802    	   2.31000018      0.153173089    
   2.32000017      0.515738785    	   2.32000017      0.442910582    	   2.32000017      0.153029501    
   2.33000016      0.515085161    	   2.33000016      0.443449527    	   2.33000016      0.152889699    
   2.34000015      0.514415979    	   2.34000015      0.443982482    	   2.34000015      0.146146238    
   2.35000014      0.513580799    	   2.35000014      0.444691181    	   2.35000014      0.140345082    
   2.36000013      0.512558877    	   2.36000013      0.445595622    	   2.36000013      0.134638205    
   2.37000012      0.511993468    	   2.37000012      0.446032345    	   2.37000012      0.150153846    
   2.38000011      0.511427999    	   2.38000011      0.446490943    	   2.38000011      0.150859892    
   2.39000010      0.510774374    	   2.39000010      0.447041929    	   2.39000010      0.148926526    
   2.40000010      0.510271192    	   2.40000010      0.447435766    	   2.40000010      0.142796457    
   2.41000009      0.509570897    	   2.41000009      0.448031098    	   2.41000009      0.143456995    
   2.42000008      0.508491874    	   2.42000008      0.449014246    	   2.42000008      0.132468060    
   2.43000007      0.507532239    	   2.43000007      0.449893504    	   2.43000007      0.134733036    
   2.44000006      0.506888986    	   2.44000006      0.450479060    	   2.44000006      0.134968206    
   2.45000029      0.506448030    	   2.45000029      0.450841188    	   2.45000029      0.134779096    
   2.46000028      0.505664706    	   2.46000028      0.451558173    	   2.46000028      0.138834924    
   2.47000027      0.505062997    	   2.47000027      0.452089459    	   2.47000027      0.137090668    
   2.48000026      0.504554629    	   2.48000026      0.452506989    	   2.48000026      0.128034011    
   2.49000025      0.503999531    	   2.49000025      0.453000367    	   2.49000025      0.119926162    
   2.50000024      0.503356278    	   2.50000024      0.453554958    	   2.50000024      0.120537922    
   2.51000023      0.502707839    	   2.51000023      0.454103798    	   2.51000023      0.135863364    
   2.52000022      0.502023101    	   2.52000022      0.454696357    	   2.52000022      0.133081451    
   2.53000021      0.501281321    	   2.53000021      0.455349296    	   2.53000021      0.139777482    
   2.54000020      0.500731409    	   2.54000020      0.455816835    	   2.54000020      0.150765330    
   2.55000019      0.500202298    	   2.55000019      0.456257403    	   2.55000019      0.147841454    
   2.56000018      0.499237448    	   2.56000018      0.457146287    	   2.56000018      0.153972059    
   2.57000017      0.498381495    	   2.57000017      0.457914978    	   2.57000017      0.156849876    
   2.58000016      0.497510016    	   2.58000016      0.458695859    	   2.58000016      0.153454050    
   2.59000015      0.496508837    	   2.59000015      0.459607899    	   2.59000015      0.153455392    
   2.60000014      0.495896697    	   2.60000014      0.460103810    	   2.60000014      0.152651280    
   2.61000013      0.495009661    	   2.61000013      0.460890770    	   2.61000013      0.162177458    
   2.62000012      0.494174451    	   2.62000012      0.461606503    	   2.62000012      0.155859634    
   2.63000011      0.493551970    	   2.63000011      0.462136388    	   2.63000011      0.143785626    
   2.64000010      0.492830902    	   2.64000010      0.462759346    	   2.64000010      0.134732500    
   2.65000010      0.492317349    	   2.65000010      0.463164210    	   2.65000010      0.135109633    
   2.66000009      0.491451055    	   2.66000009      0.463923872    	   2.66000009      0.140296593    
   2.67000008      0.490605474    	   2.67000008      0.464670241    	   2.67000008      0.135204449    
   2.68000031      0.490231991    	   2.68000031      0.464921951    	   2.68000031      0.135628194    
   2.69000030      0.489853293    	   2.69000030      0.465189934    	   2.69000030      0.135770425    
   2.70000029      0.489002556    	   2.70000029      0.465962380    	   2.70000029      0.130158916    
   2.71000028      0.488250375    	   2.71000028      0.466598481    	   2.71000028      0.132187113    
   2.72000027      0.487503380    	   2.72000027      0.467257351    	   2.72000027      0.141194999    
   2.73000026      0.486699313    	   2.73000026      0.467937589    	   2.73000026      0.137752548    
   2.74000025      0.486082017    	   2.74000025      0.468447894    	   2.74000025      0.144118875    
   2.75000024      0.485568434    	   2.75000024      0.468854755    	   2.75000024      0.140346438    
   2.76000023      0.485049695    	   2.76000023      0.469266891    	   2.76000023      0.145863399    
   2.77000022      0.483851403    	   2.77000022      0.470397681    	   2.77000022      0.145627677    
   2.78000021      0.483021379    	   2.78000021      0.471123517    	   2.78000021      0.151805431    
   2.79000020      0.482419640    	   2.79000020      0.471613735    	   2.79000020      0.150437504    
   2.80000019      0.482103199    	   2.80000019      0.471807063    	   2.80000019      0.155813843    
   2.81000018      0.481070906    	   2.81000018      0.472781211    	   2.81000018      0.160151973    
   2.82000017      0.480266839    	   2.82000017      0.473520756    	   2.82000017      0.160765097    
   2.83000016      0.479276031    	   2.83000016      0.474444389    	   2.83000016      0.146005094    
   2.84000015      0.478440851    	   2.84000015      0.475199372    	   2.84000015      0.145107761    
   2.85000014      0.477616042    	   2.85000014      0.475954920    	   2.85000014      0.145957127    
   2.86000013      0.476874232    	   2.86000013      0.476589829    	   2.86000013      0.154492795    
   2.87000012      0.476256937    	   2.87000012      0.477108479    	   2.87000012      0.139449388    
   2.88000011      0.475566983    	   2.88000011      0.477700531    	   2.88000011      0.146239713    
   2.89000010      0.474939317    	   2.89000010      0.478242040    	   2.89000010      0.135298476    
   2.90000010      0.474373877    	   2.90000010      0.478712499    	   2.90000010      0.137373522    
   2.91000032      0.473756552    	   2.91000032      0.479232371    	   2.91000032      0.129733294    
   2.92000031      0.473175555    	   2.92000031      0.479709059    	   2.92000031      0.129309013    
   2.93000031      0.472272933    	   2.93000031      0.480527639    	   2.93000031      0.127092808    
   2.94000030      0.471650451    	   2.94000030      0.481059551    	   2.94000030      0.124922924    
   2.95000029      0.470861942    	   2.95000029      0.481751502    	   2.95000029      0.130676404    
   2.96000028      0.470332831    	   2.96000028      0.482146025    	   2.96000028      0.139307156    
   2.97000027      0.469705135    	   2.97000027      0.482651204    	   2.97000027      0.131666914    
   2.98000026      0.469207138    	   2.98000026      0.483007878    	   2.98000026      0.132374868    
   2.99000025      0.468636513    	   2.99000025      0.483441561    	   2.99000025      0.132186830    
   3.00000024      0.467837662    	   3.00000024      0.484145969    	   3.00000024      0.134308755    
   3.01000023      0.466898710    	   3.01000023      0.484994084    	   3.01000023      0.135063574    
   3.02000022      0.466437042    	   3.02000022      0.485329390    	   3.02000022      0.134026185    
   3.03000021      0.465881974    	   3.03000021      0.485763788    	   3.03000021      0.138459414    
   3.04000020      0.464994907    	   3.04000020      0.486546934    	   3.04000020      0.138459146    
   3.05000019      0.464299798    	   3.05000019      0.487103045    	   3.05000019      0.145909995    
   3.06000018      0.463459432    	   3.06000018      0.487859279    	   3.06000018      0.136620879    
   3.07000017      0.462951064    	   3.07000017      0.488261312    	   3.07000017      0.142939240    
   3.08000016      0.462167740    	   3.08000016      0.488967568    	   3.08000016      0.163076133    
   3.09000015      0.461617857    	   3.09000015      0.489421129    	   3.09000015      0.165103778    
   3.10000014      0.460756749    	   3.10000014      0.490216851    	   3.10000014      0.149870455    
   3.11000013      0.460201681    	   3.11000013      0.490658224    	   3.11000013      0.147842810    
   3.12000012      0.459112316    	   3.12000012      0.491681844    	   3.12000012      0.147465125    
   3.13000011      0.457862139    	   3.13000011      0.492893010    	   3.13000011      0.148408517    
   3.14000010      0.456969887    	   3.14000010      0.493718475    	   3.14000010      0.150058746    
   3.15000033      0.456528962    	   3.15000033      0.494050503    	   3.15000033      0.157699242    
   3.16000032      0.456056893    	   3.16000032      0.494443953    	   3.16000032      0.141947642    
   3.17000031      0.455304712    	   3.17000031      0.495098352    	   3.17000031      0.148548856    
   3.18000031      0.454791158    	   3.18000031      0.495486617    	   3.18000031      0.146522030    
   3.19000030      0.453945607    	   3.19000030      0.496222645    	   3.19000030      0.136335045    
   3.20000029      0.453094840    	   3.20000029      0.496972084    	   3.20000029      0.136051655    
   3.21000028      0.452710986    	   3.21000028      0.497233599    	   3.21000028      0.148927078    
   3.22000027      0.452072918    	   3.22000027      0.497760952    	   3.22000027      0.160905167    
   3.23000026      0.451030225    	   3.23000026      0.498693943    	   3.23000026      0.153501451    
   3.24000025      0.450169116    	   3.24000025      0.499426931    	   3.24000025      0.159442142    
   3.25000024      0.449416935    	   3.25000024      0.500050187    	   3.25000024      0.161658630    
   3.26000023      0.448550612    	   3.26000023      0.500817597    	   3.26000023      0.162176907    
   3.27000022      0.447497576    	   3.27000022      0.501785219    	   3.27000022      0.176136047    
   3.28000021      0.446823180    	   3.28000021      0.502336562    	   3.28000021      0.175241172    
   3.29000020      0.446117699    	   3.29000020      0.502932549    	   3.29000020      0.167411819    
   3.30000019      0.445126891    	   3.30000019      0.503862798    	   3.30000019      0.160244092    
   3.31000018      0.444208711    	   3.31000018      0.504676461    	   3.31000018      0.159112960    
   3.32000017      0.443290532    	   3.32000017      0.505495846    	   3.32000017      0.154868305    
   3.33000016      0.442507207    	   3.33000016      0.506198406    	   3.33000016      0.142890751    
   3.34000015      0.441703141    	   3.34000015      0.506901443    	   3.34000015      0.150907025    
   3.35000014      0.441184402    	   3.35000014      0.507310688    	   3.35000014      0.156991854    
   3.36000013      0.440587848    	   3.36000013      0.507808685    	   3.36000013      0.148361906    
   3.37000012      0.439929038    	   3.37000012      0.508379042    	   3.37000012      0.142939240    
   3.38000035      0.439384341    	   3.38000035      0.508833230    	   3.38000035      0.133272991    
   3.39000034      0.438585490    	   3.39000034      0.509526253    	   3.39000034      0.132516831    
   3.40000033      0.437615424    	   3.40000033      0.510420918    	   3.40000033      0.129594028    
   3.41000032      0.436852872    	   3.41000032      0.511092663    	   3.41000032      0.136479184    
   3.42000031      0.436209619    	   3.42000031      0.511625469    	   3.42000031      0.135959804    
   3.43000031      0.435737550    	   3.43000031      0.511974931    	   3.43000031      0.137374610    
   3.44000030      0.435130626    	   3.44000030      0.512458086    	   3.44000030      0.141995594    
   3.45000029      0.434492558    	   3.45000029      0.512980878    	   3.45000029      0.141241059    
   3.46000028      0.433776677    	   3.46000028      0.513570428    	   3.46000028      0.134685352    
   3.47000027      0.433133453    	   3.47000027      0.514092863    	   3.47000027      0.131100953    
   3.48000026      0.432407200    	   3.48000026      0.514716089    	   3.48000026      0.143597066    
   3.49000025      0.431670576    	   3.49000025      0.515367925    	   3.49000025      0.146284953    
   3.50000024      0.430835396    	   3.50000024      0.516094863    	   3.50000024      0.143927589    
   3.51000023      0.430093586    	   3.51000023      0.516683817    	   3.51000023      0.148549125    
   3.52000022      0.429538518    	   3.52000022      0.517096341    	   3.52000022      0.152133524    
   3.53000021      0.428506225    	   3.53000021      0.518038511    	   3.53000021      0.145483822    
   3.54000020      0.427805901    	   3.54000020      0.518613517    	   3.54000020      0.145862579    
   3.55000019      0.427209347    	   3.55000019      0.519105077    	   3.55000019      0.135535255    
   3.56000018      0.426405281    	   3.56000018      0.519814551    	   3.56000018      0.131055161    
   3.57000017      0.425502658    	   3.57000017      0.520630360    	   3.57000017      0.142374352    
   3.58000016      0.425040990    	   3.58000016      0.520966172    	   3.58000016      0.141337499    
   3.59000015      0.424361408    	   3.59000015      0.521531880    	   3.59000015      0.136762843    
   3.60000014      0.424019039    	   3.60000014      0.521738946    	   3.60000014      0.139356732    
   3.61000037      0.423479557    	   3.61000037      0.522168815    	   3.61000037      0.133839503    
   3.62000036      0.422421306    	   3.62000036      0.523165047    	   3.62000036      0.120256692    
   3.63000035      0.421798795    	   3.63000035      0.523692250    	   3.63000035      0.114172690    
   3.64000034      0.420911759    	   3.64000034      0.524526656    	   3.64000034      0.127378091    
   3.65000033      0.420164764    	   3.65000033      0.525187612    	   3.65000033      0.124641158    
   3.66000032      0.419754952    	   3.66000032      0.525492013    	   3.66000032      0.130866319    
   3.67000031      0.419511139    	   3.67000031      0.525593996    	   3.67000031      0.132705942    
   3.68000031      0.419018328    	   3.68000031      0.525937438    	   3.68000031      0.118934825    
   3.69000030      0.418209076    	   3.69000030      0.526655555    	   3.69000030      0.122800998    
   3.70000029      0.417513967    	   3.70000029      0.527206004    	   3.70000029      0.115821838    
   3.71000028      0.416938156    	   3.71000028      0.527679443    	   3.71000028      0.115067296    
   3.72000027      0.416253388    	   3.72000027      0.528281093    	   3.72000027      0.128553391    
   3.73000026      0.415651649    	   3.73000026      0.528764606    	   3.73000026      0.139684290    
   3.74000025      0.415039539    	   3.74000025      0.529276788    	   3.74000025      0.137986362    
   3.75000024      0.414411843    	   3.75000024      0.529806793    	   3.75000024      0.140675083    
   3.76000023      0.413778961    	   3.76000023      0.530325294    	   3.76000023      0.147465944    
   3.77000022      0.412912667    	   3.77000022      0.531084657    	   3.77000022      0.148030832    
   3.78000021      0.412108600    	   3.78000021      0.531777918    	   3.78000021      0.145956323    
   3.79000020      0.411491305    	   3.79000020      0.532285810    	   3.79000020      0.150530159    
   3.80000019      0.410541981    	   3.80000019      0.533158958    	   3.80000019      0.152793780    
   3.81000018      0.409551173    	   3.81000018      0.534077704    	   3.81000018      0.152840659    
   3.82000017      0.408856064    	   3.82000017      0.534642458    	   3.82000017      0.155245170    
   3.83000016      0.408207625    	   3.83000016      0.535179257    	   3.83000016      0.140155703    
   3.84000015      0.407450259    	   3.84000015      0.535857260    	   3.84000015      0.146426663    
   3.85000038      0.406703264    	   3.85000038      0.536513150    	   3.85000038      0.143503055    
   3.86000037      0.406028897    	   3.86000037      0.537073970    	   3.86000037      0.136239678    
   3.87000036      0.405292273    	   3.87000036      0.537741184    	   3.87000036      0.130297646    
   3.88000035      0.404944688    	   3.88000035      0.537992001    	   3.88000035      0.133175462    
   3.89000034      0.404083580    	   3.89000034      0.538772702    	   3.89000034      0.134447753    
   3.90000033      0.403554469    	   3.90000033      0.539210141    	   3.90000033      0.120018274    
   3.91000032      0.402900845    	   3.91000032      0.539767444    	   3.91000032      0.121433347    
   3.92000031      0.402226478    	   3.92000031      0.540357053    	   3.92000031      0.122094147    
   3.93000031      0.401531339    	   3.93000031      0.540940762    	   3.93000031      0.117425472    
   3.94000030      0.400836229    	   3.94000030      0.541537166    	   3.94000030      0.123131804    
   3.95000029      0.400592417    	   3.95000029      0.541683078    	   3.95000029      0.107475288    
   3.96000028      0.399964720    	   3.96000028      0.542201459    	   3.96000028      0.118463948    
   3.97000027      0.399305910    	   3.97000027      0.542763591    	   3.97000027      0.114974096    
   3.98000026      0.398745656    	   3.98000026      0.543225825    	   3.98000026      0.112899311    
   3.99000025      0.398247659    	   3.99000025      0.543597460    	   3.99000025      0.116435766    
   4.00000048      0.397910476    	   4.00000048      0.543800354    	   4.00000048      0.117095754    
   4.01000023      0.397153109    	   4.01000023      0.544469416    	   4.01000023      0.114454456    
   4.02000046      0.396551371    	   4.02000046      0.544989109    	   4.02000046      0.114313029    
   4.03000021      0.395970374    	   4.03000021      0.545451939    	   4.03000021      0.112898499    
   4.04000044      0.395176679    	   4.04000044      0.546168625    	   4.04000044      0.113747597    
   4.05000019      0.394424498    	   4.05000019      0.546863496    	   4.05000019      0.121292733    
   4.06000042      0.394258499    	   4.06000042      0.546925366    	   4.06000042      0.125254005    
   4.07000017      0.393661946    	   4.07000017      0.547411799    	   4.07000017      0.114453912    
   4.08000040      0.393065393    	   4.08000040      0.547893167    	   4.08000040      0.109690957    
   4.09000015      0.392494768    	   4.09000015      0.548362732    	   4.09000015      0.115066759    
   4.10000038      0.391716629    	   4.10000038      0.549035549    	   4.10000038      0.111577988    
   4.11000013      0.391140819    	   4.11000013      0.549521983    	   4.11000013      0.105495065    
   4.12000036      0.390699893    	   4.12000036      0.549880385    	   4.12000036      0.114172146    
   4.13000011      0.390378267    	   4.13000011      0.550090551    	   4.13000011      0.112616464    
   4.14000034      0.389693528    	   4.14000034      0.550686061    	   4.14000034      0.119217947    
   4.15000010      0.388993204    	   4.15000010      0.551342905    	   4.15000010      0.127706468    
   4.16000032      0.388495207    	   4.16000032      0.551734328    	   4.16000032      0.120868728    
   4.17000008      0.388095796    	   4.17000008      0.552042007    	   4.17000008      0.133554488    
   4.18000031      0.387478471    	   4.18000031      0.552575827    	   4.18000031      0.133790478    
   4.19000053      0.386632919    	   4.19000053      0.553376079    	   4.19000053      0.134827599    
   4.20000029      0.385668039    	   4.20000029      0.554278374    	   4.20000029      0.129781783    
   4.21000051      0.385009229    	   4.21000051      0.554829419    	   4.21000051      0.127942443    
   4.22000027      0.384008050    	   4.22000027      0.555778563    	   4.22000027      0.128460735    
   4.23000050      0.383416682    	   4.23000050      0.556301713    	   4.23000050      0.125113666    
   4.24000025      0.383006871    	   4.24000025      0.556616247    	   4.24000025      0.123179488    
   4.25000048      0.382477760    	   4.25000048      0.557095587    	   4.25000048      0.108938046    
   4.26000023      0.381896734    	   4.26000023      0.557624698    	   4.26000023      0.101580933    
   4.27000046      0.381419510    	   4.27000046      0.558059335    	   4.27000046      0.112945370    
   4.28000021      0.381149739    	   4.28000021      0.558237672    	   4.28000021      0.102052897    
   4.29000044      0.380646557    	   4.29000044      0.558660924    	   4.29000044      0.111673355    
   4.30000019      0.380361259    	   4.30000019      0.558839679    	   4.30000019      0.104600452    
   4.31000042      0.379852891    	   4.31000042      0.559267640    	   4.31000042      0.104789287    
   4.32000017      0.378929526    	   4.32000017      0.560169637    	   4.32000017       9.86107290E-02
   4.33000040      0.378239572    	   4.33000040      0.560808837    	   4.33000040       9.53105241E-02
   4.34000015      0.377399206    	   4.34000015      0.561641335    	   4.34000015      0.102948859    
   4.35000038      0.377165765    	   4.35000038      0.561815679    	   4.35000038      0.107381552    
   4.36000013      0.376688510    	   4.36000013      0.562216341    	   4.36000013      0.121669598    
   4.37000036      0.376351327    	   4.37000036      0.562471092    	   4.37000036      0.122849226    
   4.38000011      0.376076400    	   4.38000011      0.562680244    	   4.38000011      0.108890086    
   4.39000034      0.375593960    	   4.39000034      0.563087940    	   4.39000034      0.104880050    
   4.40000010      0.374857336    	   4.40000010      0.563774586    	   4.40000010       9.28084850E-02
   4.41000032      0.373970300    	   4.41000032      0.564596236    	   4.41000032      0.106625654    
   4.42000008      0.373218089    	   4.42000008      0.565261185    	   4.42000008      0.105635405    
   4.43000031      0.372725278    	   4.43000031      0.565664113    	   4.43000031      0.102004670    
   4.44000053      0.372325867    	   4.44000053      0.565976262    	   4.44000053      0.113746516    
   4.45000029      0.372024983    	   4.45000029      0.566180587    	   4.45000029      0.115963809    
   4.46000051      0.371464729    	   4.46000051      0.566652834    	   4.46000051      0.115020156    
   4.47000027      0.370914876    	   4.47000027      0.567147255    	   4.47000027       9.95527506E-02
   4.48000050      0.370686620    	   4.48000050      0.567277491    	   4.48000050       8.84695426E-02
   4.49000025      0.370017439    	   4.49000025      0.567857683    	   4.49000025       8.62067342E-02
   4.50000048      0.369322300    	   4.50000048      0.568489492    	   4.50000048       9.04505849E-02
   4.51000023      0.368549377    	   4.51000023      0.569203496    	   4.51000023       9.80900005E-02
   4.52000046      0.368217379    	   4.52000046      0.569453418    	   4.52000046      0.101156384    
   4.53000021      0.368056566    	   4.53000021      0.569504619    	   4.53000021      0.104598552    
   4.54000044      0.367843866    	   4.54000044      0.569624186    	   4.54000044      0.110162921    
   4.55000019      0.367382199    	   4.55000019      0.570016861    	   4.55000019      0.103890613    
   4.56000042      0.366780460    	   4.56000042      0.570548415    	   4.56000042       9.89390910E-02
   4.57000017      0.366007507    	   4.57000017      0.571249843    	   4.57000017       9.12533477E-02
   4.58000040      0.365260512    	   4.58000040      0.571918547    	   4.58000040       9.47908834E-02
   4.59000015      0.364762515    	   4.59000015      0.572330236    	   4.59000015      0.103044227    
   4.60000038      0.364233404    	   4.60000038      0.572787642    	   4.60000038      0.108890630    
   4.61000013      0.363766521    	   4.61000013      0.573205531    	   4.61000013      0.117757909    
   4.62000036      0.363351524    	   4.62000036      0.573582828    	   4.62000036      0.112286739    
   4.63000011      0.363009155    	   4.63000011      0.573880732    	   4.63000011       9.83733907E-02
   4.64000034      0.362542272    	   4.64000034      0.574277103    	   4.64000034       9.96467620E-02
   4.65000010      0.362013161    	   4.65000010      0.574745536    	   4.65000010      0.101249859    
   4.66000032      0.361120909    	   4.66000032      0.575616896    	   4.66000032       9.87044647E-02
   4.67000055      0.360576212    	   4.67000055      0.576081574    	   4.67000055      0.100778438    
   4.68000031      0.360332400    	   4.68000031      0.576219261    	   4.68000031      0.105022557    
   4.69000053      0.359715104    	   4.69000053      0.576753080    	   4.69000053      0.109973811    
   4.70000029      0.359201550    	   4.70000029      0.577177882    	   4.70000029      0.114595607    
   4.71000051      0.358760595    	   4.71000051      0.577546656    	   4.71000051      0.116860040    
   4.72000027      0.358247042    	   4.72000027      0.577995062    	   4.72000027       9.61092263E-02
   4.73000050      0.357660860    	   4.73000050      0.578529716    	   4.73000050      0.106626466    
   4.74000025      0.357079864    	   4.74000025      0.579063714    	   4.74000025      0.113323323    
   4.75000048      0.356363982    	   4.75000048      0.579736412    	   4.75000048      0.102006562    
   4.76000023      0.355668873    	   4.76000023      0.580369651    	   4.76000023      0.106580682    
   4.77000046      0.355482131    	   4.77000046      0.580468297    	   4.77000046      0.107570656    
   4.78000021      0.354786992    	   4.78000021      0.581130564    	   4.78000021      0.113560110    
   4.79000044      0.354247510    	   4.79000044      0.581580579    	   4.79000044      0.109834552    
   4.80000019      0.353946626    	   4.80000019      0.581755757    	   4.80000019      0.102289684    
   4.81000042      0.353370816    	   4.81000042      0.582249820    	   4.81000042       9.53563154E-02
   4.82000017      0.352872819    	   4.82000017      0.582660556    	   4.82000017       9.47440118E-02
   4.83000040      0.352120638    	   4.83000040      0.583386958    	   4.83000040      0.115541428    
   4.84000015      0.351591527    	   4.84000015      0.583843112    	   4.84000015      0.109456331    
   4.85000038      0.351306200    	   4.85000038      0.584035516    	   4.85000038      0.100684971    
   4.86000013      0.350943089    	   4.86000013      0.584343195    	   4.86000013      0.111624591    
   4.87000036      0.350388020    	   4.87000036      0.584864199    	   4.87000036      0.110352568    
   4.88000011      0.349485397    	   4.88000011      0.585729539    	   4.88000011      0.114266425    
   4.89000034      0.348774731    	   4.89000034      0.586381674    	   4.89000034      0.105023101    
   4.90000057      0.348551661    	   4.90000057      0.586503446    	   4.90000057      0.119923994    
   4.91000032      0.347955108    	   4.91000032      0.587062597    	   4.91000032      0.120065421    
   4.92000055      0.347327411    	   4.92000055      0.587670445    	   4.92000055      0.118933201    
   4.93000031      0.346668601    	   4.93000031      0.588301539    	   4.93000031      0.118272945    
   4.94000053      0.346201718    	   4.94000053      0.588730931    	   4.94000053      0.103888445    
   4.95000029      0.345221311    	   4.95000029      0.589720070    	   4.95000029      0.110019870    
   4.96000051      0.344780356    	   4.96000051      0.590080917    	   4.96000051      0.116103336    
   4.97000027      0.344406873    	   4.97000027      0.590367556    	   4.97000027      0.109265327    
   4.98000050      0.343872547    	   4.98000050      0.590821266    	   4.98000050      0.102898471    
   4.99000025      0.343504250    	   4.99000025      0.591085494    	   4.99000025      0.104266122    
   5.00000048      0.342746884    	   5.00000048      0.591816366    	   5.00000048      0.106670901    
   5.01000023      0.342285186    	   5.01000023      0.592241526    	   5.01000023       8.81864205E-02
   5.02000046      0.341859818    	   5.02000046      0.592603266    	   5.02000046      0.102474734    
   5.03000021      0.341522634    	   5.03000021      0.592880189    	   5.03000021      0.105068892    
   5.04000044      0.340910494    	   5.04000044      0.593473136    	   5.04000044      0.100022003    
   5.05000019      0.340371013    	   5.05000019      0.593974531    	   5.05000019      0.108465001    
   5.06000042      0.340044200    	   5.06000042      0.594262958    	   5.06000042      0.102051266    
   5.07000017      0.339297205    	   5.07000017      0.595030010    	   5.07000017      0.105493978    
   5.08000040      0.338726580    	   5.08000040      0.595600605    	   5.08000040      0.108889550    
   5.09000015      0.338311583    	   5.09000015      0.596016169    	   5.09000015      0.109501846    
   5.10000038      0.337673515    	   5.10000038      0.596664488    	   5.10000038      0.109407566    
   5.11000013      0.337061405    	   5.11000013      0.597276568    	   5.11000013      0.104268834    
   5.12000036      0.336521894    	   5.12000036      0.597773790    	   5.12000036      0.112284034    
   5.13000059      0.335946083    	   5.13000059      0.598276913    	   5.13000059      0.101107888    
   5.14000034      0.335536271    	   5.14000034      0.598600566    	   5.14000034      0.106531642    
   5.15000057      0.334903419    	   5.15000057      0.599185348    	   5.15000057      0.112379670    
   5.16000032      0.334545463    	   5.16000032      0.599475682    	   5.16000032      0.114548735    
   5.17000055      0.333985239    	   5.17000055      0.599996924    	   5.17000055      0.106721289    
   5.18000031      0.333570242    	   5.18000031      0.600368142    	   5.18000031      0.103325181    
   5.19000053      0.332911432    	   5.19000053      0.600986540    	   5.19000053      0.104456857    
   5.20000029      0.332252622    	   5.20000029      0.601613283    	   5.20000029      0.109361775    
   5.21000051      0.331453741    	   5.21000051      0.602367342    	   5.21000051      0.108654380    
   5.22000027      0.331075042    	   5.22000027      0.602681041    	   5.22000027      0.119264819    
   5.23000050      0.330737859    	   5.23000050      0.602955282    	   5.23000050      0.112097628    
   5.24000025      0.330188006    	   5.24000025      0.603484511    	   5.24000025      0.106202461    
   5.25000048      0.329607010    	   5.25000048      0.604065061    	   5.25000048      0.105872467    
   5.26000023      0.328943014    	   5.26000023      0.604721963    	   5.26000023      0.103231169    
   5.27000046      0.328185618    	   5.27000046      0.605518281    	   5.27000046       9.77610871E-02
   5.28000021      0.327755064    	   5.28000021      0.605914116    	   5.28000021       9.78542864E-02
   5.29000044      0.327599436    	   5.29000044      0.605992973    	   5.29000044      0.101816647    
   5.30000019      0.327039182    	   5.30000019      0.606534421    	   5.30000019      0.101722091    
   5.31000042      0.326510072    	   5.31000042      0.607024312    	   5.31000042       9.19130594E-02
   5.32000017      0.325955003    	   5.32000017      0.607559741    	   5.32000017       8.87057930E-02
   5.33000040      0.325654149    	   5.33000040      0.607812464    	   5.33000040       7.96507671E-02
   5.34000015      0.325197637    	   5.34000015      0.608210027    	   5.34000015       8.67721662E-02
   5.35000038      0.324611455    	   5.35000038      0.608799398    	   5.35000038       9.96464938E-02
   5.36000061      0.324378014    	   5.36000061      0.609005690    	   5.36000061       9.72414464E-02
   5.37000036      0.323947459    	   5.37000036      0.609391630    	   5.37000036       8.79981220E-02
   5.38000059      0.323599905    	   5.38000059      0.609686315    	   5.38000059       8.54519233E-02
   5.39000034      0.323044837    	   5.39000034      0.610194027    	   5.39000034       9.30450037E-02
   5.40000057      0.322375655    	   5.40000057      0.610854089    	   5.40000057       9.76188481E-02
   5.41000032      0.321732402    	   5.41000032      0.611462533    	   5.41000032       9.10642371E-02
   5.42000055      0.321514547    	   5.42000055      0.611593664    	   5.42000055       9.81856361E-02
   5.43000031      0.321156591    	   5.43000031      0.611923039    	   5.43000031       9.19138715E-02
   5.44000053      0.320643038    	   5.44000053      0.612409472    	   5.44000053      0.101723172    
   5.45000029      0.319947928    	   5.45000029      0.613082290    	   5.45000029       9.34229568E-02
   5.46000051      0.319522560    	   5.46000051      0.613459349    	   5.46000051       9.22915488E-02
   5.47000027      0.319081604    	   5.47000027      0.613835335    	   5.47000027       8.84717107E-02
   5.48000050      0.318811864    	   5.48000050      0.614062011    	   5.48000050      0.100544900    
   5.49000025      0.318158239    	   5.49000025      0.614700496    	   5.49000025       9.69128087E-02
   5.50000048      0.317805499    	   5.50000048      0.615002096    	   5.50000048       9.35649201E-02
   5.51000023      0.317245245    	   5.51000023      0.615553975    	   5.51000023       7.97003433E-02
   5.52000046      0.316778362    	   5.52000046      0.615994990    	   5.52000046       9.23384205E-02
   5.53000021      0.316176623    	   5.53000021      0.616583049    	   5.53000021       8.97919536E-02
   5.54000044      0.315823883    	   5.54000044      0.616897166    	   5.54000044       9.65825394E-02
   5.55000019      0.315434813    	   5.55000019      0.617234588    	   5.55000019       9.23376083E-02
   5.56000042      0.315289557    	   5.56000042      0.617297232    	   5.56000042       9.61108506E-02
   5.57000017      0.314584076    	   5.57000017      0.618018806    	   5.57000017       9.47892591E-02
   5.58000040      0.314143121    	   5.58000040      0.618449867    	   5.58000040       9.36101675E-02
   5.59000063      0.313624382    	   5.59000063      0.618933856    	   5.59000063       8.38488266E-02
   5.60000038      0.313043386    	   5.60000038      0.619464219    	   5.60000038       9.10642371E-02
   5.61000061      0.312576503    	   5.61000061      0.619908094    	   5.61000061       8.90832022E-02
   5.62000036      0.312026650    	   5.62000036      0.620451629    	   5.62000036       9.69591364E-02
   5.63000059      0.311606467    	   5.63000059      0.620853484    	   5.63000059       8.54996070E-02
   5.64000034      0.311378211    	   5.64000034      0.621035218    	   5.64000034       9.22899246E-02
   5.65000057      0.310885400    	   5.65000057      0.621496379    	   5.65000057       9.35641080E-02
   5.66000032      0.310522288    	   5.66000032      0.621829271    	   5.66000032       8.45090821E-02
   5.67000055      0.310096890    	   5.67000055      0.622198761    	   5.67000055       8.71024281E-02
   5.68000031      0.309718221    	   5.68000031      0.622509003    	   5.68000031       9.28092971E-02
   5.69000053      0.309137225    	   5.69000053      0.623071015    	   5.69000053       9.09225419E-02
   5.70000029      0.308525085    	   5.70000029      0.623667657    	   5.70000029       8.99312124E-02
   5.71000051      0.308244973    	   5.71000051      0.623903275    	   5.71000051       8.38946179E-02
   5.72000027      0.307783276    	   5.72000027      0.624342084    	   5.72000027       9.08277184E-02
   5.73000050      0.307025909    	   5.73000050      0.625091851    	   5.73000050       9.14868861E-02
   5.74000025      0.306605726    	   5.74000025      0.625462353    	   5.74000025       8.77616033E-02
   5.75000048      0.306413800    	   5.75000048      0.625573516    	   5.75000048       8.50739777E-02
   5.76000023      0.306154430    	   5.76000023      0.625757277    	   5.76000023       8.40355009E-02
   5.77000046      0.305614918    	   5.77000046      0.626255691    	   5.77000046       9.42701548E-02
   5.78000021      0.305106550    	   5.78000021      0.626708329    	   5.78000021       8.85632858E-02
   5.79000044      0.304836810    	   5.79000044      0.626903117    	   5.79000044       7.38498792E-02
   5.80000019      0.304390669    	   5.80000019      0.627291143    	   5.80000019       7.13982284E-02
   5.81000042      0.303861558    	   5.81000042      0.627768099    	   5.81000042       7.96041638E-02
   5.82000065      0.303233862    	   5.82000065      0.628373504    	   5.82000065       8.02638829E-02
   5.83000040      0.302865565    	   5.83000040      0.628703594    	   5.83000040       8.05461928E-02
   5.84000063      0.302678823    	   5.84000063      0.628852010    	   5.84000063       8.17255452E-02
   5.85000038      0.302538753    	   5.85000038      0.628937066    	   5.85000038       8.40368569E-02
   5.86000061      0.302139312    	   5.86000061      0.629290700    	   5.86000061       8.32338184E-02
   5.87000036      0.301786572    	   5.87000036      0.629614949    	   5.87000036       8.10647532E-02
   5.88000059      0.301205575    	   5.88000059      0.630175233    	   5.88000059       7.28590861E-02
   5.89000034      0.300640136    	   5.89000034      0.630712152    	   5.89000034       7.62549266E-02
   5.90000057      0.300266623    	   5.90000057      0.631055474    	   5.90000057       8.60165432E-02
   5.91000032      0.299815327    	   5.91000032      0.631480694    	   5.91000032       9.24768671E-02
   5.92000055      0.299364030    	   5.92000055      0.631900907    	   5.92000055       8.24321359E-02
   5.93000031      0.299063146    	   5.93000031      0.632167757    	   5.93000031       8.24329481E-02
   5.94000053      0.298679262    	   5.94000053      0.632523358    	   5.94000053       7.92256743E-02
   5.95000029      0.298129410    	   5.95000029      0.633048117    	   5.95000029       7.57360980E-02
   5.96000051      0.297631413    	   5.96000051      0.633539438    	   5.96000051       7.86122903E-02
   5.97000027      0.297480971    	   5.97000027      0.633612812    	   5.97000027       7.21045434E-02
   5.98000050      0.297211200    	   5.98000050      0.633804083    	   5.98000050       7.05960095E-02
   5.99000025      0.296775460    	   5.99000025      0.634189844    	   5.99000025       7.77168646E-02
   6.00000048      0.296386391    	   6.00000048      0.634511054    	   6.00000048       7.91316628E-02
   6.01000023      0.295966208    	   6.01000023      0.634848595    	   6.01000023       7.99804851E-02
   6.02000046      0.295737982    	   6.02000046      0.635005355    	   6.02000046       8.04524496E-02
   6.03000021      0.295416355    	   6.03000021      0.635273039    	   6.03000021       8.89886469E-02
   6.04000044      0.294897586    	   6.04000044      0.635773361    	   6.04000044       8.57342333E-02
   6.05000019      0.294389218    	   6.05000019      0.636242151    	   6.05000019       7.55006596E-02
   6.06000042      0.293766737    	   6.06000042      0.636853218    	   6.06000042       7.62557387E-02
   6.07000065      0.293227226    	   6.07000065      0.637369573    	   6.07000065       7.72928596E-02
   6.08000040      0.292749971    	   6.08000040      0.637827516    	   6.08000040       8.91300738E-02
   6.09000063      0.292490602    	   6.09000063      0.638014019    	   6.09000063       8.78564268E-02
   6.10000038      0.292433560    	   6.10000038      0.637947202    	   6.10000038       8.32817703E-02
   6.11000061      0.292143047    	   6.11000061      0.638151944    	   6.11000061       7.48878121E-02
   6.12000036      0.291717678    	   6.12000036      0.638509572    	   6.12000036       7.68217146E-02
   6.13000059      0.291053683    	   6.13000059      0.639158249    	   6.13000059       8.12069848E-02
   6.14000034      0.290633500    	   6.14000034      0.639557779    	   6.14000034       8.49794224E-02
   6.15000057      0.290249616    	   6.15000057      0.639910758    	   6.15000057       8.32820460E-02
   6.16000032      0.290093988    	   6.16000032      0.639980137    	   6.16000032       9.14876983E-02
   6.17000055      0.289518178    	   6.17000055      0.640563369    	   6.17000055       9.69580486E-02
   6.18000031      0.288833439    	   6.18000031      0.641254365    	   6.18000031       9.43644345E-02
   6.19000053      0.288169444    	   6.19000053      0.641945541    	   6.19000053       8.86578411E-02
   6.20000029      0.287910074    	   6.20000029      0.642198861    	   6.20000029       8.53099525E-02
   6.21000051      0.287552148    	   6.21000051      0.642552197    	   6.21000051       8.54985192E-02
   6.22000027      0.286960751    	   6.22000027      0.643156588    	   6.22000027       9.32319462E-02
   6.23000050      0.286530197    	   6.23000050      0.643545985    	   6.23000050       8.67239386E-02
   6.24000025      0.286073714    	   6.24000025      0.643959343    	   6.24000025       8.80926773E-02
   6.25000048      0.285845459    	   6.25000048      0.644148707    	   6.25000048       8.15843940E-02
   6.26000023      0.285518646    	   6.26000023      0.644449592    	   6.26000023       9.08271745E-02
   6.27000046      0.285098463    	   6.27000046      0.644822538    	   6.27000046       9.08748582E-02
   6.28000021      0.284673095    	   6.28000021      0.645249486    	   6.28000021       8.18677843E-02
   6.29000044      0.283988327    	   6.29000044      0.645966768    	   6.29000044       9.12528038E-02
   6.30000067      0.283562958    	   6.30000067      0.646387339    	   6.30000067       9.65353996E-02
   6.31000042      0.283044219    	   6.31000042      0.646884084    	   6.31000042       8.92259777E-02
   6.32000065      0.282598108    	   6.32000065      0.647305131    	   6.32000065       9.50729176E-02
   6.33000040      0.282307595    	   6.33000040      0.647572458    	   6.33000040       9.28098410E-02
   6.34000063      0.281633228    	   6.34000063      0.648297906    	   6.34000063       8.51706937E-02
   6.35000038      0.280901790    	   6.35000038      0.649045944    	   6.35000038       7.46531859E-02
   6.36000061      0.280849904    	   6.36000061      0.649028480    	   6.36000061       8.30008164E-02
   6.37000036      0.280367494    	   6.37000036      0.649492323    	   6.37000036       7.98417702E-02
   6.38000059      0.279978424    	   6.38000059      0.649849355    	   6.38000059       8.21522623E-02
   6.39000034      0.279843539    	   6.39000034      0.649885178    	   6.39000034       8.07369277E-02
   6.40000057      0.279641241    	   6.40000057      0.650003016    	   6.40000057       6.88531101E-02
   6.41000032      0.279070616    	   6.41000032      0.650541067    	   6.41000032       6.18734099E-02
   6.42000055      0.278619289    	   6.42000055      0.650981963    	   6.42000055       8.35182965E-02
   6.43000031      0.278110921    	   6.43000031      0.651470542    	   6.43000031       7.54082724E-02
   6.44000053      0.277851552    	   6.44000053      0.651667237    	   6.44000053       7.24369809E-02
   6.45000029      0.277623296    	   6.45000029      0.651841044    	   6.45000029       8.38488266E-02
   6.46000051      0.277296484    	   6.46000051      0.652109325    	   6.46000051       8.42733756E-02
   6.47000027      0.276585817    	   6.47000027      0.652820230    	   6.47000027       7.70587772E-02
   6.48000050      0.276181191    	   6.48000050      0.653178811    	   6.48000050       7.98880979E-02
   6.49000025      0.275927007    	   6.49000025      0.653369367    	   6.49000025       7.49363080E-02
   6.50000048      0.275418639    	   6.50000048      0.653848767    	   6.50000048       8.58296007E-02
   6.51000023      0.275076270    	   6.51000023      0.654165626    	   6.51000023       8.21506381E-02
   6.52000046      0.274723500    	   6.52000046      0.654531062    	   6.52000046       8.61595944E-02
   6.53000069      0.274241060    	   6.53000069      0.655021608    	   6.53000069       7.68222511E-02
   6.54000044      0.273903877    	   6.54000044      0.655291975    	   6.54000044       7.99341574E-02
   6.55000067      0.273302138    	   6.55000067      0.655848920    	   6.55000067       8.53107646E-02
   6.56000042      0.273094654    	   6.56000042      0.656005442    	   6.56000042       7.66802877E-02
   6.57000065      0.272627771    	   6.57000065      0.656454861    	   6.57000065       7.99341574E-02
   6.58000040      0.272212774    	   6.58000040      0.656886101    	   6.58000040       8.42725635E-02
   6.59000063      0.271792591    	   6.59000063      0.657326102    	   6.59000063       7.98859298E-02
   6.60000038      0.271336079    	   6.60000038      0.657793760    	   6.60000038       7.81414136E-02
   6.61000061      0.271076709    	   6.61000061      0.658022940    	   6.61000061       7.22473264E-02
   6.62000036      0.270698041    	   6.62000036      0.658377886    	   6.62000036       8.04532617E-02
   6.63000059      0.270174086    	   6.63000059      0.658895016    	   6.63000059       7.39444345E-02
   6.64000034      0.269795418    	   6.64000034      0.659231842    	   6.64000034       7.57371783E-02
   6.65000057      0.269556791    	   6.65000057      0.659432411    	   6.65000057       6.58812821E-02
   6.66000032      0.269204021    	   6.66000032      0.659776151    	   6.66000032       6.58807382E-02
   6.67000055      0.268778652    	   6.67000055      0.660215259    	   6.67000055       6.88051581E-02
   6.68000031      0.268477798    	   6.68000031      0.660474479    	   6.68000031       7.86621422E-02
   6.69000053      0.268052429    	   6.69000053      0.660878181    	   6.69000053       7.17753693E-02
   6.70000029      0.267990172    	   6.70000029      0.660857141    	   6.70000029       7.22015426E-02
   6.71000051      0.267652988    	   6.71000051      0.661129594    	   6.71000051       7.30029494E-02
   6.72000027      0.267326176    	   6.72000027      0.661420643    	   6.72000027       8.07366520E-02
   6.73000050      0.266563594    	   6.73000050      0.662237883    	   6.73000050       7.68219829E-02
   6.74000025      0.266164184    	   6.74000025      0.662632048    	   6.74000025       8.31888393E-02
   6.75000048      0.265811414    	   6.75000048      0.662959039    	   6.75000048       8.38967860E-02
   6.76000071      0.265552044    	   6.76000071      0.663186133    	   6.76000071       9.77136791E-02
   6.77000046      0.264908791    	   6.77000046      0.663872004    	   6.77000046       9.76193920E-02
   6.78000069      0.264530122    	   6.78000069      0.664260030    	   6.78000069      0.100967549    
   6.79000044      0.264011383    	   6.79000044      0.664803028    	   6.79000044       8.78572389E-02
   6.80000067      0.263487428    	   6.80000067      0.665329397    	   6.80000067       9.30921510E-02
   6.81000042      0.262885690    	   6.81000042      0.665970206    	   6.81000042       9.37513188E-02
   6.82000065      0.262372136    	   6.82000065      0.666526914    	   6.82000065       9.45055932E-02
   6.83000040      0.261863768    	   6.83000040      0.667077959    	   6.83000040       8.69135931E-02
   6.84000063      0.261521369    	   6.84000063      0.667418659    	   6.84000063       8.86117816E-02
   6.85000038      0.261070073    	   6.85000038      0.667862713    	   6.85000038       8.37548152E-02
   6.86000061      0.260675818    	   6.86000061      0.668251157    	   6.86000061       8.31888393E-02
   6.87000036      0.260374963    	   6.87000036      0.668525815    	   6.87000036       7.84250796E-02
   6.88000059      0.259996265    	   6.88000059      0.668898165    	   6.88000059       7.09278956E-02
   6.89000034      0.259643525    	   6.89000034      0.669251263    	   6.89000034       6.38536364E-02
   6.90000057      0.259311527    	   6.90000057      0.669605613    	   6.90000057       6.73898160E-02
   6.91000032      0.258870572    	   6.91000032      0.670085847    	   6.91000032       6.11185990E-02
   6.92000055      0.258471161    	   6.92000055      0.670518935    	   6.92000055       6.71549216E-02
   6.93000031      0.258299947    	   6.93000031      0.670674086    	   6.93000031       5.91852404E-02
   6.94000053      0.258165091    	   6.94000053      0.670752585    	   6.94000053       6.79091886E-02
   6.95000029      0.257817537    	   6.95000029      0.671094716    	   6.95000029       7.01251328E-02
   6.96000051      0.257594466    	   6.96000051      0.671292782    	   6.96000051       6.14477769E-02
   6.97000027      0.257054955    	   6.97000027      0.671870410    	   6.97000027       5.73437251E-02
   6.98000050      0.256997913    	   6.98000050      0.671857476    	   6.98000050       5.75336479E-02
   6.99000072      0.256380588    	   6.99000072      0.672508597    	   6.99000072       6.75301626E-02
   7.00000048      0.255867034    	   7.00000048      0.673021317    	   7.00000048       8.01221803E-02
   7.01000071      0.255799592    	   7.01000071      0.673045278    	   7.01000071       7.33315870E-02
   7.02000046      0.255597293    	   7.02000046      0.673207700    	   7.02000046       8.13484117E-02
   7.03000069      0.255270481    	   7.03000069      0.673489869    	   7.03000069       7.47453049E-02
   7.04000044      0.254756927    	   7.04000044      0.673972607    	   7.04000044       8.43197033E-02
   7.05000067      0.254046232    	   7.05000067      0.674691319    	   7.05000067       7.43684396E-02
   7.06000042      0.253755718    	   7.06000042      0.674921036    	   7.06000042       7.55011961E-02
   7.07000065      0.253257722    	   7.07000065      0.675441861    	   7.07000065       9.36093554E-02
   7.08000040      0.252868682    	   7.08000040      0.675833881    	   7.08000040       9.37987342E-02
   7.09000063      0.252510726    	   7.09000063      0.676202595    	   7.09000063       8.55467469E-02
   7.10000038      0.252157986    	   7.10000038      0.676548064    	   7.10000038       8.21034983E-02
   7.11000061      0.251691103    	   7.11000061      0.677013636    	   7.11000061       7.23421499E-02
   7.12000036      0.250975251    	   7.12000036      0.677759349    	   7.12000036       8.15846622E-02
   7.13000059      0.250549883    	   7.13000059      0.678177416    	   7.13000059       7.31432959E-02
   7.14000034      0.250451297    	   7.14000034      0.678226769    	   7.14000034       7.39459246E-02
   7.15000057      0.250140071    	   7.15000057      0.678493798    	   7.15000057       6.98888823E-02
   7.16000032      0.249854743    	   7.16000032      0.678719163    	   7.16000032       7.88967684E-02
   7.17000055      0.249367133    	   7.17000055      0.679192185    	   7.17000055       7.27192834E-02
   7.18000031      0.249112949    	   7.18000031      0.679375947    	   7.18000031       6.82864636E-02
   7.19000053      0.248775750    	   7.19000053      0.679660976    	   7.19000053       7.15872049E-02
   7.20000029      0.248583823    	   7.20000029      0.679788768    	   7.20000029       8.04523155E-02
   7.21000051      0.247956142    	   7.21000051      0.680415452    	   7.21000051       7.22473264E-02
   7.22000074      0.247624129    	   7.22000074      0.680689275    	   7.22000074       6.85683638E-02
   7.23000050      0.247115761    	   7.23000050      0.681175888    	   7.23000050       6.73896819E-02
   7.24000072      0.246638522    	   7.24000072      0.681632817    	   7.24000072       7.91324750E-02
   7.25000048      0.246197581    	   7.25000048      0.682053149    	   7.25000048       7.34260082E-02
   7.26000071      0.246073082    	   7.26000071      0.682079256    	   7.26000071       7.42757842E-02
   7.27000046      0.245984897    	   7.27000046      0.682086647    	   7.27000046       6.68720677E-02
   7.28000069      0.245606214    	   7.28000069      0.682446480    	   7.28000069       7.31434301E-02
   7.29000044      0.244957775    	   7.29000044      0.683093727    	   7.29000044       6.66363612E-02
   7.30000067      0.244698405    	   7.30000067      0.683283210    	   7.30000067       6.21561259E-02
   7.31000042      0.244501278    	   7.31000042      0.683401227    	   7.31000042       5.27709685E-02
   7.32000065      0.244143337    	   7.32000065      0.683725297    	   7.32000065       6.04109280E-02
   7.33000040      0.243671283    	   7.33000040      0.684176564    	   7.33000040       6.49380386E-02
   7.34000063      0.243354842    	   7.34000063      0.684440553    	   7.34000063       6.34293631E-02
   7.35000038      0.243105844    	   7.35000038      0.684656203    	   7.35000038       5.12618870E-02
   7.36000061      0.243085101    	   7.36000061      0.684609950    	   7.36000061       6.03631102E-02
   7.37000036      0.242820531    	   7.37000036      0.684855938    	   7.37000036       6.43243790E-02
   7.38000059      0.242519662    	   7.38000059      0.685124457    	   7.38000059       6.78142309E-02
   7.39000034      0.242125407    	   7.39000034      0.685516596    	   7.39000034       6.36168420E-02
   7.40000057      0.241917908    	   7.40000057      0.685701966    	   7.40000057       7.51703903E-02
   7.41000032      0.241471797    	   7.41000032      0.686180174    	   7.41000032       7.68211707E-02
   7.42000055      0.241067171    	   7.42000055      0.686585248    	   7.42000055       7.81892315E-02
   7.43000031      0.240512103    	   7.43000031      0.687129438    	   7.43000031       7.10681006E-02
   7.44000053      0.240128234    	   7.44000053      0.687492907    	   7.44000053       7.12570772E-02
   7.45000076      0.239417553    	   7.45000076      0.688208461    	   7.45000076       6.70599639E-02
   7.46000051      0.238976613    	   7.46000051      0.688619614    	   7.46000051       6.61171228E-02
   7.47000074      0.238841742    	   7.47000074      0.688673377    	   7.47000074       5.98926395E-02
   7.48000050      0.238800243    	   7.48000050      0.688627601    	   7.48000050       6.21089824E-02
   7.49000072      0.238566801    	   7.49000072      0.688814104    	   7.49000072       5.49400337E-02
   7.50000048      0.238348931    	   7.50000048      0.688994288    	   7.50000048       5.55066839E-02
   7.51000071      0.238234803    	   7.51000071      0.689028263    	   7.51000071       4.69236150E-02
   7.52000046      0.238048062    	   7.52000046      0.689147532    	   7.52000046       4.68763374E-02
   7.53000069      0.237648621    	   7.53000069      0.689511776    	   7.53000069       4.79138643E-02
   7.54000044      0.237358123    	   7.54000044      0.689752817    	   7.54000044       5.27239591E-02
   7.55000067      0.237041682    	   7.55000067      0.690014422    	   7.55000067       5.16862981E-02
   7.56000042      0.236668184    	   7.56000042      0.690329373    	   7.56000042       5.61663993E-02
   7.57000065      0.236341372    	   7.57000065      0.690589726    	   7.57000065       7.24357590E-02
   7.58000040      0.236206502    	   7.58000040      0.690648854    	   7.58000040       6.94654137E-02
   7.59000063      0.235988632    	   7.59000063      0.690780103    	   7.59000063       6.55038729E-02
   7.60000038      0.235734448    	   7.60000038      0.690956235    	   7.60000038       6.96068406E-02
   7.61000061      0.235345379    	   7.61000061      0.691271305    	   7.61000061       7.52184838E-02
   7.62000036      0.234577641    	   7.62000036      0.692071199    	   7.62000036       7.59731606E-02
   7.63000059      0.234281942    	   7.63000059      0.692320049    	   7.63000059       7.39927962E-02
   7.64000034      0.233991444    	   7.64000034      0.692569971    	   7.64000034       8.45086798E-02
   7.65000057      0.233586833    	   7.65000057      0.692947626    	   7.65000057       8.83286595E-02
   7.66000032      0.233026579    	   7.66000032      0.693509340    	   7.66000032       8.74795616E-02
   7.67000055      0.232544139    	   7.67000055      0.693991840    	   7.67000055       8.44141245E-02
   7.68000031      0.232253641    	   7.68000031      0.694236159    	   7.68000031       7.29548633E-02
   7.69000053      0.231745273    	   7.69000053      0.694742680    	   7.69000053       6.94171861E-02
   7.70000076      0.231262833    	   7.70000076      0.695214510    	   7.70000076       7.42276907E-02
   7.71000051      0.230951592    	   7.71000051      0.695513785    	   7.71000051       7.46052340E-02
   7.72000074      0.230655909    	   7.72000074      0.695805490    	   7.72000074       6.50317743E-02
   7.73000050      0.230339468    	   7.73000050      0.696142316    	   7.73000050       6.08815327E-02
   7.74000072      0.230323911    	   7.74000072      0.696091294    	   7.74000072       6.21547699E-02
   7.75000048      0.229950413    	   7.75000048      0.696459472    	   7.75000048       5.67318313E-02
   7.76000071      0.229504287    	   7.76000071      0.696931481    	   7.76000071       5.76750748E-02
   7.77000046      0.229281217    	   7.77000046      0.697139502    	   7.77000046       5.95615618E-02
   7.78000069      0.229063347    	   7.78000069      0.697347581    	   7.78000069       6.48432076E-02
   7.79000044      0.228814349    	   7.79000044      0.697574377    	   7.79000044       6.31925687E-02
   7.80000067      0.228518665    	   7.80000067      0.697868347    	   7.80000067       7.37089962E-02
   7.81000042      0.228072539    	   7.81000042      0.698360085    	   7.81000042       6.63516149E-02
   7.82000065      0.227704227    	   7.82000065      0.698746860    	   7.82000065       6.40879944E-02
   7.83000040      0.227195859    	   7.83000040      0.699269772    	   7.83000040       6.59744814E-02
   7.84000063      0.226869047    	   7.84000063      0.699576557    	   7.84000063       6.89930469E-02
   7.85000038      0.226464421    	   7.85000038      0.700001538    	   7.85000038       7.22939298E-02
   7.86000061      0.226230994    	   7.86000061      0.700221956    	   7.86000061       6.50316402E-02
   7.87000036      0.225914553    	   7.87000036      0.700542867    	   7.87000036       5.84764853E-02
   7.88000059      0.225665554    	   7.88000059      0.700746000    	   7.88000059       5.62132709E-02
   7.89000034      0.225328371    	   7.89000034      0.701073825    	   7.89000034       5.33838123E-02
   7.90000057      0.224918559    	   7.90000057      0.701498330    	   7.90000057       6.32398427E-02
   7.91000032      0.224835560    	   7.91000032      0.701529801    	   7.91000032       5.97504005E-02
   7.92000055      0.224700689    	   7.92000055      0.701635122    	   7.92000055       5.78641854E-02
   7.93000078      0.224519119    	   7.93000078      0.701813459    	   7.93000078       6.52210191E-02
   7.94000053      0.224176750    	   7.94000053      0.702165544    	   7.94000053       6.68241158E-02
   7.95000076      0.223543882    	   7.95000076      0.702874720    	   7.95000076       6.00335225E-02
   7.96000051      0.223165184    	   7.96000051      0.703258574    	   7.96000051       5.60718440E-02
   7.97000074      0.223009571    	   7.97000074      0.703400433    	   7.97000074       5.99861108E-02
   7.98000050      0.222449318    	   7.98000050      0.704037786    	   7.98000050       6.17315769E-02
   7.99000072      0.222060263    	   7.99000072      0.704445958    	   7.99000072       5.82413189E-02
   8.00000095      0.221925378    	   8.00000095      0.704564273    	   8.00000095       5.47514670E-02
   8.01000023      0.221728265    	   8.01000023      0.704750836    	   8.01000023       4.64516543E-02
   8.02000046      0.221572638    	   8.02000046      0.704881966    	   8.02000046       4.80077416E-02
   8.03000069      0.221349567    	   8.03000069      0.705112219    	   8.03000069       5.64969331E-02
   8.04000092      0.221266568    	   8.04000092      0.705174685    	   8.04000092       4.69233431E-02
   8.05000019      0.221085012    	   8.05000019      0.705330431    	   8.05000019       4.35757339E-02
   8.06000042      0.220810071    	   8.06000042      0.705596209    	   8.06000042       5.47988787E-02
   8.07000065      0.220493644    	   8.07000065      0.705900550    	   8.07000065       5.50824068E-02
   8.08000088      0.220047519    	   8.08000088      0.706353545    	   8.08000088       5.09794392E-02
   8.09000015      0.219741464    	   8.09000015      0.706645608    	   8.09000015       5.57895340E-02
   8.10000038      0.219559893    	   8.10000038      0.706808925    	   8.10000038       6.10245839E-02
   8.11000061      0.219082654    	   8.11000061      0.707311332    	   8.11000061       5.60259223E-02
   8.12000084      0.218761027    	   8.12000084      0.707635760    	   8.12000084       6.22034036E-02
   8.13000011      0.218714342    	   8.13000011      0.707643092    	   8.13000011       6.38544485E-02
   8.14000034      0.218351215    	   8.14000034      0.708040714    	   8.14000034       6.65420815E-02
   8.15000057      0.218029588    	   8.15000057      0.708372653    	   8.15000057       6.18734099E-02
   8.16000080      0.217951775    	   8.16000080      0.708411634    	   8.16000080       6.78153113E-02
   8.17000103      0.217484906    	   8.17000103      0.708909154    	   8.17000103       5.74408546E-02
   8.18000031      0.217043966    	   8.18000031      0.709351718    	   8.18000031       6.12132885E-02
   8.19000053      0.216457784    	   8.19000053      0.709962130    	   8.19000053       6.85702637E-02
   8.20000076      0.216276228    	   8.20000076      0.710106552    	   8.20000076       6.68722093E-02
   8.21000099      0.215918288    	   8.21000099      0.710462630    	   8.21000099       6.77207634E-02
   8.22000027      0.215762660    	   8.22000027      0.710582852    	   8.22000027       6.69189394E-02
   8.23000050      0.215409920    	   8.23000050      0.710940361    	   8.23000050       6.15434162E-02
   8.24000072      0.215083107    	   8.24000072      0.711246848    	   8.24000072       6.01276718E-02
   8.25000095      0.214688852    	   8.25000095      0.711659908    	   8.25000095       5.58368117E-02
   8.26000023      0.214325726    	   8.26000023      0.712004066    	   8.26000023       6.56928495E-02
   8.27000046      0.214263484    	   8.27000046      0.711981952    	   8.27000046       6.51267394E-02
   8.28000069      0.213998914    	   8.28000069      0.712239444    	   8.28000069       6.86634630E-02
   8.29000092      0.213677302    	   8.29000092      0.712553144    	   8.29000092       6.86637312E-02
   8.30000019      0.213288233    	   8.30000019      0.712941706    	   8.30000019       6.67771101E-02
   8.31000042      0.212810993    	   8.31000042      0.713424921    	   8.31000042       6.31459653E-02
   8.32000065      0.212375239    	   8.32000065      0.713887990    	   8.32000065       6.39476478E-02
   8.33000088      0.212063998    	   8.33000088      0.714177966    	   8.33000088       7.44643509E-02
   8.34000015      0.211659372    	   8.34000015      0.714585841    	   8.34000015       7.34262764E-02
   8.35000038      0.211384431    	   8.35000038      0.714825869    	   8.35000038       7.20590279E-02
   8.36000061      0.211140618    	   8.36000061      0.715034842    	   8.36000061       7.42281005E-02
   8.37000084      0.210798249    	   8.37000084      0.715356469    	   8.37000084       6.64941221E-02
   8.38000107      0.210357308    	   8.38000107      0.715821147    	   8.38000107       6.61638603E-02
   8.39000034      0.210004568    	   8.39000034      0.716159463    	   8.39000034       6.90405965E-02
   8.40000057      0.209703699    	   8.40000057      0.716469526    	   8.40000057       6.59754276E-02
   8.41000080      0.209242001    	   8.41000080      0.716934800    	   8.41000080       6.39476478E-02
   8.42000103      0.209024131    	   8.42000103      0.717107236    	   8.42000103       6.74373657E-02
   8.43000031      0.208686948    	   8.43000031      0.717410684    	   8.43000031       6.57399893E-02
   8.44000053      0.208303079    	   8.44000053      0.717802167    	   8.44000053       6.05050772E-02
   8.45000076      0.207986638    	   8.45000076      0.718112051    	   8.45000076       6.33346736E-02
   8.46000099      0.207815453    	   8.46000099      0.718260109    	   8.46000099       6.30045459E-02
   8.47000027      0.207478270    	   8.47000027      0.718576312    	   8.47000027       6.15897439E-02
   8.48000050      0.207167014    	   8.48000050      0.718875289    	   8.48000050       6.24859817E-02
   8.49000072      0.206928387    	   8.49000072      0.719073415    	   8.49000072       5.99395074E-02
   8.50000095      0.206539333    	   8.50000095      0.719439447    	   8.50000095       5.73454872E-02
   8.51000023      0.206238464    	   8.51000023      0.719719708    	   8.51000023       5.72036542E-02
   8.52000046      0.205828652    	   8.52000046      0.720149577    	   8.52000046       5.90424575E-02
   8.53000069      0.205595210    	   8.53000069      0.720373452    	   8.53000069       6.50789216E-02
   8.54000092      0.205346212    	   8.54000092      0.720628142    	   8.54000092       6.12113923E-02
   8.55000019      0.205086842    	   8.55000019      0.720883071    	   8.55000019       6.91339299E-02
   8.56000042      0.204817086    	   8.56000042      0.721177638    	   8.56000042       6.88042119E-02
   8.57000065      0.204594031    	   8.57000065      0.721388638    	   8.57000065       6.88042119E-02
   8.58000088      0.204018220    	   8.58000088      0.722013712    	   8.58000088       6.98411986E-02
   8.59000015      0.203769222    	   8.59000015      0.722256839    	   8.59000015       7.40855858E-02
   8.60000038      0.203260854    	   8.60000038      0.722813249    	   8.60000038       7.47928545E-02
   8.61000061      0.202793971    	   8.61000061      0.723332524    	   8.61000061       7.19162524E-02
   8.62000084      0.202467158    	   8.62000084      0.723664224    	   8.62000084       7.09261373E-02
   8.63000107      0.202010661    	   8.63000107      0.724127293    	   8.63000107       7.50292391E-02
   8.64000034      0.201606035    	   8.64000034      0.724522948    	   8.64000034       6.81908205E-02
   8.65000057      0.201274037    	   8.65000057      0.724866986    	   8.65000057       7.41804168E-02
   8.66000080      0.201092482    	   8.66000080      0.725023210    	   8.66000080       7.30962828E-02
   8.67000103      0.200884983    	   8.67000103      0.725217760    	   8.67000103       6.90400526E-02
   8.68000031      0.200532228    	   8.68000031      0.725569546    	   8.68000031       6.82389140E-02
   8.69000053      0.200163931    	   8.69000053      0.725926340    	   8.69000053       6.13070279E-02
   8.70000076      0.199764490    	   8.70000076      0.726341486    	   8.70000076       6.41364902E-02
   8.71000099      0.199245736    	   8.71000099      0.726907074    	   8.71000099       6.33346736E-02
   8.72000027      0.198924124    	   8.72000027      0.727231860    	   8.72000027       6.79563358E-02
   8.73000050      0.198675126    	   8.73000050      0.727458656    	   8.73000050       6.55044168E-02
   8.74000072      0.198498741    	   8.74000072      0.727559865    	   8.74000072       6.42781854E-02
   8.75000095      0.198083743    	   8.75000095      0.727969170    	   8.75000095       5.99866509E-02
   8.76000023      0.197777689    	   8.76000023      0.728271604    	   8.76000023       5.84772974E-02
   8.77000046      0.197435319    	   8.77000046      0.728611231    	   8.77000046       5.24412431E-02
   8.78000069      0.197264120    	   8.78000069      0.728700757    	   8.78000069       5.53655289E-02
   8.79000092      0.196968436    	   8.79000092      0.728952110    	   8.79000092       5.36203347E-02
   8.80000019      0.196776509    	   8.80000019      0.729067504    	   8.80000019       5.56948446E-02
   8.81000042      0.196491197    	   8.81000042      0.729313016    	   8.81000042       4.79610078E-02
   8.82000065      0.196231812    	   8.82000065      0.729522526    	   8.82000065       4.45653051E-02
   8.83000088      0.195889443    	   8.83000088      0.729856431    	   8.83000088       3.92836593E-02
   8.84000015      0.195697501    	   8.84000015      0.730040252    	   8.84000015       4.52248864E-02
   8.85000038      0.195464075    	   8.85000038      0.730229437    	   8.85000038       3.93771268E-02
   8.86000061      0.195313632    	   8.86000061      0.730319440    	   8.86000061       4.80076075E-02
   8.87000084      0.195220262    	   8.87000084      0.730345070    	   8.87000084       4.11224626E-02
   8.88000107      0.195142448    	   8.88000107      0.730348110    	   8.88000107       4.46116365E-02
   8.89000034      0.194841579    	   8.89000034      0.730593979    	   8.89000034       4.48003374E-02
   8.90000057      0.194717079    	   8.90000057      0.730626464    	   8.90000057       4.60734367E-02
   8.91000080      0.194265768    	   8.91000080      0.731094718    	   8.91000080       4.14523184E-02
   8.92000103      0.194146454    	   8.92000103      0.731159627    	   8.92000103       4.76300679E-02
   8.93000031      0.193814456    	   8.93000031      0.731488764    	   8.93000031       5.21108471E-02
   8.94000053      0.193440959    	   8.94000053      0.731862664    	   8.94000053       6.18254542E-02
   8.95000076      0.193191960    	   8.95000076      0.732122540    	   8.95000076       5.79114594E-02
   8.96000099      0.193108961    	   8.96000099      0.732195616    	   8.96000099       6.48441613E-02
   8.97000027      0.192782149    	   8.97000027      0.732549787    	   8.97000027       5.24882525E-02
   8.98000050      0.192465708    	   8.98000050      0.732886434    	   8.98000050       6.07879274E-02
   8.99000072      0.191957340    	   8.99000072      0.733457208    	   8.99000072       5.34786358E-02
   9.00000095      0.191656470    	   9.00000095      0.733738065    	   9.00000095       5.26770912E-02
   9.01000023      0.191277772    	   9.01000023      0.734112561    	   9.01000023       5.51292785E-02
   9.02000046      0.191194773    	   9.02000046      0.734127760    	   9.02000046       5.88545687E-02
   9.03000069      0.190893903    	   9.03000069      0.734414220    	   9.03000069       5.40440679E-02
   9.04000092      0.190769404    	   9.04000092      0.734459579    	   9.04000092       6.08342551E-02
   9.05000019      0.190494463    	   9.05000019      0.734695554    	   9.05000019       5.06009497E-02
   9.06000042      0.190188408    	   9.06000042      0.734951615    	   9.06000042       4.82901894E-02
   9.07000065      0.189949781    	   9.07000065      0.735174596    	   9.07000065       4.89971787E-02
   9.08000088      0.189747468    	   9.08000088      0.735355914    	   9.08000088       5.79577908E-02
   9.09000111      0.189223543    	   9.09000111      0.735940099    	   9.09000111       6.31451532E-02
   9.10000038      0.189021230    	   9.10000038      0.736107826    	   9.10000038       6.68234378E-02
   9.11000061      0.188907102    	   9.11000061      0.736198425    	   9.11000061       5.96074834E-02
   9.12000084      0.188564733    	   9.12000084      0.736577094    	   9.12000084       5.89000843E-02
   9.13000107      0.188165292    	   9.13000107      0.737023115    	   9.13000107       6.87566623E-02
   9.14000034      0.187568739    	   9.14000034      0.737704813    	   9.14000034       6.81436807E-02
   9.15000057      0.187210798    	   9.15000057      0.738081455    	   9.15000057       6.36639893E-02
   9.16000080      0.187122613    	   9.16000080      0.738136053    	   9.16000080       6.89922348E-02
   9.17000103      0.186904743    	   9.17000103      0.738309026    	   9.17000103       6.94640577E-02
   9.18000031      0.186334118    	   9.18000031      0.738916457    	   9.18000031       6.78609684E-02
   9.19000053      0.186043620    	   9.19000053      0.739179909    	   9.19000053       6.76247180E-02
   9.20000076      0.185654551    	   9.20000076      0.739566386    	   9.20000076       6.13059439E-02
   9.21000099      0.185301811    	   9.21000099      0.739892483    	   9.21000099       6.57386333E-02
   9.22000027      0.185120240    	   9.22000027      0.739998162    	   9.22000027       7.16336668E-02
   9.23000050      0.184814185    	   9.23000050      0.740262628    	   9.23000050       7.52179399E-02
   9.24000072      0.184435502    	   9.24000072      0.740622163    	   9.24000072       6.22491874E-02
   9.25000095      0.184077561    	   9.25000095      0.740975380    	   9.25000095       6.50785118E-02
   9.26000023      0.183636621    	   9.26000023      0.741405368    	   9.26000023       6.06932379E-02
   9.27000046      0.183304623    	   9.27000046      0.741695285    	   9.27000046       6.09764941E-02
   9.28000069      0.182874069    	   9.28000069      0.742101908    	   9.28000069       6.93231747E-02
   9.29000092      0.182708070    	   9.29000092      0.742187560    	   9.29000092       6.59752935E-02
   9.30000019      0.182448700    	   9.30000019      0.742395997    	   9.30000019       6.74843714E-02
   9.31000042      0.182230815    	   9.31000042      0.742578328    	   9.31000042       6.98896945E-02
   9.32000065      0.181924760    	   9.32000065      0.742869258    	   9.32000065       6.34286851E-02
   9.33000088      0.181452706    	   9.33000088      0.743332267    	   9.33000088       6.01753555E-02
   9.34000111      0.181172580    	   9.34000111      0.743585169    	   9.34000111       5.76288812E-02
   9.35000038      0.180747211    	   9.35000038      0.744010866    	   9.35000038       6.48440197E-02
   9.36000061      0.180285513    	   9.36000061      0.744524240    	   9.36000061       6.85697198E-02
   9.37000084      0.180046901    	   9.37000084      0.744752705    	   9.37000084       7.48888925E-02
   9.38000107      0.179901645    	   9.38000107      0.744840145    	   9.38000107       6.91827014E-02
   9.39000034      0.179626703    	   9.39000034      0.745113373    	   9.39000034       6.59293681E-02
   9.40000057      0.179248020    	   9.40000057      0.745527029    	   9.40000057       6.45141676E-02
   9.41000080      0.178781152    	   9.41000080      0.746043503    	   9.41000080       6.20625168E-02
   9.42000103      0.178262398    	   9.42000103      0.746642530    	   9.42000103       5.88079691E-02
   9.43000031      0.178065285    	   9.43000031      0.746819377    	   9.43000031       6.62120879E-02
   9.44000053      0.177748844    	   9.44000053      0.747145295    	   9.44000053       6.55044168E-02
   9.45000076      0.177572474    	   9.45000076      0.747323036    	   9.45000076       5.97035289E-02
   9.46000099      0.177271590    	   9.46000099      0.747647703    	   9.46000099       5.47052734E-02
   9.47000027      0.176970720    	   9.47000027      0.747972846    	   9.47000027       4.76314202E-02
   9.48000050      0.176514223    	   9.48000050      0.748490453    	   9.48000050       4.33870293E-02
   9.49000072      0.176322281    	   9.49000072      0.748674393    	   9.49000072       4.49903943E-02
   9.50000095      0.176244482    	   9.50000095      0.748693168    	   9.50000095       4.32923399E-02
   9.51000023      0.176114783    	   9.51000023      0.748762310    	   9.51000023       4.29619402E-02
   9.52000046      0.175990283    	   9.52000046      0.748852730    	   9.52000046       4.14527245E-02
   9.53000069      0.175741285    	   9.53000069      0.749088883    	   9.53000069       4.36220616E-02
   9.54000092      0.175575286    	   9.54000092      0.749203503    	   9.54000092       3.84348333E-02
   9.55000114      0.175331473    	   9.55000114      0.749401212    	   9.55000114       3.91420983E-02
   9.56000042      0.175191417    	   9.56000042      0.749445558    	   9.56000042       4.12646979E-02
   9.57000065      0.174957976    	   9.57000065      0.749624610    	   9.57000065       4.73004803E-02
   9.58000088      0.174600050    	   9.58000088      0.749956846    	   9.58000088       5.04599325E-02
   9.59000111      0.174314737    	   9.59000111      0.750193596    	   9.59000111       4.59798314E-02
   9.60000038      0.174153924    	   9.60000038      0.750290394    	   9.60000038       4.80080135E-02
   9.61000061      0.174008667    	   9.61000061      0.750385940    	   9.61000061       4.90454063E-02
   9.62000084      0.173635170    	   9.62000084      0.750752330    	   9.62000084       5.06968610E-02
   9.63000107      0.173313558    	   9.63000107      0.751060009    	   9.63000107       4.84324247E-02
   9.64000034      0.173163116    	   9.64000034      0.751136959    	   9.64000034       4.39998768E-02
   9.65000057      0.172955617    	   9.65000057      0.751264870    	   9.65000057       4.06989977E-02
   9.66000080      0.172659934    	   9.66000080      0.751496434    	   9.66000080       4.65934873E-02
   9.67000103      0.172442049    	   9.67000103      0.751664340    	   9.67000103       4.51788269E-02
   9.68000031      0.172265679    	   9.68000031      0.751752198    	   9.68000031       4.60273772E-02
   9.69000053      0.172089309    	   9.69000053      0.751855373    	   9.69000053       4.67350483E-02
   9.70000076      0.171985552    	   9.70000076      0.751874387    	   9.70000076       4.92342450E-02
   9.71000099      0.171669126    	   9.71000099      0.752171040    	   9.71000099       5.25355302E-02
   9.72000027      0.171523869    	   9.72000027      0.752267122    	   9.72000027       4.99887839E-02
   9.73000050      0.171119243    	   9.73000050      0.752666771    	   9.73000050       5.17801754E-02
   9.74000072      0.170761317    	   9.74000072      0.753033698    	   9.74000072       5.07434607E-02
   9.75000095      0.170507133    	   9.75000095      0.753260672    	   9.75000095       5.00829332E-02
   9.76000023      0.170144007    	   9.76000023      0.753602326    	   9.76000023       5.20634316E-02
   9.77000046      0.169889823    	   9.77000046      0.753847361    	   9.77000046       4.97999452E-02
   9.78000069      0.169620067    	   9.78000069      0.754092455    	   9.78000069       5.16390204E-02
   9.79000092      0.169464439    	   9.79000092      0.754183590    	   9.79000092       4.47068661E-02
   9.80000114      0.169319198    	   9.80000114      0.754267454    	   9.80000114       4.29149345E-02
   9.81000042      0.169153199    	   9.81000042      0.754364848    	   9.81000042       4.05570306E-02
   9.82000065      0.168899015    	   9.82000065      0.754564941    	   9.82000065       4.36216556E-02
   9.83000088      0.168707073    	   9.83000088      0.754696310    	   9.83000088       4.15940136E-02
   9.84000111      0.168541074    	   9.84000111      0.754832089    	   9.84000111       4.67342362E-02
   9.85000038      0.168328390    	   9.85000038      0.755033016    	   9.85000038       4.95638289E-02
   9.86000061      0.168209076    	   9.86000061      0.755117595    	   9.86000061       4.52722944E-02
   9.87000084      0.167778522    	   9.87000084      0.755583704    	   9.87000084       4.72056530E-02
   9.88000107      0.167576209    	   9.88000107      0.755758464    	   9.88000107       4.68756594E-02
   9.89000034      0.167135268    	   9.89000034      0.756218970    	   9.89000034       4.87146005E-02
   9.90000057      0.166818827    	   9.90000057      0.756529808    	   9.90000057       5.00823893E-02
   9.91000080      0.166777328    	   9.91000080      0.756493628    	   9.91000080       4.85730395E-02
   9.92000103      0.166575015    	   9.92000103      0.756668806    	   9.92000103       4.99878377E-02
   9.93000031      0.166320831    	   9.93000031      0.756890237    	   9.93000031       4.21128459E-02
   9.94000053      0.166061461    	   9.94000053      0.757150829    	   9.94000053       4.54607271E-02
   9.95000076      0.165822834    	   9.95000076      0.757365763    	   9.95000076       4.17825840E-02
   9.96000099      0.165641278    	   9.96000099      0.757535160    	   9.96000099       4.24894430E-02
   9.97000027      0.165480465    	   9.97000027      0.757666051    	   9.97000027       4.82901894E-02
   9.98000050      0.165324837    	   9.98000050      0.757763147    	   9.98000050       4.69699465E-02
   9.99000072      0.165091410    	   9.99000072      0.757959187    	   9.99000072       5.13084866E-02
   10.0000010      0.164774969    	   10.0000010      0.758291483    	   10.0000010       4.58381325E-02
