   0.00000000            -Infinity
   1.00000007E-02 -0.599406660    
   2.00000014E-02 -0.296220332    
   3.00000012E-02 -0.180148348    
   4.00000028E-02 -0.160065293    
   5.00000045E-02 -0.170197472    
   6.00000024E-02 -0.194173872    
   7.00000077E-02 -0.207062706    
   8.00000057E-02 -0.212923676    
   9.00000036E-02 -0.206585526    
  0.100000009     -0.212981269    
  0.110000007     -0.210618898    
  0.120000005     -0.214645118    
  0.130000010     -0.222991705    
  0.140000015     -0.240976840    
  0.150000006     -0.243771672    
  0.160000011     -0.253228128    
  0.170000017     -0.268419415    
  0.180000007     -0.270460039    
  0.190000013     -0.277632385    
  0.200000018     -0.282851249    
  0.210000008     -0.284067601    
  0.220000014     -0.283276349    
  0.230000019     -0.284497589    
  0.240000010     -0.295864940    
  0.250000030     -0.297400266    
  0.260000020     -0.298062474    
  0.270000011     -0.303418159    
  0.280000031     -0.313851386    
  0.290000021     -0.309782624    
  0.300000012     -0.319995344    
  0.310000032     -0.321883053    
  0.320000023     -0.318081021    
  0.330000013     -0.316973597    
  0.340000033     -0.321261525    
  0.350000024     -0.335275799    
  0.360000014     -0.339654505    
  0.370000035     -0.341597676    
  0.380000025     -0.342009515    
  0.390000015     -0.348282427    
  0.400000036     -0.348392874    
  0.410000026     -0.348810554    
  0.420000017     -0.349230289    
  0.430000037     -0.351202935    
  0.440000027     -0.348206699    
  0.450000018     -0.346146822    
  0.460000038     -0.346254528    
  0.470000029     -0.345431566    
  0.480000019     -0.343061954    
  0.490000039     -0.336998552    
  0.500000060     -0.338025868    
  0.510000050     -0.339978516    
  0.520000041     -0.348148108    
  0.530000031     -0.355449557    
  0.540000021     -0.351175755    
  0.550000012     -0.354421467    
  0.560000062     -0.359257638    
  0.570000052     -0.361902565    
  0.580000043     -0.369013399    
  0.590000033     -0.372014523    
  0.600000024     -0.369578809    
  0.610000014     -0.372585028    
  0.620000064     -0.378824264    
  0.630000055     -0.378306329    
  0.640000045     -0.372317910    
  0.650000036     -0.375016630    
  0.660000026     -0.374821872    
  0.670000076     -0.370123923    
  0.680000067     -0.368965477    
  0.690000057     -0.374558389    
  0.700000048     -0.378242373    
  0.710000038     -0.380642176    
  0.720000029     -0.390574992    
  0.730000079     -0.394993335    
  0.740000069     -0.389209092    
  0.750000060     -0.397257328    
  0.760000050     -0.394092530    
  0.770000041     -0.391264319    
  0.780000031     -0.402340084    
  0.790000081     -0.407501251    
  0.800000072     -0.411682963    
  0.810000062     -0.407464772    
  0.820000052     -0.407948852    
  0.830000043     -0.411465079    
  0.840000033     -0.425548255    
  0.850000083     -0.427422047    
  0.860000074     -0.426215112    
  0.870000064     -0.429812610    
  0.880000055     -0.428944588    
  0.890000045     -0.422932088    
  0.900000036     -0.420359522    
  0.910000086     -0.421200663    
  0.920000076     -0.420334458    
  0.930000067     -0.422549129    
  0.940000057     -0.423739254    
  0.950000048     -0.422869414    
  0.960000038     -0.424062729    
  0.970000088     -0.429052711    
  0.980000079     -0.425076395    
  0.990000069     -0.426274180    
   1.00000012     -0.423333973    
   1.01000011     -0.430062532    
   1.02000010     -0.433009773    
   1.03000009     -0.426239133    
   1.04000008     -0.425710738    
   1.05000007     -0.431079179    
   1.06000006     -0.436130941    
   1.07000005     -0.441567242    
   1.08000004     -0.438578725    
   1.09000003     -0.435944796    
   1.10000002     -0.435765088    
   1.11000013     -0.435587704    
   1.12000012     -0.431908190    
   1.13000011     -0.432776183    
   1.14000010     -0.442444444    
   1.15000010     -0.445454866    
   1.16000009     -0.448121101    
   1.17000008     -0.454732895    
   1.18000007     -0.458152056    
   1.19000006     -0.461587310    
   1.20000005     -0.458168834    
   1.21000004     -0.457996100    
   1.22000003     -0.461798131    
   1.23000014     -0.468164921    
   1.24000013     -0.472014368    
   1.25000012     -0.466006398    
   1.26000011     -0.472046107    
   1.27000010     -0.471146405    
   1.28000009     -0.469880134    
   1.29000008     -0.475954294    
   1.30000007     -0.475051761    
   1.31000006     -0.477467507    
   1.32000005     -0.480262786    
   1.33000004     -0.483810037    
   1.34000015     -0.488125473    
   1.35000014     -0.489086181    
   1.36000013     -0.485558152    
   1.37000012     -0.478322715    
   1.38000011     -0.483363897    
   1.39000010     -0.484694034    
   1.40000010     -0.487525016    
   1.41000009     -0.488486797    
   1.42000008     -0.490957677    
   1.43000007     -0.491173118    
   1.44000006     -0.486121565    
   1.45000005     -0.485581487    
   1.46000016     -0.485042691    
   1.47000015     -0.490147352    
   1.48000014     -0.486215085    
   1.49000013     -0.487180948    
   1.50000012     -0.482129663    
   1.51000011     -0.491764754    
   1.52000010     -0.492741525    
   1.53000009     -0.490303934    
   1.54000008     -0.487114787    
   1.55000007     -0.485063881    
   1.56000006     -0.479255557    
   1.57000005     -0.477214068    
   1.58000016     -0.474799395    
   1.59000015     -0.475753427    
   1.60000014     -0.474458903    
   1.61000013     -0.470927119    
   1.62000012     -0.475245565    
   1.63000011     -0.470584691    
   1.64000010     -0.467804313    
   1.65000010     -0.462798685    
   1.66000009     -0.460032016    
   1.67000008     -0.464678317    
   1.68000007     -0.471598595    
   1.69000018     -0.460986137    
   1.70000017     -0.457477987    
   1.71000016     -0.466591209    
   1.72000015     -0.470161200    
   1.73000014     -0.471865207    
   1.74000013     -0.469066978    
   1.75000012     -0.468518227    
   1.76000011     -0.472855270    
   1.77000010     -0.471930563    
   1.78000009     -0.472511113    
   1.79000008     -0.476875991    
   1.80000007     -0.478602588    
   1.81000018     -0.482621133    
   1.82000017     -0.488194227    
   1.83000016     -0.490719587    
   1.84000015     -0.489783674    
   1.85000014     -0.486542255    
   1.86000013     -0.484455198    
   1.87000012     -0.483905107    
   1.88000011     -0.487193167    
   1.89000010     -0.496305734    
   1.90000010     -0.503553808    
   1.91000009     -0.497144759    
   1.92000008     -0.497759640    
   1.93000019     -0.497595638    
   1.94000018     -0.497042269    
   1.95000017     -0.497268647    
   1.96000016     -0.499447942    
   1.97000015     -0.488773614    
   1.98000014     -0.489767820    
   1.99000013     -0.493879050    
   2.00000024     -0.492543101    
   2.01000023     -0.493545473    
   2.02000022     -0.493380845    
   2.03000021     -0.497908801    
   2.04000020     -0.492266625    
   2.05000019     -0.493661463    
   2.06000018     -0.495844185    
   2.07000017     -0.497249216    
   2.08000016     -0.490425199    
   2.09000015     -0.492996097    
   2.10000014     -0.492435336    
   2.11000013     -0.496979773    
   2.12000012     -0.493670464    
   2.13000011     -0.497436345    
   2.14000010     -0.498452127    
   2.15000010     -0.496710181    
   2.16000009     -0.503272176    
   2.17000008     -0.515099645    
   2.18000007     -0.518971384    
   2.19000006     -0.518408775    
   2.20000005     -0.518655539    
   2.21000004     -0.512852311    
   2.22000027     -0.517125905    
   2.23000026     -0.518585324    
   2.24000025     -0.520859659    
   2.25000024     -0.515435994    
   2.26000023     -0.512854517    
   2.27000022     -0.505458295    
   2.28000021     -0.506497025    
   2.29000020     -0.503929436    
   2.30000019     -0.498572350    
   2.31000018     -0.498005897    
   2.32000017     -0.492274910    
   2.33000016     -0.501267433    
   2.34000015     -0.504306853    
   2.35000014     -0.508976102    
   2.36000013     -0.508409083    
   2.37000012     -0.510266244    
   2.38000011     -0.505660415    
   2.39000010     -0.499865562    
   2.40000010     -0.508561790    
   2.41000009     -0.512862384    
   2.42000008     -0.521690488    
   2.43000007     -0.525235236    
   2.44000006     -0.529208899    
   2.45000029     -0.528639495    
   2.46000028     -0.525588095    
   2.47000027     -0.529572129    
   2.48000026     -0.528169870    
   2.49000025     -0.525529444    
   2.50000024     -0.522891462    
   2.51000023     -0.526870131    
   2.52000022     -0.526713252    
   2.53000021     -0.519524038    
   2.54000020     -0.514016747    
   2.55000019     -0.513852835    
   2.56000018     -0.515334308    
   2.57000017     -0.524261117    
   2.58000016     -0.528264284    
   2.59000015     -0.526857197    
   2.60000014     -0.526698530    
   2.61000013     -0.531556308    
   2.62000012     -0.542786181    
   2.63000011     -0.546885967    
   2.64000010     -0.539938152    
   2.65000010     -0.539362311    
   2.66000009     -0.537938416    
   2.67000008     -0.535671532    
   2.68000031     -0.530459106    
   2.69000030     -0.535360277    
   2.70000029     -0.537745416    
   2.71000028     -0.535895526    
   2.72000027     -0.537436128    
   2.73000026     -0.541109383    
   2.74000025     -0.539676785    
   2.75000024     -0.540801346    
   2.76000023     -0.539794981    
   2.77000022     -0.537936985    
   2.78000021     -0.533107519    
   2.79000020     -0.546614885    
   2.80000019     -0.555969715    
   2.81000018     -0.561485350    
   2.82000017     -0.556544721    
   2.83000016     -0.549891174    
   2.84000015     -0.542413950    
   2.85000014     -0.534984529    
   2.86000013     -0.537818789    
   2.87000012     -0.545397282    
   2.88000011     -0.546971500    
   2.89000010     -0.546820700    
   2.90000010     -0.544507742    
   2.91000032     -0.543490171    
   2.92000031     -0.543768346    
   2.93000031     -0.547077656    
   2.94000030     -0.553017318    
   2.95000029     -0.560757637    
   2.96000028     -0.565908611    
   2.97000027     -0.571093500    
   2.98000026     -0.560317278    
   2.99000025     -0.561493933    
   3.00000024     -0.560904562    
   3.01000023     -0.565184712    
   3.02000022     -0.566816628    
   3.03000021     -0.571577609    
   3.04000020     -0.570540786    
   3.05000019     -0.562825441    
   3.06000018     -0.556484222    
   3.07000017     -0.551053762    
   3.08000016     -0.550023615    
   3.09000015     -0.551188648    
   3.10000014     -0.553678036    
   3.11000013     -0.557947695    
   3.12000012     -0.562684894    
   3.13000011     -0.572841465    
   3.14000010     -0.577665806    
   3.15000033     -0.577524960    
   3.16000032     -0.577836692    
   3.17000031     -0.569115639    
   3.18000031     -0.572577715    
   3.19000030     -0.577414095    
   3.20000029     -0.579091072    
   3.21000028     -0.584884822    
   3.22000027     -0.588418424    
   3.23000026     -0.581862330    
   3.24000025     -0.581723094    
   3.25000024     -0.588007987    
   3.26000023     -0.588331580    
   3.27000022     -0.575822949    
   3.28000021     -0.569775581    
   3.29000020     -0.572352290    
   3.30000019     -0.579506695    
   3.31000018     -0.582577169    
   3.32000017     -0.581518114    
   3.33000016     -0.592003345    
   3.34000015     -0.596058786    
   3.35000014     -0.602012396    
   3.36000013     -0.601410627    
   3.37000012     -0.604573727    
   3.38000035     -0.604444087    
   3.39000034     -0.615226805    
   3.40000033     -0.601824462    
   3.41000032     -0.608312845    
   3.42000031     -0.612464130    
   3.43000031     -0.617596626    
   3.44000030     -0.621797919    
   3.45000029     -0.620231271    
   3.46000028     -0.610523701    
   3.47000027     -0.612305641    
   3.48000026     -0.610267162    
   3.49000025     -0.611095250    
   3.50000024     -0.619612515    
   3.51000023     -0.622872412    
   3.52000022     -0.635426402    
   3.53000021     -0.637275934    
   3.54000020     -0.637159944    
   3.55000019     -0.636551678    
   3.56000018     -0.628099561    
   3.57000017     -0.622619748    
   3.58000016     -0.624442875    
   3.59000015     -0.627250075    
   3.60000014     -0.629576206    
   3.61000037     -0.637827575    
   3.62000036     -0.639198422    
   3.63000035     -0.637101471    
   3.64000034     -0.643442094    
   3.65000033     -0.640341282    
   3.66000032     -0.637742758    
   3.67000031     -0.648104429    
   3.68000031     -0.645487249    
   3.69000030     -0.645373702    
   3.70000029     -0.641260922    
   3.71000028     -0.650677860    
   3.72000027     -0.653597951    
   3.73000026     -0.652477324    
   3.74000025     -0.655914545    
   3.75000024     -0.660387754    
   3.76000023     -0.651136220    
   3.77000022     -0.653051138    
   3.78000021     -0.641841531    
   3.79000020     -0.645247340    
   3.80000019     -0.638102055    
   3.81000018     -0.638485730    
   3.82000017     -0.644400895    
   3.83000016     -0.645801783    
   3.84000015     -0.644678652    
   3.85000038     -0.644059181    
   3.86000037     -0.642934024    
   3.87000036     -0.645346761    
   3.88000035     -0.646247447    
   3.89000034     -0.645625591    
   3.90000033     -0.646527231    
   3.91000032     -0.650486112    
   3.92000031     -0.646300018    
   3.93000031     -0.647712350    
   3.94000030     -0.654247642    
   3.95000029     -0.658767998    
   3.96000028     -0.657114148    
   3.97000027     -0.660619974    
   3.98000026     -0.658444285    
   3.99000025     -0.660404921    
   4.00000048     -0.658228219    
   4.01000023     -0.664346755    
   4.02000046     -0.665284455    
   4.03000021     -0.663095474    
   4.04000044     -0.661427140    
   4.05000019     -0.662361324    
   4.06000042     -0.660692096    
   4.07000017     -0.664236069    
   4.08000040     -0.662562788    
   4.09000015     -0.658287108    
   4.10000038     -0.657138526    
   4.11000013     -0.660154700    
   4.12000036     -0.662658870    
   4.13000011     -0.667801797    
   4.14000034     -0.667697847    
   4.15000010     -0.666012883    
   4.16000032     -0.661182940    
   4.17000008     -0.657934368    
   4.18000031     -0.653651237    
   4.19000053     -0.657193244    
   4.20000029     -0.663377643    
   4.21000051     -0.668021023    
   4.22000027     -0.666858912    
   4.23000050     -0.665695786    
   4.24000025     -0.678362668    
   4.25000048     -0.678799689    
   4.26000023     -0.670684695    
   4.27000046     -0.671646595    
   4.28000021     -0.669944465    
   4.29000044     -0.658188820    
   4.30000019     -0.659660280    
   4.31000042     -0.661663592    
   4.32000017     -0.659968317    
   4.33000040     -0.664629757    
   4.34000015     -0.658691287    
   4.35000038     -0.666544735    
   4.36000013     -0.668039262    
   4.37000036     -0.665265441    
   4.38000011     -0.671041667    
   4.39000034     -0.661853850    
   4.40000010     -0.662276447    
   4.41000032     -0.669118404    
   4.42000008     -0.676014900    
   4.43000031     -0.674832404    
   4.44000053     -0.679606497    
   4.45000029     -0.690985978    
   4.46000051     -0.692542732    
   4.47000027     -0.695763767    
   4.48000050     -0.691805184    
   4.49000025     -0.687858999    
   4.50000048     -0.676285088    
   4.51000023     -0.679995120    
   4.52000046     -0.688670874    
   4.53000021     -0.679249287    
   4.54000044     -0.684627116    
   4.55000019     -0.681785285    
   4.56000042     -0.678945899    
   4.57000017     -0.679393291    
   4.58000040     -0.687544584    
   4.59000015     -0.686896205    
   4.60000038     -0.691230714    
   4.61000013     -0.695033431    
   4.62000036     -0.693267107    
   4.63000011     -0.694847941    
   4.64000034     -0.697551429    
   4.65000010     -0.698021591    
   4.66000032     -0.695129037    
   4.67000055     -0.686671615    
   4.68000031     -0.685464382    
   4.69000053     -0.683700264    
   4.70000029     -0.685823619    
   4.71000051     -0.693541288    
   4.72000027     -0.697944403    
   4.73000050     -0.702939808    
   4.74000025     -0.703417540    
   4.75000048     -0.713024259    
   4.76000023     -0.710077405    
   4.77000046     -0.713431358    
   4.78000021     -0.716800332    
   4.79000044     -0.718451142    
   4.80000019     -0.715484917    
   4.81000042     -0.714250028    
   4.82000017     -0.711864889    
   4.83000040     -0.715816200    
   4.84000015     -0.712848604    
   4.85000038     -0.716230571    
   4.86000013     -0.711527288    
   4.87000036     -0.713174641    
   4.88000011     -0.706752002    
   4.89000034     -0.702650130    
   4.90000057     -0.689473212    
   4.91000032     -0.680366516    
   4.92000055     -0.689277887    
   4.93000031     -0.699425519    
   4.94000053     -0.697045505    
   4.95000029     -0.692391217    
   4.96000051     -0.690589964    
   4.97000027     -0.687086284    
   4.98000050     -0.688122034    
   4.99000025     -0.688591838    
   5.00000048     -0.691339791    
   5.01000023     -0.691242218    
   5.02000046     -0.690574288    
   5.03000021     -0.693335056    
   5.04000044     -0.695532501    
   5.05000019     -0.706991613    
   5.06000042     -0.710396767    
   5.07000017     -0.707979143    
   5.08000040     -0.703820467    
   5.09000015     -0.707802355    
   5.10000038     -0.717093527    
   5.11000013     -0.711134970    
   5.12000036     -0.711635590    
   5.13000059     -0.712136626    
   5.14000034     -0.716761887    
   5.15000057     -0.718452632    
   5.16000032     -0.723117769    
   5.17000055     -0.718880832    
   5.18000031     -0.710529327    
   5.19000053     -0.703403413    
   5.20000029     -0.699810147    
   5.21000051     -0.700299919    
   5.22000027     -0.699040473    
   5.23000050     -0.692549050    
   5.24000025     -0.690712452    
   5.25000048     -0.692933798    
   5.26000023     -0.702762246    
   5.27000046     -0.703845620    
   5.28000021     -0.707289636    
   5.29000044     -0.714313507    
   5.30000019     -0.721996486    
   5.31000042     -0.727936208    
   5.32000017     -0.729067862    
   5.33000040     -0.724160790    
   5.34000015     -0.718670428    
   5.35000038     -0.712009192    
   5.36000061     -0.715506494    
   5.37000036     -0.723236024    
   5.38000059     -0.737142205    
   5.39000034     -0.729744494    
   5.40000057     -0.723599255    
   5.41000032     -0.725336015    
   5.42000055     -0.722227752    
   5.43000031     -0.721541524    
   5.44000053     -0.717834175    
   5.45000029     -0.717749894    
   5.46000051     -0.714048922    
   5.47000027     -0.729127884    
   5.48000050     -0.741977394    
   5.49000025     -0.748127699    
   5.50000048     -0.743080497    
   5.51000023     -0.740528286    
   5.52000046     -0.742320478    
   5.53000021     -0.739764333    
   5.54000044     -0.740936339    
   5.55000019     -0.746478260    
   5.56000042     -0.752688885    
   5.57000017     -0.751366317    
   5.58000040     -0.762701869    
   5.59000063     -0.761370957    
   5.60000038     -0.755596578    
   5.61000061     -0.754901528    
   5.62000036     -0.749151587    
   5.63000059     -0.750347912    
   5.64000034     -0.751547217    
   5.65000057     -0.752749443    
   5.66000032     -0.747625291    
   5.67000055     -0.743777394    
   5.68000031     -0.747492194    
   5.69000053     -0.749322712    
   5.70000029     -0.750524938    
   5.71000051     -0.744129956    
   5.72000027     -0.747856319    
   5.73000050     -0.749058366    
   5.74000025     -0.756005108    
   5.75000048     -0.764299691    
   5.76000023     -0.764244020    
   5.77000046     -0.765480220    
   5.78000021     -0.773226500    
   5.79000044     -0.773175836    
   5.80000019     -0.765960336    
   5.81000042     -0.760077715    
   5.82000065     -0.752936780    
   5.83000040     -0.756731808    
   5.84000063     -0.756025255    
   5.85000038     -0.763080180    
   5.86000061     -0.768887758    
   5.87000036     -0.771452129    
   5.88000059     -0.772713542    
   5.89000034     -0.775295317    
   5.90000057     -0.773267686    
   5.91000032     -0.780489028    
   5.92000055     -0.781771958    
   5.93000031     -0.777079225    
   5.94000053     -0.777693033    
   5.95000029     -0.780301750    
   5.96000051     -0.782922208    
   5.97000027     -0.776218653    
   5.98000050     -0.777497709    
   5.99000025     -0.776119232    
   6.00000048     -0.775404990    
   6.01000023     -0.773361802    
   6.02000046     -0.778636456    
   6.03000021     -0.777920663    
   6.04000044     -0.776536405    
   6.05000019     -0.763223529    
   6.06000042     -0.761188805    
   6.07000065     -0.762446940    
   6.08000040     -0.773664415    
   6.09000063     -0.776286244    
   6.10000038     -0.773560643    
   6.11000061     -0.777527630    
   6.12000036     -0.777478993    
   6.13000059     -0.780794919    
   6.14000034     -0.780072391    
   6.15000057     -0.784760118    
   6.16000032     -0.788113117    
   6.17000055     -0.793535054    
   6.18000031     -0.793496549    
   6.19000053     -0.802414119    
   6.20000029     -0.800997794    
   6.21000051     -0.797509789    
   6.22000027     -0.790595591    
   6.23000050     -0.785083592    
   6.24000025     -0.786404431    
   6.25000048     -0.782947838    
   6.26000023     -0.780856371    
   6.27000046     -0.780808866    
   6.28000021     -0.776000261    
   6.29000044     -0.778669238    
   6.30000067     -0.765760064    
   6.31000042     -0.763685584    
   6.32000065     -0.770368755    
   6.33000040     -0.764912188    
   6.34000063     -0.759476244    
   6.35000038     -0.760757267    
   6.36000061     -0.763386905    
   6.37000036     -0.772132158    
   6.38000059     -0.763942659    
   6.39000034     -0.763882697    
   6.40000057     -0.761796415    
   6.41000032     -0.765117705    
   6.42000055     -0.759649754    
   6.43000031     -0.755546272    
   6.44000053     -0.760199368    
   6.45000029     -0.754742444    
   6.46000051     -0.765502393    
   6.47000027     -0.769535720    
   6.48000050     -0.776343346    
   6.49000025     -0.772851467    
   6.50000048     -0.776930094    
   6.51000023     -0.776879013    
   6.52000046     -0.782371879    
   6.53000069     -0.785110831    
   6.54000044     -0.785761416    
   6.55000067     -0.785716712    
   6.56000042     -0.789174616    
   6.57000065     -0.789833307    
   6.58000040     -0.789791346    
   6.59000063     -0.792567909    
   6.60000038     -0.792526662    
   6.61000061     -0.796026230    
   6.62000036     -0.788211882    
   6.63000059     -0.783246458    
   6.64000034     -0.783901513    
   6.65000057     -0.784557700    
   6.66000032     -0.785920084    
   6.67000055     -0.783760011    
   6.68000031     -0.780901015    
   6.69000053     -0.788612127    
   6.70000029     -0.785030544    
   6.71000051     -0.795642078    
   6.72000027     -0.795603156    
   6.73000050     -0.794133663    
   6.74000025     -0.790527642    
   6.75000048     -0.786217272    
   6.76000071     -0.783334434    
   6.77000046     -0.787548542    
   6.78000069     -0.793934703    
   6.79000044     -0.806164980    
   6.80000067     -0.813426912    
   6.81000042     -0.808285832    
   6.82000065     -0.799541295    
   6.83000040     -0.797336519    
   6.84000063     -0.798021853    
   6.85000038     -0.799432993    
   6.86000061     -0.798671186    
   6.87000036     -0.804451406    
   6.88000059     -0.799322784    
   6.89000034     -0.799286485    
   6.90000057     -0.804354072    
   6.91000032     -0.802858949    
   6.92000055     -0.800634623    
   6.93000031     -0.802790761    
   6.94000053     -0.803489029    
   6.95000029     -0.802721620    
   6.96000051     -0.796839297    
   6.97000027     -0.796801269    
   6.98000050     -0.792392075    
   6.99000072     -0.795263469    
   7.00000048     -0.803285956    
   7.01000071     -0.809901357    
   7.02000046     -0.806908965    
   7.03000069     -0.809100628    
   7.04000044     -0.808328569    
   7.05000067     -0.809784114    
   7.06000042     -0.818723559    
   7.07000065     -0.817199528    
   7.08000040     -0.811186850    
   7.09000063     -0.814150631    
   7.10000038     -0.812626541    
   7.11000061     -0.813348413    
   7.12000036     -0.814072192    
   7.13000059     -0.821588099    
   7.14000034     -0.826123059    
   7.15000057     -0.832217753    
   7.16000032     -0.835276484    
   7.17000055     -0.832959175    
   7.18000031     -0.838342547    
   7.19000053     -0.839108884    
   7.20000029     -0.839101672    
   7.21000051     -0.838319182    
   7.22000074     -0.845312238    
   7.23000050     -0.840633512    
   7.24000072     -0.844526112    
   7.25000048     -0.850797236    
   7.26000071     -0.853164196    
   7.27000046     -0.857125163    
   7.28000069     -0.855546832    
   7.29000044     -0.853175879    
   7.30000067     -0.857145846    
   7.31000042     -0.850018859    
   7.32000065     -0.846074879    
   7.33000040     -0.842926502    
   7.34000063     -0.850814223    
   7.35000038     -0.857181191    
   7.36000061     -0.861189187    
   7.37000036     -0.850026369    
   7.38000059     -0.848440111    
   7.39000034     -0.839747250    
   7.40000057     -0.836596191    
   7.41000032     -0.831884861    
   7.42000055     -0.834222019    
   7.43000031     -0.827170849    
   7.44000053     -0.826374471    
   7.45000076     -0.826356828    
   7.46000051     -0.830250382    
   7.47000074     -0.827104211    
   7.48000050     -0.828653216    
   7.49000072     -0.816941261    
   7.50000048     -0.824704528    
   7.51000071     -0.825468481    
   7.52000046     -0.821539819    
   7.53000069     -0.810640454    
   7.54000044     -0.808292925    
   7.55000067     -0.814457536    
   7.56000042     -0.824591577    
   7.57000065     -0.834051549    
   7.58000040     -0.823767364    
   7.59000063     -0.835619807    
   7.60000038     -0.836405993    
   7.61000061     -0.840394914    
   7.62000036     -0.830811381    
   7.63000059     -0.833184421    
   7.64000034     -0.837968767    
   7.65000057     -0.848439813    
   7.66000032     -0.845201135    
   7.67000055     -0.850877762    
   7.68000031     -0.850065708    
   7.69000053     -0.859887958    
   7.70000076     -0.868991852    
   7.71000051     -0.869840562    
   7.72000074     -0.874029696    
   7.73000050     -0.877403259    
   7.74000072     -0.875748336    
   7.75000048     -0.875770450    
   7.76000071     -0.871600866    
   7.77000046     -0.867440999    
   7.78000069     -0.871639013    
   7.79000044     -0.866637290    
   7.80000067     -0.871677876    
   7.81000042     -0.867504120    
   7.82000065     -0.853382468    
   7.83000040     -0.854213536    
   7.84000063     -0.854218245    
   7.85000038     -0.857542217    
   7.86000061     -0.865904212    
   7.87000036     -0.868440390    
   7.88000059     -0.866774321    
   7.89000034     -0.868474483    
   7.90000057     -0.856745601    
   7.91000032     -0.870198131    
   7.92000055     -0.865991533    
   7.93000078     -0.864320219    
   7.94000053     -0.866865993    
   7.95000076     -0.866035640    
   7.96000051     -0.861829519    
   7.97000074     -0.855955362    
   7.98000050     -0.851776540    
   7.99000072     -0.855968773    
   8.00000095     -0.849274397    
   8.01000023     -0.845939219    
   8.02000046     -0.840120792    
   8.03000069     -0.844267845    
   8.04000092     -0.849276662    
   8.05000019     -0.855162740    
   8.06000042     -0.847602487    
   8.07000065     -0.840085447    
   8.08000088     -0.835924029    
   8.09000015     -0.841739058    
   8.10000038     -0.843406737    
   8.11000061     -0.847598970    
   8.12000084     -0.854354918    
   8.13000011     -0.860314906    
   8.14000034     -0.865461349    
   8.15000057     -0.868056595    
   8.16000080     -0.867211699    
   8.17000103     -0.865504980    
   8.18000031     -0.867243826    
   8.19000053     -0.865534246    
   8.20000076     -0.867276609    
   8.21000099     -0.866427958    
   8.22000027     -0.871647179    
   8.23000050     -0.871667087    
   8.24000072     -0.878680468    
   8.25000095     -0.884870350    
   8.26000023     -0.883135557    
   8.27000046     -0.886705935    
   8.28000069     -0.882311940    
   8.29000092     -0.879691422    
   8.30000019     -0.880602479    
   8.31000042     -0.877982080    
   8.32000065     -0.885093629    
   8.33000088     -0.883347631    
   8.34000015     -0.882489920    
   8.35000038     -0.891448200    
   8.36000061     -0.877225041    
   8.37000084     -0.870189905    
   8.38000107     -0.866693199    
   8.39000034     -0.874642909    
   8.40000057     -0.882668614    
   8.41000080     -0.889874220    
   8.42000103     -0.887211502    
   8.43000031     -0.887246072    
   8.44000053     -0.887279928    
   8.45000076     -0.894547403    
   8.46000099     -0.895496726    
   8.47000027     -0.883779049    
   8.48000050     -0.871288359    
   8.49000072     -0.871307850    
   8.50000095     -0.877580941    
   8.51000023     -0.874025822    
   8.52000046     -0.878531337    
   8.53000069     -0.877658725    
   8.54000092     -0.878583908    
   8.55000019     -0.889480650    
   8.56000042     -0.894085705    
   8.57000065     -0.896880388    
   8.58000088     -0.904309988    
   8.59000015     -0.899733245    
   8.60000038     -0.897010505    
   8.61000061     -0.898901343    
   8.62000084     -0.899872243    
   8.63000107     -0.905494750    
   8.64000034     -0.895337760    
   8.65000057     -0.905598462    
   8.66000080     -0.902850270    
   8.67000103     -0.899175465    
   8.68000031     -0.893655360    
   8.69000053     -0.893696904    
   8.70000076     -0.900246680    
   8.71000099     -0.904035091    
   8.72000027     -0.898472905    
   8.73000050     -0.909786046    
   8.74000072     -0.905128479    
   8.75000095     -0.914640963    
   8.76000023     -0.909955263    
   8.77000046     -0.897764683    
   8.78000069     -0.895002425    
   8.79000092     -0.893175423    
   8.80000019     -0.891349733    
   8.81000042     -0.897946060    
   8.82000065     -0.890493512    
   8.83000088     -0.896155655    
   8.84000015     -0.898082495    
   8.85000038     -0.896243334    
   8.86000061     -0.901958048    
   8.87000084     -0.902956843    
   8.88000107     -0.909683883    
   8.89000034     -0.904962540    
   8.90000057     -0.903109014    
   8.91000080     -0.905067325    
   8.92000103     -0.909911811    
   8.93000031     -0.907088757    
   8.94000053     -0.910989642    
   8.95000076     -0.903362453    
   8.96000099     -0.904372394    
   8.97000027     -0.908271134    
   8.98000050     -0.899686038    
   8.99000072     -0.897821724    
   9.00000095     -0.900739312    
   9.01000023     -0.903671563    
   9.02000046     -0.907584548    
   9.03000069     -0.912492096    
   9.04000092     -0.908665061    
   9.05000019     -0.917497993    
   9.06000042     -0.916583955    
   9.07000065     -0.902048767    
   9.08000088     -0.896313906    
   9.09000111     -0.907002270    
   9.10000038     -0.906085134    
   9.11000061     -0.906139612    
   9.12000084     -0.912059247    
   9.13000107     -0.922972918    
   9.14000034     -0.925032377    
   9.15000057     -0.923115969    
   9.16000080     -0.929175556    
   9.17000103     -0.927251279    
   9.18000031     -0.944490850    
   9.19000053     -0.948670030    
   9.20000076     -0.950818658    
   9.21000099     -0.947840273    
   9.22000027     -0.954110205    
   9.23000050     -0.955247462    
   9.24000072     -0.952251494    
   9.25000095     -0.943099201    
   9.26000023     -0.942167103    
   9.27000046     -0.955668092    
   9.28000069     -0.949556053    
   9.29000092     -0.963189960    
   9.30000019     -0.977038980    
   9.31000042     -0.971857071    
   9.32000065     -0.968803644    
   9.33000088     -0.975293517    
   9.34000111     -0.978623390    
   9.35000038     -0.984122217    
   9.36000061     -0.981031060    
   9.37000084     -0.990888655    
   9.38000107     -0.988861561    
   9.39000034     -0.978204787    
   9.40000057     -0.968704224    
   9.41000080     -0.958221555    
   9.42000103     -0.950966895    
   9.43000031     -0.954220891    
   9.44000053     -0.968120635    
   9.45000076     -0.971454680    
   9.46000099     -0.959833264    
   9.47000027     -0.947272956    
   9.48000050     -0.945274115    
   9.49000072     -0.949576437    
   9.50000095     -0.963485479    
   9.51000023     -0.967894197    
   9.52000046     -0.978838444    
   9.53000069     -0.983338356    
   9.54000092     -0.978014171    
   9.55000114     -0.985810339    
   9.56000042     -0.989256859    
   9.57000065     -0.998280942    
   9.58000088     -0.997321546    
   9.59000111      -1.00307119    
   9.60000038     -0.996514082    
   9.61000061      -1.00451970    
   9.62000084     -0.999060988    
   9.63000107      -1.00937068    
   9.64000034      -1.00500894    
   9.65000057     -0.997285426    
   9.66000080     -0.995196581    
   9.67000103     -0.991987944    
   9.68000031     -0.992137671    
   9.69000053     -0.993409693    
   9.70000076     -0.990196347    
   9.71000099     -0.988105357    
   9.72000027     -0.993865728    
   9.73000050     -0.990641892    
   9.74000072     -0.990791023    
   9.75000095     -0.988690376    
   9.76000023     -0.993347466    
   9.77000046     -0.986735702    
   9.78000069     -0.980154216    
   9.79000092     -0.976941705    
   9.80000114     -0.991692007    
   9.81000042     -0.998668969    
   9.82000065     -0.993130386    
   9.83000088      -1.00127959    
   9.84000111     -0.998003602    
   9.85000038      -1.00160491    
   9.86000061     -0.985786080    
   9.87000084     -0.988202095    
   9.88000107      -1.00325036    
   9.89000034      -1.00110686    
   9.90000057      -1.00358224    
   9.91000080     -0.997971952    
   9.92000103      -1.00507641    
   9.93000031      -1.00408304    
   9.94000053      -1.01359642    
   9.95000076      -1.01495123    
   9.96000099      -1.02103865    
   9.97000027      -1.03196001    
   9.98000050      -1.02141523    
   9.99000072      -1.01922858    
   10.0000010      -1.02417707    
   10.0100012      -1.02795947    
   10.0200005      -1.02575934    
   10.0300007      -1.02475524    
   10.0400009      -1.01421559    
   10.0500011      -1.00494146    
   10.0600004     -0.989915848    
   10.0700006     -0.991230428    
   10.0800009     -0.996053040    
   10.0900011     -0.985730350    
   10.1000004     -0.995203257    
   10.1100006     -0.993020952    
   10.1200008     -0.999050915    
   10.1300011      -1.01346791    
   10.1400003      -1.01604807    
   10.1500006      -1.01263452    
   10.1600008      -1.00089693    
   10.1700010      -1.00820720    
   10.1800003      -1.00361097    
   10.1900005     -0.995473206    
   10.2000008      -1.00038040    
   10.2100010      -1.01372945    
   10.2200003      -1.01391363    
   10.2300005      -1.01047671    
   10.2400007      -1.02768958    
   10.2500010      -1.02421248    
   10.2600012      -1.02563596    
   10.2700005      -1.04443431    
   10.2800007      -1.04591179    
   10.2900009      -1.03489435    
   10.3000011      -1.03138065    
   10.3100004      -1.03906000    
   10.3200006      -1.04178345    
   10.3300009      -1.03324902    
   10.3400011      -1.02972603    
   10.3500004      -1.02003050    
   10.3600006      -1.01899326    
   10.3700008      -1.02289212    
   10.3800011      -1.03055382    
   10.3900003      -1.03955007    
   10.4000006      -1.04103363    
   10.4100008      -1.06430268    
   10.4200010      -1.07761049    
   10.4300003      -1.06350946    
   10.4400005      -1.05728805    
   10.4500008      -1.05495131    
   10.4600010      -1.05004358    
   10.4700003      -1.03118169    
   10.4800005      -1.04027033    
   10.4900007      -1.03921866    
   10.5000010      -1.03562033    
   10.5100012      -1.04350114    
   10.5200005      -1.04372799    
   10.5300007      -1.03627348    
   10.5400009      -1.03521597    
   10.5500011      -1.02653348    
   10.5600004      -1.02294493    
   10.5700006      -1.02567887    
   10.5800009      -1.03480828    
   10.5900011      -1.02355385    
   10.6000004      -1.01491368    
   10.6100006      -1.00508153    
   10.6200008      -1.00901532    
   10.6300011      -1.00294709    
   10.6400003      -1.00437462    
   10.6500006      -1.00706136    
   10.6600008      -1.01607919    
   10.6700010      -1.01627457    
   10.6800003      -1.02540529    
   10.6900005      -1.02304983    
   10.7000008      -1.01686513    
   10.7100010      -1.02731895    
   10.7200012      -1.03530252    
   10.7300005      -1.03682733    
   10.7400007      -1.03966570    
   10.7500010      -1.05308723    
   10.7600012      -1.06000400    
   10.7700005      -1.07239735    
   10.7800007      -1.07402956    
   10.7900009      -1.07294333    
   10.8000011      -1.07185519    
   10.8100004      -1.07349133    
   10.8200006      -1.07924640    
   10.8300009      -1.07541180    
   10.8400011      -1.08257234    
   10.8500004      -1.08424532    
   10.8600006      -1.07213092    
   10.8700008      -1.08067119    
   10.8800011      -1.07681143    
   10.8900003      -1.09661901    
   10.9000006      -1.10116982    
   10.9100008      -1.10575140    
   10.9200010      -1.11323321    
   10.9300003      -1.10639846    
   10.9400005      -1.10386729    
   10.9500008      -1.10991967    
   10.9600010      -1.10165489    
   10.9700012      -1.09485710    
   10.9800005      -1.08668005    
   10.9900007      -1.08556986    
   11.0000010      -1.08445859    
   11.0100012      -1.07632756    
   11.0200005      -1.07521331    
   11.0300007      -1.06712902    
   11.0400009      -1.07298148    
   11.0500011      -1.08311534    
   11.0600004      -1.09051895    
   11.0700006      -1.09082568    
   11.0800009      -1.08258641    
   11.0900011      -1.07298911    
   11.1000004      -1.05928636    
   11.1100006      -1.05538642    
   11.1200008      -1.04324055    
   11.1300011      -1.05036521    
   11.1400003      -1.05755818    
   11.1500006      -1.06341529    
   11.1600008      -1.06932151    
   11.1700010      -1.07385361    
   11.1800013      -1.06564212    
   11.1900005      -1.06591809    
   11.2000008      -1.05634201    
   11.2100010      -1.05380416    
   11.2200012      -1.05266476    
   11.2300005      -1.05713403    
   11.2400007      -1.06021953    
   11.2500010      -1.06758666    
   11.2600012      -1.08513391    
   11.2700005      -1.08108938    
   11.2800007      -1.08139074    
   11.2900009      -1.07590330    
   11.3000011      -1.08490562    
   11.3100004      -1.06212366    
   11.3200006      -1.06097090    
   11.3300009      -1.06267428    
   11.3400011      -1.05723631    
   11.3500004      -1.06036234    
   11.3600006      -1.06063557    
   11.3700008      -1.06234562    
   11.3800011      -1.07420051    
   11.3900003      -1.08917940    
   11.4000006      -1.09395087    
   11.4100008      -1.10777843    
   11.4200010      -1.10963821    
   11.4300013      -1.11454928    
   11.4400005      -1.11643457    
   11.4500008      -1.11221051    
   11.4600010      -1.10799515    
   11.4700012      -1.11751676    
   11.4800005      -1.11327505    
   11.4900007      -1.11516654    
   11.5000010      -1.11860883    
   11.5100012      -1.11897457    
   11.5200005      -1.11316836    
   11.5300007      -1.12749112    
   11.5400009      -1.13415170    
   11.5500011      -1.13139415    
   11.5600004      -1.13335824    
   11.5700006      -1.12745047    
   11.5800009      -1.12469316    
   11.5900011      -1.11881232    
   11.6000004      -1.12545228    
   11.6100006      -1.11642849    
   11.6200008      -1.11992598    
   11.6300011      -1.10781848    
   11.6400013      -1.10198140    
   11.6500006      -1.11008501    
   11.6600008      -1.11984873    
   11.6700010      -1.11236775    
   11.6800013      -1.10960162    
   11.6900005      -1.09751892    
   11.7000008      -1.10875547    
   11.7100010      -1.11225462    
   11.7200012      -1.12052464    
   11.7300005      -1.13209486    
   11.7400007      -1.13733530    
   11.7500010      -1.14261568    
   11.7600012      -1.14140129    
   11.7700005      -1.13046122    
   11.7800007      -1.12281311    
   11.7900009      -1.12159431    
   11.8000011      -1.13003564    
   11.8100004      -1.14020574    
   11.8200006      -1.13734710    
   11.8300009      -1.13123202    
   11.8400011      -1.11708152    
   11.8500004      -1.11425006    
   11.8600006      -1.10822463    
   11.8700008      -1.11660910    
   11.8800011      -1.11376822    
   11.8900013      -1.12874222    
   11.9000006      -1.12424397    
   11.9100008      -1.11651349    
   11.9200010      -1.11204422    
   11.9300013      -1.11727691    
   11.9400005      -1.12910724    
   11.9500008      -1.17156899    
   11.9600010      -1.16689372    
   11.9700012      -1.16907823    
   11.9800005      -1.17645884    
   11.9900007      -1.18391240    
   12.0000010      -1.17917144    
   12.0100012      -1.16752076    
   12.0200005      -1.17492473    
   12.0300007      -1.18415856    
   12.0400009      -1.18995655    
   12.0500011      -1.16941571    
   12.0600004      -1.15607584    
   12.0700006      -1.14627469    
   12.0800009      -1.15183735    
   12.0900011      -1.14544785    
   12.1000004      -1.15790355    
   12.1100006      -1.14632618    
   12.1200008      -1.14334846    
   12.1300011      -1.13189065    
   12.1400013      -1.13909888    
   12.1500006      -1.14123678    
   12.1600008      -1.13484561    
   12.1700010      -1.15072107    
   12.1800013      -1.16162598    
   12.1900005      -1.17267942    
   12.2000008      -1.17317128    
   12.2100010      -1.16657221    
   12.2200012      -1.15125096    
   12.2300005      -1.14301920    
   12.2400007      -1.14000082    
   12.2500010      -1.14043784    
   12.2600012      -1.14434934    
   12.2700005      -1.15354455    
   12.2800007      -1.15400684    
   12.2900009      -1.15270913    
   12.3000011      -1.16025126    
   12.3100004      -1.17868173    
   12.3200006      -1.17376184    
   12.3300009      -1.15456820    
   12.3400011      -1.16575062    
   12.3500013      -1.15550613    
   12.3600006      -1.14357698    
   12.3700008      -1.13175738    
   12.3800011      -1.12523115    
   12.3900013      -1.13612199    
   12.4000006      -1.14361596    
   12.4100008      -1.14584363    
   12.4200010      -1.12866402    
   12.4300013      -1.11690772    
   12.4400005      -1.12601912    
   12.4500008      -1.14055240    
   12.4600010      -1.14100325    
   12.4700012      -1.15581858    
   12.4800005      -1.15448725    
   12.4900007      -1.14594805    
   12.5000010      -1.12681985    
   12.5100012      -1.13612223    
   12.5200005      -1.12945104    
   12.5300007      -1.12988603    
   12.5400009      -1.12322998    
   12.5500011      -1.12542713    
   12.5600004      -1.13657105    
   12.5700006      -1.14243138    
   12.5800009      -1.15016520    
   12.5900011      -1.15798092    
   12.6000013      -1.16216862    
   12.6100006      -1.17011714    
   12.6200008      -1.15945876    
   12.6300011      -1.16181183    
   12.6400013      -1.17354894    
   12.6500006      -1.18545771    
   12.6600008      -1.18791831    
   12.6700010      -1.18655312    
   12.6800013      -1.20063055    
   12.6900005      -1.21100330    
   12.7000008      -1.21160293    
   12.7100010      -1.22413290    
   12.7200012      -1.22877657    
   12.7300005      -1.22338414    
   12.7400007      -1.21005297    
   12.7500010      -1.21662521    
   12.7600012      -1.21324909    
   12.7700005      -1.20987523    
   12.7800007      -1.20650315    
   12.7900009      -1.21709132    
   12.8000011      -1.21570146    
   12.8100014      -1.21833372    
   12.8200006      -1.21492612    
   12.8300009      -1.21353006    
   12.8400011      -1.21414685    
   12.8500013      -1.19674635    
   12.8600006      -1.18941045    
   12.8700008      -1.19195938    
   12.8800011      -1.21866858    
   12.8900013      -1.22134233    
   12.9000006      -1.22198021    
   12.9100008      -1.22467554    
   12.9200010      -1.23986030    
   12.9300013      -1.24053884    
   12.9400005      -1.23493755    
   12.9500008      -1.23560750    
   12.9600010      -1.23418617    
   12.9700012      -1.24539459    
   12.9800005      -1.24608970    
   12.9900007      -1.23200405    
   13.0000010      -1.24748826    
   13.0100012      -1.25677478    
   13.0200005      -1.24889612    
   13.0300007      -1.23893154    
   13.0400009      -1.23961878    
   13.0500011      -1.23181641    
   13.0600014      -1.23037446    
   13.0700006      -1.22681832    
   13.0800009      -1.22326493    
   13.0900011      -1.21343100    
   13.1000013      -1.22670245    
   13.1100006      -1.24450219    
   13.1200008      -1.24520922    
   13.1300011      -1.22445965    
   13.1400013      -1.22725606    
   13.1500006      -1.24952900    
   13.1600008      -1.26568747    
   13.1700010      -1.26200259    
   13.1800013      -1.26720917    
   13.1900005      -1.26573944    
   13.2000008      -1.27098703    
   13.2100010      -1.27401769    
   13.2200012      -1.27480161    
   13.2300005      -1.26655877    
   13.2400007      -1.27637815    
   13.2500010      -1.27945137    
   13.2600012      -1.26211107    
   13.2700014      -1.26287413    
   13.2800007      -1.27043450    
   13.2900009      -1.28267324    
   13.3000011      -1.27658212    
   13.3100014      -1.26595330    
   13.3200006      -1.24420750    
   13.3300009      -1.24493670    
   13.3400011      -1.26600814    
   13.3500013      -1.26222277    
   13.3600006      -1.26528180    
   13.3700008      -1.27528000    
   13.3800011      -1.28540981    
   13.3900013      -1.28624082    
   13.4000006      -1.27537835    
   13.4100008      -1.28555572    
   13.4200010      -1.28403533    
   13.4300013      -1.28251183    
   13.4400005      -1.30239034    
   13.4500008      -1.29129291    
   13.4600010      -1.28264475    
   13.4700012      -1.28822958    
   13.4800005      -1.30592632    
   13.4900007      -1.28993130    
   13.5000010      -1.29559433    
   13.5100012      -1.31106341    
   13.5200014      -1.30707109    
   13.5300007      -1.31288600    
   13.5400009      -1.30642319    
   13.5500011      -1.31225181    
   13.5600014      -1.31813300    
   13.5700006      -1.29931319    
   13.5800009      -1.29775405    
   13.5900011      -1.30602133    
   13.6000013      -1.29953122    
   13.6100006      -1.30784166    
   13.6200008      -1.32127333    
   13.6300011      -1.32728732    
   13.6400013      -1.32571411    
   13.6500006      -1.33178151    
   13.6600008      -1.32510078    
   13.6700010      -1.34408629    
   13.6800013      -1.35294664    
   13.6900005      -1.36191428    
   13.7000008      -1.36831546    
   13.7100010      -1.36139095    
   13.7200012      -1.35449207    
   13.7300005      -1.36353457    
   13.7400007      -1.36461329    
   13.7500010      -1.36838841    
   13.7600012      -1.40805590    
   13.7700014      -1.43205559    
   13.7800007      -1.42183793    
   13.7900009      -1.42308772    
   13.8000011      -1.42434311    
   13.8100014      -1.44011784    
   13.8200006      -1.45917857    
   13.8300009      -1.45755672    
   13.8400011      -1.42362380    
   13.8500013      -1.40764880    
   13.8600006      -1.40887201    
   13.8700008      -1.43036103    
   13.8800011      -1.42872632    
   13.8900013      -1.41546011    
   13.9000006      -1.41671371    
   13.9100008      -1.40354323    
   13.9200010      -1.39618254    
   13.9300013      -1.41177571    
   13.9400005      -1.44252753    
   13.9500008      -1.44387174    
   13.9600010      -1.45429933    
   13.9700012      -1.45263970    
   13.9800014      -1.47248340    
   13.9900007      -1.46462631    
   14.0000010      -1.45374167    
   14.0100012      -1.46747959    
   14.0200014      -1.48778462    
   14.0300007      -1.48928773    
   14.0400009      -1.47494996    
   14.0500011      -1.48911595    
   14.0600014      -1.50678694    
   14.0700006      -1.49537432    
   14.0800009      -1.50667083    
   14.0900011      -1.49522114    
   14.1000013      -1.48707366    
   14.1100006      -1.48216403    
   14.1200008      -1.48046136    
   14.1300011      -1.46918750    
   14.1400013      -1.48025894    
   14.1500006      -1.47533810    
   14.1600008      -1.48652732    
   14.1700010      -1.49132526    
   14.1800013      -1.47339749    
   14.1900005      -1.47812712    
   14.2000008      -1.46673942    
   14.2100010      -1.46181047    
   14.2200012      -1.47618246    
   14.2300014      -1.47770000    
   14.2400007      -1.50236619    
   14.2500010      -1.51070976    
   14.2600012      -1.50896633    
   14.2700014      -1.49713528    
   14.2800007      -1.50547004    
   14.2900009      -1.47704875    
   14.3000011      -1.47529256    
   14.3100014      -1.46697628    
   14.3200006      -1.45545781    
   14.3300009      -1.44724143    
   14.3400011      -1.43906271    
   14.3500013      -1.43410122    
   14.3600006      -1.45487213    
   14.3700008      -1.45963025    
   14.3800011      -1.45784926    
   14.3900013      -1.47928321    
   14.4000006      -1.47414577    
   14.4100008      -1.48243976    
   14.4200010      -1.46389520    
   14.4300013      -1.47547615    
   14.4400015      -1.48043311    
   14.4500008      -1.49917793    
   14.4600010      -1.51482391    
   14.4700012      -1.48866487    
   14.4800014      -1.46981549    
   14.4900007      -1.43804669    
   14.5000010      -1.45944500    
   14.5100012      -1.45093286    
   14.5200014      -1.47613502    
   14.5300007      -1.49506724    
   14.5400009      -1.50025141    
   14.5500011      -1.48442876    
   14.5600014      -1.45857358    
   14.5700006      -1.45334625    
   14.5800009      -1.44476569    
   14.5900011      -1.45303369    
   14.6000013      -1.46483278    
   14.6100006      -1.46297514    
   14.6200008      -1.46455717    
   14.6300011      -1.46961331    
   14.6400013      -1.46774614    
   14.6500006      -1.48692894    
   14.6600008      -1.47096944    
   14.6700010      -1.46212339    
   14.6800013      -1.47071302    
   14.6900015      -1.47234273    
   14.7000008      -1.47752118    
   14.7100010      -1.45805430    
   14.7200012      -1.44231713    
   14.7300014      -1.44041789    
   14.7400007      -1.43851507    
   14.7500010      -1.44350505    
   14.7600012      -1.44159460    
   14.7700014      -1.42935348    
   14.7800007      -1.43776309    
   14.7900009      -1.44278634    
   14.8000011      -1.44435239    
   14.8100014      -1.43545461    
   14.8200006      -1.43005633    
   14.8300009      -1.44909978    
   14.8400011      -1.46858954    
   14.8500013      -1.47389233    
   14.8600006      -1.47194481    
   14.8700008      -1.45914352    
   14.8800011      -1.47168159    
   14.8900013      -1.46244967    
   14.9000015      -1.46411693    
   14.9100008      -1.47311962    
   14.9200010      -1.50100207    
   14.9300013      -1.50282276    
   14.9400015      -1.47828722    
   14.9500008      -1.47630501    
   14.9600010      -1.48178160    
   14.9700012      -1.47979140    
   14.9800014      -1.51208651    
   14.9900007      -1.51008856    
   15.0000010      -1.52371204    
   15.0100012      -1.50608051    
   15.0200014      -1.50407040    
   15.0300007      -1.49433446    
   15.0400009      -1.50392187    
   15.0500011      -1.49801588    
   15.0600014      -1.51555979    
   15.0700006      -1.54158747    
   15.0800009      -1.54771578    
   15.0900011      -1.54158723    
   15.1000013      -1.50741327    
   15.1100006      -1.48579597    
   15.1200008      -1.48762822    
   15.1300011      -1.48557270    
   15.1400013      -1.47576106    
   15.1500015      -1.45837104    
   15.1600008      -1.48719299    
   15.1700010      -1.49695492    
   15.1800013      -1.50284648    
   15.1900015      -1.49677324    
   15.2000008      -1.50268769    
   15.2100010      -1.49658942    
   15.2200012      -1.49050355    
   15.2300014      -1.50042868    
   15.2400007      -1.48232555    
   15.2500010      -1.47231305    
   15.2600012      -1.47810626    
   15.2700014      -1.47598958    
   15.2800007      -1.49390960    
   15.2900009      -1.47572005    
   15.3000011      -1.49778438    
   15.3100014      -1.50797009    
   15.3200006      -1.48538101    
   15.3300009      -1.49136746    
   15.3400011      -1.49741614    
   15.3500013      -1.52449262    
   15.3600006      -1.51810682    
   15.3700008      -1.52868354    
   15.3800011      -1.53079975    
   15.3900013      -1.52862823    
   15.4000015      -1.52216947    
   15.4100008      -1.51572382    
   15.4200010      -1.50506330    
   15.4300013      -1.49446952    
   15.4400015      -1.52631974    
   15.4500008      -1.51980019    
   15.4600010      -1.52625263    
   15.4700012      -1.53277695    
   15.4800014      -1.50458646    
   15.4900007      -1.51095057    
   15.5000010      -1.49587774    
   15.5100012      -1.47677004    
   15.5200014      -1.47453487    
   15.5300007      -1.45982134    
   15.5400009      -1.44934607    
   15.5500011      -1.44709611    
   15.5600014      -1.45307183    
   15.5700006      -1.47591794    
   15.5800009      -1.45268798    
   15.5900011      -1.46294427    
   15.6000013      -1.46487927    
   15.6100016      -1.46682739    
   15.6200008      -1.47305191    
   15.6300011      -1.45802188    
   15.6400013      -1.43898892    
   15.6500015      -1.41615331    
   15.6600008      -1.42200959    
   15.6700010      -1.41969764    
   15.6800013      -1.42148638    
   15.6900015      -1.41505682    
   15.7000008      -1.42095935    
   15.7100010      -1.43529272    
   15.7200012      -1.41628623    
   15.7300014      -1.45184100    
   15.7400007      -1.45379150    
   15.7500010      -1.44713485    
   15.7600012      -1.44477379    
   15.7700014      -1.41698170    
   15.7800007      -1.42301261    
   15.7900009      -1.43765569    
   15.8000011      -1.47021055    
   15.8100014      -1.45019925    
   15.8200006      -1.43910861    
   15.8300009      -1.45417523    
   15.8400011      -1.42998135    
   15.8500013      -1.42756903    
   15.8600016      -1.41230190    
   15.8700008      -1.44892836    
   15.8800011      -1.45093286    
   15.8900013      -1.46192002    
   15.9000015      -1.46852767    
   15.9100008      -1.44360673    
   15.9200010      -1.40193212    
   15.9300013      -1.38252270    
   15.9400015      -1.39274168    
   15.9500008      -1.39453351    
   15.9600010      -1.39633811    
   15.9700012      -1.39815497    
   15.9800014      -1.39998376    
   15.9900007      -1.37607312    
