   0.00000000       1.46163309    
   1.00000007E-02   1.32075810    
   2.00000014E-02   1.17966580    
   3.00000012E-02   1.00690925    
   4.00000028E-02  0.800529242    
   5.00000045E-02  0.514909387    
   6.00000024E-02  0.115267150    
   7.00000077E-02  -8.73015970E-02
   8.00000057E-02 -0.249219805    
   9.00000036E-02 -0.387252539    
  0.100000009     -0.355450839    
  0.110000007     -0.408498436    
  0.120000005     -0.377285153    
  0.130000010     -0.516782522    
  0.140000015     -0.640222013    
  0.150000006     -0.836563349    
  0.160000011     -0.867324471    
  0.170000017     -0.926277578    
  0.180000007     -0.928943753    
  0.190000013     -0.976118565    
  0.200000018     -0.952754378    
  0.210000008      -1.04424548    
  0.220000014      -1.02350402    
  0.230000019      -1.18050098    
  0.240000010      -1.14827693    
  0.250000030      -1.12854159    
  0.260000020      -1.08706224    
  0.270000011      -1.13716793    
  0.280000031      -1.21508312    
  0.290000021      -1.33828712    
  0.300000012      -1.32127786    
  0.310000032      -1.44170702    
  0.320000023      -1.41650844    
  0.330000013      -1.40005541    
  0.340000033      -1.35078263    
  0.350000024      -1.43805730    
  0.360000014      -1.50825024    
  0.370000035      -1.47840643    
  0.380000025      -1.49278772    
  0.390000015      -1.44048667    
  0.400000036      -1.43043065    
  0.410000026      -1.42681730    
  0.420000017      -1.35559499    
  0.430000037      -1.39966869    
  0.440000027      -1.43928158    
  0.450000018      -1.49922645    
  0.460000038      -1.44252515    
  0.470000029      -1.42844152    
  0.480000019      -1.41730618    
  0.490000039      -1.50052309    
  0.500000060      -1.57448494    
  0.510000050      -1.59221184    
  0.520000041      -1.58285785    
  0.530000031      -1.60263038    
  0.540000021      -1.55614936    
  0.550000012      -1.53770006    
  0.560000062      -1.50308490    
  0.570000052      -1.59551406    
  0.580000043      -1.58283412    
  0.590000033      -1.55071855    
  0.600000024      -1.48092389    
  0.610000014      -1.52881277    
  0.620000064      -1.59503603    
  0.630000055      -1.59078014    
  0.640000045      -1.61361563    
  0.650000036      -1.61216116    
  0.660000026      -1.69943464    
  0.670000076      -1.72329915    
  0.680000067      -1.71900642    
  0.690000057      -1.68125975    
  0.700000048      -1.84349501    
  0.710000038      -1.86740613    
  0.720000029      -1.87612653    
  0.730000079      -1.67869270    
  0.740000069      -1.73194981    
  0.750000060      -1.70946300    
  0.760000050      -1.81311953    
  0.770000041      -1.66291773    
  0.780000031      -1.77735484    
  0.790000081      -1.68850839    
  0.800000072      -1.74283135    
  0.810000062      -1.69162726    
  0.820000052      -1.63746405    
  0.830000043      -1.58657420    
  0.840000033      -1.72601402    
  0.850000083      -1.70154750    
  0.860000074      -1.75939786    
  0.870000064      -1.69632387    
  0.880000055      -1.79623759    
  0.890000045      -1.67206252    
  0.900000036      -1.64441216    
  0.910000086      -1.75718117    
  0.920000076      -1.83928919    
  0.930000067      -1.91179633    
  0.940000057      -1.81489134    
  0.950000048      -1.73466980    
  0.960000038      -1.77004290    
  0.970000088      -1.74392784    
  0.980000079      -1.74066651    
  0.990000069      -1.80030513    
   1.00000012      -1.75941670    
   1.01000011      -1.77172410    
   1.02000010      -1.66445947    
   1.03000009      -1.66903281    
   1.04000008      -1.71001112    
   1.05000007      -1.72657442    
   1.06000006      -1.77342403    
   1.07000005      -1.71054149    
   1.08000004      -1.90085888    
   1.09000003      -1.86063683    
   1.10000002      -1.80845737    
   1.11000013      -1.83390999    
   1.12000012      -1.95415974    
   1.13000011      -1.90341115    
   1.14000010      -1.89444709    
   1.15000010      -1.81724989    
   1.16000009      -1.88053322    
   1.17000008      -1.85142851    
   1.18000007      -2.01837087    
   1.19000006      -1.75717807    
   1.20000005      -1.94138014    
   1.21000004      -1.90339303    
   1.22000003      -1.91762722    
   1.23000014      -1.90662980    
   1.24000013      -1.96229672    
   1.25000012      -1.89126015    
   1.26000011      -2.03656864    
   1.27000010      -2.08930731    
   1.28000009      -2.16990089    
   1.29000008      -2.10651064    
   1.30000007      -2.00834036    
   1.31000006      -1.96777916    
   1.32000005      -1.99416924    
   1.33000004      -1.98716807    
   1.34000015      -1.89507782    
   1.35000014      -1.88116586    
   1.36000013      -2.02200294    
   1.37000012      -1.95756161    
   1.38000011      -1.87803507    
   1.39000010      -1.92747629    
   1.40000010      -1.87803137    
   1.41000009      -2.03289604    
   1.42000008      -1.89189601    
   1.43000007      -1.95754623    
   1.44000006      -1.86061931    
   1.45000005      -2.16405272    
   1.46000016      -2.21186328    
   1.47000015      -2.07396746    
   1.48000014      -2.01619959    
   1.49000013      -1.94875503    
   1.50000012      -1.90145731    
   1.51000011      -1.96295619    
   1.52000010      -1.93076229    
   1.53000009      -2.04912257    
   1.54000008      -1.97671247    
   1.55000007      -2.19710207    
   1.56000006      -1.85632026    
   1.57000005      -1.79970527    
   1.58000016      -1.74669313    
   1.59000015      -1.81785035    
   1.60000014      -1.89382756    
   1.61000013      -1.85023856    
   1.62000012      -1.78022707    
   1.63000011      -1.79396069    
   1.64000010      -1.79050624    
   1.65000010      -1.80321467    
   1.66000009      -1.78592873    
   1.67000008      -1.82912302    
   1.68000007      -1.86868346    
   1.69000018      -1.98367596    
   1.70000017      -2.00977874    
   1.71000016      -2.06562996    
   1.72000015      -2.14750409    
   1.73000014      -2.03658533    
   1.74000013      -2.06939936    
   1.75000012      -2.06186175    
   1.76000011      -2.15572786    
   1.77000010      -2.12637925    
   1.78000009      -2.19538236    
   1.79000008      -2.27227902    
   1.80000007      -2.30437160    
   1.81000018      -2.18255067    
   1.82000017      -2.18339682    
   1.83000016      -2.04318976    
   1.84000015      -2.18594456    
   1.85000014      -2.16319442    
   1.86000013      -2.21887541    
   1.87000012      -2.14831662    
   1.88000011      -2.15489554    
   1.89000010      -2.20142198    
   1.90000010      -2.09166980    
   1.91000009      -1.99839747    
   1.92000008      -1.97603989    
   1.93000019      -1.86558437    
   1.94000018      -1.98157859    
   1.95000017      -2.06790709    
   1.96000016      -2.02926540    
   1.97000015      -1.97603989    
   1.98000014      -1.98714042    
   1.99000013      -2.13363838    
   2.00000024      -2.00335455    
   2.01000023      -2.11836553    
   2.02000022      -2.13767838    
   2.03000021      -2.28724623    
   2.04000020      -2.28064585    
   2.05000019      -2.32279563    
   2.06000018      -2.34951282    
   2.07000017      -2.45308971    
   2.08000016      -2.40207124    
   2.09000015      -2.42780161    
   2.10000014      -2.32768440    
   2.11000013      -2.49053502    
   2.12000012      -2.33459234    
   2.13000011      -2.32474923    
   2.14000010      -2.29863954    
   2.15000010      -2.25569010    
   2.16000009      -2.06560850    
   2.17000008      -2.13526440    
   2.18000007      -2.08626080    
   2.19000006      -2.06714034    
   2.20000005      -2.07627678    
   2.21000004      -2.01478457    
   2.22000027      -1.92484701    
   2.23000026      -1.99980950    
   2.24000025      -2.01839542    
   2.25000024      -2.04468751    
   2.26000023      -2.03437424    
   2.27000022      -2.09244680    
   2.28000021      -2.02344871    
   2.29000020      -2.08701181    
   2.30000019      -1.95281446    
   2.31000018      -1.94340611    
   2.32000017      -1.91310215    
   2.33000016      -2.02343655    
   2.34000015      -1.98854852    
   2.35000014      -2.01910114    
   2.36000013      -1.93473029    
   2.37000012      -1.99204981    
   2.38000011      -2.05883789    
   2.39000010      -2.03216386    
   2.40000010      -1.99979353    
   2.41000009      -2.06788135    
   2.42000008      -1.98783243    
   2.43000007      -2.13039899    
   2.44000006      -2.15739489    
   2.45000029      -2.19108844    
   2.46000028      -2.03950071    
   2.47000027      -2.12158418    
   2.48000026      -2.18681765    
   2.49000025      -2.19798517    
   2.50000024      -2.33361363    
   2.51000023      -2.16238403    
   2.52000022      -2.29295063    
   2.53000021      -2.26951241    
   2.54000020      -2.13202882    
   2.55000019      -2.24295926    
   2.56000018      -2.17831635    
   2.57000017      -2.32670140    
   2.58000016      -2.16569591    
   2.59000015      -1.99838161    
   2.60000014      -2.08467340    
   2.61000013      -1.98713648    
   2.62000012      -2.04911423    
   2.63000011      -2.19795084    
   2.64000010      -2.17660928    
   2.65000010      -2.21625733    
   2.66000009      -2.17578340    
   2.67000008      -2.12879467    
   2.68000031      -2.03509140    
   2.69000030      -2.12718391    
   2.70000029      -2.35657930    
   2.71000028      -2.22596693    
   2.72000027      -2.15904570    
   2.73000026      -2.26764250    
   2.74000025      -2.10571814    
   2.75000024      -2.18851328    
   2.76000023      -2.20314717    
   2.77000022      -2.07245111    
   2.78000021      -2.04690456    
   2.79000020      -2.11679840    
   2.80000019      -2.13608050    
   2.81000018      -2.11204433    
   2.82000017      -2.09476829    
   2.83000016      -2.13285160    
   2.84000015      -2.06867433    
   2.85000014      -2.07934070    
   2.86000013      -2.04989672    
   2.87000012      -1.98229825    
   2.88000011      -1.98438513    
   2.89000010      -2.09634995    
   2.90000010      -2.00764632    
   2.91000032      -2.01624441    
   2.92000031      -2.11204433    
   2.93000031      -2.10338449    
   2.94000030      -2.15572786    
   2.95000029      -2.09475970    
   2.96000028      -2.16655159    
   2.97000027      -2.13202429    
   2.98000026      -2.24476790    
   2.99000025      -2.10570478    
   3.00000024      -2.27693152    
   3.01000023      -2.41272807    
   3.02000022      -2.27505827    
   3.03000021      -2.20316696    
   3.04000020      -2.17660928    
   3.05000019      -2.08316660    
   3.06000018      -2.31113076    
   3.07000017      -2.27599192    
   3.08000016      -2.40104246    
   3.09000015      -2.34753275    
   3.10000014      -2.39893389    
   3.11000013      -2.23755741    
   3.12000012      -2.23937678    
   3.13000011      -2.27320457    
   3.14000010      -2.16906595    
   3.15000033      -2.15989113    
   3.16000032      -2.10729480    
   3.17000031      -2.04763937    
   3.18000031      -2.07169819    
   3.19000030      -1.95213091    
   3.20000029      -1.88115871    
   3.21000028      -2.02779460    
   3.22000027      -2.08855462    
   3.23000026      -2.09319806    
   3.24000025      -2.13202429    
   3.25000024      -2.20661664    
   3.26000023      -2.34551716    
   3.27000022      -2.47792268    
   3.28000021      -2.52464890    
   3.29000020      -2.43106198    
   3.30000019      -2.55746174    
   3.31000018      -2.67815924    
   3.32000017      -2.61074114    
   3.33000016      -2.56488657    
   3.34000015      -2.55128622    
   3.35000014      -2.28911567    
   3.36000013      -2.27784562    
   3.37000012      -2.21710277    
   3.38000035      -2.18082690    
   3.39000034      -2.15405440    
   3.40000033      -2.25931048    
   3.41000032      -2.22862554    
   3.42000031      -2.13201976    
   3.43000031      -2.16570520    
   3.44000030      -2.28725147    
   3.45000029      -2.32964754    
   3.46000028      -2.39996672    
   3.47000027      -2.44864655    
   3.48000026      -2.44646025    
   3.49000025      -2.40845418    
   3.50000024      -2.33458114    
   3.51000023      -2.23847675    
   3.52000022      -2.24746680    
   3.53000021      -2.37392092    
   3.54000020      -2.23486996    
   3.55000019      -2.12478137    
   3.56000018      -2.08778071    
   3.57000017      -2.29960608    
   3.58000016      -2.21801353    
   3.59000015      -2.18936443    
   3.60000014      -2.19797540    
   3.61000037      -2.34054065    
   3.62000036      -2.35860610    
   3.63000035      -2.39054441    
   3.64000034      -2.46882105    
   3.65000033      -2.50687814    
   3.66000032      -2.31792521    
   3.67000031      -2.39473033    
   3.68000031      -2.38633466    
   3.69000030      -2.39576483    
   3.70000029      -2.35557914    
   3.71000028      -2.26301217    
   3.72000027      -2.25750637    
   3.73000026      -2.24295926    
   3.74000025      -2.28534842    
   3.75000024      -2.06788564    
   3.76000023      -2.18679357    
   3.77000022      -2.27689457    
   3.78000021      -2.16651368    
   3.79000020      -2.14257932    
   3.80000019      -2.25201535    
   3.81000018      -2.23038840    
   3.82000017      -2.33356357    
   3.83000016      -2.20140719    
   3.84000015      -2.29290795    
   3.85000038      -2.44199657    
   3.86000037      -2.54394078    
   3.87000036      -2.43652964    
   3.88000035      -2.40738845    
   3.89000034      -2.53546500    
   3.90000033      -2.38111019    
   3.91000032      -2.33456445    
   3.92000031      -2.59013033    
   3.93000031      -2.49056101    
   3.94000030      -2.66709781    
   3.95000029      -2.55008483    
   3.96000028      -2.39683008    
   3.97000027      -2.45423675    
   3.98000026      -2.36982679    
   3.99000025      -2.47223735    
   4.00000048      -2.38842249    
   4.01000023      -2.43330097    
   4.02000046      -2.52705383    
   4.03000021      -2.23041868    
   4.04000044      -2.44314957    
   4.05000019      -2.24749255    
   4.06000042      -2.20229888    
   4.07000017      -2.19025517    
   4.08000040      -2.21713758    
   4.09000015      -2.42566681    
   4.10000038      -2.31113076    
   4.11000013      -2.40001440    
   4.12000036      -2.48824239    
   4.13000011      -2.38116884    
   4.14000034      -2.43216538    
   4.15000010      -2.26393437    
   4.16000032      -2.33160925    
   4.17000008      -2.45086861    
   4.18000031      -2.48017216    
   4.19000053      -2.46541619    
   4.20000029      -2.21534824    
   4.21000051      -2.35253859    
   4.22000027      -2.25201535    
   4.23000050      -2.21536827    
   4.24000025      -2.22772527    
   4.25000048      -2.49518847    
   4.26000023      -2.54520392    
   4.27000046      -2.40423441    
   4.28000021      -2.37908435    
   4.29000044      -2.45868587    
   4.30000019      -2.40846634    
   4.31000042      -2.51989031    
   4.32000017      -2.49170613    
   4.33000040      -2.49286556    
   4.34000015      -2.69931769    
   4.35000038      -2.77939463    
   4.36000013      -2.60168982    
   4.37000036      -2.67399502    
   4.38000011      -3.01490927    
   4.39000034      -2.95797873    
   4.40000010      -2.66021705    
   4.41000032      -2.69082952    
   4.42000008      -2.70357299    
   4.43000031      -2.84303927    
   4.44000053      -2.82350969    
   4.45000029      -2.72677159    
   4.46000051      -2.45308328    
   4.47000027      -2.53304672    
   4.48000050      -2.45310235    
   4.49000025      -2.49052858    
   4.50000048      -2.31595731    
   4.51000023      -2.51155496    
   4.52000046      -2.68797350    
   4.53000021      -2.66710567    
   4.54000044      -2.38113952    
   4.55000019      -2.32375264    
   4.56000042      -2.18083668    
   4.57000017      -2.49981761    
   4.58000040      -2.52701998    
   4.59000015      -2.58250213    
   4.60000038      -2.48479056    
   4.61000013      -2.60948849    
   4.62000036      -2.45647144    
   4.63000011      -2.56245923    
   4.64000034      -2.40953302    
   4.65000010      -2.69087744    
   4.66000032      -2.72825527    
   4.67000055      -2.96546817    
   4.68000031      -2.84807539    
   4.69000053      -2.56494999    
   4.70000029      -2.54397535    
   4.71000051      -2.43436360    
   4.72000027      -2.50454116    
   4.73000050      -2.53911734    
   4.74000025      -2.35962677    
   4.75000048      -2.37703323    
   4.76000023      -2.16989136    
   4.77000046      -2.41061902    
   4.78000021      -2.38949180    
   4.79000044      -2.27043557    
   4.80000019      -2.42349339    
   4.81000042      -2.32475495    
   4.82000017      -2.34352231    
   4.83000040      -2.42455816    
   4.84000015      -2.53186727    
   4.85000038      -2.54885721    
   4.86000013      -2.59396625    
   4.87000036      -2.69933391    
   4.88000011      -2.42239952    
   4.89000034      -2.26763201    
   4.90000057      -2.32276797    
   4.91000032      -2.22419691    
   4.92000055      -2.31111979    
   4.93000031      -2.25661588    
   4.94000053      -2.15821528    
   4.95000029      -2.03436184    
   4.96000051      -2.10337114    
   4.97000027      -2.19798017    
   4.98000050      -2.17579293    
   4.99000025      -2.20228910    
   5.00000048      -2.33259702    
   5.01000023      -2.32376361    
   5.02000046      -2.31304550    
   5.03000021      -2.29196382    
   5.04000044      -2.36060834    
   5.05000019      -2.48706222    
   5.06000042      -2.49283934    
   5.07000017      -2.34548879    
   5.08000040      -2.37081265    
   5.09000015      -2.26482630    
   5.10000038      -2.33554387    
   5.11000013      -2.48591614    
   5.12000036      -2.38424516    
   5.13000059      -2.42778945    
   5.14000034      -2.64526677    
   5.15000057      -2.72970748    
   5.16000032      -2.49286556    
   5.17000055      -2.55993986    
   5.18000031      -2.64935136    
   5.19000053      -2.62921381    
   5.20000029      -2.86136484    
   5.21000051      -2.90941954    
   5.22000027      -2.52464890    
   5.23000050      -2.54886413    
   5.24000025      -2.55133486    
   5.25000048      -2.40738845    
   5.26000023      -2.37494564    
   5.27000046      -2.33359146    
   5.28000021      -2.27692103    
   5.29000044      -2.25474930    
   5.30000019      -2.24836445    
   5.31000042      -2.26670122    
   5.32000017      -2.20139742    
   5.33000040      -2.22416687    
   5.34000015      -2.35959816    
   5.35000038      -2.27224207    
   5.36000061      -2.30245185    
   5.37000036      -2.24927855    
   5.38000059      -2.46314859    
   5.39000034      -2.62126040    
   5.40000057      -2.63052154    
   5.41000032      -2.70075297    
   5.42000055      -2.62919116    
   5.43000031      -2.66986346    
   5.44000053      -2.89021993    
   5.45000029      -2.66986346    
   5.46000051      -2.74003506    
   5.47000027      -2.67958021    
   5.48000050      -3.02082586    
   5.49000025      -2.83003545    
   5.50000048      -2.89890766    
   5.51000023      -2.63453102    
   5.52000046      -2.55872798    
   5.53000021      -2.71370625    
   5.54000044      -2.55500031    
   5.55000019      -2.40526962    
   5.56000042      -2.56740069    
   5.57000017      -2.58377171    
   5.58000040      -2.48706222    
   5.59000063      -2.56364751    
   5.60000038      -2.41591525    
   5.61000061      -2.36773682    
   5.62000036      -2.45865417    
   5.63000059      -2.55991888    
   5.64000034      -2.46876979    
   5.65000057      -2.55619717    
   5.66000032      -2.68374014    
   5.67000055      -2.53181267    
   5.68000031      -2.65745091    
   5.69000053      -2.76101995    
   5.70000029      -2.52822089    
   5.71000051      -2.81230164    
   5.72000027      -2.74896622    
   5.73000050      -2.91821122    
   5.74000025      -2.64526296    
   5.75000048      -2.65611506    
   5.76000023      -2.66571784    
   5.77000046      -2.63989210    
   5.78000021      -2.69506860    
   5.79000044      -2.55747914    
   5.80000019      -2.54029870    
   5.81000042      -2.49751353    
   5.82000065      -2.56491804    
   5.83000040      -2.45088434    
   5.84000063      -2.44533157    
   5.85000038      -2.59014106    
   5.86000061      -2.47677708    
   5.87000036      -2.48134422    
   5.88000059      -2.48708510    
   5.89000034      -2.40421629    
   5.90000057      -2.39575577    
   5.91000032      -2.44314647    
   5.92000055      -2.44422269    
   5.93000031      -2.23217964    
   5.94000053      -2.42455506    
   5.95000029      -2.29958725    
   5.96000051      -2.41486597    
   5.97000027      -2.45198798    
   5.98000050      -2.47562003    
   5.99000025      -2.42672133    
   6.00000048      -2.60947371    
   6.01000023      -2.80279827    
   6.02000046      -2.64797258    
   6.03000021      -2.93251395    
   6.04000044      -3.14404106    
   6.05000019      -2.66159725    
   6.06000042      -2.98417854    
   6.07000065      -2.75647974    
   6.08000040      -2.53545499    
   6.09000063      -2.60945535    
   6.10000038      -2.62787008    
   6.11000061      -2.43215013    
   6.12000036      -2.45085931    
   6.13000059      -2.55621457    
   6.14000034      -2.34450507    
   6.15000057      -2.21360683    
   6.16000032      -2.48246908    
   6.17000055      -2.31886387    
   6.18000031      -2.32374716    
   6.19000053      -2.64122558    
   6.20000029      -2.43108034    
   6.21000051      -2.47562647    
   6.22000027      -2.44092560    
   6.23000050      -2.42781997    
   6.24000025      -2.45533133    
   6.25000048      -2.47221160    
   6.26000023      -2.55995393    
   6.27000046      -2.39893103    
   6.28000021      -2.51157832    
   6.29000044      -2.69367361    
   6.30000067      -2.60041165    
   6.31000042      -2.47222114    
   6.32000065      -2.48363733    
   6.33000040      -2.62788892    
   6.34000063      -2.58887053    
   6.35000038      -2.58251643    
   6.36000061      -2.48594856    
   6.37000036      -2.42240572    
   6.38000059      -2.50804186    
   6.39000034      -2.31499934    
   6.40000057      -2.20576787    
   6.41000032      -2.14586282    
   6.42000055      -2.44867468    
   6.43000031      -2.40422845    
   6.44000053      -2.34353924    
   6.45000029      -2.31889677    
   6.46000051      -2.29674673    
   6.47000027      -2.46769857    
   6.48000050      -2.41809940    
   6.49000025      -2.60689187    
   6.50000048      -2.71369815    
   6.51000023      -2.50100636    
   6.52000046      -2.65340638    
   6.53000069      -2.50569558    
   6.54000044      -2.54152608    
   6.55000067      -2.56366515    
   6.56000042      -2.50216675    
   6.57000065      -2.37082982    
   6.58000040      -2.40843916    
   6.59000063      -2.53788590    
   6.60000038      -2.35455418    
   6.61000061      -2.40208030    
   6.62000036      -2.35455418    
   6.63000059      -2.26485753    
   6.64000034      -2.20314479    
   6.65000057      -2.21011543    
   6.66000032      -2.23129368    
   6.67000055      -2.21623516    
   6.68000031      -2.16319680    
   6.69000053      -2.11758614    
   6.70000029      -2.13849425    
   6.71000051      -2.27133060    
   6.72000027      -2.19106913    
   6.73000050      -2.46880817    
   6.74000025      -2.40313435    
   6.75000048      -2.50918722    
   6.76000071      -2.50682831    
   6.77000046      -2.56988931    
   6.78000069      -2.48361444    
   6.79000044      -2.59523964    
   6.80000067      -2.51986003    
   6.81000042      -2.65339851    
   6.82000065      -2.43982482    
   6.83000040      -2.42672133    
   6.84000063      -2.40631795    
   6.85000038      -2.51510048    
   6.86000061      -2.51039028    
   6.87000036      -2.43652964    
   6.88000059      -2.38009381    
   6.89000034      -2.59395885    
   6.90000057      -2.58248067    
   6.91000032      -2.55251694    
   6.92000055      -2.26576066    
   6.93000031      -2.32961702    
   6.94000053      -2.44753408    
   6.95000029      -2.34749866    
   6.96000051      -2.36469364    
   6.97000027      -2.34451914    
   6.98000050      -2.44313383    
   6.99000072      -2.41809034    
   7.00000048      -2.33556914    
   7.01000071      -2.40844512    
   7.02000046      -2.47790337    
   7.03000069      -2.79964018    
   7.04000044      -2.75048733    
   7.05000067      -2.75799942    
   7.06000042      -2.69791293    
   7.07000065      -2.59524679    
   7.08000040      -2.46427560    
   7.09000063      -2.47560406    
   7.10000038      -2.45532179    
   7.11000061      -2.45978880    
   7.12000036      -2.49983406    
   7.13000059      -2.40419841    
   7.14000034      -2.41486883    
   7.15000057      -2.26485753    
   7.16000032      -2.26855874    
   7.17000055      -2.43873143    
   7.18000031      -2.51394534    
   7.19000053      -2.55747914    
   7.20000029      -2.56742191    
   7.21000051      -2.53547525    
   7.22000074      -2.51277781    
   7.23000050      -2.67681527    
   7.24000072      -2.73562217    
   7.25000048      -2.57998896    
   7.26000071      -2.74748564    
   7.27000046      -2.76865482    
   7.28000069      -2.59655833    
   7.29000044      -2.63586855    
   7.30000067      -2.70938754    
   7.31000042      -2.63187647    
   7.32000065      -2.56742883    
   7.33000040      -2.61732960    
   7.34000063      -2.46094990    
   7.35000038      -2.51868582    
   7.36000061      -2.59654379    
   7.37000036      -2.48594856    
   7.38000059      -2.41486597    
   7.39000034      -2.32768703    
   7.40000057      -2.41917658    
   7.41000032      -2.43326092    
   7.42000055      -2.39053249    
   7.43000031      -2.45310855    
   7.44000053      -2.46205831    
   7.45000076      -2.63586473    
   7.46000051      -2.44754958    
   7.47000074      -2.39786053    
   7.48000050      -2.42024255    
   7.49000072      -2.45867634    
   7.50000048      -2.48706222    
   7.51000071      -2.45978880    
   7.52000046      -2.38320780    
   7.53000069      -2.39049125    
   7.54000044      -2.36876678    
   7.55000067      -2.30917072    
   7.56000042      -2.22505903    
   7.57000065      -2.31594348    
   7.58000040      -2.19107866    
   7.59000063      -2.20921922    
   7.60000038      -2.26025295    
   7.61000061      -2.26669860    
   7.62000036      -2.26762438    
   7.63000059      -2.20053101    
   7.64000034      -2.20835114    
   7.65000057      -2.23664141    
   7.66000032      -2.34150338    
   7.67000055      -2.21710038    
   7.68000031      -2.25840282    
   7.69000053      -2.37594509    
   7.70000076      -2.51510406    
   7.71000051      -2.44752765    
   7.72000074      -2.52103901    
   7.73000050      -2.38736916    
   7.74000072      -2.47561359    
   7.75000048      -2.58249140    
   7.76000071      -2.62655425    
   7.77000046      -2.52583027    
   7.78000069      -2.55254483    
   7.79000044      -2.41059494    
   7.80000067      -2.57619190    
   7.81000042      -2.57492828    
   7.82000065      -2.43544006    
   7.83000040      -2.47563291    
   7.84000063      -2.39365840    
   7.85000038      -2.48362112    
   7.86000061      -2.59142780    
   7.87000036      -2.63854146    
   7.88000059      -2.68379569    
   7.89000034      -2.57870626    
   7.90000057      -2.71079254    
   7.91000032      -2.52703691    
   7.92000055      -2.36981225    
   7.93000078      -2.56992483    
   7.94000053      -2.36063099    
   7.95000076      -2.64932442    
   7.96000051      -2.54520392    
   7.97000074      -2.35153365    
   7.98000050      -2.31888032    
   7.99000072      -2.27132535    
   8.00000095      -2.35556483    
   8.01000023      -2.49285579    
   8.02000046      -2.61731482    
   8.03000069      -2.65884256    
   8.04000092      -2.46540999    
   8.05000019      -2.49053502    
   8.06000042      -2.42455196    
   8.07000065      -2.49633551    
   8.08000088      -2.54762769    
   8.09000015      -2.46542573    
   8.10000038      -2.48135400    
   8.11000061      -2.56492877    
   8.12000084      -2.48019171    
   8.13000011      -2.38948298    
   8.14000034      -2.47791624    
   8.15000057      -2.55871749    
   8.16000080      -2.63854527    
   8.17000103      -2.47223401    
   8.18000031      -2.46093082    
   8.19000053      -2.53065133    
   8.20000076      -2.43435144    
   8.21000099      -2.54396510    
   8.22000027      -2.50803185    
   8.23000050      -2.31209588    
   8.24000072      -2.41487503    
   8.25000095      -2.39786363    
   8.26000023      -2.30822754    
   8.27000046      -2.35254693    
   8.28000069      -2.45868278    
   8.29000092      -2.46317744    
   8.30000019      -2.46541619    
   8.31000042      -2.53667641    
   8.32000065      -2.41593647    
   8.33000088      -2.34852219    
   8.34000015      -2.67401457    
   8.35000038      -2.48362756    
   8.36000061      -2.44204307    
   8.37000084      -2.53065825    
   8.38000107      -2.61996460    
   8.39000034      -2.48364377    
   8.40000057      -2.59271979    
   8.41000080      -2.51871920    
   8.42000103      -2.51990032    
   8.43000031      -2.55379796    
   8.44000053      -2.81076932    
   8.45000076      -2.47906613    
   8.46000099      -2.64799166    
   8.47000027      -2.62260652    
   8.48000050      -2.61996078    
   8.49000072      -2.66025591    
   8.50000095      -2.67961192    
   8.51000023      -2.62788510    
   8.52000046      -2.59014106    
   8.53000069      -2.65068579    
   8.54000092      -2.71515012    
   8.55000019      -2.57241273    
   8.56000042      -2.58632326    
   8.57000065      -2.64527440    
   8.58000088      -2.83002162    
   8.59000015      -2.90412521    
   8.60000038      -2.80911779    
   8.61000061      -2.73557210    
   8.62000084      -2.84968472    
   8.63000107      -2.80121350    
   8.64000034      -2.95065355    
   8.65000057      -2.82516241    
   8.66000080      -2.66848755    
   8.67000103      -3.00136924    
   8.68000031      -2.60818934    
   8.69000053      -2.59526873    
   8.70000076      -2.60042644    
   8.71000099      -2.58632684    
   8.72000027      -2.55996084    
   8.73000050      -2.57871342    
   8.74000072      -2.52105594    
   8.75000095      -2.37184572    
   8.76000023      -2.44753718    
   8.77000046      -2.63185382    
   8.78000069      -2.36468506    
   8.79000092      -2.51510406    
   8.80000019      -2.48132801    
   8.81000042      -2.49633217    
   8.82000065      -2.42780781    
   8.83000088      -2.54274154    
   8.84000015      -2.41593337    
   8.85000038      -2.52944732    
   8.86000061      -2.60429120    
   8.87000084      -2.60300612    
   8.88000107      -2.40314627    
   8.89000034      -2.66297531    
   8.90000057      -2.57241631    
   8.91000080      -2.53787208    
   8.92000103      -2.55868244    
   8.93000031      -2.50919724    
   8.94000053      -2.48936844    
   8.95000076      -2.47673845    
   8.96000099      -2.35857463    
   8.97000027      -2.45419264    
   8.98000050      -2.33553004    
   8.99000072      -2.45753384    
   9.00000095      -2.29574800    
   9.01000023      -2.41483855    
   9.02000046      -2.45308661    
   9.03000069      -2.63718534    
   9.04000092      -2.63317633    
   9.05000019      -2.64931679    
   9.06000042      -2.59655476    
   9.07000065      -2.70791554    
   9.08000088      -2.55623198    
   9.09000111      -2.63321042    
   9.10000038      -2.65204501    
   9.11000061      -2.80281162    
   9.12000084      -2.90065026    
   9.13000107      -2.69506454    
   9.14000034      -2.39260864    
   9.15000057      -2.54274487    
   9.16000080      -2.45755291    
   9.17000103      -2.64390898    
   9.18000031      -2.60948110    
   9.19000053      -2.50921392    
   9.20000076      -2.68799734    
   9.21000099      -2.69790077    
   9.22000027      -2.58885956    
   9.23000050      -2.42130685    
   9.24000072      -2.45199752    
   9.25000095      -2.46543550    
   9.26000023      -2.47109509    
   9.27000046      -2.46545124    
   9.28000069      -2.40421343    
   9.29000092      -2.32866263    
   9.30000019      -2.45869231    
   9.31000042      -2.41809320    
   9.32000065      -2.44315577    
   9.33000088      -2.37805247    
   9.34000111      -2.33855581    
   9.35000038      -2.45645261    
   9.36000061      -2.47221160    
   9.37000084      -2.38424802    
   9.38000107      -2.50802183    
   9.39000034      -2.50099969    
   9.40000057      -2.55254126    
   9.41000080      -2.73117471    
   9.42000103      -2.56242418    
   9.43000031      -2.45085621    
   9.44000053      -2.69220853    
   9.45000076      -2.93067932    
   9.46000099      -2.75644970    
   9.47000027      -2.65066648    
   9.48000050      -2.77473569    
   9.49000072      -2.73261881    
   9.50000095      -2.70645785    
   9.51000023      -2.64930153    
   9.52000046      -2.43213153    
   9.53000069      -2.46089888    
   9.54000092      -2.48591280    
   9.55000114      -2.46879530    
   9.56000042      -2.37595987    
   9.57000065      -2.39785767    
   9.58000088      -2.41378140    
   9.59000111      -2.46541953    
   9.60000038      -2.42672753    
   9.61000061      -2.38842249    
   9.62000084      -2.61077452    
   9.63000107      -2.54396844    
   9.64000034      -2.59783149    
   9.65000057      -2.61732602    
   9.66000080      -2.50804520    
   9.67000103      -2.45534086    
   9.68000031      -2.42891383    
   9.69000053      -2.52226353    
   9.70000076      -2.35962963    
   9.71000099      -2.38426852    
   9.72000027      -2.45869541    
   9.73000050      -2.33261943    
   9.74000072      -2.35356426    
   9.75000095      -2.32181740    
   9.76000023      -2.26487064    
   9.77000046      -2.45646214    
   9.78000069      -2.49286890    
   9.79000092      -2.49402308    
   9.80000114      -2.43545556    
   9.81000042      -2.48823595    
   9.82000065      -2.56492162    
   9.83000088      -2.38633752    
   9.84000111      -2.48018503    
   9.85000038      -2.48822618    
   9.86000061      -2.49401331    
   9.87000084      -2.61077809    
   9.88000107      -2.43872833    
   9.89000034      -2.41701436    
   9.90000057      -2.47108221    
   9.91000080      -2.47335505    
   9.92000103      -2.46882749    
   9.93000031      -2.40315533    
   9.94000053      -2.64528966    
   9.95000076      -2.55133486    
   9.96000099      -2.55256915    
   9.97000027      -2.48594213    
   9.98000050      -2.31888294    
   9.99000072      -2.33557487    
   10.0000010      -2.44424152    
   10.0100012      -2.50217986    
   10.0200005      -2.47448683    
   10.0300007      -2.51867890    
   10.0400009      -2.54640293    
   10.0500011      -2.32082081    
   10.0600004      -2.45086241    
   10.0700006      -2.42238736    
   10.0800009      -2.51274776    
   10.0900011      -2.81871819    
   10.1000004      -2.64391279    
   10.1100006      -2.61206579    
   10.1200008      -2.47332287    
   10.1300011      -2.46993160    
   10.1400003      -2.53302979    
   10.1500006      -2.48247218    
   10.1600008      -2.52582359    
   10.1700010      -2.39785767    
   10.1800003      -2.52104592    
   10.1900005      -2.49865675    
   10.2000008      -2.43542743    
   10.2100010      -2.61862946    
   10.2200003      -2.69648981    
   10.2300005      -2.74301457    
   10.2400007      -2.74152589    
   10.2500010      -2.69224453    
   10.2600012      -2.74450135    
   10.2700005      -2.86302423    
   10.2800007      -3.16421652    
   10.2900009      -3.03467894    
   10.3000011      -2.96539974    
   10.3100004      -2.95432758    
   10.3200006      -2.77784657    
   10.3300009      -2.68660426    
   10.3400011      -2.65340638    
   10.3500004      -2.77630091    
   10.3600006      -2.77475309    
   10.3700008      -2.73708129    
   10.3800011      -2.69792485    
   10.3900003      -2.44202757    
   10.4000006      -2.53546858    
   10.4100008      -2.63053274    
   10.4200010      -2.46994781    
   10.4300003      -2.51748252    
   10.4400005      -2.48361778    
   10.4500008      -2.51157165    
   10.4600010      -2.62919855    
   10.4700003      -2.54885721    
   10.4800005      -2.56490040    
   10.4900007      -2.55622149    
   10.5000010      -2.69364548    
   10.5100012      -2.70074487    
   10.5200005      -2.50216007    
   10.5300007      -2.66020918    
   10.5400009      -2.74298930    
   10.5500011      -2.75046611    
   10.5600004      -2.76100278    
   10.5700006      -2.45754337    
   10.5800009      -2.55745482    
   10.5900011      -2.50684476    
   10.6000004      -2.48362422    
   10.6100006      -2.51392174    
   10.6200008      -2.44311833    
   10.6300011      -2.77473998    
   10.6400003      -2.66433978    
   10.6500006      -2.58758354    
   10.6600008      -2.53304005    
   10.6700010      -2.45980763    
   10.6800003      -2.62920618    
   10.6900005      -2.53304672    
   10.7000008      -2.60949206    
   10.7100010      -2.55870342    
   10.7200012      -2.38739276    
   10.7300005      -2.56367922    
   10.7400007      -2.32475495    
   10.7500010      -2.39262342    
   10.7600012      -2.39367342    
   10.7700005      -2.44757771    
   10.7800007      -2.49288201    
   10.7900009      -2.47450948    
   10.8000011      -2.42350268    
   10.8100004      -2.42348742    
   10.8200006      -2.53912401    
   10.8300009      -2.60041547    
   10.8400011      -2.44977570    
   10.8500004      -2.51157165    
   10.8600006      -2.46542263    
   10.8700008      -2.44423532    
   10.8800011      -2.44533467    
   10.8900003      -2.46203899    
   10.9000006      -2.44754648    
   10.9100008      -2.62521434    
   10.9200010      -2.64932442    
   10.9300003      -2.61206937    
   10.9400005      -2.62653923    
   10.9500008      -2.54274154    
   10.9600010      -2.52104926    
   10.9700012      -2.61600924    
   10.9800005      -2.57743573    
   10.9900007      -2.42671227    
   11.0000010      -2.55745482    
   11.0100012      -2.59267974    
   11.0200005      -2.49516892    
   11.0300007      -2.47447395    
   11.0400009      -2.45868278    
   11.0500011      -2.47904992    
   11.0600004      -2.61863685    
   11.0700006      -2.69649363    
   11.0800009      -2.57744288    
   11.0900011      -2.58250570    
   11.1000004      -2.71514606    
   11.1100006      -2.61471272    
   11.1200008      -2.58250928    
   11.1300011      -2.68800926    
   11.1400003      -2.73413205    
   11.1500006      -2.78868175    
   11.1600008      -2.58250928    
   11.1700010      -2.63453102    
   11.1800013      -2.59655118    
   11.1900005      -2.75198936    
   11.2000008      -2.76864624    
   11.2100010      -2.69366145    
   11.2200012      -2.75952554    
   11.2300005      -2.73413205    
   11.2400007      -2.62391329    
   11.2500010      -2.46318054    
   11.2600012      -2.47905970    
   11.2700005      -2.68941641    
   11.2800007      -2.59655118    
   11.2900009      -2.65613437    
   11.3000011      -2.51749253    
   11.3100004      -2.57871342    
   11.3200006      -2.73855066    
   11.3300009      -2.56119180    
   11.3400011      -2.56492877    
   11.3500004      -2.63454604    
   11.3600006      -2.67125702    
   11.3700008      -2.61209893    
   11.3800011      -2.69508076    
   11.3900003      -2.64258337    
   11.4000006      -2.61209536    
   11.4100008      -2.59783506    
   11.4200010      -2.37803483    
   11.4300013      -2.41594553    
   11.4400005      -2.52944732    
   11.4500008      -2.78246784    
   11.4600010      -2.55870342    
   11.4700012      -2.59268713    
   11.4800005      -2.53425193    
   11.4900007      -2.40314031    
   11.5000010      -2.53425527    
   11.5100012      -2.63720417    
   11.5200005      -2.71369004    
   11.5300007      -2.94154763    
   11.5400009      -2.80438113    
   11.5500011      -2.69505668    
   11.5600004      -2.48477435    
   11.5700006      -2.60299158    
   11.5800009      -2.79650068    
   11.5900011      -2.90937972    
   11.6000004      -2.87824821    
   11.6100006      -2.66158557    
   11.6200008      -2.54517651    
   11.6300011      -2.48822618    
   11.6400013      -2.57617760    
   11.6500006      -2.53667641    
   11.6600008      -2.64797258    
   11.6700010      -2.54396510    
   11.6800013      -2.63587236    
   11.6900005      -2.48019171    
   11.7000008      -2.50804853    
   11.7100010      -2.53788924    
   11.7200012      -2.62788868    
   11.7300005      -2.59014654    
   11.7400007      -2.67541599    
   11.7500010      -2.57997823    
   11.7600012      -2.50216842    
   11.7700005      -2.49867988    
   11.7800007      -2.61471272    
   11.7900009      -2.47108221    
   11.8000011      -2.48478889    
   11.8100004      -2.42780924    
   11.8200006      -2.49634218    
   11.8300009      -2.59269977    
   11.8400011      -2.45198321    
   11.8500004      -2.46768260    
   11.8600006      -2.48363090    
   11.8700008      -2.58504486    
   11.8800011      -2.53425193    
   11.8900013      -2.54640460    
   11.9000006      -2.77783799    
   11.9100008      -2.84473133    
   11.9200010      -2.82516694    
   11.9300013      -2.70936108    
   11.9400005      -2.54518843    
   11.9500008      -2.75801206    
   11.9600010      -2.77629423    
   11.9700012      -2.76558757    
   11.9800005      -2.78867960    
   11.9900007      -2.75649858    
   12.0000010      -2.77783799    
   12.0100012      -2.59654021    
   12.0200005      -2.46995258    
   12.0300007      -2.55995035    
   12.0400009      -2.56367922    
   12.0500011      -2.60429120    
   12.0600004      -2.71080685    
   12.0700006      -2.59270883    
   12.0800009      -2.72532344    
   12.0900011      -2.71803570    
   12.1000004      -2.65340233    
   12.1100006      -2.56118822    
   12.1200008      -2.66847396    
   12.1300011      -2.76862454    
   12.1400013      -2.60168982    
   12.1500006      -2.69505262    
   12.1600008      -2.75950217    
   12.1700010      -2.68377590    
   12.1800013      -2.76556826    
   12.1900005      -2.51629090    
   12.2000008      -2.63318586    
   12.2100010      -2.76557446    
   12.2200012      -2.71367574    
   12.2300005      -2.62655425    
   12.2400007      -2.82354403    
   12.2500010      -2.91643763    
   12.2600012      -2.79493237    
   12.2700005      -2.69081736    
   12.2800007      -2.52105594    
   12.2900009      -2.47106934    
   12.3000011      -2.61207676    
   12.3100004      -2.56490397    
   12.3200006      -2.48247385    
   12.3300009      -2.53183150    
   12.3400011      -2.53183484    
   12.3500013      -2.52582860    
   12.3600006      -2.45086241    
   12.3700008      -2.42562985    
   12.3800011      -2.39680314    
   12.3900013      -2.46428823    
   12.4000006      -2.60040092    
   12.4100008      -2.51393175    
   12.4200010      -2.39365411    
   12.4300013      -2.53545833    
   12.4400005      -2.48019314    
   12.4500008      -2.57366800    
   12.4600010      -2.38842678    
   12.4700012      -2.47108221    
   12.4800005      -2.62787747    
   12.4900007      -2.60299158    
   12.5000010      -2.61864257    
   12.5100012      -2.53064632    
   12.5200005      -2.57116103    
   12.5300007      -2.73708129    
   12.5400009      -2.60817814    
   12.5500011      -2.77629209    
   12.5600004      -2.57492113    
   12.5700006      -2.60297680    
   12.5800009      -2.57870436    
   12.5900011      -2.45979667    
   12.6000013      -2.56615520    
   12.6100006      -2.64795923    
   12.6200008      -2.55869842    
   12.6300011      -2.51748586    
   12.6400013      -2.39470220    
   12.6500006      -2.35455966    
   12.6600008      -2.31887341    
   12.6700010      -2.42023802    
   12.6800013      -2.43107724    
   12.6900005      -2.39260983    
   12.7000008      -2.37288857    
   12.7100010      -2.38218355    
   12.7200012      -2.39786196    
   12.7300005      -2.46429944    
   12.7400007      -2.57744646    
   12.7500010      -2.67680144    
   12.7600012      -2.65340042    
   12.7700005      -2.71080065    
   12.7800007      -2.67959809    
   12.7900009      -2.75650311    
   12.8000011      -2.86807394    
   12.8100014      -2.84475255    
   12.8200006      -2.73855925    
   12.8300009      -2.64528394    
   12.8400011      -2.68942833    
   12.8500013      -2.64662647    
   12.8600006      -2.58504486    
   12.8700008      -2.77016306    
   12.8800011      -2.70076704    
   12.8900013      -2.71368384    
   12.9000006      -2.61208606    
   12.9100008      -2.60428572    
   12.9200010      -2.49517536    
   12.9300013      -2.63720417    
   12.9400005      -2.57492280    
   12.9500008      -2.70075703    
   12.9600010      -2.71079850    
   12.9700012      -2.69366145    
   12.9800005      -2.60040998    
   12.9900007      -2.61078906    
   13.0000010      -2.56368089    
   13.0100012      -2.60429668    
   13.0200005      -2.60430026    
   13.0300007      -2.98418927    
   13.0400009      -2.82518744    
   13.0500011      -2.86472917    
   13.0600014      -2.69650984    
   13.0700006      -2.64393950    
   13.0800009      -2.64798784    
   13.0900011      -2.76104999    
   13.1000013      -2.82680154    
   13.1100006      -2.77324033    
   13.1200008      -2.77939272    
   13.1300011      -2.69083333    
   13.1400013      -2.66434956    
   13.1500006      -2.61339951    
   13.1600008      -2.69791293    
   13.1700010      -2.66847587    
   13.1800013      -2.65476370    
   13.1900005      -2.68941236    
   13.2000008      -2.50685644    
   13.2100010      -2.52105927    
   13.2200012      -2.48478103    
   13.2300005      -2.45980620    
   13.2400007      -2.55500364    
   13.2500010      -2.41809487    
   13.2600012      -2.46317887    
   13.2700014      -2.41702342    
   13.2800007      -2.44755888    
   13.2900009      -2.45868754    
   13.3000011      -2.41379952    
   13.3100014      -2.44645095    
   13.3200006      -2.39470959    
   13.3300009      -2.43544149    
   13.3400011      -2.58123946    
   13.3500013      -2.59783506    
   13.3600006      -2.56990886    
   13.3700008      -2.47108388    
   13.3800011      -2.47562170    
   13.3900013      -2.48823094    
   13.4000006      -2.43653440    
   13.4100008      -2.47334862    
   13.4200010      -2.54763460    
   13.4300013      -2.50568724    
   13.4400005      -2.46543217    
   13.4500008      -2.39471245    
   13.4600010      -2.33557320    
   13.4700012      -2.39787102    
   13.4800005      -2.51987004    
   13.4900007      -2.46995425    
   13.5000010      -2.44092870    
   13.5100012      -2.56742191    
   13.5200014      -2.53426385    
   13.5300007      -2.55007982    
   13.5400009      -2.49401164    
   13.5500011      -2.66296387    
   13.5600014      -2.61732030    
   13.5700006      -2.63052344    
   13.5800009      -2.67401075    
   13.5900011      -2.59397173    
   13.6000013      -2.67540407    
   13.6100006      -2.61864066    
   13.6200008      -2.55008149    
   13.6300011      -2.66297150    
   13.6400013      -2.69083548    
   13.6500006      -2.71369004    
   13.6600008      -2.70362568    
   13.6700010      -2.63989019    
   13.6800013      -2.67263699    
   13.6900005      -2.68941832    
   13.7000008      -2.75198102    
   13.7100010      -2.57745004    
   13.7200012      -2.75649023    
   13.7300005      -2.72384214    
   13.7400007      -2.71947956    
   13.7500010      -2.64797258    
   13.7600012      -2.73560548    
   13.7700014      -2.59912443    
   13.7800007      -2.56243110    
   13.7900009      -2.63721561    
   13.8000011      -2.57745194    
   13.8100014      -2.55009198    
   13.8200006      -2.77017164    
   13.8300009      -2.54641509    
   13.8400011      -2.56368089    
   13.8500013      -2.56243110    
   13.8600006      -2.52943707    
   13.8700008      -2.50216675    
   13.8800011      -2.57366610    
   13.8900013      -2.65476751    
   13.9000006      -2.57366800    
   13.9100008      -2.64797068    
   13.9200010      -2.66022086    
   13.9300013      -2.56739902    
   13.9400005      -2.64526677    
   13.9500008      -2.60817266    
   13.9600010      -2.70504689    
   13.9700012      -2.76103067    
   13.9800014      -2.75348544    
   13.9900007      -2.66847396    
   14.0000010      -2.64391279    
   14.0100012      -2.75951910    
   14.0200014      -2.60558701    
   14.0300007      -2.66023064    
   14.0400009      -2.69224644    
   14.0500011      -2.84309745    
   14.0600014      -2.87825775    
   14.0700006      -2.68239856    
   14.0800009      -2.73855710    
   14.0900011      -2.80122471    
   14.1000013      -2.78869271    
   14.1100006      -2.79493904    
   14.1200008      -2.63988829    
   14.1300011      -2.80914497    
   14.1400013      -2.80914497    
   14.1500006      -2.75801635    
   14.1600008      -2.64528394    
   14.1700010      -2.63587427    
   14.1800013      -2.58124661    
   14.1900005      -2.54764485    
   14.2000008      -2.57367682    
   14.2100010      -2.68239856    
   14.2200012      -2.72824478    
   14.2300014      -2.75650311    
   14.2400007      -2.61209178    
   14.2500010      -2.62391496    
   14.2600012      -2.80755901    
   14.2700014      -2.87485003    
   14.2800007      -3.02872205    
   14.2900009      -3.07533360    
   14.3000011      -3.01105309    
   14.3100014      -2.95617485    
   14.3200006      -3.11554670    
   14.3300009      -3.18485975    
   14.3400011      -3.06091285    
   14.3500013      -3.49438310    
   14.3600006      -3.21778941    
   14.3700008      -3.23467350    
   14.3800011      -3.16422629    
   14.3900013      -3.08365893    
   14.4000006      -3.22018075    
   14.4100008      -3.15744185    
   14.4200010      -3.02082038    
   14.4300013      -2.87654161    
   14.4400015      -2.84309292    
   14.4500008      -3.02673030    
   14.4600010      -2.84638906    
   14.4700012      -2.90762663    
   14.4800014      -2.80596209    
   14.4900007      -2.70361757    
   14.5000010      -2.71080065    
   14.5100012      -2.73559713    
   14.5200014      -2.90413260    
   14.5300007      -3.05072522    
   14.5400009      -3.06500459    
   14.5500011      -3.06500745    
   14.5600014      -3.06090713    
   14.5700006      -3.07118201    
   14.5800009      -3.24200797    
   14.5900011      -3.28201771    
   14.6000013      -3.12858725    
   14.6100006      -3.05682659    
   14.6200008      -2.89716554    
   14.6300011      -2.98039865    
   14.6400013      -2.88166761    
   14.6500006      -2.92713380    
   14.6600008      -2.84970593    
   14.6700010      -2.84310675    
   14.6800013      -2.84805202    
   14.6900015      -2.78247643    
   14.7000008      -2.61864614    
   14.7100010      -2.88509130    
   14.7200012      -2.87485003    
   14.7300014      -2.92534184    
   14.7400007      -2.67263699    
   14.7500010      -2.79337335    
   14.7600012      -2.80914497    
   14.7700014      -2.85135770    
   14.7800007      -2.81873178    
   14.7900009      -2.87315178    
   14.8000011      -2.88681507    
   14.8100014      -2.95615935    
   14.8200006      -2.77938819    
   14.8300009      -2.80755448    
   14.8400011      -2.87825060    
   14.8500013      -2.98986983    
   14.8600006      -2.89542651    
   14.8700008      -2.76405835    
   14.8800011      -2.74599004    
   14.8900013      -2.73117471    
   14.9000015      -2.70791554    
   14.9100008      -2.67680144    
   14.9200010      -2.68659616    
   14.9300013      -2.68799734    
   14.9400015      -2.68800330    
   14.9500008      -2.74449492    
   14.9600010      -2.71224022    
   14.9700012      -2.71657133    
   14.9800014      -2.80754781    
   14.9900007      -2.76710820    
   15.0000010      -2.72093153    
   15.0100012      -2.67680526    
   15.0200014      -2.72676969    
   15.0300007      -2.71657538    
   15.0400009      -2.79807806    
   15.0500011      -2.96727300    
   15.0600014      -2.85136247    
   15.0700006      -2.89196968    
   15.0800009      -2.99753499    
   15.0900011      -3.02083707    
   15.1000013      -3.04066849    
   15.1100006      -3.24447179    
   15.1200008      -3.23711920    
   15.1300011      -3.23467326    
   15.1400013      -3.35065603    
   15.1500015      -3.24692416    
   15.1600008      -3.15296125    
   15.1700010      -3.23225760    
   15.1800013      -3.24693465    
   15.1900015      -3.11340189    
   15.2000008      -3.03866434    
   15.2100010      -3.00911546    
   15.2200012      -2.87654901    
   15.2300014      -2.86808109    
   15.2400007      -2.84146833    
   15.2500010      -2.86639190    
   15.2600012      -2.90939212    
   15.2700014      -2.86808109    
   15.2800007      -2.80279827    
   15.2900009      -2.77475953    
   15.3000011      -2.75047874    
   15.3100014      -2.79650950    
   15.3200006      -2.91467977    
   15.3300009      -3.02871633    
   15.3400011      -2.92355824    
   15.3500013      -2.92891645    
   15.3600006      -2.83491182    
   15.3700008      -2.95065880    
   15.3800011      -2.90588427    
   15.3900013      -2.96541286    
   15.4000015      -2.94700074    
   15.4100008      -3.03267527    
   15.4200010      -2.82839775    
   15.4300013      -2.88851738    
   15.4400015      -2.77016187    
   15.4500008      -2.89196110    
   15.4600010      -2.78091812    
   15.4700012      -2.86639190    
   15.4800014      -2.74748230    
   15.4900007      -2.67401958    
   15.5000010      -2.66986179    
   15.5100012      -2.66159630    
   15.5200014      -2.62391329    
   15.5300007      -2.74898744    
   15.5400009      -2.66848278    
   15.5500011      -2.66986275    
   15.5600014      -2.59783435    
   15.5700006      -2.72239614    
   15.5800009      -2.76711130    
   15.5900011      -2.74450755    
   15.6000013      -2.85135889    
   15.6100016      -2.74899077    
   15.6200008      -2.74749303    
   15.6300011      -2.69366360    
   15.6400013      -2.73560667    
   15.6500015      -2.74599862    
   15.6600008      -2.75349593    
   15.6700010      -2.88337922    
   15.6800013      -2.69083738    
   15.6900015      -2.60818934    
   15.7000008      -2.62523389    
   15.7100010      -2.63320088    
   15.7200012      -2.73412776    
   15.7300014      -2.82678795    
   15.7400007      -2.84474444    
   15.7500010      -2.78092146    
   15.7600012      -2.70505595    
   15.7700014      -2.70792174    
   15.7800007      -2.62523007    
   15.7900009      -2.84309745    
   15.8000011      -2.91999149    
   15.8100014      -2.98229361    
   15.8200006      -2.83003306    
   15.8300009      -2.80755901    
   15.8400011      -2.73412991    
   15.8500013      -2.73708439    
   15.8600016      -2.76864314    
   15.8700008      -2.83654523    
   15.8800011      -2.83491063    
   15.8900013      -2.89197564    
   15.9000015      -2.81552291    
   15.9100008      -2.74898744    
   15.9200010      -2.78092575    
   15.9300013      -2.85633945    
   15.9400015      -2.78246784    
   15.9500008      -2.91290379    
   15.9600010      -2.94698644    
   15.9700012      -2.87483931    
   15.9800014      -2.82032633    
   15.9900007      -2.87314224    
