   0.00000000      0.994394481    
  0.100000001      0.819672108    
  0.200000003      0.791750371    
  0.300000012      0.769751430    
  0.400000006      0.756530941    
  0.500000000      0.739608645    
  0.600000024      0.732310951    
  0.699999988      0.719725013    
  0.800000012      0.704177678    
  0.900000036      0.694235861    
   1.00000000      0.684717059    
   1.10000002      0.678582788    
   1.20000005      0.668217897    
   1.30000007      0.658910632    
   1.39999998      0.648651481    
   1.50000000      0.636700153    
   1.60000002      0.627181411    
   1.70000005      0.620835543    
   1.80000007      0.607932329    
   1.89999998      0.601480722    
   2.00000000      0.591961920    
   2.10000014      0.584981501    
   2.20000005      0.574616611    
   2.29999995      0.568376541    
   2.40000010      0.563088298    
   2.50000000      0.549973547    
   2.60000014      0.543733478    
   2.70000005      0.536118448    
   2.79999995      0.532099426    
   2.90000010      0.520994186    
   3.00000000      0.511898458    
   3.10000014      0.504812241    
   3.20000005      0.498572171    
   3.29999995      0.490851402    
   3.40000010      0.483130604    
   3.50000000      0.476361722    
   3.60000014      0.468217880    
   3.70000005      0.460074037    
   3.79999995      0.455737710    
   3.90000010      0.449286103    
   4.00000000      0.441565305    
   4.09999990      0.435325235    
   4.20000029      0.429931253    
   4.30000019      0.423056573    
   4.40000010      0.413749337    
   4.50000000      0.409201473    
   4.59999990      0.404865146    
   4.70000029      0.399788469    
   4.80000019      0.390587002    
   4.90000010      0.385827601    
   5.00000000      0.382654667    
   5.09999990      0.376414597    
   5.20000029      0.372078270    
   5.30000019      0.367636174    
   5.40000010      0.360973030    
   5.50000000      0.353992611    
   5.59999990      0.349867791    
   5.70000029      0.343627721    
   5.80000019      0.339714438    
   5.90000010      0.335906923    
   6.00000000      0.331464827    
   6.09999990      0.326811224    
   6.20000029      0.322474867    
   6.30000019      0.318773150    
   6.40000010      0.314331055    
   6.50000000      0.310946584    
   6.59999990      0.307139069    
   6.70000029      0.301639348    
   6.80000019      0.298360646    
   6.90000010      0.294553161    
   7.00000000      0.290745646    
   7.09999990      0.287255406    
   7.20000029      0.281226873    
   7.30000019      0.278265476    
   7.40000010      0.274352193    
   7.50000000      0.270544678    
   7.59999990      0.266208351    
   7.70000029      0.262823910    
   7.80000019      0.259333700    
   7.90000010      0.256266534    
   8.00000000      0.252882063    
   8.10000038      0.250661016    
   8.19999981      0.248651505    
   8.30000019      0.245901644    
   8.40000057      0.241459548    
   8.50000000      0.239978850    
   8.60000038      0.235113695    
   8.69999981      0.232469589    
   8.80000019      0.229402438    
   8.90000057      0.229402438    
   9.00000000      0.223796934    
   9.10000038      0.222527757    
   9.19999981      0.218191430    
   9.30000019      0.215758860    
   9.40000057      0.213749334    
   9.50000000      0.211105242    
   9.60000038      0.208672658    
   9.69999981      0.206345856    
   9.80000019      0.204759389    
   9.90000057      0.202326804    
   10.0000000      0.199682713    
   10.1000004      0.196827069    
   10.1999998      0.193865687    
   10.3000002      0.193336859    
   10.4000006      0.190269694    
   10.5000000      0.189000532    
   10.6000004      0.184664205    
   10.6999998      0.182654679    
   10.8000002      0.180116341    
   10.9000006      0.176308826    
   11.0000000      0.172607079    
   11.1000004      0.171126395    
   11.1999998      0.167530403    
   11.3000002      0.165520892    
   11.4000006      0.160973027    
   11.5000000      0.158646226    
   11.6000004      0.155579060    
   11.6999998      0.152934954    
   11.8000002      0.150608137    
   11.9000006      0.147435218    
   12.0000000      0.144896880    
   12.1000004      0.142887354    
   12.1999998      0.138974085    
   12.3000002      0.135483876    
   12.4000006      0.133051291    
   12.5000000      0.131570593    
   12.6000004      0.127974615    
   12.6999998      0.125859335    
   12.8000002      0.121946059    
   12.9000006      0.119619250    
   13.0000000      0.117927022    
   13.1000004      0.115494445    
   13.1999998      0.112956107    
   13.3000002      0.111369647    
   13.4000006      0.109783180    
   13.5000000      0.105552621    
   13.6000004      0.103225805    
   13.6999998      0.101427816    
   13.8000002       9.89952385E-02
   13.9000006       9.59280804E-02
   14.0000000       9.28609222E-02
   14.1000004       8.94764662E-02
   14.1999998       8.67265984E-02
   14.3000002       8.42940211E-02
   14.4000006       8.32363814E-02
   14.5000000       7.97461644E-02
   14.6000004       7.89000541E-02
   14.6999998       7.55155981E-02
   14.8000002       7.38233775E-02
   14.9000006       7.18138516E-02
   15.0000000       7.08619803E-02
   15.1000004       6.86409324E-02
   15.1999998       6.61025941E-02
   15.3000002       6.44103661E-02
   15.4000006       6.19777888E-02
   15.5000000       5.98625056E-02
   15.6000004       5.82760461E-02
   15.6999998       5.65838180E-02
   15.8000002       5.45742996E-02
   15.9000006       5.30936010E-02
