   0.00000000       4.31299734    
   1.00000007E-02   3.74626017    
   2.00000014E-02   3.25328660    
   3.00000012E-02   2.73712802    
   4.00000028E-02   2.22671914    
   5.00000045E-02   1.67348683    
   6.00000024E-02   1.12217319    
   7.00000077E-02  0.916400671    
   8.00000057E-02  0.779408634    
   9.00000036E-02  0.678919613    
  0.100000009      0.700857401    
  0.110000007      0.664647520    
  0.120000005      0.685720503    
  0.130000010      0.596436501    
  0.140000015      0.527175367    
  0.150000006      0.433196723    
  0.160000011      0.420073956    
  0.170000017      0.396025151    
  0.180000007      0.394970685    
  0.190000013      0.376770675    
  0.200000018      0.385677248    
  0.210000008      0.351957291    
  0.220000014      0.359333634    
  0.230000019      0.307124823    
  0.240000010      0.317182839    
  0.250000030      0.323504716    
  0.260000020      0.337205678    
  0.270000011      0.320726067    
  0.280000031      0.296685338    
  0.290000021      0.262294561    
  0.300000012      0.266794175    
  0.310000032      0.236523673    
  0.320000023      0.242559448    
  0.330000013      0.246583313    
  0.340000033      0.259037435    
  0.350000024      0.237388477    
  0.360000014      0.221296847    
  0.370000035      0.228000745    
  0.380000025      0.224745259    
  0.390000015      0.236812487    
  0.400000036      0.239205882    
  0.410000026      0.240071774    
  0.420000017      0.257793874    
  0.430000037      0.246678680    
  0.440000027      0.237098038    
  0.450000018      0.223302826    
  0.460000038      0.236330226    
  0.470000029      0.239682183    
  0.480000019      0.242366016    
  0.490000039      0.223013461    
  0.500000060      0.207114205    
  0.510000050      0.203475058    
  0.520000041      0.205387294    
  0.530000031      0.201366141    
  0.540000021      0.210946783    
  0.550000012      0.214874730    
  0.560000062      0.222442880    
  0.570000052      0.202804238    
  0.580000043      0.205392167    
  0.590000033      0.212095514    
  0.600000024      0.227427468    
  0.610000014      0.216792911    
  0.620000064      0.202901229    
  0.630000055      0.203766584    
  0.640000045      0.199166194    
  0.650000036      0.199456081    
  0.660000026      0.182786837    
  0.670000076      0.178476349    
  0.680000067      0.179244161    
  0.690000057      0.186139330    
  0.700000048      0.158263326    
  0.710000038      0.154523954    
  0.720000029      0.153182298    
  0.730000079      0.186617792    
  0.740000069      0.176939085    
  0.750000060      0.180962935    
  0.760000050      0.163144410    
  0.770000041      0.189585015    
  0.780000031      0.169084817    
  0.790000081      0.184794962    
  0.800000072      0.175024152    
  0.810000062      0.184219509    
  0.820000052      0.194472596    
  0.830000043      0.204625428    
  0.840000033      0.177992463    
  0.850000083      0.182401031    
  0.860000074      0.172148496    
  0.870000064      0.183356330    
  0.880000055      0.165921986    
  0.890000045      0.187859192    
  0.900000036      0.193126068    
  0.910000086      0.172530517    
  0.920000076      0.158930361    
  0.930000067      0.147814631    
  0.940000057      0.162855595    
  0.950000048      0.176458463    
  0.960000038      0.170325682    
  0.970000088      0.174832329    
  0.980000079      0.175403461    
  0.990000069      0.165248454    
   1.00000012      0.172145247    
   1.01000011      0.170039579    
   1.02000010      0.189292952    
   1.03000009      0.188429222    
   1.04000008      0.180863783    
   1.05000007      0.177892759    
   1.06000006      0.169750765    
   1.07000005      0.180767879    
   1.08000004      0.149440214    
   1.09000003      0.155573532    
   1.10000002      0.163906798    
   1.11000013      0.159787580    
   1.12000012      0.141683474    
   1.13000011      0.149059281    
   1.14000010      0.150401473    
   1.15000010      0.162471950    
   1.16000009      0.152508765    
   1.17000008      0.157012716    
   1.18000007      0.132871747    
   1.19000006      0.172531053    
   1.20000005      0.143505752    
   1.21000004      0.149061993    
   1.22000003      0.146955237    
   1.23000014      0.148580283    
   1.24000013      0.140535280    
   1.25000012      0.150881559    
   1.26000011      0.130475640    
   1.27000010      0.123772830    
   1.28000009      0.114188939    
   1.29000008      0.121661738    
   1.30000007      0.134211227    
   1.31000006      0.139766917    
   1.32000005      0.136126697    
   1.33000004      0.137083083    
   1.34000015      0.150306642    
   1.35000014      0.152412310    
   1.36000013      0.132390037    
   1.37000012      0.141202316    
   1.38000011      0.152890235    
   1.39000010      0.145514980    
   1.40000010      0.152890787    
   1.41000009      0.130955726    
   1.42000008      0.150785655    
   1.43000007      0.141204476    
   1.44000006      0.155576244    
   1.45000005      0.114858679    
   1.46000016      0.109496430    
   1.47000015      0.125686139    
   1.48000014      0.133160561    
   1.49000013      0.142451301    
   1.50000012      0.149350807    
   1.51000011      0.140442625    
   1.52000010      0.145037591    
   1.53000009      0.128847897    
   1.54000008      0.138523892    
   1.55000007      0.111124724    
   1.56000006      0.156246528    
   1.57000005      0.165347606    
   1.58000016      0.174349532    
   1.59000015      0.162374422    
   1.60000014      0.150494680    
   1.61000013      0.157199651    
   1.62000012      0.168599859    
   1.63000011      0.166300192    
   1.64000010      0.166875660    
   1.65000010      0.164768353    
   1.66000009      0.167641297    
   1.67000008      0.160554305    
   1.68000007      0.154326707    
   1.69000018      0.137562633    
   1.70000017      0.134018317    
   1.71000016      0.126738429    
   1.72000015      0.116775244    
   1.73000014      0.130473480    
   1.74000013      0.126261592    
   1.75000012      0.127216890    
   1.76000011      0.115818858    
   1.77000010      0.119268343    
   1.78000009      0.111315995    
   1.79000008      0.103077009    
   1.80000007       9.98215154E-02
   1.81000018      0.112753555    
   1.82000017      0.112658188    
   1.83000016      0.129614621    
   1.84000015      0.112371542    
   1.85000014      0.114957303    
   1.86000013      0.108731322    
   1.87000012      0.116680413    
   1.88000011      0.115915306    
   1.89000010      0.110645719    
   1.90000010      0.123480767    
   1.91000009      0.135552332    
   1.92000008      0.138617098    
   1.93000019      0.154805720    
   1.94000018      0.137851447    
   1.95000017      0.126450166    
   1.96000016      0.131432027    
   1.97000015      0.138617098    
   1.98000014      0.137086883    
   1.99000013      0.118405700    
   2.00000024      0.134882048    
   2.01000023      0.120227978    
   2.02000022      0.117928319    
   2.03000021      0.101545714    
   2.04000020      0.102218159    
   2.05000019       9.79992375E-02
   2.06000018       9.54156443E-02
   2.07000017       8.60273764E-02
   2.08000016       9.05302390E-02
   2.09000015       8.82305801E-02
   2.10000014       9.75213125E-02
   2.11000013       8.28656256E-02
   2.12000012       9.68499482E-02
   2.13000011       9.78079587E-02
   2.14000010      0.100395344    
   2.15000010      0.104801208    
   2.16000009      0.126741141    
   2.17000008      0.118213341    
   2.18000007      0.124150507    
   2.19000006      0.126547158    
   2.20000005      0.125396237    
   2.21000004      0.133349121    
   2.22000027      0.145898074    
   2.23000026      0.135361061    
   2.24000025      0.132868499    
   2.25000024      0.129420638    
   2.26000023      0.130762279    
   2.27000022      0.123384856    
   2.28000021      0.132198751    
   2.29000020      0.124057300    
   2.30000019      0.141874209    
   2.31000018      0.143215314    
   2.32000017      0.147621736    
   2.33000016      0.132200375    
   2.34000015      0.136893973    
   2.35000014      0.132774755    
   2.36000013      0.144463226    
   2.37000012      0.136415511    
   2.38000011      0.127602160    
   2.39000010      0.131051645    
   2.40000010      0.135363221    
   2.41000009      0.126453415    
   2.42000008      0.136992052    
   2.43000007      0.118789881    
   2.44000006      0.115625955    
   2.45000029      0.111795001    
   2.46000028      0.130093634    
   2.47000027      0.119841628    
   2.48000026      0.112273462    
   2.49000025      0.111026645    
   2.50000024       9.69447792E-02
   2.51000023      0.115050502    
   2.52000022      0.100968093    
   2.53000021      0.103362568    
   2.54000020      0.118596435    
   2.55000019      0.106143944    
   2.56000018      0.113232017    
   2.57000017       9.76172239E-02
   2.58000016      0.114670113    
   2.59000015      0.135554492    
   2.60000014      0.124347739    
   2.61000013      0.137087420    
   2.62000012      0.128848970    
   2.63000011      0.111030437    
   2.64000010      0.113425463    
   2.65000010      0.109016351    
   2.66000009      0.113519199    
   2.67000008      0.118980616    
   2.68000031      0.130668536    
   2.69000030      0.119172432    
   2.70000029       9.47437510E-02
   2.71000028      0.107962966    
   2.72000027      0.115435235    
   2.73000026      0.103556015    
   2.74000025      0.121758193    
   2.75000024      0.112083271    
   2.76000023      0.110454984    
   2.77000022      0.125876874    
   2.78000021      0.129133999    
   2.79000020      0.120416544    
   2.80000019      0.118116885    
   2.81000018      0.120990373    
   2.82000017      0.123098753    
   2.83000016      0.118498899    
   2.84000015      0.126353160    
   2.85000014      0.125012606    
   2.86000013      0.128748193    
   2.87000012      0.137752280    
   2.88000011      0.137465104    
   2.89000010      0.122904226    
   2.90000010      0.134304419    
   2.91000032      0.133154601    
   2.92000031      0.120990373    
   2.93000031      0.122042663    
   2.94000030      0.115818858    
   2.95000029      0.123099834    
   2.96000028      0.114572041    
   2.97000027      0.118596978    
   2.98000026      0.105952121    
   2.99000025      0.121759817    
   3.00000024      0.102598548    
   3.01000023       8.95705968E-02
   3.02000022      0.102790907    
   3.03000021      0.110452816    
   3.04000020      0.113425463    
   3.05000019      0.124535225    
   3.06000018       9.91490632E-02
   3.07000017      0.102694996    
   3.08000016       9.06234384E-02
   3.09000015       9.56047550E-02
   3.10000014       9.08147097E-02
   3.11000013      0.106718853    
   3.12000012      0.106524870    
   3.13000011      0.102981642    
   3.14000010      0.114284307    
   3.15000033      0.115337685    
   3.16000032      0.121566370    
   3.17000031      0.129039168    
   3.18000031      0.125971690    
   3.19000030      0.141971216    
   3.20000029      0.152413398    
   3.21000028      0.131625473    
   3.22000027      0.123866029    
   3.23000026      0.123292200    
   3.24000025      0.118596978    
   3.25000024      0.110072426    
   3.26000023       9.57976580E-02
   3.27000022       8.39173719E-02
   3.28000021       8.00864175E-02
   3.29000020       8.79433975E-02
   3.30000019       7.75012076E-02
   3.31000018       6.86894730E-02
   3.32000017       7.34800622E-02
   3.33000016       7.69279152E-02
   3.34000015       7.79812932E-02
   3.35000014      0.101356059    
   3.36000013      0.102504805    
   3.37000012      0.108924225    
   3.38000035      0.112948082    
   3.39000034      0.116012841    
   3.40000033      0.104422450    
   3.41000032      0.107676320    
   3.42000031      0.118597515    
   3.43000031      0.114669032    
   3.44000030      0.101545170    
   3.45000029       9.73300412E-02
   3.46000028       9.07209665E-02
   3.47000027       8.64104703E-02
   3.48000026       8.65995809E-02
   3.49000025       8.99542421E-02
   3.50000024       9.68510360E-02
   3.51000023      0.106620781    
   3.52000022      0.105666563    
   3.53000021       9.31149051E-02
   3.54000020      0.107006043    
   3.55000019      0.119459078    
   3.56000018      0.123961933    
   3.57000017      0.100298353    
   3.58000016      0.108825065    
   3.59000015      0.111987904    
   3.60000014      0.111027725    
   3.61000037       9.62755755E-02
   3.62000036       9.45519209E-02
   3.63000035       9.15798172E-02
   3.64000034       8.46846476E-02
   3.65000033       8.15223530E-02
   3.66000032       9.84776989E-02
   3.67000031       9.11972597E-02
   3.68000031       9.19661596E-02
   3.69000030       9.11029801E-02
   3.70000029       9.48385671E-02
   3.71000028      0.104036644    
   3.72000027      0.104611017    
   3.73000026      0.106143944    
   3.74000025      0.101738617    
   3.75000024      0.126452863    
   3.76000023      0.112276174    
   3.77000022      0.102602340    
   3.78000021      0.114576370    
   3.79000020      0.117351778    
   3.80000019      0.105187014    
   3.81000018      0.107486673    
   3.82000017       9.69496518E-02
   3.83000016      0.110647343    
   3.84000015      0.100972421    
   3.85000038       8.69870111E-02
   3.86000037       7.85562098E-02
   3.87000036       8.74638483E-02
   3.88000035       9.00501534E-02
   3.89000034       7.92248622E-02
   3.90000033       9.24478769E-02
   3.91000032       9.68526602E-02
   3.92000031       7.50102699E-02
   3.93000031       8.28634575E-02
   3.94000030       6.94534928E-02
   3.95000029       7.80750364E-02
   3.96000028       9.10059884E-02
   3.97000027       8.59287605E-02
   3.98000026       9.34969187E-02
   3.99000025       8.43958333E-02
   4.00000048       9.17743444E-02
   4.01000023       8.77467021E-02
   4.02000046       7.98940584E-02
   4.03000021      0.107483417    
   4.04000044       8.68867636E-02
   4.05000019      0.105663851    
   4.06000042      0.110548727    
   4.07000017      0.111888200    
   4.08000040      0.108920433    
   4.09000015       8.84191468E-02
   4.10000038       9.91490632E-02
   4.11000013       9.07166377E-02
   4.12000036       8.30558166E-02
   4.13000011       9.24424604E-02
   4.14000034       8.78464058E-02
   4.15000010      0.103940733    
   4.16000032       9.71393064E-02
   4.17000008       8.62186551E-02
   4.18000031       8.37288052E-02
   4.19000053       8.49734619E-02
   4.20000029      0.109115504    
   4.21000051       9.51273739E-02
   4.22000027      0.105187014    
   4.23000050      0.109113336    
   4.24000025      0.107773311    
   4.25000048       8.24809000E-02
   4.26000023       7.84570500E-02
   4.27000046       9.03346241E-02
   4.28000021       9.26353633E-02
   4.29000044       8.55472907E-02
   4.30000019       8.99531543E-02
   4.31000042       8.04684311E-02
   4.32000017       8.27686265E-02
   4.33000040       8.26727226E-02
   4.34000015       6.72513768E-02
   4.35000038       6.20760694E-02
   4.36000013       7.41481707E-02
   4.37000036       6.89761117E-02
   4.38000011       4.90502827E-02
   4.39000034       5.19237667E-02
   4.40000010       6.99330419E-02
   4.41000032       6.78246617E-02
   4.42000008       6.69658110E-02
   4.43000031       5.82483672E-02
   4.44000053       5.93971051E-02
   4.45000029       6.54301792E-02
   4.46000051       8.60279202E-02
   4.47000027       7.94166848E-02
   4.48000050       8.60262960E-02
   4.49000025       8.28661621E-02
   4.50000048       9.86716822E-02
   4.51000023       8.11419636E-02
   4.52000046       6.80186450E-02
   4.53000021       6.94529489E-02
   4.54000044       9.24451649E-02
   4.55000019       9.79054943E-02
   4.56000042      0.112946995    
   4.57000017       8.20999667E-02
   4.58000040       7.98967630E-02
   4.59000015       7.55846426E-02
   4.60000038       8.33429992E-02
   4.61000013       7.35721737E-02
   4.62000036       8.57369378E-02
   4.63000011       7.71148577E-02
   4.64000034       8.98572430E-02
   4.65000010       6.78214058E-02
   4.66000032       6.53331801E-02
   4.67000055       5.15363365E-02
   4.68000031       5.79557531E-02
   4.69000053       7.69230351E-02
   4.70000029       7.85534978E-02
   4.71000051       8.76535028E-02
   4.72000027       8.17130879E-02
   4.73000050       7.89360479E-02
   4.74000025       9.44554731E-02
   4.75000048       9.28255543E-02
   4.76000023      0.114190027    
   4.77000046       8.97597075E-02
   4.78000021       9.16762650E-02
   4.79000044      0.103267200    
   4.80000019       8.86115134E-02
   4.81000042       9.78074148E-02
   4.82000017       9.59889367E-02
   4.83000040       8.85172188E-02
   4.84000015       7.95104206E-02
   4.85000038       7.81709477E-02
   4.86000013       7.47230873E-02
   4.87000036       6.72502890E-02
   4.88000011       8.87085050E-02
   4.89000034      0.103557102    
   4.90000057       9.80019495E-02
   4.91000032      0.108154245    
   4.92000055       9.91501510E-02
   4.93000031      0.104704216    
   4.94000053      0.115531132    
   4.95000029      0.130763903    
   4.96000051      0.122044295    
   4.97000027      0.111027189    
   4.98000050      0.113518119    
   4.99000025      0.110549808    
   5.00000048       9.70433950E-02
   5.01000023       9.79044139E-02
   5.02000046       9.89594162E-02
   5.03000021      0.101067789    
   5.04000044       9.43628103E-02
   5.05000019       8.31538960E-02
   5.06000042       8.26748908E-02
   5.07000017       9.58003700E-02
   5.08000040       9.34047997E-02
   5.09000015      0.103848077    
   5.10000038       9.67578366E-02
   5.11000013       8.32492560E-02
   5.12000036       9.21585262E-02
   5.13000059       8.82316679E-02
   5.14000034       7.09864199E-02
   5.15000057       6.52383640E-02
   5.16000032       8.26727226E-02
   5.17000055       7.73093849E-02
   5.18000031       7.06970617E-02
   5.19000053       7.21351579E-02
   5.20000029       5.71906567E-02
   5.21000051       5.45073636E-02
   5.22000027       8.00864175E-02
   5.23000050       7.81704038E-02
   5.24000025       7.79775009E-02
   5.25000048       9.00501534E-02
   5.26000023       9.30195376E-02
   5.27000046       9.69469473E-02
   5.28000021      0.102599628    
   5.29000044      0.104899831    
   5.30000019      0.105571739    
   5.31000042      0.103653550    
   5.32000017      0.110648423    
   5.33000040      0.108157493    
   5.34000015       9.44581777E-02
   5.35000038      0.103080802    
   5.36000061      0.100013331    
   5.37000036      0.105475284    
   5.38000059       8.51663649E-02
   5.39000034       7.27111623E-02
   5.40000057       7.20408782E-02
   5.41000032       6.71549216E-02
   5.42000055       7.21367896E-02
   5.43000031       6.92616776E-02
   5.44000053       5.55639863E-02
   5.45000029       6.92616776E-02
   5.46000051       6.45680800E-02
   5.47000027       6.85919374E-02
   5.48000050       4.87609282E-02
   5.49000025       5.90107590E-02
   5.50000048       5.50833568E-02
   5.51000023       7.17526078E-02
   5.52000046       7.74031281E-02
   5.53000021       6.62906542E-02
   5.54000044       7.76922107E-02
   5.55000019       9.02411565E-02
   5.56000042       7.67347440E-02
   5.57000017       7.54887387E-02
   5.58000040       8.31538960E-02
   5.59000063       7.70232826E-02
   5.60000038       8.92855823E-02
   5.61000061       9.36925337E-02
   5.62000036       8.55500028E-02
   5.63000059       7.73110092E-02
   5.64000034       8.46889839E-02
   5.65000057       7.75992796E-02
   5.66000032       6.83071911E-02
   5.67000055       7.95147568E-02
   5.68000031       7.01267570E-02
   5.69000053       6.32272437E-02
   5.70000029       7.98008591E-02
   5.71000051       6.00665770E-02
   5.72000027       6.39939830E-02
   5.73000050       5.40302508E-02
   5.74000025       7.09866881E-02
   5.75000048       7.02205002E-02
   5.76000023       6.95494041E-02
   5.77000046       7.13689700E-02
   5.78000021       6.75377473E-02
   5.79000044       7.74998516E-02
   5.80000019       7.88428485E-02
   5.81000042       8.22893530E-02
   5.82000065       7.69254789E-02
   5.83000040       8.62172991E-02
   5.84000063       8.66973922E-02
   5.85000038       7.50094578E-02
   5.86000061       8.40135515E-02
   5.87000036       8.36307332E-02
   5.88000059       8.31519961E-02
   5.89000034       9.03362557E-02
   5.90000057       9.11037922E-02
   5.91000032       8.68870392E-02
   5.92000055       8.67935717E-02
   5.93000031      0.107294314    
   5.94000053       8.85174945E-02
   5.95000029      0.100300245    
   5.96000051       8.93793181E-02
   5.97000027       8.61222073E-02
   5.98000050       8.41108188E-02
   5.99000025       8.83259475E-02
   6.00000048       7.35732615E-02
   6.01000023       6.06401339E-02
   6.02000046       7.07945973E-02
   6.03000021       5.32629751E-02
   6.04000044       4.31082398E-02
   6.05000019       6.98365867E-02
   6.06000042       5.05810343E-02
   6.07000065       6.35149702E-02
   6.08000040       7.92256668E-02
   6.09000063       7.35746101E-02
   6.10000038       7.22321495E-02
   6.11000061       8.78477544E-02
   6.12000036       8.62194598E-02
   6.13000059       7.75979236E-02
   6.14000034       9.58946496E-02
   6.15000057      0.109305695    
   6.16000032       8.35367143E-02
   6.17000055       9.83853117E-02
   6.18000031       9.79060382E-02
   6.19000053       7.12738708E-02
   6.20000029       8.79417732E-02
   6.21000051       8.41102749E-02
   6.22000027       8.70802104E-02
   6.23000050       8.82289559E-02
   6.24000025       8.58347490E-02
   6.25000048       8.43980014E-02
   6.26000023       7.73083046E-02
   6.27000046       9.08149853E-02
   6.28000021       8.11400712E-02
   6.29000044       6.76320270E-02
   6.30000067       7.42430016E-02
   6.31000042       8.43971893E-02
   6.32000065       8.34391788E-02
   6.33000040       7.22307935E-02
   6.34000063       7.51048252E-02
   6.35000038       7.55835548E-02
   6.36000061       8.32465515E-02
   6.37000036       8.87079611E-02
   6.38000059       8.14275220E-02
   6.39000034       9.87662375E-02
   6.40000057      0.110165901    
   6.41000032      0.116967060    
   6.42000055       8.64080340E-02
   6.43000031       9.03351679E-02
   6.44000053       9.59873125E-02
   6.45000029       9.83820632E-02
   6.46000051      0.100585535    
   6.47000027       8.47797468E-02
   6.48000050       8.90907869E-02
   6.49000025       7.37634525E-02
   6.50000048       6.62911981E-02
   6.51000023       8.20024386E-02
   6.52000046       7.04109594E-02
   6.53000069       8.16188008E-02
   6.54000044       7.87461326E-02
   6.55000067       7.70219266E-02
   6.56000042       8.19073394E-02
   6.57000065       9.34031904E-02
   6.58000040       8.99555981E-02
   6.59000063       7.90333152E-02
   6.60000038       9.49358270E-02
   6.61000061       9.05294269E-02
   6.62000036       9.49358270E-02
   6.63000059      0.103844829    
   6.64000034      0.110455252    
   6.65000057      0.109687977    
   6.66000032      0.107389405    
   6.67000055      0.109018780    
   6.68000031      0.114957027    
   6.69000053      0.120321721    
   6.70000029      0.117832139    
   6.71000051      0.103174813    
   6.72000027      0.111797169    
   6.73000050       8.46857280E-02
   6.74000025       9.04340595E-02
   6.75000048       8.13343227E-02
   6.76000071       8.15264136E-02
   6.77000046       7.65440091E-02
   6.78000069       8.34410787E-02
   6.79000044       7.46279880E-02
   6.80000067       8.04708675E-02
   6.81000042       7.04115033E-02
   6.82000065       8.71761218E-02
   6.83000040       8.83259475E-02
   6.84000063       9.01466012E-02
   6.85000038       8.08547810E-02
   6.86000061       8.12365189E-02
   6.87000036       8.74638483E-02
   6.88000059       9.25418884E-02
   6.89000034       7.47236311E-02
   6.90000057       7.55862668E-02
   6.91000032       7.78853819E-02
   6.92000055      0.103751086    
   6.93000031       9.73330215E-02
   6.94000053       8.65066499E-02
   6.95000029       9.56080034E-02
   6.96000051       9.39780921E-02
   6.97000027       9.58932936E-02
   6.98000050       8.68881270E-02
   6.99000072       8.90915990E-02
   7.00000048       9.67553928E-02
   7.01000071       8.99550542E-02
   7.02000046       8.39189962E-02
   7.03000069       6.08319528E-02
   7.04000044       6.38967156E-02
   7.05000067       6.34185225E-02
   7.06000042       6.73459247E-02
   7.07000065       7.46274516E-02
   7.08000040       8.50704536E-02
   7.09000063       8.41121748E-02
   7.10000038       8.58355612E-02
   7.11000061       8.54530036E-02
   7.12000036       8.20986181E-02
   7.13000059       9.03378800E-02
   7.14000034       8.93790573E-02
   7.15000057      0.103844829    
   7.16000032      0.103461191    
   7.17000055       8.72714892E-02
   7.18000031       8.09482485E-02
   7.19000053       7.74998516E-02
   7.20000029       7.67331198E-02
   7.21000051       7.92240500E-02
   7.22000074       8.10428038E-02
   7.23000050       6.87818602E-02
   7.24000072       6.48536384E-02
   7.25000048       7.57748410E-02
   7.26000071       6.40888065E-02
   7.27000046       6.27463460E-02
   7.28000069       7.45296404E-02
   7.29000044       7.16566965E-02
   7.30000067       6.65775687E-02
   7.31000042       7.19433427E-02
   7.32000065       7.67325759E-02
   7.33000040       7.29975328E-02
   7.34000063       8.53538439E-02
   7.35000038       8.05654228E-02
   7.36000061       7.45307282E-02
   7.37000036       8.32465515E-02
   7.38000059       8.93793255E-02
   7.39000034       9.75210443E-02
   7.40000057       8.89948681E-02
   7.41000032       8.77502263E-02
   7.42000055       9.15808976E-02
   7.43000031       8.60257521E-02
   7.44000053       8.52592885E-02
   7.45000076       7.16569722E-02
   7.46000051       8.65053013E-02
   7.47000074       9.09122452E-02
   7.48000050       8.89000520E-02
   7.49000072       8.55481029E-02
   7.50000048       8.31538960E-02
   7.51000071       8.54530036E-02
   7.52000046       9.22541618E-02
   7.53000069       9.15846899E-02
   7.54000044       9.35960785E-02
   7.55000067       9.93436053E-02
   7.56000042      0.108061045    
   7.57000065       9.86730382E-02
   7.58000040      0.111796089    
   7.59000063      0.109786324    
   7.60000038      0.104324102    
   7.61000061      0.103653818    
   7.62000036      0.103557914    
   7.63000059      0.110744335    
   7.64000034      0.109881692    
   7.65000057      0.106816657    
   7.66000032       9.61829200E-02
   7.67000055      0.108924501    
   7.68000031      0.104517274    
   7.69000053       9.29266140E-02
   7.70000076       8.08545053E-02
   7.71000051       8.65071937E-02
   7.72000074       8.03760439E-02
   7.73000050       9.18710679E-02
   7.74000072       8.41113627E-02
   7.75000048       7.55854547E-02
   7.76000071       7.23272488E-02
   7.77000046       7.99918696E-02
   7.78000069       7.78832138E-02
   7.79000044       8.97618830E-02
   7.80000067       7.60631040E-02
   7.81000042       7.61592910E-02
   7.82000065       8.75592157E-02
   7.83000040       8.41097310E-02
   7.84000063       9.12950709E-02
   7.85000038       8.34405348E-02
   7.86000061       7.49130100E-02
   7.87000036       7.14654252E-02
   7.88000059       6.83033988E-02
   7.89000034       7.58721009E-02
   7.90000057       6.64841011E-02
   7.91000032       7.98954144E-02
   7.92000055       9.34982747E-02
   7.93000078       7.65412971E-02
   7.94000053       9.43606570E-02
   7.95000076       7.06989542E-02
   7.96000051       7.84570426E-02
   7.97000074       9.52230170E-02
   7.98000050       9.83836874E-02
   7.99000072      0.103175357    
   8.00000095       9.48399231E-02
   8.01000023       8.26735348E-02
   8.02000046       7.29986131E-02
   8.03000069       7.00292215E-02
   8.04000092       8.49739984E-02
   8.05000019       8.28656256E-02
   8.06000042       8.85177702E-02
   8.07000065       8.23863447E-02
   8.08000088       7.82671273E-02
   8.09000015       8.49726498E-02
   8.10000038       8.36299136E-02
   8.11000061       7.69246668E-02
   8.12000084       8.37271810E-02
   8.13000011       9.16770771E-02
   8.14000034       8.39179158E-02
   8.15000057       7.74039403E-02
   8.16000080       7.14651495E-02
   8.17000103       8.43961090E-02
   8.18000031       8.53554681E-02
   8.19000053       7.96071440E-02
   8.20000076       8.76545832E-02
   8.21000099       7.85543099E-02
   8.22000027       8.14283416E-02
   8.23000050       9.90534276E-02
   8.24000072       8.93785134E-02
   8.25000095       9.09119770E-02
   8.26000023       9.94373336E-02
   8.27000046       9.51265618E-02
   8.28000069       8.55475590E-02
   8.29000092       8.51639211E-02
   8.30000019       8.49734619E-02
   8.31000042       7.91289508E-02
   8.32000065       8.92836899E-02
   8.33000088       9.55101997E-02
   8.34000015       6.89747632E-02
   8.35000038       8.34399983E-02
   8.36000061       8.69829506E-02
   8.37000084       7.96066001E-02
   8.38000107       7.28054419E-02
   8.39000034       8.34386423E-02
   8.40000057       7.48162866E-02
   8.41000080       8.05627182E-02
   8.42000103       8.04676190E-02
   8.43000031       7.77856782E-02
   8.44000053       6.01586923E-02
   8.45000076       8.38214681E-02
   8.46000099       7.07932413E-02
   8.47000027       7.26133510E-02
   8.48000050       7.28057101E-02
   8.49000072       6.99303299E-02
   8.50000095       6.85897693E-02
   8.51000023       7.22310692E-02
   8.52000046       7.50094578E-02
   8.53000069       7.06027821E-02
   8.54000092       6.61950186E-02
   8.55000019       7.63511062E-02
   8.56000042       7.52963722E-02
   8.57000065       7.09858760E-02
   8.58000088       5.90115748E-02
   8.59000015       5.47967106E-02
   8.60000038       6.02581240E-02
   8.61000061       6.48568943E-02
   8.62000084       5.78625575E-02
   8.63000107       6.07363135E-02
   8.64000034       5.23055084E-02
   8.65000057       5.92990294E-02
   8.66000080       6.93570450E-02
   8.67000103       4.97189388E-02
   8.68000031       7.36678168E-02
   8.69000053       7.46258199E-02
   8.70000076       7.42419139E-02
   8.71000099       7.52961040E-02
   8.72000027       7.73077607E-02
   8.73000050       7.58715570E-02
   8.74000072       8.03746879E-02
   8.75000095       9.33083519E-02
   8.76000023       8.65063816E-02
   8.77000046       7.19449669E-02
   8.78000069       9.39789042E-02
   8.79000092       8.08545053E-02
   8.80000019       8.36320817E-02
   8.81000042       8.23866203E-02
   8.82000065       8.82300436E-02
   8.83000088       7.86504894E-02
   8.84000015       8.92839581E-02
   8.85000038       7.97030553E-02
   8.86000061       7.39555433E-02
   8.87000084       7.40506351E-02
   8.88000107       9.04329717E-02
   8.89000034       6.97404072E-02
   8.90000057       7.63508379E-02
   8.91000080       7.90343955E-02
   8.92000103       7.74066523E-02
   8.93000031       8.13335106E-02
   8.94000053       8.29623416E-02
   8.95000076       8.40168074E-02
   8.96000099       9.45549011E-02
   8.97000027       8.59325528E-02
   8.98000050       9.67591926E-02
   8.99000072       8.56459066E-02
   9.00000095      0.100686051    
   9.01000023       8.93817618E-02
   9.02000046       8.60276520E-02
   9.03000069       7.15624169E-02
   9.04000092       7.18498752E-02
   9.05000019       7.06995055E-02
   9.06000042       7.45299160E-02
   9.07000065       6.66756481E-02
   9.08000088       7.75965750E-02
   9.09000111       7.18474314E-02
   9.10000038       7.05068707E-02
   9.11000061       6.06393255E-02
   9.12000084       5.49874529E-02
   9.13000107       6.75380230E-02
   9.14000034       9.13909748E-02
   9.15000057       7.86502212E-02
   9.16000080       8.56442824E-02
   9.17000103       7.10828677E-02
   9.18000031       7.35727176E-02
   9.19000053       8.13321546E-02
   9.20000076       6.80170208E-02
   9.21000099       6.73467442E-02
   9.22000027       7.51056373E-02
   9.23000050       8.88054967E-02
   9.24000072       8.61213878E-02
   9.25000095       8.49718377E-02
   9.26000023       8.44922885E-02
   9.27000046       8.49704817E-02
   9.28000069       9.03365240E-02
   9.29000092       9.74259451E-02
   9.30000019       8.55467469E-02
   9.31000042       8.90913308E-02
   9.32000065       8.68862271E-02
   9.33000088       9.27309990E-02
   9.34000111       9.64668542E-02
   9.35000038       8.57385695E-02
   9.36000061       8.43980014E-02
   9.37000084       9.21582505E-02
   9.38000107       8.14291537E-02
   9.39000034       8.20029825E-02
   9.40000057       7.78834894E-02
   9.41000080       6.51427209E-02
   9.42000103       7.71175697E-02
   9.43000031       8.62197354E-02
   9.44000053       6.77311942E-02
   9.45000076       5.33607826E-02
   9.46000099       6.35168701E-02
   9.47000027       7.06041381E-02
   9.48000050       6.23659603E-02
   9.49000072       6.50487095E-02
   9.50000095       6.67729080E-02
   9.51000023       7.07005858E-02
   9.52000046       8.78493860E-02
   9.53000069       8.53581801E-02
   9.54000092       8.32495317E-02
   9.55000114       8.46868157E-02
   9.56000042       9.29252580E-02
   9.57000065       9.09125134E-02
   9.58000088       8.94763172E-02
   9.59000111       8.49731863E-02
   9.60000038       8.83254111E-02
   9.61000061       9.17743444E-02
   9.62000084       7.34776184E-02
   9.63000107       7.85540417E-02
   9.64000034       7.44348168E-02
   9.65000057       7.29978010E-02
   9.66000080       8.14272538E-02
   9.67000103       8.58339369E-02
   9.68000031       8.81325081E-02
   9.69000053       8.02776963E-02
   9.70000076       9.44551975E-02
   9.71000099       9.21563581E-02
   9.72000027       8.55464786E-02
   9.73000050       9.70412269E-02
   9.74000072       9.50298384E-02
   9.75000095       9.80951488E-02
   9.76000023      0.103843473    
   9.77000046       8.57377499E-02
   9.78000069       8.26724470E-02
   9.79000092       8.25770795E-02
   9.80000114       8.75578597E-02
   9.81000042       8.30563605E-02
   9.82000065       7.69252107E-02
   9.83000088       9.19658914E-02
   9.84000111       8.37277249E-02
   9.85000038       8.30571726E-02
   9.86000061       8.25778916E-02
   9.87000084       7.34773502E-02
   9.88000107       8.72717574E-02
   9.89000034       8.91875103E-02
   9.90000057       8.44933689E-02
   9.91000080       8.43015537E-02
   9.92000103       8.46841037E-02
   9.93000031       9.04321596E-02
   9.94000053       7.09847882E-02
   9.95000076       7.79775009E-02
   9.96000099       7.78813213E-02
   9.97000027       8.32470953E-02
   9.98000050       9.83834192E-02
   9.99000072       9.67548564E-02
   10.0000010       8.67919400E-02
   10.0100012       8.19062591E-02
   10.0200005       8.42061862E-02
   10.0300007       8.05659667E-02
   10.0400009       7.83630311E-02
   10.0500011       9.81929526E-02
   10.0600004       8.62191990E-02
   10.0700006       8.87095854E-02
   10.0800009       8.10452402E-02
   10.0900011       5.96823953E-02
   10.1000004       7.10825995E-02
   10.1100006       7.33827949E-02
   10.1200008       8.43042657E-02
   10.1300011       8.45906362E-02
   10.1400003       7.94180334E-02
   10.1500006       8.35364461E-02
   10.1600008       7.99924061E-02
   10.1700010       9.09125134E-02
   10.1800003       8.03755000E-02
   10.1900005       8.21953416E-02
   10.2000008       8.75603035E-02
   10.2100010       7.29027092E-02
   10.2200003       6.74418360E-02
   10.2300005       6.43759891E-02
   10.2400007       6.44719005E-02
   10.2500010       6.77287504E-02
   10.2600012       6.42803535E-02
   10.2700005       5.70958257E-02
   10.2800007       4.22472246E-02
   10.2900009       4.80901040E-02
   10.3000011       5.15398607E-02
   10.3100004       5.21136895E-02
   10.3200006       6.21722452E-02
   10.3300009       6.81118444E-02
   10.3400011       7.04109594E-02
   10.3500004       6.22684248E-02
   10.3600006       6.23648763E-02
   10.3700008       6.47590831E-02
   10.3800011       6.73451126E-02
   10.3900003       8.69843066E-02
   10.4000006       7.92245939E-02
   10.4100008       7.20400661E-02
   10.4200010       8.45892802E-02
   10.4300003       8.06624219E-02
   10.4400005       8.34408104E-02
   10.4500008       8.11406076E-02
   10.4600010       7.21362457E-02
   10.4700003       7.81709477E-02
   10.4800005       7.69268349E-02
   10.4900007       7.75973871E-02
   10.5000010       6.76339269E-02
   10.5100012       6.71554655E-02
   10.5200005       8.19078833E-02
   10.5300007       6.99335858E-02
   10.5400009       6.43776134E-02
   10.5500011       6.38980716E-02
   10.5600004       6.32283390E-02
   10.5700006       8.56450945E-02
   10.5800009       7.75017440E-02
   10.5900011       8.15250576E-02
   10.6000004       8.34402665E-02
   10.6100006       8.09501484E-02
   10.6200008       8.68894756E-02
   10.6300011       6.23656884E-02
   10.6400003       6.96453154E-02
   10.6500006       7.52015486E-02
   10.6600008       7.94172212E-02
   10.6700010       8.54513794E-02
   10.6800003       7.21357018E-02
   10.6900005       7.94166848E-02
   10.7000008       7.35719055E-02
   10.7100010       7.74050280E-02
   10.7200012       9.18688998E-02
   10.7300005       7.70208463E-02
   10.7400007       9.78074148E-02
   10.7500010       9.13896263E-02
   10.7600012       9.12937149E-02
   10.7700005       8.65028575E-02
   10.7800007       8.26713666E-02
   10.7900009       8.42042863E-02
   10.8000011       8.86107013E-02
   10.8100004       8.86120498E-02
   10.8200006       7.89355114E-02
   10.8300009       7.42427260E-02
   10.8400011       8.63129422E-02
   10.8500004       8.11406076E-02
   10.8600006       8.49729180E-02
   10.8700008       8.67924839E-02
   10.8800011       8.66971165E-02
   10.8900003       8.52609202E-02
   10.9000006       8.65055695E-02
   10.9100008       7.24242404E-02
   10.9200010       7.06989616E-02
   10.9300003       7.33825266E-02
   10.9400005       7.23283365E-02
   10.9500008       7.86504894E-02
   10.9600010       8.03752318E-02
   10.9700012       7.30939806E-02
   10.9800005       7.59685561E-02
   10.9900007       8.83267596E-02
   11.0000010       7.75017440E-02
   11.0100012       7.48192668E-02
   11.0200005       8.24825242E-02
   11.0300007       8.42072666E-02
   11.0400009       8.55475590E-02
   11.0500011       8.38228166E-02
   11.0600004       7.29021654E-02
   11.0700006       6.74415678E-02
   11.0800009       7.59680122E-02
   11.0900011       7.55843744E-02
   11.1000004       6.61952868E-02
   11.1100006       7.31888115E-02
   11.1200008       7.55841061E-02
   11.1300011       6.80162087E-02
   11.1400003       6.49503618E-02
   11.1500006       6.15022331E-02
   11.1600008       7.55841061E-02
   11.1700010       7.17526078E-02
   11.1800013       7.45301843E-02
   11.1900005       6.38008043E-02
   11.2000008       6.27468899E-02
   11.2100010       6.76328465E-02
   11.2200012       6.33217990E-02
   11.2300005       6.49503618E-02
   11.2400007       7.25185275E-02
   11.2500010       8.51636529E-02
   11.2600012       8.38220045E-02
   11.2700005       6.79205731E-02
   11.2800007       7.45301843E-02
   11.2900009       7.02191442E-02
   11.3000011       8.06616023E-02
   11.3100004       7.58715570E-02
   11.3200006       6.46639913E-02
   11.3300009       7.72126615E-02
   11.3400011       7.69246668E-02
   11.3500004       7.17515275E-02
   11.3600006       6.91652223E-02
   11.3700008       7.33803585E-02
   11.3800011       6.75369352E-02
   11.3900003       7.11771548E-02
   11.4000006       7.33806267E-02
   11.4100008       7.44345486E-02
   11.4200010       9.27326232E-02
   11.4300013       8.92828777E-02
   11.4400005       7.97030553E-02
   11.4500008       6.18855990E-02
   11.4600010       7.74050280E-02
   11.4700012       7.48187229E-02
   11.4800005       7.93210417E-02
   11.4900007       9.04335156E-02
   11.5000010       7.93207735E-02
   11.5100012       7.15610608E-02
   11.5200005       6.62917420E-02
   11.5300007       5.27839698E-02
   11.5400009       6.05442263E-02
   11.5500011       6.75385594E-02
   11.5600004       8.33443552E-02
   11.5700006       7.40517229E-02
   11.5800009       6.10232316E-02
   11.5900011       5.45095243E-02
   11.6000004       5.62331825E-02
   11.6100006       6.98373988E-02
   11.6200008       7.84592107E-02
   11.6300011       8.30571726E-02
   11.6400013       7.60641918E-02
   11.6500006       7.91289508E-02
   11.6600008       7.07945973E-02
   11.6700010       7.85543099E-02
   11.6800013       7.16564357E-02
   11.6900005       8.37271810E-02
   11.7000008       8.14269856E-02
   11.7100010       7.90330470E-02
   11.7200012       7.22308010E-02
   11.7300005       7.50090554E-02
   11.7400007       6.88781738E-02
   11.7500010       7.57756531E-02
   11.7600012       8.19072053E-02
   11.7700005       8.21934417E-02
   11.7800007       7.31888115E-02
   11.7900009       8.44933689E-02
   11.8000011       8.33431408E-02
   11.8100004       8.82299021E-02
   11.8200006       8.23858082E-02
   11.8300009       7.48177767E-02
   11.8400011       8.61226097E-02
   11.8500004       8.47811028E-02
   11.8600006       8.34397227E-02
   11.8700008       7.53926933E-02
   11.8800011       7.93210417E-02
   11.8900013       7.83628970E-02
   11.9000006       6.21727854E-02
   11.9100008       5.81498854E-02
   11.9200010       5.92987575E-02
   11.9300013       6.65793344E-02
   11.9400005       7.84582645E-02
   11.9500008       6.34177104E-02
   11.9600010       6.22688308E-02
   11.9700012       6.29391149E-02
   11.9800005       6.15023710E-02
   11.9900007       6.35137632E-02
   12.0000010       6.21727854E-02
   12.0100012       7.45309964E-02
   12.0200005       8.45888779E-02
   12.0300007       7.73085728E-02
   12.0400009       7.70208463E-02
   12.0500011       7.39555433E-02
   12.0600004       6.64831474E-02
   12.0700006       7.48170987E-02
   12.0800009       6.55250028E-02
   12.0900011       6.60042837E-02
   12.1000004       7.04112351E-02
   12.1100006       7.72129372E-02
   12.1200008       6.93579912E-02
   12.1300011       6.27482459E-02
   12.1400013       7.41481707E-02
   12.1500006       6.75388277E-02
   12.1600008       6.33232892E-02
   12.1700010       6.83047473E-02
   12.1800013       6.29403293E-02
   12.1900005       8.07586014E-02
   12.2000008       7.18491971E-02
   12.2100010       6.29399270E-02
   12.2200012       6.62926883E-02
   12.2300005       7.23272488E-02
   12.2400007       5.93950748E-02
   12.2500010       5.41261584E-02
   12.2600012       6.11190051E-02
   12.2700005       6.78254738E-02
   12.2800007       8.03746879E-02
   12.2900009       8.44944566E-02
   12.3000011       7.33819827E-02
   12.3100004       7.69265592E-02
   12.3200006       8.35363120E-02
   12.3300009       7.95132667E-02
   12.3400011       7.95129985E-02
   12.3500013       7.99920037E-02
   12.3600006       8.62191990E-02
   12.3700008       8.84224027E-02
   12.3800011       9.10084248E-02
   12.3900013       8.50693658E-02
   12.4000006       7.42438138E-02
   12.4100008       8.09493363E-02
   12.4200010       9.12954807E-02
   12.4300013       7.92254061E-02
   12.4400005       8.37270468E-02
   12.4500008       7.62553290E-02
   12.4600010       9.17739421E-02
   12.4700012       8.44933689E-02
   12.4800005       7.22316131E-02
   12.4900007       7.40517229E-02
   12.5000010       7.29017556E-02
   12.5100012       7.96075538E-02
   12.5200005       7.64467418E-02
   12.5300007       6.47590831E-02
   12.5400009       7.36686289E-02
   12.5500011       6.22689687E-02
   12.5600004       7.61598274E-02
   12.5700006       7.40528032E-02
   12.5800009       7.58722350E-02
   12.5900011       8.54523256E-02
   12.6000013       7.68303797E-02
   12.6100006       7.07955435E-02
   12.6200008       7.74054304E-02
   12.6300011       8.06621462E-02
   12.6400013       9.11998451E-02
   12.6500006       9.49352905E-02
   12.6600008       9.83843729E-02
   12.6700010       8.89004543E-02
   12.6800013       8.79420415E-02
   12.6900005       9.13908482E-02
   12.7000008       9.32110846E-02
   12.7100010       9.23487172E-02
   12.7200012       9.09121111E-02
   12.7300005       8.50684196E-02
   12.7400007       7.59677365E-02
   12.7500010       6.87828064E-02
   12.7600012       7.04113692E-02
   12.7700005       6.64835572E-02
   12.7800007       6.85907155E-02
   12.7900009       6.35134876E-02
   12.8000011       5.68082333E-02
   12.8100014       5.81486598E-02
   12.8200006       6.46634474E-02
   12.8300009       7.09851980E-02
   12.8400011       6.79197609E-02
   12.8500013       7.08899647E-02
   12.8600006       7.53926933E-02
   12.8700008       6.26517907E-02
   12.8800011       6.71539754E-02
   12.8900013       6.62921444E-02
   12.9000006       7.33813047E-02
   12.9100008       7.39559457E-02
   12.9200010       8.24819878E-02
   12.9300013       7.15610608E-02
   12.9400005       7.61596933E-02
   12.9500008       6.71546534E-02
   12.9600010       6.64836913E-02
   12.9700012       6.76328465E-02
   12.9800005       7.42431358E-02
   12.9900007       7.34765381E-02
   13.0000010       7.70207122E-02
   13.0100012       7.39551336E-02
   13.0200005       7.39548653E-02
   13.0300007       5.05804978E-02
   13.0400009       5.92975393E-02
   13.0500011       5.69985621E-02
   13.0600014       6.74404800E-02
   13.0700006       7.10806996E-02
   13.0800009       7.07935169E-02
   13.0900011       6.32253513E-02
   13.1000013       5.92018999E-02
   13.1100006       6.24592938E-02
   13.1200008       6.20761998E-02
   13.1300011       6.78243935E-02
   13.1400013       6.96446374E-02
   13.1500006       7.32849911E-02
   13.1600008       6.73459247E-02
   13.1700010       6.93578571E-02
   13.1800013       7.03154579E-02
   13.1900005       6.79208413E-02
   13.2000008       8.15241113E-02
   13.2100010       8.03744197E-02
   13.2200012       8.33438113E-02
   13.2300005       8.54515135E-02
   13.2400007       7.76919425E-02
   13.2500010       8.90911892E-02
   13.2600012       8.51637870E-02
   13.2700014       8.91866982E-02
   13.2800007       8.65044892E-02
   13.2900009       8.55471566E-02
   13.3000011       8.94746929E-02
   13.3100014       8.66003931E-02
   13.3200006       9.11991596E-02
   13.3300009       8.75590816E-02
   13.3400011       7.56801441E-02
   13.3500013       7.44345486E-02
   13.3600006       7.65425190E-02
   13.3700008       8.44932348E-02
   13.3800011       8.41106847E-02
   13.3900013       8.30567628E-02
   13.4000006       8.74634460E-02
   13.4100008       8.43020976E-02
   13.4200010       7.82665834E-02
   13.4300013       8.16194788E-02
   13.4400005       8.49721059E-02
   13.4500008       9.11988914E-02
   13.4600010       9.67549980E-02
   13.4700012       9.09112990E-02
   13.4800005       8.04700553E-02
   13.4900007       8.45887363E-02
   13.5000010       8.70799422E-02
   13.5100012       7.67331198E-02
   13.5200014       7.93200955E-02
   13.5300007       7.80754387E-02
   13.5400009       8.25780332E-02
   13.5500011       6.97412193E-02
   13.5600014       7.29982108E-02
   13.5700006       7.20407441E-02
   13.5800009       6.89750314E-02
   13.5900011       7.47226775E-02
   13.6000013       6.88789859E-02
   13.6100006       7.29018971E-02
   13.6200008       7.80753046E-02
   13.6300011       6.97406828E-02
   13.6400013       6.78242519E-02
   13.6500006       6.62917420E-02
   13.6600008       6.69622943E-02
   13.6700010       7.13691041E-02
   13.6800013       6.90698549E-02
   13.6900005       6.79204389E-02
   13.7000008       6.38013482E-02
   13.7100010       7.59674683E-02
   13.7200012       6.35142997E-02
   13.7300005       6.56221360E-02
   13.7400007       6.59090504E-02
   13.7500010       7.07945973E-02
   13.7600012       6.48547262E-02
   13.7700014       7.43386373E-02
   13.7800007       7.71170259E-02
   13.7900009       7.15602487E-02
   13.8000011       7.59673342E-02
   13.8100014       7.80744925E-02
   13.8200006       6.26512468E-02
   13.8300009       7.83620849E-02
   13.8400011       7.70207122E-02
   13.8500013       7.71170259E-02
   13.8600006       7.97038674E-02
   13.8700008       8.19073394E-02
   13.8800011       7.62554705E-02
   13.8900013       7.03151897E-02
   13.9000006       7.62553290E-02
   13.9100008       7.07947314E-02
   13.9200010       6.99327663E-02
   13.9300013       7.67348781E-02
   13.9400005       7.09864199E-02
   13.9500008       7.36690313E-02
   13.9600010       6.68671951E-02
   13.9700012       6.32265732E-02
   13.9800014       6.37054369E-02
   13.9900007       6.93579912E-02
   14.0000010       7.10825995E-02
   14.0100012       6.33222088E-02
   14.0200014       7.38597661E-02
   14.0300007       6.99320957E-02
   14.0400009       6.77286163E-02
   14.0500011       5.82449809E-02
   14.0600014       5.62326424E-02
   14.0700006       6.83989003E-02
   14.0800009       6.46635816E-02
   14.0900011       6.07356392E-02
   14.1000013       6.15015589E-02
   14.1100006       6.11185990E-02
   14.1200008       7.13692382E-02
   14.1300011       6.02564961E-02
   14.1400013       6.02564961E-02
   14.1500006       6.34174421E-02
   14.1600008       7.09851980E-02
   14.1700010       7.16562942E-02
   14.1800013       7.56796077E-02
   14.1900005       7.82657713E-02
   14.2000008       7.62546584E-02
   14.2100010       6.83989003E-02
   14.2200012       6.53338656E-02
   14.2300014       6.35134876E-02
   14.2400007       7.33808950E-02
   14.2500010       7.25183934E-02
   14.2600012       6.03521354E-02
   14.2700014       5.64245954E-02
   14.2800007       4.83774282E-02
   14.2900009       4.61742245E-02
   14.3000011       4.92397994E-02
   14.3100014       5.20175099E-02
   14.3200006       4.43542488E-02
   14.3300009       4.13840450E-02
   14.3400011       4.68449108E-02
   14.3500013       3.03674769E-02
   14.3600006       4.00434770E-02
   14.3700008       3.93730626E-02
   14.3800011       4.22468185E-02
   14.3900013       4.57913987E-02
   14.4000006       3.99478413E-02
   14.4100008       4.25344147E-02
   14.4200010       4.87612002E-02
   14.4300013       5.63292280E-02
   14.4400015       5.82452454E-02
   14.4500008       4.84738797E-02
   14.4600010       5.80535643E-02
   14.4700012       5.46051711E-02
   14.4800014       6.04485869E-02
   14.4900007       6.69628307E-02
   14.5000010       6.64835572E-02
   14.5100012       6.48552701E-02
   14.5200014       5.47963046E-02
   14.5300007       4.73245941E-02
   14.5400009       4.66536321E-02
   14.5500011       4.66534980E-02
   14.5600014       4.68451828E-02
   14.5700006       4.63663116E-02
   14.5800009       3.90853360E-02
   14.5900011       3.75524126E-02
   14.6000013       4.37796079E-02
   14.6100006       4.70367298E-02
   14.6200008       5.51794022E-02
   14.6300011       5.07725850E-02
   14.6400013       5.60412295E-02
   14.6500006       5.35502993E-02
   14.6600008       5.78613393E-02
   14.6700010       5.82444333E-02
   14.6800013       5.79571128E-02
   14.6900015       6.18850589E-02
   14.7000008       7.29014874E-02
   14.7100010       5.58496863E-02
   14.7200012       5.64246029E-02
   14.7300014       5.36463484E-02
   14.7400007       6.90698549E-02
   14.7500010       6.12143725E-02
   14.7600012       6.02564961E-02
   14.7700014       5.77658378E-02
   14.7800007       5.96815832E-02
   14.7900009       5.65205067E-02
   14.8000011       5.57535030E-02
   14.8100014       5.20183221E-02
   14.8200006       6.20764717E-02
   14.8300009       6.03524074E-02
   14.8400011       5.62330484E-02
   14.8500013       5.02939858E-02
   14.8600006       5.52754439E-02
   14.8700008       6.30354285E-02
   14.8800011       6.41847178E-02
   14.8900013       6.51427209E-02
   14.9000015       6.66756481E-02
   14.9100008       6.87828064E-02
   14.9200010       6.81123883E-02
   14.9300013       6.80170208E-02
   14.9400015       6.80166185E-02
   14.9500008       6.42807558E-02
   14.9600010       6.63879216E-02
   14.9700012       6.61010072E-02
   14.9800014       6.03528135E-02
   14.9900007       6.28434718E-02
   15.0000010       6.58134148E-02
   15.0100012       6.87825382E-02
   15.0200014       6.54303133E-02
   15.0300007       6.61007315E-02
   15.0400009       6.09270483E-02
   15.0500011       5.14434092E-02
   15.0600014       5.77655658E-02
   15.0700006       5.54668568E-02
   15.0800009       4.99099456E-02
   15.0900011       4.87603880E-02
   15.1000013       4.78029214E-02
   15.1100006       3.89891565E-02
   15.1200008       3.92768830E-02
   15.1300011       3.93730663E-02
   15.1400013       3.50613445E-02
   15.1500015       3.88936549E-02
   15.1600008       4.27254178E-02
   15.1700010       3.94682959E-02
   15.1800013       3.88932489E-02
   15.1900015       4.44494821E-02
   15.2000008       4.78988290E-02
   15.2100010       4.93353009E-02
   15.2200012       5.63288219E-02
   15.2300014       5.68078272E-02
   15.2400007       5.83399385E-02
   15.2500010       5.69038726E-02
   15.2600012       5.45088500E-02
   15.2700014       5.68078272E-02
   15.2800007       6.06401339E-02
   15.2900009       6.23644702E-02
   15.3000011       6.38972595E-02
   15.3100014       6.10226877E-02
   15.3200006       5.42213917E-02
   15.3300009       4.83776964E-02
   15.3400011       5.37421145E-02
   15.3500013       5.34549318E-02
   15.3600006       5.87237105E-02
   15.3700008       5.23052365E-02
   15.3800011       5.47003970E-02
   15.3900013       5.15391827E-02
   15.4000015       5.24969213E-02
   15.4100008       4.81865555E-02
   15.4200010       5.91074824E-02
   15.4300013       5.56586757E-02
   15.4400015       6.26518577E-02
   15.4500008       5.54673299E-02
   15.4600010       6.19815737E-02
   15.4700012       5.69038726E-02
   15.4800014       6.40890077E-02
   15.4900007       6.89744204E-02
   15.5000010       6.92618042E-02
   15.5100012       6.98366538E-02
   15.5200014       7.25185201E-02
   15.5300007       6.39926195E-02
   15.5400009       6.93573728E-02
   15.5500011       6.92617372E-02
   15.5600014       7.44346082E-02
   15.5700006       6.57170936E-02
   15.5800009       6.28432706E-02
   15.5900011       6.42799437E-02
   15.6000013       5.77657670E-02
   15.6100016       6.39924183E-02
   15.6200008       6.40883297E-02
   15.6300011       6.76327050E-02
   15.6400013       6.48546517E-02
   15.6500015       6.41841739E-02
   15.6600008       6.37047589E-02
   15.6700010       5.59453852E-02
   15.6800013       6.78241178E-02
   15.6900015       7.36678168E-02
   15.7000008       7.24228173E-02
   15.7100010       7.18481094E-02
   15.7200012       6.49506301E-02
   15.7300014       5.92027083E-02
   15.7400007       5.81491254E-02
   15.7500010       6.19813688E-02
   15.7600012       6.68665841E-02
   15.7700014       6.66752383E-02
   15.7800007       7.24230930E-02
   15.7900009       5.82449809E-02
   15.8000011       5.39341420E-02
   15.8100014       5.06764688E-02
   15.8200006       5.90108968E-02
   15.8300009       6.03521354E-02
   15.8400011       6.49504960E-02
   15.8500013       6.47588819E-02
   15.8600016       6.27470911E-02
   15.8700008       5.86278662E-02
   15.8800011       5.87237738E-02
   15.8900013       5.54665215E-02
   15.9000015       5.98734021E-02
   15.9100008       6.39926270E-02
   15.9200010       6.19810969E-02
   15.9300013       5.74787818E-02
   15.9400015       6.18855953E-02
   15.9500008       5.43177724E-02
   15.9600010       5.24976701E-02
   15.9700012       5.64252101E-02
   15.9800014       5.95864877E-02
   15.9900007       5.65210469E-02
