0.00000000 0.999499202  0.00000000  0.999499
1.00000007E-02 0.917920530  8.11619461E-02 0.999082
2.00000014E-02 0.880740345  0.117940634  0.998681
3.00000012E-02 0.860195994  0.138062313  0.998258
4.00000028E-02 0.850963533  0.146858886  0.997822
5.00000045E-02 0.844169855  0.153208271  0.997378
6.00000024E-02 0.839891136  0.157052666  0.996944
7.00000077E-02 0.834131718  0.162419483  0.996551
8.00000057E-02 0.828622758  0.167529315  0.996152
9.00000036E-02 0.821774662  0.174022198  0.995797
0.100000009 0.816396296  0.178989857  0.995386
0.110000007 0.810125232  0.184838310  0.994964
0.120000005 0.806434393  0.188129410  0.994564
0.130000010 0.803298831  0.190876082  0.994175
0.140000015 0.801099598  0.192660794  0.99376
0.150000006 0.798029423  0.195335209  0.993365
0.160000011 0.795470893  0.197519287  0.99299
0.170000017 0.792030513  0.200594664  0.992625
0.180000007 0.789482832  0.202794164  0.992277
0.190000013 0.786260188  0.205710500  0.991971
0.200000018 0.783723474  0.207882002  0.991605
0.210000008 0.781741977  0.209461346  0.991203
0.220000014 0.779771388  0.211053312  0.990825
0.230000019 0.777702749  0.212768197  0.990471
0.240000010 0.775677741  0.214440525  0.990118
0.250000030 0.773456752  0.216335312  0.989792
0.260000020 0.770767570  0.218672991  0.989441
0.270000011 0.768263459  0.220825568  0.989089
0.280000031 0.766456187  0.222306773  0.988763
0.290000021 0.764648855  0.223833427  0.988482
0.300000012 0.762438774  0.225715771  0.988155
0.310000032 0.759825826  0.228020191  0.987846
0.320000023 0.757604778  0.229873270  0.987478
0.330000013 0.756548703  0.230532303  0.987081
0.340000033 0.755122483  0.231546640  0.986669
0.350000024 0.753892243  0.232318386  0.986211
0.360000014 0.751213908  0.234676182  0.98589
0.370000035 0.750103414  0.235450000  0.985553
0.380000025 0.747828007  0.237445742  0.985274
0.390000015 0.746684790  0.238266408  0.984951
0.400000036 0.745552540  0.239076838  0.984629
0.410000026 0.744529128  0.239754558  0.984284
0.420000017 0.742710948  0.241222680  0.983934
0.430000037 0.741709292  0.241857782  0.983567
0.440000027 0.740479052  0.242760420  0.983239
0.450000018 0.738965690  0.243954048  0.98292
0.460000038 0.737256408  0.245338112  0.982595
0.470000029 0.735743046  0.246500686  0.982244
0.480000019 0.734120846  0.247820303  0.981941
0.490000039 0.732781708  0.248829067  0.981611
0.500000060 0.731671214  0.249671444  0.981343
0.510000050 0.730484486  0.250603765  0.981088
0.520000041 0.729940116  0.250810921  0.980751
0.530000031 0.728263497  0.252147496  0.980411
0.540000021 0.726728380  0.253340214  0.980069
0.550000012 0.725802958  0.253918111  0.979721
0.560000062 0.724779546  0.254608780  0.979388
0.570000052 0.724093616  0.254941463  0.979035
0.580000043 0.723396838  0.255274743  0.978672
0.590000033 0.722068608  0.256247401  0.978316
0.600000024 0.720163286  0.257794052  0.977957
0.610000014 0.718813300  0.258814126  0.977627
0.620000064 0.717876971  0.259430438  0.977307
0.630000055 0.716722906  0.260284126  0.977007
0.640000045 0.715307593  0.261385679  0.976693
0.650000036 0.714229703  0.262117267  0.976347
0.660000026 0.713369608  0.262635410  0.976005
0.670000076 0.712128460  0.263571173  0.9757
0.680000067 0.710876405  0.264519066  0.975395
0.690000057 0.710005462  0.265129685  0.975135
0.700000048 0.709297776  0.265583038  0.974881
0.710000038 0.708187282  0.266420633  0.974608
0.720000029 0.706826329  0.267541319  0.974368
0.730000079 0.705421865  0.268629313  0.974051
0.740000069 0.703810573  0.269955784  0.973766
0.750000060 0.702046812  0.271374226  0.973421
0.760000050 0.701230288  0.271911651  0.973142
0.770000041 0.699934661  0.272947371  0.972882
0.780000031 0.699608028  0.272964835  0.972573
0.790000081 0.699139893  0.273084134  0.972224
0.800000072 0.697822511  0.274133742  0.971956
0.810000062 0.696396291  0.275252432  0.971649
0.820000052 0.694991827  0.276372254  0.971364
0.830000043 0.693718016  0.277334422  0.971052
0.840000033 0.692803502  0.277944863  0.970748
0.850000083 0.691497028  0.278977066  0.970474
0.860000074 0.690702260  0.279521018  0.970223
0.870000064 0.689090908  0.280885041  0.969976
0.880000055 0.687697351  0.282034039  0.969731
0.890000045 0.686194897  0.283275455  0.96947
0.900000036 0.684605360  0.284666538  0.969272
0.910000086 0.683843195  0.285214722  0.969058
0.920000076 0.682602048  0.286243051  0.968845
0.930000067 0.681458890  0.287158251  0.968617
0.940000057 0.681045175  0.287274361  0.96832
0.950000048 0.679945588  0.288111061  0.968057
0.960000038 0.679651618  0.288125247  0.967777
0.970000088 0.678551972  0.288985848  0.967538
0.980000079 0.677626550  0.289687485  0.967314
0.990000069 0.676526964  0.290550083  0.967077
1.00000012 0.675699532  0.291195810  0.966895
1.01000011 0.675307572  0.291360527  0.966668
1.02000010 0.675122499  0.291307569  0.96643
1.03000009 0.674752295  0.291472942  0.966225
1.04000008 0.673554718  0.292521983  0.966077
1.05000007 0.672204673  0.293722153  0.965927
1.06000006 0.671061516  0.294693500  0.965755
1.07000005 0.670027196  0.295516521  0.965544
1.08000004 0.669352233  0.295983106  0.965335
1.09000003 0.668546557  0.296589017  0.965136
1.10000002 0.667610228  0.297287375  0.964898
1.11000013 0.666510642  0.298170775  0.964681
1.12000012 0.664953709  0.299528122  0.964482
1.13000011 0.664169848  0.300056159  0.964226
1.14000010 0.663462162  0.300480962  0.963943
1.15000010 0.662634730  0.301044464  0.963679
1.16000009 0.661807299  0.301643640  0.963451
1.17000008 0.661448002  0.301746070  0.963194
1.18000007 0.660827458  0.302114457  0.962942
1.19000006 0.659346759  0.303363174  0.96271
1.20000005 0.658192694  0.304277718  0.96247
1.21000004 0.657670140  0.304508895  0.962179
1.22000003 0.656864464  0.305111676  0.961976
1.23000014 0.655808389  0.305912256  0.961721
1.24000013 0.654784977  0.306667656  0.961453
1.25000012 0.653663576  0.307527453  0.961191
1.26000011 0.653140962  0.307773083  0.960914
1.27000010 0.652117610  0.308553547  0.960671
1.28000009 0.650865555  0.309590667  0.960456
1.29000008 0.650538921  0.309616417  0.960155
1.30000007 0.649646163  0.310212910  0.959859
1.31000006 0.648470342  0.311159492  0.95963
1.32000005 0.647044122  0.312398434  0.959443
1.33000004 0.645933568  0.313312411  0.959246
1.34000015 0.644703329  0.314297259  0.959001
1.35000014 0.643483937  0.315294266  0.958778
1.36000013 0.642906904  0.315603912  0.958511
1.37000012 0.642112136  0.316112220  0.958224
1.38000011 0.641099632  0.316819787  0.957919
1.39000010 0.639869332  0.317809135  0.957678
1.40000010 0.638856828  0.318554074  0.957411
1.41000009 0.637974977  0.319158226  0.957133
1.42000008 0.636548698  0.320373207  0.956922
1.43000007 0.635655940  0.321014762  0.956671
1.44000006 0.635242224  0.321141064  0.956383
1.45000005 0.634676099  0.321431369  0.956107
1.46000016 0.633598268  0.322285891  0.955884
1.47000015 0.631823599  0.323834717  0.955658
1.48000014 0.630713105  0.324691325  0.955404
1.49000013 0.630669594  0.324396014  0.955066
1.50000012 0.629798591  0.325007290  0.954806
1.51000011 0.629145324  0.325300723  0.954446
1.52000010 0.628470361  0.325653315  0.954124
1.53000009 0.627632022  0.326254129  0.953886
1.54000008 0.626924336  0.326702237  0.953627
1.55000007 0.625966251  0.327457547  0.953424
1.56000006 0.624638021  0.328591704  0.95323
1.57000005 0.624137163  0.328805566  0.952943
1.58000016 0.623919427  0.328783065  0.952702
1.59000015 0.622906923  0.329635918  0.952543
1.60000014 0.622547626  0.329767555  0.952315
1.61000013 0.621611297  0.330491573  0.952103
1.62000012 0.621186733  0.330706567  0.951893
1.63000011 0.620522618  0.331171483  0.951694
1.64000010 0.620097995  0.331316113  0.951414
1.65000010 0.619205236  0.331935763  0.951141
1.66000009 0.617985845  0.332923979  0.95091
1.67000008 0.616679370  0.334067762  0.950747
1.68000007 0.615982592  0.334559232  0.950542
1.69000018 0.615057170  0.335241497  0.950299
1.70000017 0.614218831  0.335841477  0.95006
1.71000016 0.614382148  0.335274756  0.949657
1.72000015 0.613772452  0.335577339  0.94935
1.73000014 0.612879694  0.336166292  0.949046
1.74000013 0.611943364  0.336850882  0.948794
1.75000012 0.611192167  0.337298214  0.94849
1.76000011 0.609951019  0.338342726  0.948294
1.77000010 0.609265089  0.338755161  0.94802
1.78000009 0.608470321  0.339287996  0.947758
1.79000008 0.607621133  0.339892685  0.947514
1.80000007 0.606880784  0.340282559  0.947163
1.81000018 0.605759382  0.341128141  0.946888
1.82000017 0.604888380  0.341771036  0.946659
1.83000016 0.604148090  0.342306435  0.946455
1.84000015 0.603287995  0.343022436  0.94631
1.85000014 0.603538394  0.342383772  0.945922
1.86000013 0.602896035  0.342716366  0.945612
1.87000012 0.601132274  0.344286740  0.945419
1.88000011 0.600108862  0.345077544  0.945186
1.89000010 0.599412084  0.345484376  0.944896
1.90000010 0.598214507  0.346505731  0.94472
1.91000009 0.597419679  0.347082436  0.944502
1.92000008 0.596897125  0.347298473  0.944196
1.93000019 0.595895469  0.348069131  0.943965
1.94000018 0.595525324  0.348129094  0.943654
1.95000017 0.594120860  0.349395752  0.943517
1.96000016 0.593587399  0.349710345  0.943298
1.97000015 0.592574835  0.350568146  0.943143
1.98000014 0.591943383  0.351016521  0.94296
1.99000013 0.591028869  0.351755291  0.942784
2.00000024 0.590103447  0.352483183  0.942587
2.01000023 0.589548171  0.352836370  0.942385
2.02000022 0.588405013  0.353844106  0.942249
2.03000021 0.586967885  0.355071187  0.942039
2.04000020 0.586467087  0.355329454  0.941797
2.05000019 0.585476339  0.356182098  0.941658
2.06000018 0.584540009  0.356914490  0.941454
2.07000017 0.584017396  0.357162654  0.94118
2.08000016 0.583603680  0.357313156  0.940917
2.09000015 0.582417011  0.358327299  0.940744
2.10000014 0.580860078  0.359671026  0.940531
2.11000013 0.580587924  0.359628350  0.940216
2.12000012 0.579912901  0.360012114  0.939925
2.13000011 0.578998387  0.360677093  0.939675
2.14000010 0.578508437  0.360890895  0.939399
2.15000010 0.578018486  0.361068934  0.939087
2.16000009 0.577343524  0.361417800  0.938761
2.17000008 0.576178551  0.362340689  0.938519
2.18000007 0.575198710  0.363081723  0.93828
2.19000006 0.574099064  0.363982737  0.938082
2.20000005 0.573304296  0.364505112  0.937809
2.21000004 0.572411537  0.365162879  0.937574
2.22000027 0.572074056  0.365221739  0.937296
2.23000026 0.570800245  0.366321176  0.937121
2.24000025 0.569406629  0.367545068  0.936952
2.25000024 0.568742514  0.367948443  0.936691
2.26000023 0.568187237  0.368229479  0.936417
2.27000022 0.568089247  0.367995113  0.936084
2.28000021 0.567403376  0.368350178  0.935754
2.29000020 0.566053331  0.369381815  0.935435
2.30000019 0.565215051  0.369910449  0.935126
2.31000018 0.564474702  0.370378375  0.934853
2.32000017 0.563396871  0.371277422  0.934674
2.33000016 0.562406123  0.372029692  0.934436
2.34000015 0.561535120  0.372672230  0.934207
2.35000014 0.561077833  0.372821361  0.933899
2.36000013 0.560587943  0.373032629  0.933621
2.37000012 0.560555279  0.372688681  0.933244
2.38000011 0.559303224  0.373727977  0.933031
2.39000010 0.558606446  0.374138176  0.932745
2.40000010 0.557768106  0.374721974  0.93249
2.41000009 0.556897104  0.375330836  0.932228
2.42000008 0.556526959  0.375408143  0.931935
2.43000007 0.555557966  0.376154840  0.931713
2.44000006 0.555253148  0.376145869  0.931399
2.45000029 0.554686964  0.376409680  0.931097
2.46000028 0.553946674  0.376909971  0.930857
2.47000027 0.553609133  0.376963407  0.930573
2.48000026 0.552955925  0.377377778  0.930334
2.49000025 0.552825272  0.377182573  0.930008
2.50000024 0.552629292  0.377111852  0.929741
2.51000023 0.552008688  0.377477169  0.929486
2.52000022 0.551551461  0.377630711  0.929182
2.53000021 0.550745785  0.378208250  0.928954
2.54000020 0.549210668  0.379559517  0.92877
2.55000019 0.548611879  0.379852176  0.928464
2.56000018 0.548198164  0.379920036  0.928118
2.57000017 0.547958612  0.379775912  0.927735
2.58000016 0.547806203  0.379568964  0.927375
2.59000015 0.547142088  0.379886955  0.927029
2.60000014 0.546053350  0.380768478  0.926822
2.61000013 0.545813799  0.380661815  0.926476
2.62000012 0.545323908  0.380855769  0.92618
2.63000011 0.544779539  0.381100267  0.92588
2.64000010 0.543919444  0.381720811  0.92564
2.65000010 0.542961359  0.382468015  0.925429
2.66000009 0.542177439  0.383065432  0.925243
2.67000008 0.541981518  0.382934779  0.924916
2.68000031 0.541535139  0.383080393  0.924616
2.69000030 0.540903628  0.383440197  0.924344
2.70000029 0.540261269  0.383799940  0.924061
2.71000028 0.539716959  0.384059757  0.923777
2.72000027 0.538802385  0.384735972  0.923538
2.73000026 0.537789881  0.385462940  0.923253
2.74000025 0.537201941  0.385686636  0.922889
2.75000024 0.536875367  0.385568947  0.922444
2.76000023 0.536243856  0.385817826  0.922062
2.77000022 0.535688639  0.385978699  0.921667
2.78000021 0.534872055  0.386443138  0.921315
2.79000020 0.533815980  0.387262434  0.921078
2.80000019 0.532727301  0.388107836  0.920835
2.81000018 0.532041371  0.388485849  0.920527
2.82000017 0.531431675  0.388749570  0.920181
2.83000016 0.530636907  0.389293134  0.91993
2.84000015 0.529700577  0.390078396  0.919779
2.85000014 0.528731644  0.390775591  0.919507
2.86000013 0.527621150  0.391638935  0.91926
2.87000012 0.526771903  0.392197877  0.91897
2.88000011 0.526347280  0.392261297  0.918609
2.89000010 0.526107788  0.392147243  0.918255
2.90000010 0.525302112  0.392643809  0.917946
2.91000032 0.524409354  0.393281400  0.917691
2.92000031 0.523886800  0.393486351  0.917373
2.93000031 0.523473024  0.393525332  0.916998
2.94000030 0.522798061  0.393909365  0.916707
2.95000029 0.522612929  0.393744439  0.916357
2.96000028 0.521731079  0.394333065  0.916064
2.97000027 0.521426260  0.394334644  0.915761
2.98000026 0.520740330  0.394770861  0.915511
2.99000025 0.519716918  0.395540535  0.915257
3.00000024 0.519172549  0.395734966  0.914908
3.01000023 0.518976569  0.395621926  0.914598
3.02000022 0.518203616  0.396124452  0.914328
3.03000021 0.517071307  0.397024840  0.914096
3.04000020 0.516505182  0.397297323  0.913803
3.05000019 0.516211212  0.397339106  0.91355
3.06000018 0.515449107  0.397882253  0.913331
3.07000017 0.514817655  0.398232788  0.91305
3.08000016 0.514425695  0.398287982  0.912714
3.09000015 0.513532937  0.398948491  0.912481
3.10000014 0.512738168  0.399519473  0.912258
3.11000013 0.511562347  0.400529593  0.912092
3.12000012 0.510963500  0.400883198  0.911847
3.13000011 0.510702252  0.400811166  0.911513
3.14000010 0.510876417  0.400260925  0.911137
3.15000033 0.510059893  0.400834411  0.910894
3.16000032 0.509395778  0.401240408  0.910636
3.17000031 0.509025574  0.401323587  0.910349
3.18000031 0.508405030  0.401665688  0.910071
3.19000030 0.507610261  0.402241617  0.909852
3.20000029 0.506793678  0.402843773  0.909637
3.21000028 0.505944490  0.403485894  0.90943
3.22000027 0.505530775  0.403583586  0.909114
3.23000026 0.505574286  0.403174907  0.908749
3.24000025 0.505465448  0.402896106  0.908362
3.25000024 0.504213393  0.403942198  0.908156
3.26000023 0.503298879  0.404638797  0.907938
3.27000022 0.502210140  0.405596763  0.907807
3.28000021 0.501665771  0.405852348  0.907518
3.29000020 0.501535118  0.405678570  0.907214
3.30000019 0.501143157  0.405699641  0.906843
3.31000018 0.500664115  0.405864358  0.906528
3.32000017 0.499814928  0.406460285  0.906275
3.33000016 0.498878598  0.407161057  0.90604
3.34000015 0.498225361  0.407562345  0.905788
3.35000014 0.497898757  0.407545686  0.905444
3.36000013 0.496908009  0.408352882  0.905261
3.37000012 0.496026129  0.409004658  0.905031
3.38000035 0.495666862  0.409054160  0.904721
3.39000034 0.495220482  0.409208655  0.904429
3.40000033 0.494654328  0.409455091  0.904109
3.41000032 0.493924886  0.409951329  0.903876
3.42000031 0.492879689  0.410828888  0.903709
3.43000031 0.492193788  0.411274195  0.903468
3.44000030 0.492074043  0.411062300  0.903136
3.45000029 0.491812736  0.411007971  0.902821
3.46000028 0.491301030  0.411243349  0.902544
3.47000027 0.490386486  0.411952943  0.902339
3.48000026 0.489983678  0.411991507  0.901975
3.49000025 0.488862276  0.412940085  0.901802
3.50000024 0.488296121  0.413217485  0.901514
3.51000023 0.488111049  0.412965596  0.901077
3.52000022 0.487817079  0.412885875  0.900703
3.53000021 0.487044096  0.413453847  0.900498
3.54000020 0.486303747  0.413969547  0.900273
3.55000019 0.485879153  0.414102107  0.899981
3.56000018 0.485127926  0.414605647  0.899734
3.57000017 0.484953731  0.414407223  0.899361
3.58000016 0.484725088  0.414275378  0.899
3.59000015 0.484398484  0.414249003  0.898647
3.60000014 0.483788788  0.414567918  0.898357
3.61000037 0.482863367  0.415219426  0.898083
3.62000036 0.482373446  0.415379733  0.897753
3.63000035 0.481937945  0.415487409  0.897425
3.64000034 0.481056064  0.416207224  0.897263
3.65000033 0.480609685  0.416341841  0.896952
3.66000032 0.479695141  0.417049736  0.896745
3.67000031 0.479379416  0.417011589  0.896391
3.68000031 0.478845954  0.417320937  0.896167
3.69000030 0.478029400  0.417923570  0.895953
3.70000029 0.476886213  0.418954819  0.895841
3.71000028 0.476439834  0.419145316  0.895585
3.72000027 0.475917250  0.419442683  0.89536
3.73000026 0.476189435  0.418683022  0.894872
3.74000025 0.475797504  0.418807000  0.894605
3.75000024 0.475351125  0.418957680  0.894309
3.76000023 0.474425703  0.419631332  0.894057
3.77000022 0.474022865  0.419809133  0.893832
3.78000021 0.473892212  0.419638336  0.893531
3.79000020 0.473663568  0.419561476  0.893225
3.80000019 0.473228097  0.419712961  0.892941
3.81000018 0.472487748  0.420214415  0.892702
3.82000017 0.472052246  0.420352608  0.892405
3.83000016 0.471050620  0.421286047  0.892337
3.84000015 0.470560700  0.421452582  0.892013
3.85000038 0.470005453  0.421794504  0.8918
3.86000037 0.469667941  0.421880603  0.891549
3.87000036 0.469221562  0.422060698  0.891282
3.88000035 0.468383223  0.422700644  0.891084
3.89000034 0.468034834  0.422801107  0.890836
3.90000033 0.467621118  0.423009604  0.890631
3.91000032 0.466423512  0.424179137  0.890603
3.92000031 0.465726733  0.424713790  0.890441
3.93000031 0.465095252  0.425168216  0.890263
3.94000030 0.464518249  0.425541043  0.890059
3.95000029 0.463843226  0.426063925  0.889907
3.96000028 0.463277072  0.426356733  0.889634
3.97000027 0.463168204  0.426024944  0.889193
3.98000026 0.462514967  0.426426977  0.888942
3.99000025 0.462101251  0.426598072  0.888699
4.00000048 0.461829066  0.426578820  0.888408
4.01000023 0.461458892  0.426668793  0.888128
4.02000046 0.460522592  0.427480578  0.888003
4.03000021 0.459618956  0.428212076  0.887831
4.04000044 0.458878607  0.428780675  0.887659
4.05000019 0.458584636  0.428803474  0.887388
4.06000042 0.458051175  0.429168224  0.887219
4.07000017 0.457909644  0.429013938  0.886924
4.08000040 0.457387030  0.429406434  0.886793
4.09000015 0.456559598  0.430169076  0.886729
4.10000038 0.456156790  0.430343658  0.8865
4.11000013 0.455732167  0.430505008  0.886237
4.12000036 0.455002725  0.430967838  0.885971
4.13000011 0.454817623  0.430800319  0.885618
4.14000034 0.454044640  0.431401491  0.885446
4.15000010 0.453554720  0.431673855  0.885229
4.16000032 0.453260750  0.431685388  0.884946
4.17000008 0.452335328  0.432466596  0.884802
4.18000031 0.452008724  0.432464898  0.884474
4.19000053 0.451257497  0.432972580  0.88423
4.20000029 0.450484484  0.433563709  0.884048
4.21000051 0.449863911  0.433920503  0.883784
4.22000027 0.448992938  0.434623122  0.883616
4.23000050 0.448470324  0.434885293  0.883356
4.24000025 0.448078394  0.435009032  0.883087
4.25000048 0.447762668  0.435022950  0.882786
4.26000023 0.447250962  0.435340524  0.882591
4.27000046 0.446053356  0.436558962  0.882612
4.28000021 0.445302129  0.437155217  0.882457
4.29000044 0.445160598  0.437017381  0.882178
4.30000019 0.444572687  0.437407017  0.88198
4.31000042 0.444409370  0.437255353  0.881665
4.32000017 0.444126278  0.437200874  0.881327
4.33000040 0.443473041  0.437688321  0.881161
4.34000015 0.442776263  0.438218534  0.880995
4.35000038 0.441970617  0.438873738  0.880844
4.36000013 0.441556901  0.439056754  0.880614
4.37000036 0.441273808  0.439031333  0.880305
4.38000011 0.440696776  0.439326376  0.880023
4.39000034 0.440119773  0.439663798  0.879784
4.40000010 0.439716935  0.439708173  0.879425
4.41000032 0.439270556  0.439850509  0.879121
4.42000008 0.438421339  0.440524369  0.878946
4.43000031 0.438051164  0.440569401  0.878621
4.44000053 0.437419713  0.440950781  0.87837
4.45000029 0.436908007  0.441219866  0.878128
4.46000051 0.436222106  0.441728175  0.87795
4.47000027 0.435928136  0.441704333  0.877632
4.48000050 0.435753942  0.441582114  0.877336
4.49000025 0.435525298  0.441515625  0.877041
4.50000048 0.434915632  0.441927403  0.876843
4.51000023 0.434240609  0.442493260  0.876734
4.52000046 0.433598250  0.443004072  0.876602
4.53000021 0.433064789  0.443305105  0.87637
4.54000044 0.432444215  0.443760484  0.876205
4.55000019 0.432226449  0.443709522  0.875936
4.56000042 0.431888938  0.443813771  0.875703
4.57000017 0.431453466  0.444045097  0.875499
4.58000040 0.430713117  0.444699496  0.875413
4.59000015 0.429853022  0.445482761  0.875336
4.60000038 0.429308653  0.445800781  0.875109
4.61000013 0.428786069  0.446104079  0.87489
4.62000036 0.428655416  0.445984066  0.874639
4.63000011 0.428209037  0.446288079  0.874497
4.64000034 0.428089291  0.446153641  0.874243
4.65000010 0.427827984  0.446146131  0.873974
4.66000032 0.427163839  0.446649909  0.873814
4.67000055 0.426619500  0.447040439  0.87366
4.68000031 0.426434398  0.446934342  0.873369
4.69000053 0.426281989  0.446771473  0.873053
4.70000029 0.425421894  0.447532862  0.872955
4.71000051 0.424888402  0.447825491  0.872714
4.72000027 0.424235165  0.448304117  0.872539
4.73000050 0.423941195  0.448355287  0.872296
4.74000025 0.423571050  0.448492169  0.872063
4.75000048 0.423571050  0.448129714  0.871701
4.76000023 0.423320621  0.448137701  0.871458
4.77000046 0.423081100  0.448131263  0.871212
4.78000021 0.422710955  0.448268533  0.870979
4.79000044 0.422046810  0.448763788  0.870811
4.80000019 0.421731085  0.448844284  0.870575
4.81000042 0.420870990  0.449641466  0.870512
4.82000017 0.420479029  0.449765652  0.870245
4.83000040 0.420391947  0.449516624  0.869909
4.84000015 0.420010895  0.449612170  0.869623
4.85000038 0.419248790  0.450310946  0.86956
4.86000013 0.418726176  0.450766742  0.869493
4.87000036 0.418475777  0.450820327  0.869296
4.88000011 0.418062061  0.450989187  0.869051
4.89000034 0.417583019  0.451272815  0.868856
4.90000057 0.416853577  0.451960564  0.868814
4.91000032 0.416788250  0.451798558  0.868587
4.92000055 0.416243881  0.452199221  0.868443
4.93000031 0.415307581  0.453178525  0.868486
4.94000053 0.414915621  0.453392684  0.868308
4.95000029 0.414414793  0.453751475  0.868166
4.96000051 0.413696229  0.454415262  0.868111
4.97000027 0.413620025  0.454152822  0.867773
4.98000050 0.412999451  0.454585344  0.867585
4.99000025 0.412542194  0.454859197  0.867401
5.00000048 0.412400663  0.454741746  0.867142
5.01000023 0.412259132  0.454580516  0.86684
5.02000046 0.412237346  0.454229891  0.866467
5.03000021 0.411845386  0.454445422  0.866291
5.04000044 0.411301047  0.454851389  0.866152
5.05000019 0.410713106  0.455345005  0.866058
5.06000042 0.410288513  0.455606252  0.865895
5.07000017 0.409918338  0.455838084  0.865756
5.08000040 0.409461081  0.456202358  0.865663
5.09000015 0.408742517  0.456917018  0.86566
5.10000038 0.408198148  0.457355320  0.865553
5.11000013 0.407642901  0.457750201  0.865393
5.12000036 0.407218277  0.457955539  0.865174
5.13000059 0.406782806  0.458204627  0.864987
5.14000034 0.406456172  0.458337337  0.864794
5.15000057 0.406401753  0.458102942  0.864505
5.16000032 0.406532377  0.457604915  0.864137
5.17000055 0.406107783  0.457898915  0.864007
5.18000031 0.405585200  0.458296210  0.863881
5.19000053 0.405138820  0.458531588  0.86367
5.20000029 0.404583573  0.458944410  0.863528
5.21000051 0.403777897  0.459652483  0.86343
5.22000027 0.403396845  0.459801614  0.863198
5.23000050 0.403407723  0.459464371  0.862872
5.24000025 0.402732730  0.460085034  0.862818
5.25000048 0.402493209  0.460028082  0.862521
5.26000023 0.401763737  0.460635692  0.862399
5.27000046 0.401404470  0.460741460  0.862146
5.28000021 0.400729448  0.461335391  0.862065
5.29000044 0.400087088  0.461855948  0.861943
5.30000019 0.399597168  0.462155432  0.861753
5.31000042 0.398835063  0.462811321  0.861646
5.32000017 0.397964060  0.463615865  0.86158
5.33000040 0.397038639  0.464481086  0.86152
5.34000015 0.396951556  0.464218795  0.86117
5.35000038 0.396439850  0.464624971  0.861065
5.36000061 0.396080554  0.464882702  0.860963
5.37000036 0.395851940  0.464872986  0.860725
5.38000059 0.395503551  0.465042144  0.860546
5.39000034 0.395046264  0.465405256  0.860452
5.40000057 0.394589007  0.465708911  0.860298
5.41000032 0.394033760  0.466132790  0.860167
5.42000055 0.393870443  0.466094106  0.859965
5.43000031 0.393282533  0.466578424  0.859861
5.44000053 0.392934144  0.466778755  0.859713
5.45000029 0.392226458  0.467458904  0.859685
5.46000051 0.392019600  0.467466086  0.859486
5.47000027 0.391322821  0.468102515  0.859425
5.48000050 0.391028851  0.468199641  0.859228
5.49000025 0.390582472  0.468492687  0.859075
5.50000048 0.390157878  0.468710542  0.858868
5.51000023 0.390440941  0.468012184  0.858453
5.52000046 0.390146971  0.468109578  0.858257
5.53000021 0.389417529  0.468749493  0.858167
5.54000044 0.388731629  0.469359636  0.858091
5.55000019 0.388263464  0.469714612  0.857978
5.56000042 0.387664676  0.470250785  0.857915
5.57000017 0.387632012  0.470018864  0.857651
5.58000040 0.387359828  0.470103145  0.857463
5.59000063 0.386782795  0.470565140  0.857348
5.60000038 0.386042446  0.471330196  0.857373
5.61000061 0.385389209  0.471930444  0.85732
5.62000036 0.384616226  0.472636968  0.857253
5.63000059 0.384158969  0.472905248  0.857064
5.64000034 0.383930326  0.472779781  0.85671
5.65000057 0.383516610  0.472972393  0.856489
5.66000032 0.383026659  0.473363250  0.85639
5.67000055 0.382743597  0.473313689  0.856057
5.68000031 0.381785512  0.474221885  0.856007
5.69000053 0.381262928  0.474644691  0.855908
5.70000029 0.381001621  0.474672109  0.855674
5.71000051 0.380947202  0.474364400  0.855312
5.72000027 0.379804015  0.475641876  0.855446
5.73000050 0.379292339  0.476005524  0.855298
5.74000025 0.378976583  0.476079851  0.855056
5.75000048 0.378791511  0.475986302  0.854778
5.76000023 0.378432214  0.476259112  0.854691
5.77000046 0.377517700  0.477297902  0.854816
5.78000021 0.377049536  0.477648735  0.854698
5.79000044 0.376287431  0.478337586  0.854625
5.80000019 0.375732183  0.478796780  0.854529
5.81000042 0.375394672  0.478903860  0.854299
5.82000065 0.375057161  0.479072899  0.85413
5.83000040 0.374501914  0.479518861  0.854021
5.84000063 0.373859555  0.480072618  0.853932
5.85000038 0.373402297  0.480381191  0.853783
5.86000061 0.373195440  0.480397433  0.853593
5.87000036 0.372629285  0.480937481  0.853567
5.88000059 0.372008711  0.481555969  0.853565
5.89000034 0.371213943  0.482390910  0.853605
5.90000057 0.370571584  0.482964963  0.853537
5.91000032 0.370201409  0.483230025  0.853431
5.92000055 0.369504631  0.483944505  0.853449
5.93000031 0.369221568  0.484071761  0.853293
5.94000053 0.368535668  0.484787911  0.853324
5.95000029 0.368557423  0.484497339  0.853055
5.96000051 0.367740870  0.485276908  0.853018
5.97000027 0.367316276  0.485576063  0.852892
5.98000050 0.367163867  0.485503465  0.852667
5.99000025 0.366009802  0.486813128  0.852823
6.00000048 0.365127921  0.487751931  0.85288
6.01000023 0.364746869  0.487992078  0.852739
6.02000046 0.364180744  0.488465458  0.852646
6.03000021 0.363429517  0.489251435  0.852681
6.04000044 0.362852484  0.489758164  0.852611
6.05000019 0.362373441  0.490124971  0.852498
6.06000042 0.361741960  0.490632564  0.852375
6.07000065 0.361404479  0.490828395  0.852233
6.08000040 0.360587925  0.491712779  0.852301
6.09000063 0.360130638  0.492097557  0.852228
6.10000038 0.359564513  0.492561013  0.852126
6.11000061 0.359248787  0.492759079  0.852008
6.12000036 0.358530223  0.493521988  0.852052
6.13000059 0.358007610  0.493971646  0.851979
6.14000034 0.357365280  0.494485617  0.851851
6.15000057 0.356635809  0.495172679  0.851808
6.16000032 0.356113225  0.495546341  0.85166
6.17000055 0.355873704  0.495542437  0.851416
6.18000031 0.355285794  0.495995402  0.851281
6.19000053 0.354763210  0.496370494  0.851134
6.20000029 0.354186177  0.496840805  0.851027
6.21000051 0.354066402  0.496632308  0.850699
6.22000027 0.353565603  0.496945530  0.850511
6.23000050 0.352955908  0.497527391  0.850483
6.24000025 0.352346212  0.498110801  0.850457
6.25000048 0.351431668  0.499090910  0.850523
6.26000023 0.351235718  0.499057770  0.850293
6.27000046 0.350800216  0.499389768  0.85019
6.28000021 0.350244969  0.499975532  0.850221
6.29000044 0.349918336  0.500133753  0.850052
6.30000067 0.349776804  0.500054002  0.849831
6.31000042 0.349090904  0.500769258  0.84986
6.32000065 0.348481208  0.501374304  0.849856
6.33000040 0.347969502  0.501804531  0.849774
6.34000063 0.347599357  0.502012730  0.849612
6.35000038 0.346946120  0.502619624  0.849566
6.36000061 0.346521497  0.502908230  0.84943
6.37000036 0.345694065  0.503787935  0.849482
6.38000059 0.345715851  0.503454924  0.849171
6.39000034 0.345062613  0.504064441  0.849127
6.40000057 0.344442040  0.504659772  0.849102
6.41000032 0.343494833  0.505767941  0.849263
6.42000055 0.343146443  0.506027877  0.849174
6.43000031 0.342449635  0.506721735  0.849171
6.44000053 0.342264563  0.506645918  0.84891
6.45000029 0.341317356  0.507710993  0.849028
6.46000051 0.340860099  0.508005202  0.848865
6.47000027 0.340108871  0.508751571  0.84886
6.48000050 0.339706033  0.509014666  0.848721
6.49000025 0.339107245  0.509536266  0.848644
6.50000048 0.338660866  0.509800732  0.848462
6.51000023 0.337887853  0.510679126  0.848567
6.52000046 0.337289065  0.511300743  0.84859
6.53000069 0.336897105  0.511598945  0.848496
6.54000044 0.336505175  0.511914492  0.84842
6.55000067 0.336069673  0.512263000  0.848333
6.56000042 0.335928142  0.512141526  0.84807
6.57000065 0.335264027  0.512847245  0.848111
6.58000040 0.334893852  0.513148069  0.848042
6.59000063 0.334131747  0.514034390  0.848166
6.60000038 0.333685368  0.514466763  0.848152
6.61000061 0.333119214  0.515094638  0.848214
6.62000036 0.333010346  0.514910281  0.847921
6.63000059 0.332629293  0.515181422  0.847811
6.64000034 0.332291782  0.515403748  0.847696
6.65000057 0.331431687  0.516393423  0.847825
6.66000032 0.330941767  0.516878366  0.84782
6.67000055 0.330310285  0.517576933  0.847887
6.68000031 0.330005437  0.517687321  0.847693
6.69000053 0.330005437  0.517421961  0.847427
6.70000029 0.329961896  0.517237604  0.847199
6.71000051 0.329493731  0.517692089  0.847186
6.72000027 0.328644544  0.518623710  0.847268
6.73000050 0.328034848  0.519161940  0.847197
6.74000025 0.327871531  0.519093871  0.846965
6.75000048 0.327283621  0.519699037  0.846983
6.76000071 0.326543272  0.520535946  0.847079
6.77000046 0.326249331  0.520649195  0.846899
6.78000069 0.326173097  0.520450294  0.846623
6.79000044 0.325857371  0.520646453  0.846504
6.80000067 0.325410992  0.521040916  0.846452
6.81000042 0.324540019  0.522129297  0.846669
6.82000065 0.323821455  0.522872567  0.846694
6.83000040 0.323679924  0.522806227  0.846486
6.84000063 0.322994024  0.523600876  0.846595
6.85000038 0.322798043  0.523651123  0.846449
6.86000061 0.322068602  0.524480343  0.846549
6.87000036 0.321720183  0.524664521  0.846385
6.88000059 0.321458906  0.524765670  0.846225
6.89000034 0.320675015  0.525631130  0.846306
6.90000057 0.320381045  0.525766253  0.846147
6.91000032 0.319825798  0.526284397  0.84611
6.92000055 0.319499195  0.526520252  0.846019
6.93000031 0.319422960  0.526306510  0.845729
6.94000053 0.318432212  0.527543247  0.845975
6.95000029 0.317800760  0.528148234  0.845949
6.96000051 0.317561239  0.528185129  0.845746
6.97000027 0.317376167  0.528122842  0.845499
6.98000050 0.317289054  0.527942777  0.845232
6.99000072 0.316668481  0.528650641  0.845319
7.00000048 0.316222101  0.529073596  0.845296
7.01000071 0.315568864  0.529732287  0.845301
7.02000046 0.315078944  0.530174315  0.845253
7.03000069 0.314556330  0.530666530  0.845223
7.04000044 0.314240605  0.530857861  0.845098
7.05000067 0.313663572  0.531520128  0.845184
7.06000042 0.312934130  0.532368243  0.845302
7.07000065 0.312400639  0.532897651  0.845298
7.08000040 0.311899841  0.533411562  0.845311
7.09000063 0.311562330  0.533655763  0.845218
7.10000038 0.311061502  0.534170926  0.845232
7.11000061 0.310854644  0.534179807  0.845034
7.12000036 0.310549796  0.534273088  0.844823
7.13000059 0.310125202  0.534603953  0.844729
7.14000034 0.309210658  0.535781443  0.844992
7.15000057 0.308938473  0.535876095  0.844815
7.16000032 0.308873177  0.535649657  0.844523
7.17000055 0.308633655  0.535744667  0.844378
7.18000031 0.307915092  0.536604166  0.844519
7.19000053 0.307588458  0.536904037  0.844492
7.20000029 0.307185620  0.537238359  0.844424
7.21000051 0.306793690  0.537556529  0.84435
7.22000074 0.306347311  0.537993670  0.844341
7.23000050 0.305868268  0.538517296  0.844386
7.24000072 0.305552542  0.538803101  0.844356
7.25000048 0.305182368  0.539191365  0.844374
7.26000071 0.304376692  0.540144622  0.844521
7.27000046 0.303712577  0.540996552  0.844709
7.28000069 0.303255320  0.541541576  0.844797
7.29000044 0.303146422  0.541454375  0.844601
7.30000067 0.302525848  0.542137384  0.844663
7.31000042 0.302046806  0.542667508  0.844714
7.32000065 0.302014142  0.542373836  0.844388
7.33000040 0.301241159  0.543214798  0.844456
7.34000063 0.300566137  0.543936014  0.844502
7.35000038 0.300315738  0.544021964  0.844338
7.36000061 0.299923778  0.544418037  0.844342
7.37000036 0.299804032  0.544503927  0.844308
7.38000059 0.299520969  0.544780314  0.844301
7.39000034 0.299292326  0.544884443  0.844177
7.40000057 0.298954815  0.545195699  0.844151
7.41000032 0.298715293  0.545369029  0.844084
7.42000055 0.298584640  0.545283616  0.843868
7.43000031 0.298072934  0.545855522  0.843928
7.44000053 0.297920525  0.545787632  0.843708
7.45000076 0.297604799  0.546032012  0.843637
7.46000051 0.297343493  0.546119690  0.843463
7.47000074 0.297201961  0.546086669  0.843289
7.48000050 0.296570510  0.546870947  0.843441
7.49000072 0.295906365  0.547707915  0.843614
7.50000048 0.295187801  0.548616648  0.843804
7.51000071 0.295024484  0.548672616  0.843697
7.52000046 0.294458359  0.549425960  0.843884
7.53000069 0.293859541  0.550198436  0.844058
7.54000044 0.293271631  0.550937116  0.844209
7.55000067 0.293119222  0.550907254  0.844026
7.56000042 0.292553067  0.551525116  0.844078
7.57000065 0.292117596  0.551933944  0.844052
7.58000040 0.292139351  0.551642001  0.843781
7.59000063 0.291584104  0.552261531  0.843846
7.60000038 0.291213930  0.552567124  0.843781
7.61000061 0.290321171  0.553785741  0.844107
7.62000036 0.289798588  0.554373741  0.844172
7.63000059 0.289526403  0.554575980  0.844102
7.64000034 0.289265096  0.554724991  0.84399
7.65000057 0.289145350  0.554610133  0.843755
7.66000032 0.288927585  0.554600596  0.843528
7.67000055 0.288579196  0.554873526  0.843453
7.68000031 0.288067490  0.555412412  0.84348
7.69000053 0.287719101  0.555739939  0.843459
7.70000076 0.286956996  0.556741178  0.843698
7.71000051 0.286314636  0.557530344  0.843845
7.72000074 0.285911798  0.557966650  0.843878
7.73000050 0.285574317  0.558279097  0.843853
7.74000072 0.285204142  0.558610499  0.843815
7.75000048 0.284953743  0.558675528  0.843629
7.76000071 0.284681559  0.558758140  0.84344
7.77000046 0.284180731  0.559214890  0.843396
7.78000069 0.283854097  0.559369266  0.843223
7.79000044 0.283603698  0.559364021  0.842968
7.80000067 0.283309758  0.559483409  0.842793
7.81000042 0.282591194  0.560335219  0.842926
7.82000065 0.282275438  0.560509503  0.842785
7.83000040 0.281970590  0.560701668  0.842672
7.84000063 0.281469792  0.561198294  0.842668
7.85000038 0.281339139  0.561033487  0.842373
7.86000061 0.281001627  0.561226130  0.842228
7.87000036 0.280500829  0.561742663  0.842243
7.88000059 0.279825807  0.562511504  0.842337
7.89000034 0.279727817  0.562347293  0.842075
7.90000057 0.278976589  0.563207746  0.842184
7.91000032 0.278649986  0.563475132  0.842125
7.92000055 0.278334230  0.563725173  0.842059
7.93000078 0.278116494  0.563849628  0.841966
7.94000053 0.277898759  0.564010143  0.841909
7.95000076 0.277561247  0.564351857  0.841913
7.96000051 0.277332604  0.564549088  0.841882
7.97000074 0.276940674  0.564891994  0.841833
7.98000050 0.277049541  0.564455986  0.841506
7.99000072 0.276918888  0.564418435  0.841337
8.00000095 0.276592284  0.564634562  0.841227
8.01000023 0.276113242  0.565087497  0.841201
8.02000046 0.276015252  0.564941287  0.840957
8.03000069 0.275568873  0.565358281  0.840927
8.04000092 0.275285780  0.565630734  0.840917
8.05000019 0.274915636  0.565903783  0.840819
8.06000042 0.274197072  0.566888630  0.841086
8.07000065 0.274229735  0.566560507  0.84079
8.08000088 0.273750693  0.567072630  0.840823
8.09000015 0.273489386  0.567219257  0.840709
8.10000038 0.273086548  0.567549646  0.840636
8.11000061 0.272781700  0.567679524  0.840461
8.12000084 0.272672832  0.567423761  0.840097
8.13000011 0.272139370  0.567975104  0.840114
8.14000034 0.271627665  0.568435609  0.840063
8.15000057 0.271126837  0.568915308  0.840042
8.16000080 0.270919979  0.568844199  0.839764
8.17000103 0.270299405  0.569508970  0.839808
8.18000031 0.269809484  0.569990993  0.8398
8.19000053 0.268829614  0.571284711  0.840114
8.20000076 0.268666297  0.571215212  0.839882
8.21000099 0.268252581  0.571644425  0.839897
8.22000027 0.267294496  0.572887361  0.840182
8.23000050 0.266848117  0.573244870  0.840093
8.24000072 0.266608596  0.573399186  0.840008
8.25000095 0.266129553  0.573886931  0.840016
8.26000023 0.265824705  0.574023485  0.839848
8.27000046 0.265410990  0.574401855  0.839813
8.28000069 0.265008152  0.574780107  0.839788
8.29000092 0.264529109  0.575270951  0.8398
8.30000019 0.264278710  0.575390279  0.839669
8.31000042 0.264126301  0.575360715  0.839487
8.32000065 0.263941199  0.575387836  0.839329
8.33000088 0.263179094  0.576347053  0.839526
8.34000015 0.262830704  0.576598644  0.839429
8.35000038 0.262406111  0.576943696  0.83935
8.36000061 0.262297213  0.576822340  0.83912
8.37000084 0.261763752  0.577449560  0.839213
8.38000107 0.261360914  0.577814877  0.839176
8.39000034 0.260620564  0.578837991  0.839459
8.40000057 0.260413706  0.578942895  0.839357
8.41000080 0.260097980  0.579197884  0.839296
8.42000103 0.259793133  0.579472899  0.839266
8.43000031 0.259237885  0.580180228  0.839418
8.44000053 0.258867711  0.580494165  0.839362
8.45000076 0.258530200  0.580770493  0.839301
8.46000099 0.258268923  0.580896437  0.839165
8.47000027 0.257659227  0.581588864  0.839248
8.48000050 0.257147521  0.582131386  0.839279
8.49000072 0.256679356  0.582561910  0.839241
8.50000095 0.255906373  0.583598375  0.839505
8.51000023 0.255775720  0.583518863  0.839295
8.52000046 0.255547076  0.583552659  0.8391
8.53000069 0.255274892  0.583682001  0.838957
8.54000092 0.255133361  0.583602071  0.838735
8.55000019 0.254774094  0.583960116  0.838734
8.56000042 0.254491031  0.584127665  0.838619
8.57000065 0.254305929  0.584124446  0.83843
8.58000088 0.253957540  0.584407091  0.838365
8.59000015 0.253739804  0.584441841  0.838182
8.60000038 0.253685355  0.584209979  0.837895
8.61000061 0.253587365  0.584149241  0.837737
8.62000084 0.253326088  0.584356487  0.837683
8.63000107 0.253140986  0.584429741  0.837571
8.64000034 0.252857924  0.584638000  0.837496
8.65000057 0.252988577  0.584116876  0.837105
8.66000080 0.252977669  0.583806098  0.836784
8.67000103 0.252629280  0.584129095  0.836758
8.68000031 0.252259105  0.584529817  0.836789
8.69000053 0.252313554  0.584161103  0.836475
8.70000076 0.251867175  0.584620535  0.836488
8.71000099 0.251170397  0.585601151  0.836772
8.72000027 0.250538915  0.586448669  0.836988
8.73000050 0.250277638  0.586601436  0.836879
8.74000072 0.250506252  0.585904181  0.83641
8.75000095 0.250125200  0.586328089  0.836453
8.76000023 0.249722376  0.586811125  0.836534
8.77000046 0.249243334  0.587508321  0.836752
8.78000069 0.248971149  0.587760329  0.836731
8.79000092 0.248622760  0.588128924  0.836752
8.80000019 0.248263478  0.588556945  0.83682
8.81000042 0.247751772  0.589258194  0.83701
8.82000065 0.247446924  0.589571118  0.837018
8.83000088 0.247174740  0.589864850  0.83704
8.84000015 0.246488839  0.590822995  0.837312
8.85000038 0.246521503  0.590473652  0.836995
8.86000061 0.246456176  0.590300262  0.836756
8.87000084 0.246151328  0.590556145  0.836707
8.88000107 0.246020690  0.590421557  0.836442
8.89000034 0.246042460  0.590090990  0.836133
8.90000057 0.245726734  0.590367734  0.836094
8.91000080 0.245247692  0.590939522  0.836187
8.92000103 0.245378330  0.590352118  0.83573
8.93000031 0.244659767  0.591279089  0.835939
8.94000053 0.244180724  0.591892183  0.836073
8.95000076 0.243712574  0.592467487  0.83618
8.96000099 0.243723467  0.592136502  0.83586
8.97000027 0.243287966  0.592594326  0.835882
8.98000050 0.242776260  0.593369365  0.836146
8.99000072 0.242231905  0.594204485  0.836436
9.00000095 0.241752863  0.594804168  0.836557
9.01000023 0.241197601  0.595542967  0.836741
9.02000046 0.240544364  0.596442401  0.836987
9.03000069 0.240359277  0.596510291  0.83687
9.04000092 0.240163311  0.596597493  0.836761
9.05000019 0.240141541  0.596466243  0.836608
9.06000042 0.240054443  0.596414030  0.836468
9.07000065 0.239651605  0.596880019  0.836532
9.08000088 0.239139900  0.597546637  0.836687
9.09000111 0.239216119  0.597116292  0.836332
9.10000038 0.239041910  0.597065032  0.836107
9.11000061 0.238954812  0.596913278  0.835868
9.12000084 0.238606423  0.597221851  0.835828
9.13000107 0.238432229  0.597270608  0.835703
9.14000034 0.237996727  0.597800493  0.835797
9.15000057 0.238160044  0.597146749  0.835307
9.16000080 0.238051176  0.597014904  0.835066
9.17000103 0.237659231  0.597465456  0.835125
9.18000031 0.237474144  0.597474754  0.834949
9.19000053 0.237223729  0.597704709  0.834928
9.20000076 0.237256393  0.597391248  0.834648
9.21000099 0.236810014  0.597884774  0.834695
9.22000027 0.236657590  0.597934246  0.834592
9.23000050 0.236189440  0.598549783  0.834739
9.24000072 0.236298308  0.598094702  0.834393
9.25000095 0.235949919  0.598428071  0.834378
9.26000023 0.235242248  0.599451184  0.834693
9.27000046 0.234872073  0.599847794  0.83472
9.28000069 0.234349489  0.600508749  0.834858
9.29000092 0.233848661  0.601090133  0.834939
9.30000019 0.233685359  0.600960314  0.834646
9.31000042 0.233445838  0.601012766  0.834459
9.32000065 0.233304307  0.600841761  0.834146
9.33000088 0.232738167  0.601486087  0.834224
9.34000111 0.232150242  0.602234542  0.834385
9.35000038 0.231845394  0.602431953  0.834277
9.36000061 0.231529668  0.602671087  0.834201
9.37000084 0.231028855  0.603237569  0.834266
9.38000107 0.230767563  0.603395581  0.834163
9.39000034 0.230549812  0.603368998  0.833919
9.40000057 0.230288520  0.603445351  0.833734
9.41000080 0.229842141  0.603870869  0.833713
9.42000103 0.229308650  0.604421437  0.83373
9.43000031 0.229036465  0.604416251  0.833453
9.44000053 0.228873163  0.604266822  0.83314
9.45000076 0.228426784  0.604550958  0.832978
9.46000099 0.227860644  0.605124593  0.832985
9.47000027 0.227523133  0.605244279  0.832767
9.48000050 0.227338046  0.605053604  0.832392
9.49000072 0.227163851  0.604945540  0.832109
9.50000095 0.227076754  0.604754627  0.831831
9.51000023 0.226684809  0.605082214  0.831767
9.52000046 0.226423517  0.605202496  0.831626
9.53000069 0.226173103  0.605281353  0.831454
9.54000092 0.225846484  0.605505645  0.831352
9.55000114 0.225617856  0.605522633  0.83114
9.56000042 0.225421891  0.605539382  0.830961
9.57000065 0.225138813  0.605702281  0.830841
9.58000088 0.224540010  0.606471837  0.831012
9.59000111 0.224028304  0.607012808  0.831041
9.60000038 0.223745242  0.607156515  0.830902
9.61000061 0.223396838  0.607426703  0.830824
9.62000084 0.223429501  0.606983840  0.830413
9.63000107 0.223320633  0.606897354  0.830218
9.64000034 0.223266199  0.606684268  0.82995
9.65000057 0.223015785  0.606765568  0.829781
9.66000080 0.222994015  0.606488705  0.829483
9.67000103 0.222569406  0.606970906  0.82954
9.68000031 0.222308114  0.607178986  0.829487
9.69000053 0.221796408  0.607831717  0.829628
9.70000076 0.221589550  0.607977569  0.829567
9.71000099 0.221491560  0.607806921  0.829298
9.72000027 0.220849216  0.608821392  0.829671
9.73000050 0.220664129  0.608905673  0.82957
9.74000072 0.220642358  0.608734787  0.829377
9.75000095 0.220261291  0.609350741  0.829612
9.76000023 0.219923794  0.609945238  0.829869
9.77000046 0.219510064  0.610691011  0.830201
9.78000069 0.219041914  0.611479521  0.830521
9.79000092 0.218856826  0.611673653  0.83053
9.80000114 0.218649969  0.611867368  0.830517
9.81000042 0.218617305  0.611763120  0.83038
9.82000065 0.218693525  0.611465275  0.830159
9.83000088 0.218421340  0.611831307  0.830253
9.84000111 0.218040287  0.612368822  0.830409
9.85000038 0.217452362  0.613294244  0.830747
9.86000061 0.217332602  0.613275826  0.830608
9.87000084 0.217419699  0.612850010  0.83027
9.88000107 0.217093080  0.613304615  0.830398
9.89000034 0.217103973  0.613071740  0.830176
9.90000057 0.216864452  0.613311708  0.830176
9.91000080 0.216722921  0.613272429  0.829995
9.92000103 0.216483399  0.613470376  0.829954
9.93000031 0.216124117  0.613928258  0.830052
9.94000053 0.215775728  0.614365280  0.830141
9.95000076 0.215296686  0.614998281  0.830295
9.96000099 0.215089828  0.615133703  0.830224
9.97000027 0.215068042  0.614921987  0.82999
9.98000050 0.214959174  0.614818156  0.829777
9.99000072 0.214632556  0.615085185  0.829718
10.0000010 0.213903099  0.616309702  0.830213
10.0100012 0.213598251  0.616687059  0.830285
10.0200005 0.213445842  0.616650283  0.830096
10.0300007 0.213206321  0.616875648  0.830082
10.0400009 0.213032112  0.616904616  0.829937
10.0500011 0.212607518  0.617393494  0.830001
10.0600004 0.212193787  0.617860854  0.830055
10.0700006 0.212084919  0.617891371  0.829976
10.0800009 0.211888954  0.618053198  0.829942
10.0900011 0.211692974  0.618105114  0.829798
10.1000004 0.211301029  0.618510008  0.829811
10.1100006 0.210582465  0.619663537  0.830246
10.1200008 0.210168749  0.620158494  0.830327
10.1300011 0.209961891  0.620235324  0.830197
10.1400003 0.209820360  0.620157719  0.829978
10.1500006 0.209493741  0.620389581  0.829883
10.1600008 0.209319547  0.620311975  0.829632
10.1700010 0.209308654  0.619857430  0.829166
10.1800003 0.209363088  0.619335771  0.828699
10.1900005 0.209275991  0.619190216  0.828466
10.2000008 0.209025592  0.619400144  0.828426
10.2100010 0.208971143  0.619165182  0.828136
10.2200003 0.208579212  0.619575262  0.828154
10.2300005 0.208143711  0.620098352  0.828242
10.2400007 0.208198145  0.619640589  0.827839
10.2500010 0.208198145  0.619181514  0.82738
10.2600012 0.208274364  0.618632436  0.826907
10.2700005 0.207827985  0.619201303  0.827029
10.2800007 0.207566679  0.619255781  0.826822
10.2900009 0.207087636  0.619826615  0.826914
10.3000011 0.206902564  0.619836986  0.82674
10.3100004 0.206848115  0.619487286  0.826335
10.3200006 0.206630379  0.619542420  0.826173
10.3300009 0.206423521  0.619530261  0.825954
10.3400011 0.206194878  0.619585454  0.82578
10.3500004 0.205846488  0.619799256  0.825646
10.3600006 0.205977142  0.618996263  0.824973
10.3700008 0.205454543  0.619526029  0.824981
10.3800011 0.205127925  0.619649470  0.824777
10.3900003 0.204964623  0.619501233  0.824466
10.4000006 0.205019057  0.618898869  0.823918
10.4100008 0.204659775  0.619226277  0.823886
10.4200010 0.204322264  0.619531989  0.823854
10.4300003 0.204017416  0.619815469  0.823833
10.4400005 0.203821450  0.619757533  0.823579
10.4500008 0.203571036  0.619791090  0.823362
10.4600010 0.203222647  0.620120943  0.823344
10.4700003 0.202808931  0.620634556  0.823443
10.4800005 0.202329889  0.621217906  0.823548
10.4900007 0.201622203  0.622260630  0.823883
10.5000010 0.201469794  0.622044384  0.823514
10.5100012 0.201295584  0.621942401  0.823238
10.5200005 0.201045185  0.622047126  0.823092
10.5300007 0.200685903  0.622428358  0.823114
10.5400009 0.200566143  0.622211397  0.822778
10.5500011 0.200391948  0.622247994  0.82264
10.5600004 0.200261295  0.622122943  0.822384
10.5700006 0.200043544  0.622298002  0.822342
10.5800009 0.199542731  0.622981191  0.822524
10.5900011 0.199477404  0.622764051  0.822241
10.6000004 0.199118122  0.623079598  0.822198
10.6100006 0.198813289  0.623255730  0.822069
10.6200008 0.198628202  0.623177826  0.821806
10.6300011 0.198562875  0.622959375  0.821522
10.6400003 0.198377788  0.622973263  0.821351
10.6500006 0.198094726  0.623220384  0.821315
10.6600008 0.197310835  0.624470770  0.821782
10.6700010 0.197125748  0.624486983  0.821613
10.6800003 0.196864456  0.624619305  0.821484
10.6900005 0.196526945  0.624845684  0.821373
10.7000008 0.196352750  0.624745429  0.821098
10.7100010 0.196145892  0.624737740  0.820884
10.7200012 0.196026132  0.624472737  0.820499
10.7300005 0.195841044  0.624488354  0.820329
10.7400007 0.195503533  0.624880373  0.820384
10.7500010 0.195122480  0.625367999  0.82049
10.7600012 0.194774091  0.625714540  0.820489
10.7700005 0.194752321  0.625449002  0.820201
10.7800007 0.194218829  0.626198292  0.820417
10.7900009 0.193554714  0.627280056  0.820835
10.8000011 0.193576485  0.626873195  0.82045
10.8100004 0.193391398  0.626843989  0.820235
10.8200006 0.193217203  0.626886606  0.820104
10.8300009 0.193053886  0.626929164  0.819983
10.8400011 0.193086550  0.626472533  0.819559
10.8500004 0.192727268  0.626848280  0.819576
10.8600006 0.192400649  0.627271652  0.819672
10.8700008 0.192150250  0.627481639  0.819632
10.8800011 0.192182913  0.627191305  0.819374
10.8900003 0.192008704  0.627234399  0.819243
10.9000006 0.191725641  0.627492726  0.819218
10.9100008 0.191518784  0.627584338  0.819103
10.9200010 0.191213936  0.627987325  0.819201
10.9300003 0.190952644  0.628247499  0.8192
10.9400005 0.190800220  0.628292203  0.819092
10.9500008 0.190669566  0.628288865  0.818958
10.9600010 0.190462708  0.628430009  0.818893
10.9700012 0.189972788  0.629101574  0.819074
10.9800005 0.189624384  0.629534066  0.819158
10.9900007 0.189439297  0.629531324  0.818971
11.0000010 0.189417526  0.629287302  0.818705
11.0100012 0.189199775  0.629405797  0.818606
11.0200005 0.189069137  0.629258394  0.818328
11.0300007 0.189188898  0.628503025  0.817692
11.0400009 0.189221561  0.627965152  0.817187
11.0500011 0.188829616  0.628399193  0.817229
11.0600004 0.188698962  0.628176570  0.816876
11.0700006 0.188796952  0.627441347  0.816238
11.0800009 0.188688084  0.627315044  0.816003
11.0900011 0.188285246  0.627823532  0.816109
11.1000004 0.187958628  0.628088355  0.816047
11.1100006 0.187512249  0.628550589  0.816063
11.1200008 0.187152967  0.628840744  0.815994
11.1300011 0.186663032  0.629377604  0.816041
11.1400003 0.186390862  0.629498184  0.815889
11.1500006 0.186140448  0.629520893  0.815661
11.1600008 0.186042458  0.629247665  0.81529
11.1700010 0.185900927  0.629122376  0.815023
11.1800013 0.185813829  0.628897130  0.814711
11.1900005 0.185410991  0.629388571  0.8148
11.2000008 0.185117036  0.629534841  0.814652
11.2100010 0.184877515  0.629656374  0.814534
11.2200012 0.184627116  0.629778206  0.814405
11.2300005 0.184191614  0.630297780  0.814489
11.2400007 0.184039190  0.630172551  0.814212
11.2500010 0.183875889  0.629971385  0.813847
11.2600012 0.183658138  0.629920244  0.813578
11.2700005 0.183157325  0.630566716  0.813724
11.2800007 0.182874247  0.630665302  0.81354
11.2900009 0.182406098  0.631265104  0.813671
11.3000011 0.181992382  0.631765127  0.813758
11.3100004 0.181829065  0.631740570  0.81357
11.3200006 0.181709304  0.631514907  0.813224
11.3300009 0.181752861  0.630786479  0.812539
11.3400011 0.181437120  0.630936563  0.812374
11.3500004 0.181045189  0.631288409  0.812334
11.3600006 0.180816546  0.631389439  0.812206
11.3700008 0.180293962  0.632146239  0.81244
11.3800011 0.179869354  0.632651806  0.812521
11.3900003 0.179629833  0.632729352  0.812359
11.4000006 0.179444745  0.632781148  0.812226
11.4100008 0.179324985  0.632656097  0.811981
11.4200010 0.179052800  0.632911026  0.811964
11.4300013 0.178933039  0.632709920  0.811643
11.4400005 0.178660855  0.632787406  0.811448
11.4500008 0.178160042  0.633374631  0.811535
11.4600010 0.177844316  0.633734167  0.811578
11.4700012 0.177702770  0.633634746  0.811338
11.4800005 0.177648336  0.633176923  0.810825
11.4900007 0.177572131  0.632846236  0.810418
11.5000010 0.177201957  0.633181095  0.810383
11.5100012 0.176646709  0.633927226  0.810574
11.5200005 0.175895482  0.635265052  0.811161
11.5300007 0.175688624  0.635244071  0.810933
11.5400009 0.175351113  0.635556996  0.810908
11.5500011 0.174959168  0.635974169  0.810933
11.5600004 0.174730539  0.635927856  0.810658
11.5700006 0.174578115  0.635778487  0.810357
11.5800009 0.174164400  0.636196911  0.810361
11.5900011 0.174088180  0.635840297  0.809928
11.6000004 0.173859552  0.635871410  0.809731
11.6100006 0.173511162  0.636136174  0.809647
11.6200008 0.173402280  0.635856032  0.809258
11.6300011 0.173075661  0.636121452  0.809197
11.6400013 0.172661945  0.636517584  0.80918
11.6500006 0.172302663  0.636888921  0.809192
11.6600008 0.171878055  0.637417376  0.809295
11.6700010 0.171790957  0.637267649  0.809059
11.6800013 0.171486124  0.637588501  0.809075
11.6900005 0.171279266  0.637543917  0.808823
11.7000008 0.171028852  0.637577057  0.808606
11.7100010 0.170647800  0.637926221  0.808574
11.7200012 0.170517147  0.637618303  0.808135
11.7300005 0.170234084  0.637678742  0.807913
11.7400007 0.169853017  0.638107598  0.807961
11.7500010 0.169373974  0.638855338  0.808229
11.7600012 0.169101790  0.639128327  0.80823
11.7700005 0.168884054  0.639216781  0.808101
11.7800007 0.168666303  0.639252663  0.807919
11.7900009 0.168285251  0.639713109  0.807998
11.8000011 0.168002173  0.639909208  0.807911
11.8100004 0.167871535  0.639706612  0.807578
11.8200006 0.167490467  0.640089750  0.80758
11.8300009 0.167120308  0.640499711  0.80762
11.8400011 0.166989654  0.640350819  0.80734
11.8500004 0.166554168  0.640816033  0.80737
11.8600006 0.166336417  0.640827119  0.807164
11.8700008 0.166303754  0.640437186  0.806741
11.8800011 0.166183993  0.640394270  0.806578
11.8900013 0.166183993  0.640002489  0.806186
11.9000006 0.165944472  0.640067339  0.806012
11.9100008 0.165683180  0.640265822  0.805949
11.9200010 0.165247694  0.640923858  0.806172
11.9300013 0.164855748  0.641474962  0.806331
11.9400005 0.164496467  0.641892731  0.806389
11.9500008 0.164158955  0.642311513  0.80647
11.9600010 0.163571045  0.643299699  0.806871
11.9700012 0.163222641  0.643558860  0.806782
11.9800005 0.162928686  0.643872321  0.806801
11.9900007 0.162514970  0.644594908  0.80711
12.0000010 0.162416980  0.644420564  0.806838
12.0100012 0.162351653  0.644191682  0.806543
12.0200005 0.162166581  0.644234657  0.806401
12.0300007 0.162155688  0.643813610  0.805969
12.0400009 0.161937937  0.644075334  0.806013
12.0500011 0.161633104  0.644447029  0.80608
12.0600004 0.161404461  0.644737780  0.806142
12.0700006 0.160968974  0.645386159  0.806355
12.0800009 0.160816550  0.645266533  0.806083
12.0900011 0.160729453  0.644926071  0.805656
12.1000004 0.160326615  0.645466566  0.805793
12.1100006 0.159967333  0.645870388  0.805838
12.1200008 0.159749597  0.646027207  0.805777
12.1300011 0.159640715  0.645796478  0.805437
12.1400013 0.159488291  0.645703852  0.805192
12.1500006 0.159237891  0.645916462  0.805154
12.1600008 0.158845946  0.646378875  0.805225
12.1700010 0.158486664  0.646815479  0.805302
12.1800013 0.158312470  0.646807134  0.80512
12.1900005 0.158127382  0.646854877  0.804982
12.2000008 0.157648340  0.647544324  0.805193
12.2100010 0.157397926  0.647676826  0.805075
12.2200012 0.157136634  0.647781789  0.804918
12.2300005 0.156614050  0.648671627  0.805286
12.2400007 0.156265646  0.649142504  0.805408
12.2500010 0.155830160  0.649952471  0.805783
12.2600012 0.155808389  0.649582207  0.805391
12.2700005 0.155666843  0.649324298  0.804991
12.2800007 0.155568868  0.649065018  0.804634
12.2900009 0.155122489  0.649652421  0.804775
12.3000011 0.154752314  0.650157094  0.804909
12.3100004 0.154523686  0.650266290  0.80479
12.3200006 0.154425696  0.650262415  0.804688
12.3300009 0.154262379  0.650315225  0.804578
12.3400011 0.154066414  0.650396764  0.804463
12.3500013 0.153576478  0.651303887  0.80488
12.3600006 0.153445840  0.651187003  0.804633
12.3700008 0.152934134  0.652183533  0.805118
12.3800011 0.152738154  0.652381837  0.80512
12.3900013 0.152542189  0.652467191  0.805009
12.4000006 0.152346224  0.652551770  0.804898
12.4100008 0.152215570  0.652493775  0.804709
12.4200010 0.151616767  0.653641284  0.805258
12.4300013 0.150996193  0.654821396  0.805818
12.4400005 0.150930867  0.654593468  0.805524
12.4500008 0.150832877  0.654450595  0.805283
12.4600010 0.150517151  0.654972196  0.805489
12.4700012 0.150114313  0.655524135  0.805638
12.4800005 0.149744153  0.656018913  0.805763
12.4900007 0.149330437  0.656602681  0.805933
12.5000010 0.149134457  0.656635821  0.80577
12.5100012 0.149243325  0.655855894  0.805099
12.5200005 0.149123564  0.655714095  0.804838
12.5300007 0.148873165  0.656008482  0.804882
12.5400009 0.148557425  0.656246006  0.804803
12.5500011 0.148372352  0.656191111  0.804563
12.5600004 0.148317903  0.655873358  0.804191
12.5700006 0.148154601  0.655876815  0.804031
12.5800009 0.147904187  0.656027436  0.803932
12.5900011 0.147566691  0.656413078  0.80398
12.6000013 0.147218287  0.656828761  0.804047
12.6100006 0.146967888  0.656922281  0.80389
12.6200008 0.146423519  0.658019006  0.804443
12.6300011 0.146238431  0.658143878  0.804382
12.6400013 0.146140441  0.657795370  0.803936
12.6500006 0.145988017  0.657831371  0.803819
12.6600008 0.145846486  0.657808065  0.803655
12.6700010 0.145552531  0.658200324  0.803753
12.6800013 0.145258576  0.658385217  0.803644
12.6900005 0.144997284  0.658541501  0.803539
12.7000008 0.144605339  0.659055710  0.803661
12.7100010 0.144463792  0.658974230  0.803438
12.7200012 0.144115403  0.659400821  0.803516
12.7300005 0.144006535  0.659139574  0.803146
12.7400007 0.143984765  0.658577979  0.802563
12.7500010 0.143734351  0.658825576  0.80256
12.7600012 0.143527493  0.658983648  0.802511
12.7700005 0.143462166  0.658479631  0.801942
12.7800007 0.143255308  0.658577263  0.801833
12.7900009 0.143222645  0.658222437  0.801445
12.8000011 0.143091992  0.658077836  0.80117
12.8100014 0.142863363  0.658175588  0.801039
12.8200006 0.142591178  0.658516049  0.801107
12.8300009 0.142689168  0.657946408  0.800636
12.8400011 0.142384320  0.658561230  0.800946
12.8500013 0.142525852  0.657868683  0.800395
12.8600006 0.142416984  0.657875001  0.800292
12.8700008 0.142351657  0.657728851  0.800081
12.8800011 0.142025039  0.658224285  0.800249
12.8900013 0.141905278  0.658139467  0.800045
12.9000006 0.141502455  0.658851743  0.800354
12.9100008 0.141273811  0.659105182  0.800379
12.9200010 0.141154051  0.659052134  0.800206
12.9300013 0.141143173  0.658659935  0.799803
12.9400005 0.140892759  0.658945084  0.799838
12.9500008 0.140718564  0.659076571  0.799795
12.9600010 0.140446380  0.659579754  0.800026
12.9700012 0.140097991  0.660239875  0.800338
12.9800005 0.139684275  0.661087155  0.800771
12.9900007 0.139357641  0.661533296  0.800891
13.0000010 0.139161676  0.661607146  0.800769
13.0100012 0.139118120  0.661276162  0.800394
13.0200005 0.138878614  0.661412537  0.800291
13.0300007 0.138747960  0.661392748  0.800141
13.0400009 0.138737068  0.661060750  0.799798
13.0500011 0.138475776  0.661479294  0.799955
13.0600014 0.138486668  0.660957694  0.799444
13.0700006 0.138214484  0.661157548  0.799372
13.0800009 0.138029397  0.661231816  0.799261
13.0900011 0.137953177  0.661054075  0.799007
13.1000013 0.137637451  0.661476195  0.799114
13.1100006 0.137256399  0.662120342  0.799377
13.1200008 0.136929780  0.662449062  0.799379
13.1300011 0.136701137  0.662557721  0.799259
13.1400013 0.136755586  0.661746383  0.798502
13.1500006 0.136744693  0.661377132  0.798122
13.1600008 0.136189446  0.662630677  0.79882
13.1700010 0.135895476  0.662931144  0.798827
13.1800013 0.135841042  0.662402809  0.798244
13.1900005 0.135666847  0.662288308  0.797955
13.2000008 0.135427326  0.662397325  0.797825
13.2100010 0.134926513  0.663373113  0.7983
13.2200012 0.134839416  0.663131416  0.797971
13.2300005 0.134447470  0.663885534  0.798333
13.2400007 0.134197056  0.663997769  0.798195
13.2500010 0.133881330  0.664432943  0.798314
13.2600012 0.133652702  0.664611340  0.798264
13.2700014 0.133576483  0.664369106  0.797946
13.2800007 0.133336961  0.664612710  0.79795
13.2900009 0.133228093  0.664337575  0.797566
13.3000011 0.132901475  0.664711773  0.797613
13.3100014 0.132640168  0.664891422  0.797532
13.3200006 0.132335335  0.665235162  0.79757
13.3300009 0.132095814  0.665448666  0.797544
13.3400011 0.132117584  0.664878607  0.796996
13.3500013 0.131801844  0.665256381  0.797058
13.3600006 0.131377250  0.666061580  0.797439
13.3700008 0.130919978  0.666770637  0.797691
13.3800011 0.130636901  0.666889727  0.797527
13.3900013 0.130244970  0.667272627  0.797518
13.4000006 0.129961893  0.667525053  0.797487
13.4100008 0.129657045  0.667810798  0.797468
13.4200010 0.129526407  0.667568624  0.797095
13.4300013 0.129428416  0.667225361  0.796654
13.4400005 0.129178002  0.667346418  0.796524
13.4500008 0.128851384  0.667866528  0.796718
13.4600010 0.128513888  0.668255270  0.796769
13.4700012 0.128100157  0.668845236  0.796945
13.4800005 0.127871528  0.669069290  0.796941
13.4900007 0.127457812  0.669963598  0.797421
13.5000010 0.127152964  0.670424581  0.797578
13.5100012 0.127109423  0.670015097  0.797125
13.5200014 0.126956999  0.669872582  0.79683
13.5300007 0.126935214  0.669360101  0.796295
13.5400009 0.126521498  0.670092881  0.796614
13.5500011 0.126358196  0.670152783  0.796511
13.5600014 0.126075119  0.670517087  0.796592
13.5700006 0.125606969  0.671424508  0.797031
13.5800009 0.125356555  0.671656191  0.797013
13.5900011 0.125084370  0.671922982  0.797007
13.6000013 0.124964617  0.671713650  0.796678
13.6100006 0.124866627  0.671538055  0.796405
13.6200008 0.124790423  0.671191812  0.795982
13.6300011 0.124648884  0.671116889  0.795766
13.6400013 0.124311380  0.671624541  0.795936
13.6500006 0.124050081  0.672030687  0.796081
13.6600008 0.123930320  0.671923101  0.795853
13.6700010 0.123952098  0.671299100  0.795251
13.6800013 0.123734348  0.671499729  0.795234
13.6900005 0.123614587  0.671494186  0.795109
13.7000008 0.123331517  0.671834111  0.795166
13.7100010 0.123222649  0.671483219  0.794706
13.7200012 0.123091996  0.671061277  0.794153
13.7300005 0.122689165  0.671645105  0.794334
13.7400007 0.122231901  0.672405183  0.794637
13.7500010 0.122035928  0.672261834  0.794298
13.7600012 0.121850841  0.672082722  0.793934
13.7700014 0.121883504  0.671099544  0.792983
13.7800007 0.121633098  0.671093285  0.792726
13.7900009 0.121230267  0.671577930  0.792808
13.8000011 0.121034294  0.671572208  0.792607
13.8100014 0.120816551  0.671461403  0.792278
13.8200006 0.120587915  0.671420157  0.792008
13.8300009 0.120272182  0.671696424  0.791969
13.8400011 0.119934678  0.672009408  0.791944
13.8500013 0.119673379  0.672004879  0.791678
13.8600006 0.119346760  0.672425151  0.791772
13.8700008 0.118911266  0.673166990  0.792078
13.8800011 0.118639089  0.673377275  0.792016
13.8900013 0.118225366  0.674087286  0.792313
13.9000006 0.117855199  0.674549937  0.792405
13.9100008 0.117659226  0.674513280  0.792173
13.9200010 0.117408819  0.674691796  0.792101
13.9300013 0.117136635  0.675014019  0.792151
13.9400005 0.116842680  0.675301433  0.792144
13.9500008 0.116624929  0.675194085  0.791819
13.9600010 0.116494283  0.674905896  0.7914
13.9700012 0.116309203  0.674833417  0.791143
13.9800014 0.116047904  0.675086260  0.791134
13.9900007 0.115655959  0.675883353  0.791539
14.0000010 0.115525313  0.675485969  0.791011
14.0100012 0.115372889  0.675232351  0.790605
14.0200014 0.115209579  0.675232410  0.790442
14.0300007 0.115046270  0.675086617  0.790133
14.0400009 0.114621669  0.675854087  0.790476
14.0500011 0.114284158  0.676258206  0.790542
14.0600014 0.114131734  0.676150441  0.790282
14.0700006 0.113685355  0.677070141  0.790755
14.0800009 0.113228090  0.678066909  0.791295
14.0900011 0.112890579  0.678661466  0.791552
14.1000013 0.112640172  0.678962767  0.791603
14.1100006 0.112367988  0.679228604  0.791597
14.1200008 0.112128474  0.679457843  0.791586
14.1300011 0.111845396  0.679762065  0.791607
14.1400013 0.111551441  0.679955900  0.791507
14.1500006 0.111203052  0.680373967  0.791577
14.1600008 0.111115947  0.680047750  0.791164
14.1700010 0.110887319  0.680317760  0.791205
14.1800013 0.110789329  0.680139780  0.790929
14.1900005 0.110593356  0.680148482  0.790742
14.2000008 0.110364728  0.680345178  0.79071
14.2100010 0.109972782  0.681144297  0.791117
14.2200012 0.109798588  0.681229711  0.791028
14.2300014 0.109657049  0.681052089  0.790709
14.2400007 0.109537289  0.680911243  0.790449
14.2500010 0.109275997  0.681224704  0.790501
14.2600012 0.109036475  0.681500912  0.790537
14.2700014 0.108633645  0.682348371  0.790982
14.2800007 0.108394124  0.682703733  0.791098
14.2900009 0.108209036  0.682640612  0.79085
14.3000011 0.107991293  0.682654321  0.790646
14.3100014 0.107664667  0.683050454  0.790715
14.3200006 0.107566684  0.682642698  0.790209
14.3300009 0.107272729  0.682848096  0.790121
14.3400011 0.106902562  0.683593214  0.790496
14.3500013 0.106641263  0.683955312  0.790597
14.3600006 0.106532387  0.683623672  0.790156
14.3700008 0.106608599  0.682632923  0.789242
14.3800011 0.106423520  0.682569146  0.788993
14.3900013 0.106086008  0.682971001  0.789057
14.4000006 0.106042460  0.682401597  0.788444
14.4100008 0.105857380  0.682415128  0.788273
14.4200010 0.105596080  0.682662606  0.788259
14.4300013 0.105367444  0.682832718  0.7882
14.4400015 0.105193250  0.682729363  0.787923
14.4500008 0.105062604  0.682429135  0.787492
14.4600010 0.104725093  0.682874799  0.7876
14.4700012 0.104376704  0.683361471  0.787738
14.4800014 0.104158953  0.683258653  0.787418
14.4900007 0.103930324  0.683471203  0.787402
14.5000010 0.103679910  0.683922052  0.787602
14.5100012 0.103581928  0.683739722  0.787322
14.5200014 0.103385955  0.683795273  0.787181
14.5300007 0.103015788  0.684408545  0.787424
14.5400009 0.102721833  0.684824228  0.787546
14.5500011 0.102623843  0.684363306  0.786987
14.5600014 0.102471419  0.684260488  0.786732
14.5700006 0.102373436  0.683996618  0.78637
14.5800009 0.102231897  0.683852553  0.786084
14.5900011 0.101970606  0.684190869  0.786161
14.6000013 0.101763748  0.684288561  0.786052
14.6100006 0.101502448  0.684628606  0.786131
14.6200008 0.101252042  0.684808671  0.786061
14.6300011 0.101001635  0.685110629  0.786112
14.6400013 0.100762114  0.685373187  0.786135
14.6500006 0.100783885  0.684578657  0.785363
14.6600008 0.100838326  0.683740377  0.784579
14.6700010 0.100620575  0.683838308  0.784459
14.6800013 0.100250408  0.684550703  0.784801
14.6900015 9.98475775E-02 0.685552657  0.7854
14.7000008 9.95753929E-02 0.685983479  0.785559
14.7100010 9.94338617E-02 0.685880542  0.785314
14.7200012 9.90636945E-02 0.686643779  0.785707
14.7300014 9.89221558E-02 0.686417878  0.78534
14.7400007 9.88023952E-02 0.686232269  0.785035
14.7500010 9.85193253E-02 0.686585784  0.785105
14.7600012 9.84757766E-02 0.686026096  0.784502
14.7700014 9.82253700E-02 0.686296821  0.784522
14.7800007 9.80076194E-02 0.686443686  0.784451
14.7900009 9.79314074E-02 0.685964227  0.783896
14.8000011 9.76918861E-02 0.686319828  0.784012
14.8100014 9.74959210E-02 0.686467588  0.783964
14.8200006 9.75176916E-02 0.685775220  0.783293
14.8300009 9.73979309E-02 0.685543180  0.782941
14.8400011 9.72672850E-02 0.685394764  0.782662
14.8500013 9.71257463E-02 0.685288131  0.782414
14.8600006 9.68971178E-02 0.685647011  0.782544
14.8700008 9.64071825E-02 0.686813772  0.783221
14.8800011 9.62003246E-02 0.687092125  0.783292
14.8900013 9.60587934E-02 0.687158227  0.783217
14.9000015 9.59608033E-02 0.686925948  0.782887
14.9100008 9.58628207E-02 0.686649859  0.782513
14.9200010 9.57212821E-02 0.686672688  0.782394
14.9300013 9.56886262E-02 0.686137259  0.781826
14.9400015 9.53511149E-02 0.686934054  0.782285
14.9500008 9.52313542E-02 0.686871409  0.782103
14.9600010 9.47523117E-02 0.688191414  0.782944
14.9700012 9.44365785E-02 0.688650191  0.783087
14.9800014 9.42514986E-02 0.688677549  0.782929
14.9900007 9.39139873E-02 0.689486980  0.783401
15.0000010 9.37506780E-02 0.689559340  0.78331
15.0100012 9.36309174E-02 0.689195752  0.782827
15.0200014 9.34567228E-02 0.689137101  0.782594
15.0300007 9.33042988E-02 0.689209282  0.782514
15.0400009 9.30756703E-02 0.689632714  0.782708
15.0500011 9.28688049E-02 0.689838409  0.782707
15.0600014 9.26619470E-02 0.690000653  0.782663
15.0700006 9.25857350E-02 0.689677596  0.782263
15.0800009 9.24006552E-02 0.689707398  0.782108
15.0900011 9.22808945E-02 0.689604521  0.781885
15.1000013 9.20740366E-02 0.689945221  0.782019
15.1100006 9.19216126E-02 0.690064669  0.781986
15.1200008 9.16276574E-02 0.690764785  0.782392
15.1300011 9.13990214E-02 0.691065490  0.782465
15.1400013 9.12030488E-02 0.691277921  0.782481
15.1500015 9.10615101E-02 0.691086769  0.782148
15.1600008 9.08764303E-02 0.691254616  0.782131
15.1700010 9.08328816E-02 0.690973043  0.781806
15.1800013 9.07893330E-02 0.690554202  0.781344
15.1900015 9.03865024E-02 0.691537619  0.781924
15.2000008 8.99618939E-02 0.692660809  0.782623
15.2100010 8.97223726E-02 0.693061292  0.782784
15.2200012 8.96243900E-02 0.692871153  0.782496
15.2300014 8.94719660E-02 0.692954004  0.782426
15.2400007 8.91562328E-02 0.693860888  0.783017
15.2500010 8.88949409E-02 0.694405198  0.7833
15.2600012 8.86336416E-02 0.695042849  0.783676
15.2700014 8.84267837E-02 0.695453763  0.783881
15.2800007 8.81219357E-02 0.696004450  0.784126
15.2900009 8.78062025E-02 0.696696103  0.784502
15.3000011 8.75884593E-02 0.696788847  0.784377
15.3100014 8.72182921E-02 0.697717488  0.784936
15.3200006 8.69678855E-02 0.698091328  0.785059
15.3300009 8.69134441E-02 0.697767735  0.784681
15.3400011 8.66086036E-02 0.698563874  0.785172
15.3500013 8.64997283E-02 0.698427916  0.784928
15.3600006 8.63255337E-02 0.698665798  0.784991
15.3700008 8.61622244E-02 0.698905230  0.785067
15.3800011 8.58791545E-02 0.699569404  0.785449
15.3900013 8.57267305E-02 0.699669957  0.785397
15.4000015 8.54436606E-02 0.700386584  0.78583
15.4100008 8.52476880E-02 0.700773239  0.786021
15.4200010 8.49863887E-02 0.701400161  0.786387
15.4300013 8.47904161E-02 0.701886535  0.786677
15.4400015 8.47468674E-02 0.701563835  0.786311
15.4500008 8.49319547E-02 0.700186491  0.785118
15.4600010 8.48448575E-02 0.699954212  0.784799
15.4700012 8.45508948E-02 0.700778186  0.785329
15.4800014 8.43113735E-02 0.701365292  0.785677
15.4900007 8.41480643E-02 0.701810181  0.785958
15.5000010 8.39738697E-02 0.702304840  0.786279
15.5100012 8.39194357E-02 0.702317297  0.786237
15.5200014 8.37778971E-02 0.702378333  0.786156
15.5300007 8.36472511E-02 0.702439368  0.786087
15.5400009 8.33859518E-02 0.703233302  0.786619
15.5500011 8.32661912E-02 0.703345537  0.786612
15.5600014 8.32335353E-02 0.703066111  0.7863
15.5700006 8.32770839E-02 0.702293456  0.785571
15.5800009 8.30375627E-02 0.702700377  0.785738
15.5900011 8.28307047E-02 0.703010142  0.785841
15.6000013 8.26673955E-02 0.702925324  0.785593
15.6100016 8.24496448E-02 0.703236699  0.785686
15.6200008 8.21012557E-02 0.704096496  0.786198
15.6300011 8.18726197E-02 0.704162776  0.786035
15.6400013 8.16657618E-02 0.704329669  0.785995
15.6500015 8.14915597E-02 0.704247355  0.785739
15.6600008 8.12629312E-02 0.704665422  0.785928
15.6700010 8.11649412E-02 0.704482794  0.785648
15.6800013 8.08927566E-02 0.704953969  0.785847
15.6900015 8.05225894E-02 0.705932975  0.786456
15.7000008 8.02939609E-02 0.706258416  0.786552
15.7100010 8.00326616E-02 0.706635356  0.786668
15.7200012 7.99564496E-02 0.706251502  0.786208
15.7300014 7.99455643E-02 0.705763757  0.785709
15.7400007 7.97604769E-02 0.706193388  0.785954
15.7500010 7.94229731E-02 0.707138002  0.786561
15.7600012 7.91507885E-02 0.707778811  0.78693
15.7700014 7.89112672E-02 0.708422303  0.787334
15.7800007 7.88459480E-02 0.708140492  0.786986
15.7900009 7.87261873E-02 0.707856953  0.786583
15.8000011 7.85955340E-02 0.708038867  0.786634
15.8100014 7.84431174E-02 0.708169878  0.786613
15.8200006 7.82471448E-02 0.708457530  0.786705
15.8300009 7.80293941E-02 0.709007740  0.787037
15.8400011 7.78987482E-02 0.709194064  0.787093
15.8500013 7.76156783E-02 0.709958315  0.787574
15.8600016 7.73761570E-02 0.710463405  0.78784
15.8700008 7.73434937E-02 0.709969521  0.787313
15.8800011 7.72890598E-02 0.709631622  0.786921
15.8900013 7.71366358E-02 0.709715784  0.786852
15.9000015 7.68209025E-02 0.710384965  0.787206
15.9100008 7.66358227E-02 0.710417986  0.787054
15.9200010 7.63963014E-02 0.711038291  0.787435
15.9300013 7.60914534E-02 0.711875737  0.787967
15.9400015 7.58410469E-02 0.712502837  0.788344
15.9500008 7.55797476E-02 0.712971866  0.788552
15.9600010 7.54926503E-02 0.712796092  0.788289
15.9700012 7.54055530E-02 0.712620199  0.788026
15.9800014 7.52422437E-02 0.712875664  0.788118
15.9900007 7.49482885E-02 0.713784754  0.788733
