   0.00000000            -Infinity
   1.00000007E-02 -0.567417681    
   2.00000014E-02 -0.268397331    
   3.00000012E-02 -0.163862452    
   4.00000028E-02 -0.137183607    
   5.00000045E-02 -0.150404900    
   6.00000024E-02 -0.178519651    
   7.00000077E-02 -0.198667586    
   8.00000057E-02 -0.201800004    
   9.00000036E-02 -0.186236963    
  0.100000009     -0.185732365    
  0.110000007     -0.192734152    
  0.120000005     -0.190425709    
  0.130000010     -0.198375717    
  0.140000015     -0.214072660    
  0.150000006     -0.214802101    
  0.160000011     -0.226404235    
  0.170000017     -0.226212665    
  0.180000007     -0.239231706    
  0.190000013     -0.247633308    
  0.200000018     -0.245212883    
  0.210000008     -0.253031880    
  0.220000014     -0.250600278    
  0.230000019     -0.255888522    
  0.240000010     -0.250550658    
  0.250000030     -0.262326211    
  0.260000020     -0.254690260    
  0.270000011     -0.247104779    
  0.280000031     -0.250131637    
  0.290000021     -0.248980314    
  0.300000012     -0.250404090    
  0.310000032     -0.253121257    
  0.320000023     -0.250354499    
  0.330000013     -0.247590482    
  0.340000033     -0.253215224    
  0.350000024     -0.253352970    
  0.360000014     -0.259018034    
  0.370000035     -0.254279047    
  0.380000025     -0.243115872    
  0.390000015     -0.246143624    
  0.400000036     -0.248539269    
  0.410000026     -0.257771373    
  0.420000017     -0.257913977    
  0.430000037     -0.259363621    
  0.440000027     -0.259506553    
  0.450000018     -0.253771037    
  0.460000038     -0.252607912    
  0.470000029     -0.257971764    
  0.480000019     -0.264029115    
  0.490000039     -0.268141598    
  0.500000060     -0.268292427    
  0.510000050     -0.263149947    
  0.520000041     -0.257373840    
  0.530000031     -0.258172601    
  0.540000021     -0.269222826    
  0.550000012     -0.275377870    
  0.560000062     -0.276873410    
  0.570000052     -0.279379994    
  0.580000043     -0.285950601    
  0.590000033     -0.286452740    
  0.600000024     -0.275482208    
  0.610000014     -0.276646227    
  0.620000064     -0.275457859    
  0.630000055     -0.279652506    
  0.640000045     -0.276105046    
  0.650000036     -0.279970676    
  0.660000026     -0.282159597    
  0.670000076     -0.287757903    
  0.680000067     -0.290997595    
  0.690000057     -0.298033804    
  0.700000048     -0.304780900    
  0.710000038     -0.302179843    
  0.720000029     -0.299239904    
  0.730000079     -0.306006104    
  0.740000069     -0.305835009    
  0.750000060     -0.302531779    
  0.760000050     -0.300623357    
  0.770000041     -0.299757063    
  0.780000031     -0.302013993    
  0.790000081     -0.302886337    
  0.800000072     -0.299931079    
  0.810000062     -0.306381673    
  0.820000052     -0.300625145    
  0.830000043     -0.307087511    
  0.840000033     -0.304116100    
  0.850000083     -0.302544534    
  0.860000074     -0.300279081    
  0.870000064     -0.303247422    
  0.880000055     -0.304824561    
  0.890000045     -0.302899420    
  0.900000036     -0.306586951    
  0.910000086     -0.307820529    
  0.920000076     -0.307296425    
  0.930000067     -0.314194262    
  0.940000057     -0.318291694    
  0.950000048     -0.319548905    
  0.960000038     -0.324035883    
  0.970000088     -0.323150665    
  0.980000079     -0.327298671    
  0.990000069     -0.324253738    
   1.00000012     -0.328049153    
   1.01000011     -0.324638873    
   1.02000010     -0.326635510    
   1.03000009     -0.331536025    
   1.04000008     -0.339022756    
   1.05000007     -0.342527032    
   1.06000006     -0.346414566    
   1.07000005     -0.348101825    
   1.08000004     -0.342411339    
   1.09000003     -0.341146439    
   1.10000002     -0.336582124    
   1.11000013     -0.338619918    
   1.12000012     -0.340293854    
   1.13000011     -0.344555795    
   1.14000010     -0.346616089    
   1.15000010     -0.342386931    
   1.16000009     -0.348150820    
   1.17000008     -0.342802256    
   1.18000007     -0.346717000    
   1.19000006     -0.352518439    
   1.20000005     -0.354979873    
   1.21000004     -0.354072005    
   1.22000003     -0.356542379    
   1.23000014     -0.357513100    
   1.24000013     -0.358486354    
   1.25000012     -0.356070668    
   1.26000011     -0.357043058    
   1.27000010     -0.354626924    
   1.28000009     -0.355974853    
   1.29000008     -0.350927740    
   1.30000007     -0.352646917    
   1.31000006     -0.356255591    
   1.32000005     -0.359881967    
   1.33000004     -0.359344393    
   1.34000015     -0.352762014    
   1.35000014     -0.346965075    
   1.36000013     -0.352444172    
   1.37000012     -0.354171902    
   1.38000011     -0.352501214    
   1.39000010     -0.349701732    
   1.40000010     -0.343155444    
   1.41000009     -0.343365818    
   1.42000008     -0.346205741    
   1.43000007     -0.347171843    
   1.44000006     -0.348140240    
   1.45000005     -0.344965070    
   1.46000016     -0.344801962    
   1.47000015     -0.350678355    
   1.48000014     -0.352032006    
   1.49000013     -0.352251381    
   1.50000012     -0.356275946    
   1.51000011     -0.353450179    
   1.52000010     -0.358634293    
   1.53000009     -0.359624028    
   1.54000008     -0.362152874    
   1.55000007     -0.358156294    
   1.56000006     -0.357997358    
   1.57000005     -0.358605206    
   1.58000016     -0.358829767    
   1.59000015     -0.356751502    
   1.60000014     -0.356974125    
   1.61000013     -0.347262621    
   1.62000012     -0.342167169    
   1.63000011     -0.348457754    
   1.64000010     -0.349821329    
   1.65000010     -0.353100568    
   1.66000009     -0.352556258    
   1.67000008     -0.353160292    
   1.68000007     -0.356459886    
   1.69000018     -0.359385014    
   1.70000017     -0.361937046    
   1.71000016     -0.360614061    
   1.72000015     -0.365896285    
   1.73000014     -0.365348250    
   1.74000013     -0.369489193    
   1.75000012     -0.371293068    
   1.76000011     -0.373101830    
   1.77000010     -0.369803458    
   1.78000009     -0.370039105    
   1.79000008     -0.373817056    
   1.80000007     -0.373662621    
   1.81000018     -0.375482619    
   1.82000017     -0.377704471    
   1.83000016     -0.372800887    
   1.84000015     -0.367916584    
   1.85000014     -0.373280048    
   1.86000013     -0.371542364    
   1.87000012     -0.372176915    
   1.88000011     -0.371624976    
   1.89000010     -0.371467531    
   1.90000010     -0.370519876    
   1.91000009     -0.369176358    
   1.92000008     -0.365860641    
   1.93000019     -0.372424453    
   1.94000018     -0.375847280    
   1.95000017     -0.380486250    
   1.96000016     -0.382336706    
   1.97000015     -0.374582738    
   1.98000014     -0.372035891    
   1.99000013     -0.373870671    
   2.00000024     -0.376509339    
   2.01000023     -0.388431162    
   2.02000022     -0.381818622    
   2.03000021     -0.380858421    
   2.04000020     -0.381912738    
   2.05000019     -0.383372158    
   2.06000018     -0.380797774    
   2.07000017     -0.383065253    
   2.08000016     -0.378472358    
   2.09000015     -0.379930496    
   2.10000014     -0.383412212    
   2.11000013     -0.383664817    
   2.12000012     -0.382294863    
   2.13000011     -0.384573787    
   2.14000010     -0.390123636    
   2.15000010     -0.387523174    
   2.16000009     -0.388186485    
   2.17000008     -0.388034552    
   2.18000007     -0.382990241    
   2.19000006     -0.382427931    
   2.20000005     -0.390443027    
   2.21000004     -0.392344862    
   2.22000027     -0.390959889    
   2.23000026     -0.398647666    
   2.24000025     -0.400157690    
   2.25000024     -0.393799275    
   2.26000023     -0.389117450    
   2.27000022     -0.381997883    
   2.28000021     -0.388810337    
   2.29000020     -0.396092266    
   2.30000019     -0.393457055    
   2.31000018     -0.392477065    
   2.32000017     -0.389434308    
   2.33000016     -0.387219816    
   2.34000015     -0.381720901    
   2.35000014     -0.385673702    
   2.36000013     -0.393374652    
   2.37000012     -0.391147792    
   2.38000011     -0.390994698    
   2.39000010     -0.389183044    
   2.40000010     -0.386959881    
   2.41000009     -0.391364902    
   2.42000008     -0.382109165    
   2.43000007     -0.383601934    
   2.44000006     -0.387166440    
   2.45000029     -0.390334100    
   2.46000028     -0.391012788    
   2.47000027     -0.387531340    
   2.48000026     -0.388205111    
   2.49000025     -0.383900523    
   2.50000024     -0.384157717    
   2.51000023     -0.391911328    
   2.52000022     -0.398471862    
   2.53000021     -0.401273817    
   2.54000020     -0.401123613    
   2.55000019     -0.398016512    
   2.56000018     -0.392398179    
   2.57000017     -0.388054609    
   2.58000016     -0.389153510    
   2.59000015     -0.391514599    
   2.60000014     -0.390938848    
   2.61000013     -0.392044455    
   2.62000012     -0.396528125    
   2.63000011     -0.392155707    
   2.64000010     -0.394108266    
   2.65000010     -0.389740735    
   2.66000009     -0.390004784    
   2.67000008     -0.387325495    
   2.68000031     -0.385908633    
   2.69000030     -0.389956564    
   2.70000029     -0.399548411    
   2.71000028     -0.397267789    
   2.72000027     -0.397113770    
   2.73000026     -0.400797576    
   2.74000025     -0.394254923    
   2.75000024     -0.389860779    
   2.76000023     -0.398631155    
   2.77000022     -0.398904771    
   2.78000021     -0.396189064    
   2.79000020     -0.404174328    
   2.80000019     -0.414837420    
   2.81000018     -0.414690495    
   2.82000017     -0.419781983    
   2.83000016     -0.418761611    
   2.84000015     -0.421245426    
   2.85000014     -0.418471366    
   2.86000013     -0.419201791    
   2.87000012     -0.417740673    
   2.88000011     -0.417593867    
   2.89000010     -0.425371766    
   2.90000010     -0.427441150    
   2.91000032     -0.424643397    
   2.92000031     -0.424942642    
   2.93000031     -0.422588348    
   2.94000030     -0.423327774    
   2.95000029     -0.421855807    
   2.96000028     -0.414662153    
   2.97000027     -0.414514899    
   2.98000026     -0.409107804    
   2.99000025     -0.404158086    
   3.00000024     -0.410556525    
   3.01000023     -0.421427101    
   3.02000022     -0.417740047    
   3.03000021     -0.419362962    
   3.04000020     -0.417445034    
   3.05000019     -0.422620445    
   3.06000018     -0.420696169    
   3.07000017     -0.424557924    
   3.08000016     -0.420404255    
   3.09000015     -0.417591721    
   3.10000014     -0.416999757    
   3.11000013     -0.414633930    
   3.12000012     -0.414040923    
   3.13000011     -0.412121177    
   3.14000010     -0.406674147    
   3.15000033     -0.401251197    
   3.16000032     -0.401094943    
   3.17000031     -0.404892057    
   3.18000031     -0.400783628    
   3.19000030     -0.408113956    
   3.20000029     -0.406193107    
   3.21000028     -0.404273450    
   3.22000027     -0.408096462    
   3.23000026     -0.403963089    
   3.24000025     -0.402926296    
   3.25000024     -0.400125325    
   3.26000023     -0.391199976    
   3.27000022     -0.399370134    
   3.28000021     -0.399212509    
   3.29000020     -0.395974189    
   3.30000019     -0.394935101    
   3.31000018     -0.402272284    
   3.32000017     -0.407444358    
   3.33000016     -0.409072876    
   3.34000015     -0.408472687    
   3.35000014     -0.412792563    
   3.36000013     -0.405931979    
   3.37000012     -0.404439747    
   3.38000035     -0.405175000    
   3.39000034     -0.407250434    
   3.40000033     -0.407990694    
   3.41000032     -0.407835394    
   3.42000031     -0.405889213    
   3.43000031     -0.399044067    
   3.44000030     -0.397551328    
   3.45000029     -0.402290016    
   3.46000028     -0.404366970    
   3.47000027     -0.406451643    
   3.48000026     -0.408092082    
   3.49000025     -0.410190195    
   3.50000024     -0.414105028    
   3.51000023     -0.412139714    
   3.52000022     -0.412437499    
   3.53000021     -0.412736714    
   3.54000020     -0.418495387    
   3.55000019     -0.419256717    
   3.56000018     -0.414545119    
   3.57000017     -0.419410646    
   3.58000016     -0.423386216    
   3.59000015     -0.423697293    
   3.60000014     -0.416210115    
   3.61000037     -0.418802112    
   3.62000036     -0.427400112    
   3.63000035     -0.429568768    
   3.64000034     -0.434072584    
   3.65000033     -0.429737478    
   3.66000032     -0.428661168    
   3.67000031     -0.431304306    
   3.68000031     -0.428830385    
   3.69000030     -0.424967349    
   3.70000029     -0.434132546    
   3.71000028     -0.437739104    
   3.72000027     -0.441835552    
   3.73000026     -0.447852045    
   3.74000025     -0.446287304    
   3.75000024     -0.446145386    
   3.76000023     -0.440791070    
   3.77000022     -0.441593289    
   3.78000021     -0.442872584    
   3.79000020     -0.454186440    
   3.80000019     -0.460312396    
   3.81000018     -0.458245546    
   3.82000017     -0.450413465    
   3.83000016     -0.441682577    
   3.84000015     -0.443443477    
   3.85000038     -0.444253594    
   3.86000037     -0.449856073    
   3.87000036     -0.454047978    
   3.88000035     -0.455359548    
   3.89000034     -0.448474199    
   3.90000033     -0.445933849    
   3.91000032     -0.442439318    
   3.92000031     -0.440862387    
   3.93000031     -0.436901748    
   3.94000030     -0.433427840    
   3.95000029     -0.430907577    
   3.96000028     -0.432655931    
   3.97000027     -0.429186821    
   3.98000026     -0.432357937    
   3.99000025     -0.430306971    
   4.00000048     -0.425892770    
   4.01000023     -0.421492070    
   4.02000046     -0.424169034    
   4.03000021     -0.416948289    
   4.04000044     -0.426703036    
   4.05000019     -0.432740360    
   4.06000042     -0.439781994    
   4.07000017     -0.439154834    
   4.08000040     -0.445771039    
   4.09000015     -0.452439427    
   4.10000038     -0.448398530    
   4.11000013     -0.454605281    
   4.12000036     -0.454954773    
   4.13000011     -0.449432671    
   4.14000034     -0.442962617    
   4.15000010     -0.444273680    
   4.16000032     -0.453904480    
   4.17000008     -0.458195895    
   4.18000031     -0.461023837    
   4.19000053     -0.455451757    
   4.20000029     -0.455311149    
   4.21000051     -0.449267507    
   4.22000027     -0.450106323    
   4.23000050     -0.455383629    
   4.24000025     -0.460198969    
   4.25000048     -0.459562957    
   4.26000023     -0.464407504    
   4.27000046     -0.460778415    
   4.28000021     -0.460640192    
   4.29000044     -0.461500019    
   4.30000019     -0.461361796    
   4.31000042     -0.465728313    
   4.32000017     -0.468106091    
   4.33000040     -0.472007781    
   4.34000015     -0.471874684    
   4.35000038     -0.470729738    
   4.36000013     -0.477701783    
   4.37000036     -0.480123550    
   4.38000011     -0.481529325    
   4.39000034     -0.480376095    
   4.40000010     -0.481783867    
   4.41000032     -0.491970897    
   4.42000008     -0.493924290    
   4.43000031     -0.487580359    
   4.44000053     -0.482297570    
   4.45000029     -0.476011753    
   4.46000051     -0.470774502    
   4.47000027     -0.468604624    
   4.48000050     -0.465420872    
   4.49000025     -0.479077101    
   4.50000048     -0.486177862    
   4.51000023     -0.481392264    
   4.52000046     -0.477138460    
   4.53000021     -0.480100423    
   4.54000044     -0.480486035    
   4.55000019     -0.479321957    
   4.56000042     -0.481777787    
   4.57000017     -0.478543043    
   4.58000040     -0.481517851    
   4.59000015     -0.482425869    
   4.60000038     -0.479700059    
   4.61000013     -0.479050756    
   4.62000036     -0.482035190    
   4.63000011     -0.483467907    
   4.64000034     -0.485949367    
   4.65000010     -0.493174225    
   4.66000032     -0.487789631    
   4.67000055     -0.484516919    
   4.68000031     -0.482295424    
   4.69000053     -0.482685655    
   4.70000029     -0.481510729    
   4.71000051     -0.487148523    
   4.72000027     -0.492297530    
   4.73000050     -0.498012573    
   4.74000025     -0.506987393    
   4.75000048     -0.507945538    
   4.76000023     -0.504600108    
   4.77000046     -0.504480779    
   4.78000021     -0.505975127    
   4.79000044     -0.505317390    
   4.80000019     -0.506815612    
   4.81000042     -0.507237494    
   4.82000017     -0.514170527    
   4.83000040     -0.516782224    
   4.84000015     -0.512851298    
   4.85000038     -0.513825238    
   4.86000013     -0.516441107    
   4.87000036     -0.516327918    
   4.88000011     -0.515118778    
   4.89000034     -0.512816966    
   4.90000057     -0.513794243    
   4.91000032     -0.506045222    
   4.92000055     -0.505924523    
   4.93000031     -0.494987667    
   4.94000053     -0.500799060    
   4.95000029     -0.501760483    
   4.96000051     -0.500012100    
   4.97000027     -0.492865533    
   4.98000050     -0.495974749    
   4.99000025     -0.495848686    
   5.00000048     -0.493561685    
   5.01000023     -0.493434072    
   5.02000046     -0.490070283    
   5.03000021     -0.489402443    
   5.04000044     -0.494674802    
   5.05000019     -0.497260690    
   5.06000042     -0.493334979    
   5.07000017     -0.496464431    
   5.08000040     -0.493621826    
   5.09000015     -0.491865635    
   5.10000038     -0.493908554    
   5.11000013     -0.493236691    
   5.12000036     -0.496375829    
   5.13000059     -0.495703965    
   5.14000034     -0.495575190    
   5.15000057     -0.500376046    
   5.16000032     -0.500250638    
   5.17000055     -0.496833503    
   5.18000031     -0.495064616    
   5.19000053     -0.485673606    
   5.20000029     -0.482290417    
   5.21000051     -0.483237803    
   5.22000027     -0.484187692    
   5.23000050     -0.480260462    
   5.24000025     -0.487182975    
   5.25000048     -0.491421521    
   5.26000023     -0.497335672    
   5.27000046     -0.501076341    
   5.28000021     -0.491576552    
   5.29000044     -0.485969424    
   5.30000019     -0.493514597    
   5.31000042     -0.498355985    
   5.32000017     -0.509370804    
   5.33000040     -0.513180852    
   5.34000015     -0.513624668    
   5.35000038     -0.519157350    
   5.36000061     -0.520176530    
   5.37000036     -0.515524924    
   5.38000059     -0.518808544    
   5.39000034     -0.519829333    
   5.40000057     -0.521422088    
   5.41000032     -0.523590505    
   5.42000055     -0.528638601    
   5.43000031     -0.529102385    
   5.44000053     -0.524968088    
   5.45000029     -0.528879881    
   5.46000051     -0.532813728    
   5.47000027     -0.541432798    
   5.48000050     -0.542498648    
   5.49000025     -0.545329511    
   5.50000048     -0.539949894    
   5.51000023     -0.535174489    
   5.52000046     -0.529255450    
   5.53000021     -0.526825845    
   5.54000044     -0.532517612    
   5.55000019     -0.539420784    
   5.56000042     -0.538728535    
   5.57000017     -0.536277473    
   5.58000040     -0.537341058    
   5.59000063     -0.538408339    
   5.60000038     -0.541835010    
   5.61000061     -0.541730165    
   5.62000036     -0.536910653    
   5.63000059     -0.539747953    
   5.64000034     -0.543782413    
   5.65000057     -0.551418245    
   5.66000032     -0.551916659    
   5.67000055     -0.553015590    
   5.68000031     -0.552317798    
   5.69000053     -0.548027873    
   5.70000029     -0.544345498    
   5.71000051     -0.541265368    
   5.72000027     -0.535232365    
   5.73000050     -0.533350050    
   5.74000025     -0.537976086    
   5.75000048     -0.539649248    
   5.76000023     -0.536571622    
   5.77000046     -0.535274923    
   5.78000021     -0.532201469    
   5.79000044     -0.526774645    
   5.80000019     -0.515525520    
   5.81000042     -0.512492120    
   5.82000065     -0.508883655    
   5.83000040     -0.516911924    
   5.84000063     -0.521482468    
   5.85000038     -0.526080430    
   5.86000061     -0.529519260    
   5.87000036     -0.527031660    
   5.88000059     -0.526323736    
   5.89000034     -0.533346295    
   5.90000057     -0.539826572    
   5.91000032     -0.543938041    
   5.92000055     -0.534205616    
   5.93000031     -0.541308880    
   5.94000053     -0.533382058    
   5.95000029     -0.527291358    
   5.96000051     -0.532556891    
   5.97000027     -0.532443523    
   5.98000050     -0.528137207    
   5.99000025     -0.528619349    
   6.00000048     -0.524320602    
   6.01000023     -0.525993466    
   6.02000046     -0.530071437    
   6.03000021     -0.531159222    
   6.04000044     -0.529239535    
   6.05000019     -0.521933198    
   6.06000042     -0.519425750    
   6.07000065     -0.524685502    
   6.08000040     -0.528172076    
   6.09000063     -0.539566457    
   6.10000038     -0.537021220    
   6.11000061     -0.539957047    
   6.12000036     -0.537407160    
   6.13000059     -0.536685467    
   6.14000034     -0.535354137    
   6.15000057     -0.538904369    
   6.16000032     -0.543086469    
   6.17000055     -0.546674788    
   6.18000031     -0.550901532    
   6.19000053     -0.549556971    
   6.20000029     -0.551315367    
   6.21000051     -0.546867430    
   6.22000027     -0.547380328    
   6.23000050     -0.547895491    
   6.24000025     -0.550899148    
   6.25000048     -0.555169404    
   6.26000023     -0.555693328    
   6.27000046     -0.555592239    
   6.28000021     -0.563052237    
   6.29000044     -0.562955320    
   6.30000067     -0.563491523    
   6.31000042     -0.562761426    
   6.32000065     -0.560130298    
   6.33000040     -0.565107465    
   6.34000063     -0.573320270    
   6.35000038     -0.574515820    
   6.36000061     -0.569931030    
   6.37000036     -0.568556726    
   6.38000059     -0.571671009    
   6.39000034     -0.566447020    
   6.40000057     -0.579237938    
   6.41000032     -0.581750453    
   6.42000055     -0.575822234    
   6.43000031     -0.577676535    
   6.44000053     -0.573699594    
   6.45000029     -0.571668506    
   6.46000051     -0.574165583    
   6.47000027     -0.581886590    
   6.48000050     -0.572038412    
   6.49000025     -0.573242128    
   6.50000048     -0.574450076    
   6.51000023     -0.572409272    
   6.52000046     -0.573617041    
   6.53000069     -0.576786458    
   6.54000044     -0.579312921    
   6.55000067     -0.577259958    
   6.56000042     -0.571945250    
   6.57000065     -0.568596959    
   6.58000040     -0.573063672    
   6.59000063     -0.572971463    
   6.60000038     -0.570265472    
   6.61000061     -0.563664854    
   6.62000036     -0.562269390    
   6.63000059     -0.563466787    
   6.64000034     -0.564668655    
   6.65000057     -0.560023069    
   6.66000032     -0.569042265    
   6.67000055     -0.571568131    
   6.68000031     -0.567540050    
   6.69000053     -0.560265601    
   6.70000029     -0.553677857    
   6.71000051     -0.554866910    
   6.72000027     -0.554761469    
   6.73000050     -0.547546387    
   6.74000025     -0.552605748    
   6.75000048     -0.557696044    
   6.76000071     -0.550446987    
   6.77000046     -0.555533528    
   6.78000069     -0.558690846    
   6.79000044     -0.557933807    
   6.80000067     -0.558483064    
   6.81000042     -0.560345829    
   6.82000065     -0.555004597    
   6.83000040     -0.554244757    
   6.84000063     -0.548923016    
   6.85000038     -0.556651354    
   6.86000061     -0.562468469    
   6.87000036     -0.573658109    
   6.88000059     -0.580271065    
   6.89000034     -0.584906757    
   6.90000057     -0.582115173    
   6.91000032     -0.581351101    
   6.92000055     -0.582614422    
   6.93000031     -0.578471184    
   6.94000053     -0.573667943    
   6.95000029     -0.580992222    
   6.96000051     -0.593172610    
   6.97000027     -0.597907305    
   6.98000050     -0.603364587    
   6.99000072     -0.597059608    
   7.00000048     -0.582582533    
   7.01000071     -0.582493305    
   7.02000046     -0.584450901    
   7.03000069     -0.586415470    
   7.04000044     -0.583590806    
   7.05000067     -0.591054499    
   7.06000042     -0.597197056    
   7.07000065     -0.605486155    
   7.08000040     -0.601215899    
   7.09000063     -0.604636788    
   7.10000038     -0.607371807    
   7.11000061     -0.608002424    
   7.12000036     -0.611460507    
   7.13000059     -0.619920135    
   7.14000034     -0.624868691    
   7.15000057     -0.622655571    
   7.16000032     -0.614021599    
   7.17000055     -0.607567310    
   7.18000031     -0.608911633    
   7.19000053     -0.612392426    
   7.20000029     -0.616604984    
   7.21000051     -0.605858684    
   7.22000074     -0.599425435    
   7.23000050     -0.604292333    
   7.24000072     -0.600679159    
   7.25000048     -0.600601017    
   7.26000071     -0.599815726    
   7.27000046     -0.598323166    
   7.28000069     -0.598244190    
   7.29000044     -0.591116488    
   7.30000067     -0.589626253    
   7.31000042     -0.595174670    
   7.32000065     -0.593679249    
   7.33000040     -0.591479540    
   7.34000063     -0.595634580    
   7.35000038     -0.594135880    
   7.36000061     -0.599734068    
   7.37000036     -0.608244300    
   7.38000059     -0.605297208    
   7.39000034     -0.607376575    
   7.40000057     -0.607302725    
   7.41000032     -0.615911603    
   7.42000055     -0.621678948    
   7.43000031     -0.629699647    
   7.44000053     -0.629641593    
   7.45000076     -0.625158548    
   7.46000051     -0.623624980    
   7.47000074     -0.619890213    
   7.48000050     -0.625711203    
   7.49000072     -0.614631832    
   7.50000048     -0.604380369    
   7.51000071     -0.612300456    
   7.52000046     -0.612229884    
   7.53000069     -0.623183489    
   7.54000044     -0.630543768    
   7.55000067     -0.636468589    
   7.56000042     -0.637166500    
   7.57000065     -0.624412715    
   7.58000040     -0.621382177    
   7.59000063     -0.615404785    
   7.60000038     -0.620510042    
   7.61000061     -0.620444536    
   7.62000036     -0.618153691    
   7.63000059     -0.615124583    
   7.64000034     -0.613576829    
   7.65000057     -0.610553145    
   7.66000032     -0.607534707    
   7.67000055     -0.606723726    
   7.68000031     -0.612550676    
   7.69000053     -0.619914353    
   7.70000076     -0.618354619    
   7.71000051     -0.617540896    
   7.72000074     -0.611519575    
   7.73000050     -0.614419699    
   7.74000072     -0.623331368    
   7.75000048     -0.628547132    
   7.76000071     -0.621697485    
   7.77000046     -0.612642467    
   7.78000069     -0.617057562    
   7.79000044     -0.624517798    
   7.80000067     -0.631285548    
   7.81000042     -0.631226599    
   7.82000065     -0.627361476    
   7.83000040     -0.631109416    
   7.84000063     -0.634110630    
   7.85000038     -0.636356354    
   7.86000061     -0.633996665    
   7.87000036     -0.642423868    
   7.88000059     -0.636191607    
   7.89000034     -0.633825660    
   7.90000057     -0.638397574    
   7.91000032     -0.633710861    
   7.92000055     -0.649192989    
   7.93000078     -0.646799982    
   7.94000053     -0.642068148    
   7.95000076     -0.645139694    
   7.96000051     -0.650583804    
   7.97000074     -0.656066179    
   7.98000050     -0.656819224    
   7.99000072     -0.642594635    
   8.00000095     -0.640978575    
   8.01000023     -0.645632625    
   8.02000046     -0.649525940    
   8.03000069     -0.647899628    
   8.04000092     -0.649433613    
   8.05000019     -0.650973201    
   8.06000042     -0.656500041    
   8.07000065     -0.650089860    
   8.08000088     -0.643710494    
   8.09000015     -0.645240307    
   8.10000038     -0.653939784    
   8.11000061     -0.652300417    
   8.12000084     -0.653854847    
   8.13000011     -0.657020390    
   8.14000034     -0.656979680    
   8.15000057     -0.665828466    
   8.16000080     -0.656094432    
   8.17000103     -0.660896182    
   8.18000031     -0.651991665    
   8.19000053     -0.648739815    
   8.20000076     -0.643898070    
   8.21000099     -0.647044718    
   8.22000027     -0.653427005    
   8.23000050     -0.663931251    
   8.24000072     -0.660636961    
   8.25000095     -0.662228823    
   8.26000023     -0.666282713    
   8.27000046     -0.659709036    
   8.28000069     -0.653976619    
   8.29000092     -0.658815026    
   8.30000019     -0.662047505    
   8.31000042     -0.661192536    
   8.32000065     -0.668559015    
   8.33000088     -0.674330294    
   8.34000015     -0.675969124    
   8.35000038     -0.672613323    
   8.36000061     -0.674250364    
   8.37000084     -0.670063317    
   8.38000107     -0.664230466    
   8.39000034     -0.660068691    
   8.40000057     -0.664988875    
   8.41000080     -0.662470639    
   8.42000103     -0.667413056    
   8.43000031     -0.669881821    
   8.44000053     -0.682462037    
   8.45000076     -0.681595206    
   8.46000099     -0.683269441    
   8.47000027     -0.684949934    
   8.48000050     -0.692621589    
   8.49000072     -0.690894425    
   8.50000095     -0.692599058    
   8.51000023     -0.695170283    
   8.52000046     -0.689998448    
   8.53000069     -0.692564785    
   8.54000092     -0.688252747    
   8.55000019     -0.688237488    
   8.56000042     -0.685647070    
   8.57000065     -0.685629785    
   8.58000088     -0.685611486    
   8.59000015     -0.683876455    
   8.60000038     -0.682140231    
   8.61000061     -0.678693235    
   8.62000084     -0.667601168    
   8.63000107     -0.664184153    
   8.64000034     -0.659930646    
   8.65000057     -0.667502642    
   8.66000080     -0.673434079    
   8.67000103     -0.674262464    
   8.68000031     -0.680251181    
   8.69000053     -0.689765811    
   8.70000076     -0.695873797    
   8.71000099     -0.688865423    
   8.72000027     -0.677570939    
   8.73000050     -0.679274559    
   8.74000072     -0.675795078    
   8.75000095     -0.687058449    
   8.76000023     -0.687042177    
   8.77000046     -0.689653516    
   8.78000069     -0.693157554    
   8.79000092     -0.692265272    
   8.80000019     -0.694902778    
   8.81000042     -0.698439479    
   8.82000065     -0.686943173    
   8.83000088     -0.693987966    
   8.84000015     -0.686910331    
   8.85000038     -0.686893761    
   8.86000061     -0.693068981    
   8.87000084     -0.705569327    
   8.88000107     -0.714611173    
   8.89000034     -0.717350006    
   8.90000057     -0.712809503    
   8.91000080     -0.721030951    
   8.92000103     -0.719211817    
   8.93000031     -0.721059144    
   8.94000053     -0.725679636    
   8.95000076     -0.734050155    
   8.96000099     -0.736879110    
   8.97000027     -0.737845123    
   8.98000050     -0.725753605    
   8.99000072     -0.722068787    
   9.00000095     -0.725790381    
   9.01000023     -0.723951697    
   9.02000046     -0.723969221    
   9.03000069     -0.725846648    
   9.04000092     -0.719362319    
   9.05000019     -0.716598630    
   9.06000042     -0.711074114    
   9.07000065     -0.717544913    
   9.08000088     -0.717556417    
   9.09000111     -0.720356345    
   9.10000038     -0.723170877    
   9.11000061     -0.720384657    
   9.12000084     -0.714811623    
   9.13000107     -0.715749681    
   9.14000034     -0.712969601    
   9.15000057     -0.710192680    
   9.16000080     -0.712053955    
   9.17000103     -0.722345531    
   9.18000031     -0.717668295    
   9.19000053     -0.717679620    
   9.20000076     -0.721449852    
   9.21000099     -0.719581604    
   9.22000027     -0.726207972    
   9.23000050     -0.721495032    
   9.24000072     -0.720564961    
   9.25000095     -0.717747688    
   9.26000023     -0.712114513    
   9.27000046     -0.723452389    
   9.28000069     -0.729188681    
   9.29000092     -0.724437952    
   9.30000019     -0.725409210    
   9.31000042     -0.722567022    
   9.32000065     -0.714040220    
   9.33000088     -0.714994669    
   9.34000111     -0.720706105    
   9.35000038     -0.731273472    
   9.36000061     -0.722647488    
   9.37000084     -0.733255625    
   9.38000107     -0.734251916    
   9.39000034     -0.727506161    
   9.40000057     -0.723672807    
   9.41000080     -0.726583064    
   9.42000103     -0.728537321    
   9.43000031     -0.735364437    
   9.44000053     -0.737348437    
   9.45000076     -0.738359153    
   9.46000099     -0.729597151    
   9.47000027     -0.724763334    
   9.48000050     -0.727696657    
   9.49000072     -0.726744056    
   9.50000095     -0.723847568    
   9.51000023     -0.725810707    
   9.52000046     -0.723883033    
   9.53000069     -0.716141522    
   9.54000092     -0.708443761    
   9.55000114     -0.715194285    
   9.56000042     -0.709411740    
   9.57000065     -0.701737463    
   9.58000088     -0.705569386    
   9.59000111     -0.697905660    
   9.60000038     -0.694086075    
   9.61000061     -0.700764298    
   9.62000084     -0.703642607    
   9.63000107     -0.701716244    
   9.64000034     -0.697869480    
   9.65000057     -0.707505286    
   9.66000080     -0.715296447    
   9.67000103     -0.717264950    
   9.68000031     -0.724169374    
   9.69000053     -0.716306269    
   9.70000076     -0.710440218    
   9.71000099     -0.706543148    
   9.72000027     -0.708494842    
   9.73000050     -0.711435139    
   9.74000072     -0.714388967    
   9.75000095     -0.710464060    
   9.76000023     -0.703616500    
   9.77000046     -0.709491313    
   9.78000069     -0.707530141    
   9.79000092     -0.717403054    
   9.80000114     -0.715431571    
   9.81000042     -0.715440810    
   9.82000065     -0.718433976    
   9.83000088     -0.711492658    
   9.84000111     -0.702618062    
   9.85000038     -0.710512459    
   9.86000061     -0.715489984    
   9.87000084     -0.716498315    
   9.88000107     -0.714511454    
   9.89000034     -0.706559956    
   9.90000057     -0.705569029    
   9.91000080     -0.713537693    
   9.92000103     -0.721585274    
   9.93000031     -0.720592439    
   9.94000053     -0.718589604    
   9.95000076     -0.710561633    
   9.96000099     -0.707565665    
   9.97000027     -0.706568122    
   9.98000050     -0.692665935    
   9.99000072     -0.698594034    
   10.0000010     -0.702571154    
   10.0100012     -0.706571519    
   10.0200005     -0.699569523    
   10.0300007     -0.690621138    
   10.0400009     -0.692588270    
   10.0500011     -0.692576230    
   10.0600004     -0.685628831    
   10.0700006     -0.690560937    
   10.0800009     -0.697529197    
   10.0900011     -0.690531313    
   10.1000004     -0.689520359    
   10.1100006     -0.680580139    
   10.1200008     -0.675626993    
   10.1300011     -0.670688093    
   10.1400003     -0.669673145    
   10.1500006     -0.686444759    
   10.1600008     -0.698473573    
   10.1700010     -0.696446419    
   10.1800003     -0.704550683    
   10.1900005     -0.694407284    
   10.2000008     -0.699459553    
   10.2100010     -0.698437452    
   10.2200003     -0.704546392    
   10.2300005     -0.708647490    
   10.2400007     -0.709680438    
   10.2500010     -0.704543531    
   10.2600012     -0.703515649    
   10.2700005     -0.708660007    
   10.2800007     -0.712804496    
   10.2900009     -0.702481806    
   10.3000011     -0.696323991    
   10.3100004     -0.699389756    
   10.3200006     -0.694257557    
   10.3300009     -0.690160692    
   10.3400011     -0.695259809    
   10.3500004     -0.705568671    
   10.3600006     -0.705569148    
   10.3700008     -0.698318720    
   10.3800011     -0.709740698    
   10.3900003     -0.714988232    
   10.4000006     -0.711845934    
   10.4100008     -0.712902308    
   10.4200010     -0.718187928    
   10.4300003     -0.705569386    
   10.4400005     -0.696188986    
   10.4500008     -0.698258877    
   10.4600010     -0.701380551    
   10.4700003     -0.706620395    
   10.4800005     -0.710840940    
   10.4900007     -0.721485198    
   10.5000010     -0.711911321    
   10.5100012     -0.708739340    
   10.5200005     -0.699253619    
   10.5300007     -0.690878093    
   10.5400009     -0.690863371    
   10.5500011     -0.685642481    
   10.5600004     -0.680436671    
   10.5700006     -0.681446850    
   10.5800009     -0.674186170    
   10.5900011     -0.679321349    
   10.6000004     -0.682410479    
   10.6100006     -0.687608242    
   10.6200008     -0.689688087    
   10.6300011     -0.699179292    
   10.6400003     -0.704500079    
   10.6500006     -0.708785892    
   10.6600008     -0.713100672    
   10.6700010     -0.722885430    
   10.6800003     -0.718542397    
   10.6900005     -0.720737875    
   10.7000008     -0.722942352    
   10.7100010     -0.722960770    
   10.7200012     -0.718598902    
   10.7300005     -0.716426849    
   10.7400007     -0.709902763    
   10.7500010     -0.704487920    
   10.7600012     -0.694793344    
   10.7700005     -0.703402460    
   10.7800007     -0.707742989    
   10.7900009     -0.719800770    
   10.8000011     -0.717610896    
   10.8100004     -0.723151565    
   10.8200006     -0.727620602    
   10.8300009     -0.715443552    
   10.8400011     -0.714350402    
   10.8500004     -0.716570139    
   10.8600006     -0.714369714    
   10.8700008     -0.707765043    
   10.8800011     -0.708867550    
   10.8900003     -0.711078048    
   10.9000006     -0.714408934    
   10.9100008     -0.705569446    
   10.9200010     -0.697881579    
   10.9300003     -0.703364074    
   10.9400005     -0.706674993    
   10.9500008     -0.701154113    
   10.9600010     -0.694555879    
   10.9700012     -0.697839022    
   10.9800005     -0.710018635    
   10.9900007     -0.713377595    
   11.0000010     -0.720135629    
   11.0100012     -0.708915472    
   11.0200005     -0.700010657    
   11.0300007     -0.702226520    
   11.0400009     -0.707807064    
   11.0500011     -0.710053802    
   11.0600004     -0.706690073    
   11.0700006     -0.707813740    
   11.0800009     -0.715721548    
   11.0900011     -0.716868699    
   11.1000004     -0.722586453    
   11.1100006     -0.730655909    
   11.1200008     -0.730684876    
   11.1300011     -0.728401065    
   11.1400003     -0.733062387    
   11.1500006     -0.730770171    
   11.1600008     -0.720401824    
   11.1700010     -0.720417857    
   11.1800013     -0.721587956    
   11.1900005     -0.728559136    
   11.2000008     -0.732083678    
   11.2100010     -0.736804008    
   11.2200012     -0.735664427    
   11.2300005     -0.742783070    
   11.2400007     -0.747582018    
   11.2500010     -0.748825312    
   11.2600012     -0.753672302    
   11.2700005     -0.750124991    
   11.2800007     -0.747779965    
   11.2900009     -0.746631086    
   11.3000011     -0.751486659    
   11.3100004     -0.752747595    
   11.3200006     -0.747978270    
   11.3300009     -0.748028576    
   11.3400011     -0.734896719    
   11.3500004     -0.738513708    
   11.3600006     -0.734965861    
   11.3700008     -0.739791036    
   11.3800011     -0.742238104    
   11.3900003     -0.743488610    
   11.4000006     -0.743533671    
   11.4100008     -0.729155183    
   11.4200010     -0.719670534    
   11.4300013     -0.713780224    
   11.4400005     -0.718518734    
   11.4500008     -0.725676596    
   11.4600010     -0.726897597    
   11.4700012     -0.717375636    
   11.4800005     -0.713828743    
   11.4900007     -0.717403233    
   11.5000010     -0.722197115    
   11.5100012     -0.722216964    
   11.5200005     -0.710302949    
   11.5300007     -0.707936466    
   11.5400009     -0.705569327    
   11.5500011     -0.706755161    
   11.5600004     -0.717502356    
   11.5700006     -0.713917911    
   11.5800009     -0.712729275    
   11.5900011     -0.704379082    
   11.6000004     -0.699627817    
   11.6100006     -0.701995492    
   11.6200008     -0.717589021    
   11.6300011     -0.728558838    
   11.6400013     -0.727362394    
   11.6500006     -0.728614211    
   11.6600008     -0.718862474    
   11.6700010     -0.724987149    
   11.6800013     -0.726238728    
   11.6900005     -0.721355200    
   11.7000008     -0.723829150    
   11.7100010     -0.720167935    
   11.7200012     -0.725105524    
   11.7300005     -0.735055685    
   11.7400007     -0.731353819    
   11.7500010     -0.714100778    
   11.7600012     -0.699512124    
   11.7700005     -0.700715184    
   11.7800007     -0.698287964    
   11.7900009     -0.705569685    
   11.8000011     -0.711692989    
   11.8100004     -0.710471630    
   11.8200006     -0.712940395    
   11.8300009     -0.703121126    
   11.8400011     -0.695800960    
   11.8500004     -0.710495412    
   11.8600006     -0.711738646    
   11.8700008     -0.724214494    
   11.8800011     -0.722982883    
   11.8900013     -0.711761296    
   11.9000006     -0.713013947    
   11.9100008     -0.711776376    
   11.9200010     -0.699392319    
   11.9300013     -0.705569506    
   11.9400005     -0.713050425    
   11.9500008     -0.720607340    
   11.9600010     -0.719362557    
   11.9700012     -0.720645130    
   11.9800005     -0.734703600    
   11.9900007     -0.723223865    
   12.0000010     -0.727075398    
   12.0100012     -0.724545360    
   12.0200005     -0.714391232    
   12.0300007     -0.719484448    
   12.0400009     -0.720778704    
   12.0500011     -0.719519854    
   12.0600004     -0.715708852    
   12.0700006     -0.718276024    
   12.0800009     -0.726004422    
   12.0900011     -0.733812153    
   12.1000004     -0.737767696    
   12.1100006     -0.737809062    
   12.1200008     -0.739163935    
   12.1300011     -0.736580014    
   12.1400013     -0.739251435    
   12.1500006     -0.743260026    
   12.1600008     -0.738018215    
   12.1700010     -0.748685360    
   12.1800013     -0.742079318    
   12.1900005     -0.734179199    
   12.2000008     -0.732896745    
   12.2100010     -0.735577881    
   12.2200012     -0.739603996    
   12.2300005     -0.734329820    
   12.2400007     -0.739693761    
   12.2500010     -0.730423033    
   12.2600012     -0.723846853    
   12.2700005     -0.715986311    
   12.2800007     -0.714689851    
   12.2900009     -0.714701414    
   12.3000011     -0.712092161    
   12.3100004     -0.714725614    
   12.3200006     -0.699071348    
   12.3300009     -0.699063420    
   12.3400011     -0.696460485    
   12.3500013     -0.696448684    
   12.3600006     -0.704259992    
   12.3700008     -0.717450559    
   12.3800011     -0.718796968    
   12.3900013     -0.712169886    
   12.4000006     -0.710853398    
   12.4100008     -0.698994219    
   12.4200010     -0.693749964    
   12.4300013     -0.696352661    
   12.4400005     -0.701604009    
   12.4500008     -0.705568910    
   12.4600010     -0.709561229    
   12.4700012     -0.693672180    
   12.4800005     -0.689716518    
   12.4900007     -0.694959223    
   12.5000010     -0.700243473    
   12.5100012     -0.698907256    
   12.5200005     -0.693593264    
   12.5300007     -0.693577051    
   12.5400009     -0.697547257    
   12.5500011     -0.697537422    
   12.5600004     -0.696192384    
   12.5700006     -0.700192869    
   12.5800009     -0.702873766    
   12.5900011     -0.705569267    
   12.6000013     -0.704216540    
   12.6100006     -0.700163960    
   12.6200008     -0.696116209    
   12.6300011     -0.689396381    
   12.6400013     -0.688036978    
   12.6500006     -0.682673037    
   12.6600008     -0.682642043    
   12.6700010     -0.685284734    
   12.6800013     -0.681244195    
   12.6900005     -0.690613747    
   12.7000008     -0.697372913    
   12.7100010     -0.704196334    
   12.7200012     -0.702821851    
   12.7300005     -0.700074792    
   12.7400007     -0.690510511    
   12.7500010     -0.678319216    
   12.7600012     -0.674252868    
   12.7700005     -0.686364353    
   12.7800007     -0.695907593    
   12.7900009     -0.697270453    
   12.8000011     -0.694504440    
   12.8100014     -0.698629439    
   12.8200006     -0.701394379    
   12.8300009     -0.697224379    
   12.8400011     -0.691680074    
   12.8500013     -0.688901365    
   12.8600006     -0.686124504    
   12.8700008     -0.686096430    
   12.8800011     -0.691602468    
   12.8900013     -0.686042547    
   12.9000006     -0.686015844    
   12.9100008     -0.681841731    
   12.9200010     -0.672186553    
   12.9300013     -0.669403613    
   12.9400005     -0.659823716    
   12.9500008     -0.674797535    
   12.9600010     -0.666513085    
   12.9700012     -0.665089369    
   12.9800005     -0.656846941    
   12.9900007     -0.648649037    
   13.0000010     -0.651276469    
   13.0100012     -0.645787776    
   13.0200005     -0.647056639    
   13.0300007     -0.648330986    
   13.0400009     -0.650971711    
   13.0500011     -0.654996514    
   13.0600014     -0.649453342    
   13.0700006     -0.639856994    
   13.0800009     -0.638410926    
   13.0900011     -0.645115316    
   13.1000013     -0.649137199    
   13.1100006     -0.655949354    
   13.1200008     -0.660041928    
   13.1300011     -0.651655376    
   13.1400013     -0.636479378    
   13.1500006     -0.632297158    
   13.1600008     -0.632193744    
   13.1700010     -0.625301421    
   13.1800013     -0.625188053    
   13.1900005     -0.626431882    
   13.2000008     -0.633145809    
   13.2100010     -0.628936231    
   13.2200012     -0.630195737    
   13.2300005     -0.621892154    
   13.2400007     -0.606897712    
   13.2500010     -0.616211832    
   13.2600012     -0.620169103    
   13.2700014     -0.615957439    
   13.2800007     -0.618557870    
   13.2900009     -0.625296772    
   13.3000011     -0.632102489    
   13.3100014     -0.636176884    
   13.3200006     -0.636077344    
   13.3300009     -0.640186727    
   13.3400011     -0.640091538    
   13.3500013     -0.644236505    
   13.3600006     -0.642728746    
   13.3700008     -0.639804363    
   13.3800011     -0.632650495    
   13.3900013     -0.631137073    
   13.4000006     -0.635262251    
   13.4100008     -0.640840769    
   13.4200010     -0.646468282    
   13.4300013     -0.649258316    
   13.4400005     -0.649175167    
   13.4500008     -0.643327177    
   13.4600010     -0.646115959    
   13.4700012     -0.647473633    
   13.4800005     -0.637293518    
   13.4900007     -0.632890642    
   13.5000010     -0.639972091    
   13.5100012     -0.629808962    
   13.5200014     -0.621137023    
   13.5300007     -0.608290374    
   13.5400009     -0.594180584    
   13.5500011     -0.595406651    
   13.5600014     -0.600831330    
   13.5700006     -0.606302321    
   13.5800009     -0.606153905    
   13.5900011     -0.597556233    
   13.6000013     -0.598801196    
   13.6100006     -0.597235262    
   13.6200008     -0.597073793    
   13.6300011     -0.606834173    
   13.6400013     -0.592521846    
   13.6500006     -0.588137269    
   13.6600008     -0.582359374    
   13.6700010     -0.589194059    
   13.6800013     -0.606089652    
   13.6900005     -0.613148451    
   13.7000008     -0.613008797    
   13.7100010     -0.605637372    
   13.7200012     -0.595434964    
   13.7300005     -0.598134160    
   13.7400007     -0.606629193    
   13.7500010     -0.612300575    
   13.7600012     -0.615086317    
   13.7700014     -0.616416574    
   13.7800007     -0.610405743    
   13.7900009     -0.611726582    
   13.8000011     -0.611582100    
   13.8100014     -0.609964907    
   13.8200006     -0.593746483    
   13.8300009     -0.590676546    
   13.8400011     -0.577541232    
   13.8500013     -0.581652582    
   13.8600006     -0.578584671    
   13.8700008     -0.582714975    
   13.8800011     -0.583974659    
   13.8900013     -0.583786666    
   13.9000006     -0.577801526    
   13.9100008     -0.574714363    
   13.9200010     -0.567312539    
   13.9300013     -0.569977164    
   13.9400005     -0.562578440    
   13.9500008     -0.558063269    
   13.9600010     -0.557835758    
   13.9700012     -0.554746211    
   13.9800014     -0.548807323    
   13.9900007     -0.557149708    
   14.0000010     -0.567042112    
   14.0100012     -0.569741130    
   14.0200014     -0.573923945    
   14.0300007     -0.567851961    
   14.0400009     -0.572037518    
   14.0500011     -0.580703795    
   14.0600014     -0.583486319    
   14.0700006     -0.575845420    
   14.0800009     -0.580107510    
   14.0900011     -0.598007441    
   14.1000013     -0.602418900    
   14.1100006     -0.597661197    
   14.1200008     -0.589870512    
   14.1300011     -0.583623827    
   14.1400013     -0.580405772    
   14.1500006     -0.583230793    
   14.1600008     -0.595246971    
   14.1700010     -0.596607149    
   14.1800013     -0.605731785    
   14.1900005     -0.605568230    
   14.2000008     -0.602283478    
   14.2100010     -0.605238616    
   14.2200012     -0.609786332    
   14.2300014     -0.604907513    
   14.2400007     -0.598470747    
   14.2500010     -0.601428926    
   14.2600012     -0.612323821    
   14.2700014     -0.628219664    
   14.2800007     -0.634593844    
   14.2900009     -0.632840812    
   14.3000011     -0.631084800    
   14.3100014     -0.626068532    
   14.3200006     -0.619440079    
   14.3300009     -0.620916724    
   14.3400011     -0.619148195    
   14.3500013     -0.623891115    
   14.3600006     -0.612360716    
   14.3700008     -0.605740249    
   14.3800011     -0.607184827    
   14.3900013     -0.605400622    
   14.4000006     -0.603613496    
   14.4100008     -0.596988261    
   14.4200010     -0.590382934    
   14.4300013     -0.586987078    
   14.4400015     -0.588387191    
   14.4500008     -0.593014240    
   14.4600010     -0.597680271    
   14.4700012     -0.605657816    
   14.4800014     -0.602207184    
   14.4900007     -0.602028906    
   14.5000010     -0.615072548    
   14.5100012     -0.624965310    
   14.5200014     -0.623138607    
   14.5300007     -0.617946982    
   14.5400009     -0.626232326    
   14.5500011     -0.626092613    
   14.5600014     -0.631066322    
   14.5700006     -0.646465063    
   14.5800009     -0.648103178    
   14.5900011     -0.641030312    
   14.6000013     -0.628814459    
   14.6100006     -0.620108068    
   14.6200008     -0.630265236    
   14.6300011     -0.628400743    
   14.6400013     -0.635206401    
   14.6500006     -0.635079563    
   14.6600008     -0.619339824    
   14.6700010     -0.619185090    
   14.6800013     -0.620757043    
   14.6900015     -0.632809937    
   14.7000008     -0.641503155    
   14.7100010     -0.646729052    
   14.7200012     -0.644832969    
   14.7300014     -0.634044766    
   14.7400007     -0.632141829    
   14.7500010     -0.630235136    
   14.7600012     -0.628324986    
   14.7700014     -0.612350941    
   14.7800007     -0.612180114    
   14.7900009     -0.608511925    
   14.8000011     -0.608334482    
   14.8100014     -0.613423169    
   14.8200006     -0.622110426    
   14.8300009     -0.616621554    
   14.8400011     -0.612910688    
   14.8500013     -0.614513516    
   14.8600006     -0.607251227    
   14.8700008     -0.615957081    
   14.8800011     -0.622971237    
   14.8900013     -0.624621391    
   14.9000015     -0.626282692    
   14.9100008     -0.624316156    
   14.9200010     -0.624162257    
   14.9300013     -0.618557870    
   14.9400015     -0.634862125    
   14.9500008     -0.621870279    
   14.9600010     -0.612611353    
   14.9700012     -0.619720399    
   14.9800014     -0.610440552    
   14.9900007     -0.613902211    
   15.0000010     -0.611900210    
   15.0100012     -0.608071029    
   15.0200014     -0.611540258    
   15.0300007     -0.622429848    
   15.0400009     -0.618557870    
   15.0500011     -0.635227382    
   15.0600014     -0.636982024    
   15.0700006     -0.646380663    
   15.0800009     -0.652038336    
   15.0900011     -0.649999499    
   15.1000013     -0.640264511    
   15.1100006     -0.636303008    
   15.1200008     -0.632341743    
   15.1300011     -0.632196546    
   15.1400013     -0.633968353    
   15.1500015     -0.624256134    
   15.1600008     -0.624094009    
   15.1700010     -0.627762735    
   15.1800013     -0.619944632    
   15.1900015     -0.627451479    
   15.2000008     -0.617687821    
   15.2100010     -0.627136946    
   15.2200012     -0.619256914    
   15.2300014     -0.609494865    
   15.2400007     -0.609302640    
   15.2500010     -0.609108984    
   15.2600012     -0.606996894    
   15.2700014     -0.618380964    
   15.2800007     -0.627979279    
   15.2900009     -0.623891473    
   15.3000011     -0.610065281    
   15.3100014     -0.619626105    
   15.3200006     -0.615528584    
   15.3300009     -0.615344167    
   15.3400011     -0.605383694    
   15.3500013     -0.618917048    
   15.3600006     -0.612814665    
   15.3700008     -0.608686030    
   15.3800011     -0.592860579    
   15.3900013     -0.598471284    
   15.4000015     -0.592396259    
   15.4100008     -0.598027945    
   15.4200010     -0.603715718    
   15.4300013     -0.607472003    
   15.4400015     -0.611258388    
   15.4500008     -0.611060441    
   15.4600010     -0.620952010    
   15.4700012     -0.626889348    
   15.4800014     -0.624674380    
   15.4900007     -0.608240962    
   15.5000010     -0.614113569    
   15.5100012     -0.605804861    
   15.5200014     -0.609648824    
   15.5300007     -0.609444439    
   15.5400009     -0.611281097    
   15.5500011     -0.625526607    
   15.5600014     -0.637931466    
   15.5700006     -0.646275997    
   15.5800009     -0.637635052    
   15.5900011     -0.639611542    
   15.6000013     -0.626754045    
   15.6100016     -0.622370422    
   15.6200008     -0.624294877    
   15.6300011     -0.617793381    
   15.6400013     -0.611304283    
   15.6500015     -0.611097336    
   15.6600008     -0.615099669    
   15.6700010     -0.612787783    
   15.6800013     -0.610469699    
   15.6900015     -0.612375498    
   15.7000008     -0.622840762    
   15.7100010     -0.633465886    
   15.7200012     -0.644255996    
   15.7300014     -0.650761008    
   15.7400007     -0.652864933    
   15.7500010     -0.666257858    
   15.7600012     -0.652622581    
   15.7700014     -0.652500451    
   15.7800007     -0.645643532    
   15.7900009     -0.629931271    
   15.8000011     -0.625342965    
   15.8100014     -0.625158548    
   15.8200006     -0.629407883    
   15.8300009     -0.640429854    
   15.8400011     -0.642538130    
   15.8500013     -0.637865603    
   15.8600016     -0.630942523    
   15.8700008     -0.630768120    
   15.8800011     -0.628338099    
   15.8900013     -0.619168043    
   15.9000015     -0.607817173    
   15.9100008     -0.605369091    
   15.9200010     -0.602915168    
   15.9300013     -0.598240197    
   15.9400015     -0.609137595    
   15.9500008     -0.606664896    
   15.9600010     -0.610936046    
   15.9700012     -0.631283641    
   15.9800014     -0.640407562    
   15.9900007     -0.640249968    
