0.00000000 0.999473095  0.00000000  0.999473
1.00000007E-02 0.932305574  6.67056441E-02 0.999011
2.00000014E-02 0.903537512  9.49557796E-02 0.998493
3.00000012E-02 0.889279962  0.108722903  0.998003
4.00000028E-02 0.883336663  0.114162408  0.997499
5.00000045E-02 0.879374504  0.117589593  0.996964
6.00000024E-02 0.876444995  0.119994938  0.99644
7.00000077E-02 0.871155024  0.124760948  0.995916
8.00000057E-02 0.865928352  0.129457653  0.995386
9.00000036E-02 0.860511899  0.134360209  0.994872
0.100000009 0.856602430  0.137753218  0.994356
0.110000007 0.853124976  0.140747041  0.993872
0.120000005 0.849921465  0.143489316  0.993411
0.130000010 0.847497821  0.145438865  0.992937
0.140000015 0.845706403  0.146732509  0.992439
0.150000006 0.843114138  0.148866042  0.99198
0.160000011 0.841596663  0.149907887  0.991505
0.170000017 0.838709354  0.152342930  0.991052
0.180000007 0.836707175  0.153897822  0.990605
0.190000013 0.835115969  0.155039445  0.990155
0.200000018 0.834357262  0.155330583  0.989688
0.210000008 0.832481503  0.156740263  0.989222
0.220000014 0.830563664  0.158204615  0.988768
0.230000019 0.827918708  0.160416752  0.988335
0.240000010 0.826348543  0.161564469  0.987913
0.250000030 0.824514985  0.162980199  0.987495
0.260000020 0.823145092  0.163906202  0.987051
0.270000011 0.821764648  0.164854556  0.986619
0.280000031 0.820837319  0.165344238  0.986182
0.290000021 0.819119692  0.166657716  0.985777
0.300000012 0.817391515  0.167994082  0.985386
0.310000032 0.816084802  0.168903589  0.984988
0.320000023 0.814630628  0.169921175  0.984552
0.330000013 0.813734889  0.170371771  0.984107
0.340000033 0.812691629  0.170962259  0.983654
0.350000024 0.811490357  0.171778709  0.983269
0.360000014 0.810889721  0.171941251  0.982831
0.370000035 0.809709489  0.172694445  0.982404
0.380000025 0.808244705  0.173749313  0.981994
0.390000015 0.806832671  0.174729854  0.981563
0.400000036 0.805747271  0.175388902  0.981136
0.410000026 0.804819942  0.175887257  0.980707
0.420000017 0.803534329  0.176741332  0.980276
0.430000037 0.802206576  0.177607045  0.979814
0.440000027 0.800910473  0.178473577  0.979384
0.450000018 0.799645960  0.179330289  0.978976
0.460000038 0.798339248  0.180241823  0.978581
0.470000029 0.797053635  0.181143448  0.978197
0.480000019 0.796052575  0.181732833  0.977785
0.490000039 0.794998765  0.182366163  0.977365
0.500000060 0.794229507  0.182665035  0.976895
0.510000050 0.792880714  0.183515668  0.976396
0.520000041 0.791742623  0.184161633  0.975904
0.530000031 0.790288389  0.185154662  0.975443
0.540000021 0.789614022  0.185369015  0.974983
0.550000012 0.789118707  0.185410112  0.974529
0.560000062 0.788254619  0.185863271  0.974118
0.570000052 0.787011206  0.186728999  0.97374
0.580000043 0.785894156  0.187443852  0.973338
0.590000033 0.784598053  0.188332930  0.972931
0.600000024 0.783301890  0.189266503  0.972568
0.610000014 0.782174349  0.189994618  0.972169
0.620000064 0.781426191  0.190331891  0.971758
0.630000055 0.780393481  0.190963253  0.971357
0.640000045 0.778728545  0.192226663  0.970955
0.650000036 0.777421832  0.193142995  0.970565
0.660000026 0.777105689  0.193035692  0.970141
0.670000076 0.776810646  0.192884922  0.969696
0.680000067 0.775725245  0.193551898  0.969277
0.690000057 0.774829566  0.194012284  0.968842
0.700000048 0.773596644  0.194855437  0.968452
0.710000038 0.772932768  0.195087537  0.96802
0.720000029 0.772174060  0.195407391  0.967581
0.730000079 0.771520674  0.195629060  0.96715
0.740000069 0.770266712  0.196485698  0.966752
0.750000060 0.769550145  0.196828559  0.966379
0.760000050 0.768696606  0.197314367  0.966011
0.770000041 0.768580675  0.197044313  0.965625
0.780000031 0.767126441  0.198133677  0.96526
0.790000081 0.766009450  0.198840246  0.96485
0.800000072 0.764955699  0.199492663  0.964448
0.810000062 0.764323413  0.199717432  0.964041
0.820000052 0.762890279  0.200755522  0.963646
0.830000043 0.762626827  0.200596437  0.963223
0.840000033 0.761562526  0.201284170  0.962847
0.850000083 0.760529816  0.201961488  0.962491
0.860000074 0.759549856  0.202551514  0.962101
0.870000064 0.758232594  0.203483626  0.961716
0.880000055 0.757589817  0.203744382  0.961334
0.890000045 0.756936491  0.203994349  0.960931
0.900000036 0.755924821  0.204619825  0.960545
0.910000086 0.755282044  0.204870492  0.960153
0.920000076 0.754375815  0.205397531  0.959773
0.930000067 0.753490627  0.205925256  0.959416
0.940000057 0.752605438  0.206453517  0.959059
0.950000048 0.751140714  0.207612887  0.958754
0.960000038 0.750729740  0.207677618  0.958407
0.970000088 0.750455737  0.207576364  0.958032
0.980000079 0.749781370  0.207851768  0.957633
0.990000069 0.748801351  0.208493188  0.957295
1.00000012 0.747536778  0.209401652  0.956938
1.01000011 0.746546268  0.209977910  0.956524
1.02000010 0.745745361  0.210421756  0.956167
1.03000009 0.744765401  0.211043790  0.955809
1.04000008 0.744227946  0.211210594  0.955439
1.05000007 0.743205786  0.211889312  0.955095
1.06000006 0.741772652  0.212980464  0.954753
1.07000005 0.740666211  0.213727489  0.954394
1.08000004 0.740191996  0.213851541  0.954044
1.09000003 0.739728332  0.213942409  0.953671
1.10000002 0.738927484  0.214434654  0.953362
1.11000013 0.738021195  0.214983359  0.953005
1.12000012 0.736746132  0.215934455  0.952681
1.13000011 0.736999035  0.215188831  0.952188
1.14000010 0.736145496  0.215615928  0.951761
1.15000010 0.735344648  0.216032133  0.951377
1.16000009 0.734385729  0.216616571  0.951002
1.17000008 0.733637512  0.216944277  0.950582
1.18000007 0.732488930  0.217686743  0.950176
1.19000006 0.731951475  0.217847213  0.949799
1.20000005 0.731024146  0.218422726  0.949447
1.21000004 0.730434060  0.218639866  0.949074
1.22000003 0.729432940  0.219283774  0.948717
1.23000014 0.729011476  0.219288379  0.9483
1.24000013 0.728094697  0.219832182  0.947927
1.25000012 0.727915525  0.219589666  0.947505
1.26000011 0.727135718  0.219954282  0.94709
1.27000010 0.726261079  0.220443055  0.946704
1.28000009 0.725481331  0.220842317  0.946324
1.29000008 0.724617243  0.221399635  0.946017
1.30000007 0.723795295  0.221867368  0.945663
1.31000006 0.723521292  0.221737981  0.945259
1.32000005 0.723394811  0.221484393  0.944879
1.33000004 0.722899556  0.221591815  0.944491
1.34000015 0.722372651  0.221733153  0.944106
1.35000014 0.720960617  0.222869024  0.94383
1.36000013 0.720412672  0.223067746  0.94348
1.37000012 0.719643414  0.223504260  0.943148
1.38000011 0.718737185  0.224099636  0.942837
1.39000010 0.717462063  0.225069374  0.942531
1.40000010 0.716355622  0.225893095  0.942249
1.41000009 0.716187000  0.225674346  0.941861
1.42000008 0.715807676  0.225682318  0.94149
1.43000007 0.715217531  0.225906044  0.941124
1.44000006 0.714838207  0.225914299  0.940753
1.45000005 0.714079499  0.226274595  0.940354
1.46000016 0.713394523  0.226589873  0.939984
1.47000015 0.712361813  0.227269664  0.939631
1.48000014 0.711782277  0.227505922  0.939288
1.49000013 0.710412323  0.228539780  0.938952
1.50000012 0.710475564  0.228025362  0.938501
1.51000011 0.710011899  0.228068829  0.938081
1.52000010 0.709463954  0.228203699  0.937668
1.53000009 0.708684146  0.228635281  0.937319
1.54000008 0.707619846  0.229375765  0.936996
1.55000007 0.706829488  0.229831249  0.936661
1.56000006 0.706260443  0.230058834  0.936319
1.57000005 0.705470145  0.230538160  0.936008
1.58000016 0.704995930  0.230629086  0.935625
1.59000015 0.704247773  0.231017575  0.935265
1.60000014 0.703826249  0.231040090  0.934866
1.61000013 0.702551186  0.231990844  0.934542
1.62000012 0.701307714  0.232873783  0.934181
1.63000011 0.700169683  0.233688921  0.933859
1.64000010 0.699632227  0.233862072  0.933494
1.65000010 0.699084282  0.234058440  0.933143
1.66000009 0.698220193  0.234565347  0.932786
1.67000008 0.697208524  0.235256657  0.932465
1.68000007 0.696354985  0.235741660  0.932097
1.69000018 0.695838630  0.235870481  0.931709
1.70000017 0.695153713  0.236183703  0.931337
1.71000016 0.694647908  0.236312777  0.930961
1.72000015 0.693604648  0.237053007  0.930658
1.73000014 0.692666769  0.237702027  0.930369
1.74000013 0.692245305  0.237751260  0.929997
1.75000012 0.692076683  0.237523660  0.9296
1.76000011 0.691918612  0.237214863  0.929133
1.77000010 0.691549778  0.237113684  0.928663
1.78000009 0.690200984  0.238157600  0.928359
1.79000008 0.689389527  0.238612458  0.928002
1.80000007 0.688852131  0.238743529  0.927596
1.81000018 0.688578129  0.238666236  0.927244
1.82000017 0.688082874  0.238843948  0.926927
1.83000016 0.687334716  0.239253744  0.926588
1.84000015 0.686797261  0.239408687  0.926206
1.85000014 0.686628640  0.239145815  0.925774
1.86000013 0.686070144  0.239324123  0.925394
1.87000012 0.685785651  0.239235178  0.925021
1.88000011 0.684752941  0.239937216  0.92469
1.89000010 0.683815062  0.240500212  0.924315
1.90000010 0.683045805  0.240877613  0.923923
1.91000009 0.682750762  0.240754575  0.923505
1.92000008 0.682266057  0.240841061  0.923107
1.93000019 0.681728601  0.240974352  0.922703
1.94000018 0.681159556  0.241154417  0.922314
1.95000017 0.680211186  0.241778508  0.92199
1.96000016 0.679462969  0.242181197  0.921644
1.97000015 0.678598881  0.242724553  0.921323
1.98000014 0.677618921  0.243397370  0.921016
1.99000013 0.676976085  0.243684530  0.920661
2.00000024 0.676586211  0.243679419  0.920266
2.01000023 0.675816953  0.244049162  0.919866
2.02000022 0.675258458  0.244255215  0.919514
2.03000021 0.674742103  0.244414672  0.919157
2.04000020 0.674879074  0.243846640  0.918726
2.05000019 0.673930705  0.244510859  0.918442
2.06000018 0.673393250  0.244600147  0.917993
2.07000017 0.672866344  0.244736493  0.917603
2.08000016 0.672676682  0.244496807  0.917173
2.09000015 0.671896875  0.244974568  0.916871
2.10000014 0.671475410  0.245052680  0.916528
2.11000013 0.671254098  0.244812474  0.916067
2.12000012 0.670885265  0.244749010  0.915634
2.13000011 0.670295179  0.244897857  0.915193
2.14000010 0.669852555  0.244881511  0.914734
2.15000010 0.669673443  0.244652763  0.914326
2.16000009 0.669157088  0.244825348  0.913982
2.17000008 0.668250859  0.245399922  0.913651
2.18000007 0.667565882  0.245750502  0.913316
2.19000006 0.667228699  0.245734781  0.912963
2.20000005 0.666238129  0.246417403  0.912656
2.21000004 0.664941967  0.247479945  0.912422
2.22000027 0.664741755  0.247275606  0.912017
2.23000026 0.664162219  0.247485682  0.911648
2.24000025 0.663414001  0.247897997  0.911312
2.25000024 0.662960887  0.247930735  0.910892
2.26000023 0.662486672  0.248011231  0.910498
2.27000022 0.661411822  0.248792991  0.910205
2.28000021 0.660705805  0.249171227  0.909877
2.29000020 0.660178959  0.249300063  0.909479
2.30000019 0.660020888  0.249000326  0.909021
2.31000018 0.659040868  0.249665409  0.908706
2.32000017 0.658018708  0.250378639  0.908397
2.33000016 0.657586634  0.250413030  0.908
2.34000015 0.657228351  0.250340104  0.907568
2.35000014 0.655900598  0.251389325  0.90729
2.36000013 0.655205131  0.251710951  0.906916
2.37000012 0.654488564  0.252021164  0.90651
2.38000011 0.653898418  0.252271801  0.90617
2.39000010 0.653181851  0.252654523  0.905836
2.40000010 0.652802527  0.252666324  0.905469
2.41000009 0.652265072  0.252857804  0.905123
2.42000008 0.651453674  0.253349423  0.904803
2.43000007 0.650810897  0.253673494  0.904484
2.44000006 0.650378823  0.253745943  0.904125
2.45000029 0.649862468  0.253938615  0.903801
2.46000028 0.648808718  0.254828393  0.903637
2.47000027 0.647818148  0.255586833  0.903405
2.48000026 0.647670627  0.255335808  0.903006
2.49000025 0.647386134  0.255240947  0.902627
2.50000024 0.646911919  0.255350560  0.902262
2.51000023 0.645942450  0.255978644  0.901921
2.52000022 0.645584166  0.255956292  0.90154
2.53000021 0.645109951  0.256066501  0.901176
2.54000020 0.644625247  0.256201118  0.900826
2.55000019 0.644762218  0.255623370  0.900386
2.56000018 0.643771648  0.256349921  0.900122
2.57000017 0.643076181  0.256750882  0.899827
2.58000016 0.642117262  0.257467002  0.899584
2.59000015 0.641421735  0.257832676  0.899254
2.60000014 0.641411185  0.257387549  0.898799
2.61000013 0.640768409  0.257656604  0.898425
2.62000012 0.640315294  0.257719994  0.898035
2.63000011 0.639503896  0.258159518  0.897663
2.64000010 0.638112903  0.259303600  0.897417
2.65000010 0.637733519  0.259210229  0.896944
2.66000009 0.637438476  0.259080261  0.896519
2.67000008 0.636605978  0.259582281  0.896188
2.68000031 0.636616528  0.259099454  0.895716
2.69000030 0.635805130  0.259663135  0.895468
2.70000029 0.635320425  0.259788811  0.895109
2.71000028 0.635215044  0.259451538  0.894667
2.72000027 0.634340405  0.260004222  0.894345
2.73000026 0.633381426  0.260679394  0.894061
2.74000025 0.632822931  0.260879278  0.893702
2.75000024 0.632411957  0.260883957  0.893296
2.76000023 0.631874561  0.261010796  0.892885
2.77000022 0.631252825  0.261260271  0.892513
2.78000021 0.630747020  0.261411935  0.892159
2.79000020 0.630199075  0.261588365  0.891787
2.80000019 0.629556239  0.261936486  0.891493
2.81000018 0.629187405  0.261990786  0.891178
2.82000017 0.628555179  0.262314916  0.89087
2.83000016 0.627385497  0.263216436  0.890602
2.84000015 0.626647830  0.263627857  0.890276
2.85000014 0.626247406  0.263670981  0.889918
2.86000013 0.625783741  0.263787836  0.889572
2.87000012 0.625151455  0.264114112  0.889266
2.88000011 0.624666750  0.264280677  0.888947
2.89000010 0.623918593  0.264743179  0.888662
2.90000010 0.623338997  0.264984161  0.888323
2.91000032 0.622548640  0.265496880  0.888046
2.92000031 0.621800482  0.265936136  0.887737
2.93000031 0.621052325  0.266388267  0.887441
2.94000030 0.620377898  0.266754419  0.887132
2.95000029 0.619387329  0.267553419  0.886941
2.96000028 0.618944764  0.267661095  0.886606
2.97000027 0.618913114  0.267249107  0.886162
2.98000026 0.618386269  0.267381251  0.885768
2.99000025 0.618164957  0.267241061  0.885406
3.00000024 0.617237628  0.267919064  0.885157
3.01000023 0.616910994  0.267828584  0.88474
3.02000022 0.616057396  0.268395990  0.884453
3.03000021 0.615751803  0.268293411  0.884045
3.04000020 0.614571571  0.269184709  0.883756
3.05000019 0.614455700  0.268833816  0.88329
3.06000018 0.614129007  0.268693864  0.882823
3.07000017 0.613422990  0.269089043  0.882512
3.08000016 0.613022566  0.269073665  0.882096
3.09000015 0.612263799  0.269469500  0.881733
3.10000014 0.611557782  0.269853473  0.881411
3.11000013 0.611399710  0.269614011  0.881014
3.12000012 0.611199498  0.269374073  0.880574
3.13000011 0.610830665  0.269284070  0.880115
3.14000010 0.610504031  0.269218743  0.879723
3.15000033 0.609492421  0.269966364  0.879459
3.16000032 0.608849585  0.270289361  0.879139
3.17000031 0.608354330  0.270349741  0.878704
3.18000031 0.607722044  0.270610660  0.878333
3.19000030 0.606931746  0.271097749  0.878029
3.20000029 0.606004417  0.271748275  0.877753
3.21000028 0.605013847  0.272474974  0.877489
3.22000027 0.604486942  0.272612363  0.877099
3.23000026 0.604276240  0.272360206  0.876636
3.24000025 0.603317261  0.273000568  0.876318
3.25000024 0.602411032  0.273578703  0.87599
3.26000023 0.601968467  0.273591042  0.87556
3.27000022 0.601799846  0.273288429  0.875088
3.28000021 0.601483703  0.273199737  0.874683
3.29000020 0.601083279  0.273174167  0.874257
3.30000019 0.600682855  0.273148477  0.873831
3.31000018 0.600408852  0.272996396  0.873405
3.32000017 0.600071669  0.272945166  0.873017
3.33000016 0.599903047  0.272729665  0.872633
3.34000015 0.599523723  0.272804767  0.872328
3.35000014 0.598891437  0.273133218  0.872025
3.36000013 0.598417222  0.273246676  0.871664
3.37000012 0.597943008  0.273385733  0.871329
3.38000035 0.597637415  0.273347288  0.870985
3.39000034 0.597236991  0.273397684  0.870635
3.40000033 0.595951378  0.274527222  0.870479
3.41000032 0.595213771  0.274946690  0.87016
3.42000031 0.594592035  0.275290519  0.869883
3.43000031 0.593991399  0.275545716  0.869537
3.44000030 0.593622565  0.275508583  0.869131
3.45000029 0.593601465  0.275076538  0.868678
3.46000028 0.592969239  0.275433987  0.868403
3.47000027 0.592094600  0.276034027  0.868129
3.48000026 0.591630936  0.276137352  0.867768
3.49000025 0.591810048  0.275500387  0.86731
3.50000024 0.591725767  0.275194854  0.866921
3.51000023 0.590787888  0.275860220  0.866648
3.52000022 0.590324223  0.275937915  0.866262
3.53000021 0.589786828  0.276118338  0.865905
3.54000020 0.589091301  0.276529282  0.865621
3.55000019 0.588437974  0.276838332  0.865276
3.56000018 0.587963820  0.276942670  0.864906
3.57000017 0.587215602  0.277342081  0.864558
3.58000016 0.586762488  0.277459621  0.864222
3.59000015 0.585929990  0.278001249  0.863931
3.60000014 0.585529566  0.278042138  0.863572
3.61000037 0.585087001  0.278186172  0.863273
3.62000036 0.584897339  0.277995706  0.862893
3.63000035 0.584370434  0.278217077  0.862588
3.64000034 0.583696008  0.278593242  0.862289
3.65000033 0.582989991  0.278995574  0.861986
3.66000032 0.582874060  0.278702080  0.861576
3.67000031 0.582642257  0.278575778  0.861218
3.68000031 0.582083762  0.278824121  0.860908
3.69000030 0.581946731  0.278594494  0.860541
3.70000029 0.581335545  0.278920442  0.860256
3.71000028 0.580387175  0.279660970  0.860048
3.72000027 0.580028892  0.279690415  0.859719
3.73000026 0.579839170  0.279460639  0.8593
3.74000025 0.579343915  0.279606670  0.858951
3.75000024 0.578543067  0.280154824  0.858698
3.76000023 0.577457666  0.281015098  0.858473
3.77000022 0.577194214  0.280837655  0.858032
3.78000021 0.576857030  0.280750901  0.857608
3.79000020 0.576424956  0.280781090  0.857206
3.80000019 0.575423896  0.281526834  0.856951
3.81000018 0.575044513  0.281492501  0.856537
3.82000017 0.574528158  0.281614274  0.856142
3.83000016 0.573874831  0.281957895  0.855833
3.84000015 0.573484957  0.281975955  0.855461
3.85000038 0.573369026  0.281602383  0.854971
3.86000037 0.572610319  0.282038093  0.854648
3.87000036 0.571925342  0.282421947  0.854347
3.88000035 0.571293116  0.282727957  0.854021
3.89000034 0.571187735  0.282380164  0.853568
3.90000033 0.571345747  0.281717777  0.853064
3.91000032 0.570850492  0.281892747  0.852743
3.92000031 0.570313096  0.282054961  0.852368
3.93000031 0.569649220  0.282387942  0.852037
3.94000030 0.569343626  0.282275051  0.851619
3.95000029 0.568584859  0.282766044  0.851351
3.96000028 0.568184435  0.282784641  0.850969
3.97000027 0.568131745  0.282356292  0.850488
3.98000026 0.567394137  0.282782674  0.850177
3.99000025 0.567236066  0.282472074  0.849708
4.00000048 0.566972613  0.282319218  0.849292
4.01000023 0.566603780  0.282258570  0.848862
4.02000046 0.566119075  0.282369345  0.848488
4.03000021 0.565307677  0.282876045  0.848184
4.04000044 0.564886153  0.282908022  0.847794
4.05000019 0.564390838  0.283045769  0.847437
4.06000042 0.563716471  0.283382028  0.847098
4.07000017 0.563632131  0.283017486  0.84665
4.08000040 0.562673211  0.283738017  0.846411
4.09000015 0.562388718  0.283571839  0.845961
4.10000038 0.561693192  0.284002125  0.845695
4.11000013 0.561071455  0.284326851  0.845398
4.12000036 0.560534060  0.284492463  0.845027
4.13000011 0.560101986  0.284512490  0.844614
4.14000034 0.560059845  0.284080535  0.84414
4.15000010 0.559501350  0.284246594  0.843748
4.16000032 0.559269547  0.284053415  0.843323
4.17000008 0.558963954  0.283953190  0.842917
4.18000031 0.558658361  0.283826321  0.842485
4.19000053 0.557794213  0.284419090  0.842213
4.20000029 0.556951225  0.285012633  0.841964
4.21000051 0.556318939  0.285313219  0.841632
4.22000027 0.556118727  0.285066634  0.841185
4.23000050 0.555813134  0.285006911  0.84082
4.24000025 0.555412710  0.285094082  0.840507
4.25000048 0.554495931  0.285797060  0.840293
4.26000023 0.554158747  0.285724044  0.839883
4.27000046 0.553631842  0.285959303  0.839591
4.28000021 0.553083897  0.286221683  0.839306
4.29000044 0.552746654  0.286215961  0.838963
4.30000019 0.552799344  0.285700411  0.8385
4.31000042 0.552409470  0.285815239  0.838225
4.32000017 0.551492691  0.286508232  0.838001
4.33000040 0.551113307  0.286583513  0.837697
4.34000015 0.551007926  0.286295533  0.837303
4.35000038 0.550512671  0.286491841  0.837005
4.36000013 0.549912035  0.286850214  0.836762
4.37000036 0.549595892  0.286818027  0.836414
4.38000011 0.549079537  0.287096143  0.836176
4.39000034 0.549100578  0.286685944  0.835787
4.40000010 0.549142778  0.286221325  0.835364
4.41000032 0.548879325  0.286121011  0.835
4.42000008 0.548573732  0.286047637  0.834621
4.43000031 0.548415661  0.285825282  0.834241
4.44000053 0.548183799  0.285697520  0.833881
4.45000029 0.547467232  0.286219984  0.833687
4.46000051 0.546845555  0.286621183  0.833467
4.47000027 0.546234310  0.286982149  0.833216
4.48000050 0.546234310  0.286542505  0.832777
4.49000025 0.545781195  0.286713600  0.832495
4.50000048 0.545602083  0.286490768  0.832093
4.51000023 0.544822276  0.287070096  0.831892
4.52000046 0.544527233  0.287092119  0.831619
4.53000021 0.543968737  0.287427723  0.831396
4.54000044 0.543842256  0.287204653  0.831047
4.55000019 0.543041408  0.287827045  0.830868
4.56000042 0.542777956  0.287740499  0.830518
4.57000017 0.542788506  0.287312329  0.830101
4.58000040 0.542335391  0.287512213  0.829848
4.59000015 0.541545033  0.288122833  0.829668
4.60000038 0.540628254  0.288939416  0.829568
4.61000013 0.539743066  0.289729744  0.829473
4.62000036 0.539858997  0.289178163  0.829037
4.63000011 0.539943278  0.288721800  0.828665
4.64000034 0.539669335  0.288676500  0.828346
4.65000010 0.539353192  0.288686007  0.828039
4.66000032 0.538847387  0.288915664  0.827763
4.67000055 0.538236201  0.289241374  0.827478
4.68000031 0.538446963  0.288494766  0.826942
4.69000053 0.537593365  0.289220184  0.826814
4.70000029 0.537477493  0.288954556  0.826432
4.71000051 0.536876798  0.289295107  0.826172
4.72000027 0.536602855  0.289208531  0.825811
4.73000050 0.536687136  0.288652748  0.82534
4.74000025 0.536065400  0.289076656  0.825142
4.75000048 0.535496354  0.289390534  0.824887
4.76000023 0.534748197  0.289926291  0.824674
4.77000046 0.534316182  0.290033489  0.82435
4.78000021 0.533831418  0.290210217  0.824042
4.79000044 0.533515275  0.290165544  0.823681
4.80000019 0.532545805  0.290952623  0.823498
4.81000042 0.531607926  0.291712970  0.823321
4.82000017 0.531629026  0.291197121  0.822826
4.83000040 0.531492054  0.290847212  0.822339
4.84000015 0.531197011  0.290691614  0.821889
4.85000038 0.530986249  0.290424407  0.821411
4.86000013 0.530216992  0.290936410  0.821153
4.87000036 0.529468775  0.291476995  0.820946
4.88000011 0.529310703  0.291167915  0.820479
4.89000034 0.529247522  0.290746957  0.819994
4.90000057 0.529121041  0.290423036  0.819544
4.91000032 0.528341234  0.290992558  0.819334
4.92000055 0.527740598  0.291367203  0.819108
4.93000031 0.527087271  0.291798264  0.818886
4.94000053 0.526181042  0.292551845  0.818733
4.95000029 0.525833249  0.292480171  0.818313
4.96000051 0.525232613  0.292772770  0.818005
4.97000027 0.524663568  0.293065637  0.817729
4.98000050 0.523778439  0.293765813  0.817544
4.99000025 0.523177743  0.294059932  0.817238
5.00000048 0.522408485  0.294649273  0.817058
5.01000023 0.522366345  0.294269472  0.816636
5.02000046 0.522018611  0.294268996  0.816288
5.03000021 0.521470666  0.294521779  0.815992
5.04000044 0.520943761  0.294746935  0.815691
5.05000019 0.520574927  0.294760793  0.815336
5.06000042 0.520374715  0.294520676  0.814895
5.07000017 0.519784629  0.294802725  0.814587
5.08000040 0.519141793  0.295183957  0.814326
5.09000015 0.518477917  0.295579821  0.814058
5.10000038 0.518361986  0.295254797  0.813617
5.11000013 0.517771900  0.295538068  0.81331
5.12000036 0.517308235  0.295750797  0.813059
5.13000059 0.516907811  0.295864612  0.812772
5.14000034 0.515959382  0.296702027  0.812661
5.15000057 0.515558958  0.296717256  0.812276
5.16000032 0.515727580  0.295979947  0.811708
5.17000055 0.515379846  0.295952111  0.811332
5.18000031 0.514884531  0.296151876  0.811036
5.19000053 0.514905632  0.295654386  0.81056
5.20000029 0.514673829  0.295483947  0.810158
5.21000051 0.514062643  0.295840532  0.809903
5.22000027 0.513504088  0.296126276  0.80963
5.23000050 0.513293386  0.295855910  0.809149
5.24000025 0.512924552  0.295827836  0.808752
5.25000048 0.512534618  0.295785576  0.80832
5.26000023 0.512418747  0.295342773  0.807762
5.27000046 0.511744320  0.295700788  0.807445
5.28000021 0.511185825  0.295887172  0.807073
5.29000044 0.510627329  0.296059638  0.806687
5.30000019 0.510184705  0.296132058  0.806317
5.31000042 0.509689450  0.296333760  0.806023
5.32000017 0.508846462  0.296951950  0.805798
5.33000040 0.508003414  0.297556639  0.80556
5.34000015 0.507613540  0.297529548  0.805143
5.35000038 0.507160366  0.297603190  0.804764
5.36000061 0.506812632  0.297489643  0.804302
5.37000036 0.506454349  0.297390521  0.803845
5.38000059 0.505790472  0.297752500  0.803543
5.39000034 0.505737782  0.297307104  0.803045
5.40000057 0.505031765  0.297756195  0.802788
5.41000032 0.504652441  0.297772497  0.802425
5.42000055 0.503978014  0.298222423  0.8022
5.43000031 0.503819942  0.297993243  0.801813
5.44000053 0.503661871  0.297734618  0.801396
5.45000029 0.503524899  0.297461301  0.800986
5.46000051 0.503335178  0.297172964  0.800508
5.47000027 0.502892613  0.297276109  0.800169
5.48000050 0.502608120  0.297175974  0.799784
5.49000025 0.502471089  0.296857804  0.799329
5.50000048 0.502091765  0.296844512  0.798936
5.51000023 0.501448929  0.297180444  0.798629
5.52000046 0.500943124  0.297370970  0.798314
5.53000021 0.500953674  0.296790004  0.797744
5.54000044 0.500648081  0.296689183  0.797337
5.55000019 0.500584841  0.296238184  0.796823
5.56000042 0.499868274  0.296647638  0.796516
5.57000017 0.499278158  0.296911657  0.79619
5.58000040 0.499109566  0.296547592  0.795657
5.59000063 0.498498380  0.296826512  0.795325
5.60000038 0.497792333  0.297237515  0.79503
5.61000061 0.497718573  0.296785027  0.794504
5.62000036 0.497223318  0.296918184  0.794142
5.63000059 0.496485651  0.297403365  0.793889
5.64000034 0.496643722  0.296671182  0.793315
5.65000057 0.495937705  0.297171652  0.793109
5.66000032 0.495579422  0.297143668  0.792723
5.67000055 0.495063066  0.297307014  0.79237
5.68000031 0.494841784  0.297058374  0.7919
5.69000053 0.494525641  0.296956748  0.791482
5.70000029 0.494125217  0.297031701  0.791157
5.71000051 0.493830144  0.296900392  0.790731
5.72000027 0.493482411  0.296842664  0.790325
5.73000050 0.493240029  0.296637177  0.789877
5.74000025 0.492839605  0.296682596  0.789522
5.75000048 0.492502391  0.296609819  0.789112
5.76000023 0.492354870  0.296211153  0.788566
5.77000046 0.492038727  0.296093673  0.788132
5.78000021 0.491901755  0.295753419  0.787655
5.79000044 0.491185188  0.296258211  0.787443
5.80000019 0.490732044  0.296348035  0.78708
5.81000042 0.490310550  0.296348989  0.78666
5.82000065 0.489941716  0.296245873  0.786188
5.83000040 0.489709884  0.295978963  0.785689
5.84000063 0.489140868  0.296173006  0.785314
5.85000038 0.488582343  0.296367586  0.78495
5.86000061 0.488066018  0.296517462  0.784583
5.87000036 0.488055468  0.295936793  0.783992
5.88000059 0.487444282  0.296280831  0.783725
5.89000034 0.487191379  0.296072423  0.783264
5.90000057 0.486864716  0.295968622  0.782833
5.91000032 0.486211360  0.296283305  0.782495
5.92000055 0.485737175  0.296433985  0.782171
5.93000031 0.485368341  0.296389937  0.781758
5.94000053 0.484873086  0.296525806  0.781399
5.95000029 0.484188110  0.296931833  0.78112
5.96000051 0.483745545  0.296948195  0.780694
5.97000027 0.483271331  0.296979547  0.780251
5.98000050 0.482523143  0.297477126  0.78
5.99000025 0.482354552  0.297147691  0.779502
6.00000048 0.481817126  0.297360182  0.779177
6.01000023 0.481796056  0.296834469  0.778631
6.02000046 0.481364012  0.296911091  0.778275
6.03000021 0.481037349  0.296776593  0.777814
6.04000044 0.480563134  0.296898603  0.777462
6.05000019 0.480573684  0.296341032  0.776915
6.06000042 0.480531514  0.295782477  0.776314
6.07000065 0.479930878  0.296070486  0.776001
6.08000040 0.480046779  0.295314282  0.775361
6.09000063 0.479867637  0.294996291  0.774864
6.10000038 0.478908718  0.295860380  0.774769
6.11000061 0.478813887  0.295451313  0.774265
6.12000036 0.478466123  0.295390725  0.773857
6.13000059 0.477349132  0.296409100  0.773758
6.14000034 0.477001369  0.296318918  0.77332
6.15000057 0.476569325  0.296350181  0.77292
6.16000032 0.476021379  0.296594888  0.772616
6.17000055 0.475852758  0.296367407  0.77222
6.18000031 0.475526094  0.296368301  0.771894
6.19000053 0.475062430  0.296521902  0.771584
6.20000029 0.474198341  0.297271252  0.77147
6.21000051 0.473955959  0.297135264  0.771091
6.22000027 0.473555535  0.297228664  0.770784
6.23000050 0.473123491  0.297337323  0.770461
6.24000025 0.472954899  0.296986639  0.769942
6.25000048 0.472312093  0.297340542  0.769653
6.26000023 0.471922189  0.297280878  0.769203
6.27000046 0.471279383  0.297650874  0.76893
6.28000021 0.471037030  0.297437757  0.768475
6.29000044 0.470773578  0.297301114  0.768075
6.30000067 0.470383674  0.297287494  0.767671
6.31000042 0.469804108  0.297535270  0.767339
6.32000065 0.469161302  0.297891557  0.767053
6.33000040 0.468982160  0.297585309  0.766567
6.34000063 0.469119161  0.296815813  0.765935
6.35000038 0.468897849  0.296523660  0.765422
6.36000061 0.467865169  0.297436416  0.765302
6.37000036 0.467380434  0.297546238  0.764927
6.38000059 0.467116982  0.297362506  0.764479
6.39000034 0.466895700  0.297100782  0.763996
6.40000057 0.466621697  0.296978354  0.7636
6.41000032 0.465947300  0.297383100  0.76333
6.42000055 0.465072662  0.298098594  0.763171
6.43000031 0.464598447  0.298240662  0.762839
6.44000053 0.463839740  0.298740387  0.76258
6.45000029 0.463365555  0.298851967  0.762218
6.46000051 0.462691128  0.299290568  0.761982
6.47000027 0.462627888  0.298810631  0.761439
6.48000050 0.462322295  0.298735678  0.761058
6.49000025 0.461911321  0.298769563  0.760681
6.50000048 0.461553067  0.298756748  0.76031
6.51000023 0.461152613  0.298743874  0.759896
6.52000046 0.461015642  0.298371494  0.759387
6.53000069 0.460162073  0.299077868  0.75924
6.54000044 0.460256904  0.298282206  0.758539
6.55000067 0.459961861  0.298081040  0.758043
6.56000042 0.459066153  0.298788935  0.757855
6.57000065 0.458676249  0.298713207  0.757389
6.58000040 0.458296895  0.298606008  0.756903
6.59000063 0.457991302  0.298388660  0.75638
6.60000038 0.457643539  0.298281014  0.755925
6.61000061 0.457127213  0.298440695  0.755568
6.62000036 0.456252575  0.299136430  0.755389
6.63000059 0.456083953  0.298761129  0.754845
6.64000034 0.455620319  0.298842788  0.754463
6.65000057 0.455262035  0.298798233  0.75406
6.66000032 0.454977512  0.298627287  0.753605
6.67000055 0.453923732  0.299594462  0.753518
6.68000031 0.453154474  0.300183207  0.753338
6.69000053 0.452406287  0.300725460  0.753132
6.70000029 0.452005863  0.300745636  0.752751
6.71000051 0.451710790  0.300543875  0.752255
6.72000027 0.451152295  0.300770044  0.751922
6.73000050 0.450045854  0.301822543  0.751868
6.74000025 0.449603260  0.301891297  0.751495
6.75000048 0.449139595  0.301928192  0.751068
6.76000071 0.449318737  0.301042020  0.750361
6.77000046 0.448897213  0.301030576  0.749928
6.78000069 0.448791862  0.300493091  0.749285
6.79000044 0.448127985  0.300864190  0.748992
6.80000067 0.447748601  0.300788730  0.748537
6.81000042 0.447464079  0.300601393  0.748065
6.82000065 0.447390318  0.300109804  0.7475
6.83000040 0.446652681  0.300641686  0.747294
6.84000063 0.445809662  0.301302582  0.747112
6.85000038 0.445240617  0.301595926  0.746837
6.86000061 0.445103645  0.301231861  0.746336
6.87000036 0.444776982  0.301156342  0.745933
6.88000059 0.444144696  0.301562548  0.745707
6.89000034 0.443902344  0.301374704  0.745277
6.90000057 0.443533510  0.301411599  0.744945
6.91000032 0.443238467  0.301287621  0.744526
6.92000055 0.442753732  0.301453620  0.744207
6.93000031 0.442427039  0.301361710  0.743789
6.94000053 0.442258447  0.301059991  0.743318
6.95000029 0.441573501  0.301500499  0.743074
6.96000051 0.440972835  0.301796347  0.742769
6.97000027 0.439876914  0.302869081  0.742746
6.98000050 0.439465940  0.302907467  0.742373
6.99000072 0.439202517  0.302751601  0.741954
7.00000048 0.438749373  0.302935779  0.741685
7.01000071 0.438370019  0.302974313  0.741344
7.02000046 0.438001215  0.302996695  0.740998
7.03000069 0.437822074  0.302759051  0.740581
7.04000044 0.437516451  0.302651078  0.740168
7.05000067 0.437073886  0.302754611  0.739828
7.06000042 0.436546981  0.302956015  0.739503
7.07000065 0.436220318  0.302864492  0.739085
7.08000040 0.436062247  0.302544117  0.738606
7.09000063 0.435851514  0.302239835  0.738091
7.10000038 0.435672373  0.301918566  0.737591
7.11000061 0.435103327  0.302267313  0.737371
7.12000036 0.434418380  0.302747250  0.737166
7.13000059 0.433564812  0.303523123  0.737088
7.14000034 0.433259219  0.303382188  0.736641
7.15000057 0.432848245  0.303437799  0.736286
7.16000032 0.432384580  0.303575665  0.73596
7.17000055 0.431973606  0.303631634  0.735605
7.18000031 0.431383491  0.303983510  0.735367
7.19000053 0.431172758  0.303743750  0.734917
7.20000029 0.430414021  0.304376125  0.73479
7.21000051 0.430066288  0.304367006  0.734433
7.22000074 0.430034667  0.303813457  0.733848
7.23000050 0.429760695  0.303704679  0.733465
7.24000072 0.429170579  0.304108024  0.733279
7.25000048 0.428980887  0.303900182  0.732881
7.26000071 0.428517222  0.304171890  0.732689
7.27000046 0.427969277  0.304543227  0.732513
7.28000069 0.427979797  0.304020524  0.732
7.29000044 0.427674204  0.303994209  0.731668
7.30000067 0.427157879  0.304233849  0.731392
7.31000042 0.426725805  0.304373890  0.7311
7.32000065 0.426536143  0.304082096  0.730618
7.33000040 0.426125169  0.304105759  0.730231
7.34000063 0.425830096  0.303979725  0.72981
7.35000038 0.425419152  0.303953528  0.729373
7.36000061 0.425092459  0.303810507  0.728903
7.37000036 0.424407512  0.304184526  0.728592
7.38000059 0.423922777  0.304325372  0.728248
7.39000034 0.423501283  0.304382890  0.727884
7.40000057 0.423227280  0.304206222  0.727434
7.41000032 0.422942758  0.303995878  0.726939
7.42000055 0.422268361  0.304438651  0.726707
7.43000031 0.421773076  0.304596931  0.72637
7.44000053 0.420961678  0.305275768  0.726237
7.45000076 0.420845747  0.304897696  0.725743
7.46000051 0.420540154  0.304821491  0.725362
7.47000074 0.420108110  0.304879725  0.724988
7.48000050 0.419591755  0.305106372  0.724698
7.49000072 0.419191331  0.305164903  0.724356
7.50000048 0.419296712  0.304414392  0.723711
7.51000071 0.418653905  0.304826796  0.723481
7.52000046 0.418084860  0.305172265  0.723257
7.53000069 0.417389393  0.305687666  0.723077
7.54000044 0.417010009  0.305746853  0.722757
7.55000067 0.416325063  0.306263208  0.722588
7.56000042 0.416166991  0.305916578  0.722084
7.57000065 0.415597975  0.306281269  0.721879
7.58000040 0.415102690  0.306477040  0.72158
7.59000063 0.414491504  0.306859761  0.721351
7.60000038 0.413848698  0.307226270  0.721075
7.61000061 0.413553655  0.306997925  0.720552
7.62000036 0.413121581  0.307024539  0.720146
7.63000059 0.412141591  0.308005393  0.720147
7.64000034 0.411382854  0.308595449  0.719978
7.65000057 0.411182642  0.308248103  0.719431
7.66000032 0.410582006  0.308566332  0.719148
7.67000055 0.410455555  0.308098674  0.718554
7.68000031 0.409633607  0.308759153  0.718393
7.69000053 0.409085631  0.309095681  0.718181
7.70000076 0.408569276  0.309381396  0.717951
7.71000051 0.408347994  0.309135675  0.717484
7.72000074 0.407726258  0.309507728  0.717234
7.73000050 0.407346904  0.309570819  0.716918
7.74000072 0.406809479  0.309771866  0.716581
7.75000048 0.406640887  0.309491485  0.716132
7.76000071 0.406430125  0.309279323  0.715709
7.77000046 0.406050771  0.309359938  0.715411
7.78000069 0.405576587  0.309543967  0.715121
7.79000044 0.404923230  0.309970260  0.714893
7.80000067 0.404744089  0.309585094  0.714329
7.81000042 0.404470116  0.309406817  0.713877
7.82000065 0.404048592  0.309487879  0.713536
7.83000040 0.403437406  0.309828669  0.713266
7.84000063 0.402626008  0.310551435  0.713177
7.85000038 0.402446866  0.310251862  0.712699
7.86000061 0.402394176  0.309743613  0.712138
7.87000036 0.401804060  0.310033739  0.711838
7.88000059 0.401424706  0.310028702  0.711453
7.89000034 0.400687069  0.310615569  0.711303
7.90000057 0.400233924  0.310732812  0.710967
7.91000032 0.400434166  0.309752047  0.710186
7.92000055 0.400413066  0.309171051  0.709584
7.93000078 0.400191784  0.308885932  0.709078
7.94000053 0.399369836  0.309596390  0.708966
7.95000076 0.398832411  0.309818447  0.708651
7.96000051 0.398252845  0.310110807  0.708364
7.97000074 0.397567898  0.310578763  0.708147
7.98000050 0.397388756  0.310188323  0.707577
7.99000072 0.396493047  0.311060816  0.707554
8.00000095 0.396450877  0.310459495  0.70691
8.01000023 0.395945072  0.310700893  0.706646
8.02000046 0.395513028  0.310731471  0.706244
8.03000069 0.395165294  0.310674101  0.705839
8.04000092 0.394659460  0.310863435  0.705523
8.05000019 0.394048274  0.311229318  0.705278
8.06000042 0.394027203  0.310572088  0.704599
8.07000065 0.393974513  0.310002297  0.703977
8.08000088 0.393574089  0.310014814  0.703589
8.09000015 0.392941833  0.310381234  0.703323
8.10000038 0.391972363  0.311350375  0.703323
8.11000061 0.391698360  0.311169237  0.702868
8.12000084 0.391340077  0.311129689  0.70247
8.13000011 0.391108245  0.310894519  0.702003
8.14000034 0.390581369  0.311121017  0.701702
8.15000057 0.390065014  0.311383575  0.701449
8.16000080 0.389696211  0.311415195  0.701111
8.17000103 0.389506519  0.311037064  0.700544
8.18000031 0.389106095  0.310997099  0.700103
8.19000053 0.388874263  0.310760826  0.699635
8.20000076 0.388537049  0.310649157  0.699186
8.21000099 0.387883693  0.311091334  0.698975
8.22000027 0.387240916  0.311552227  0.698793
8.23000050 0.386724561  0.311870784  0.698595
8.24000072 0.386650801  0.311383188  0.698034
8.25000095 0.385881543  0.312060684  0.697942
8.26000023 0.385618091  0.311877668  0.697496
8.27000046 0.385228187  0.311874032  0.697102
8.28000069 0.384385169  0.312697619  0.697083
8.29000092 0.384121746  0.312496603  0.696618
8.30000019 0.383879364  0.312259495  0.696139
8.31000042 0.383226037  0.312760890  0.695987
8.32000065 0.382625371  0.313119054  0.695744
8.33000088 0.382351398  0.312953740  0.695305
8.34000015 0.381972045  0.312987268  0.694959
8.35000038 0.381950945  0.312387496  0.694338
8.36000061 0.381413519  0.312655956  0.694069
8.37000084 0.380855024  0.312942833  0.693798
8.38000107 0.380138457  0.313502431  0.693641
8.39000034 0.380159527  0.312810272  0.69297
8.40000057 0.379653722  0.313116342  0.69277
8.41000080 0.379200608  0.313313723  0.692514
8.42000103 0.378747493  0.313456953  0.692204
8.43000031 0.378462970  0.313235998  0.691699
8.44000053 0.377904475  0.313525259  0.69143
8.45000076 0.377746403  0.313066840  0.690813
8.46000099 0.377588332  0.312625766  0.690214
8.47000027 0.377008766  0.312970012  0.689979
8.48000050 0.376534551  0.313077033  0.689612
8.49000072 0.376492411  0.312488467  0.688981
8.50000095 0.375870675  0.312961787  0.688832
8.51000023 0.375628322  0.312793911  0.688422
8.52000046 0.375196278  0.312919557  0.688116
8.53000069 0.374743134  0.313118815  0.687862
8.54000092 0.374563992  0.312895536  0.68746
8.55000019 0.374089807  0.313168824  0.687259
8.56000042 0.373826355  0.313074261  0.686901
8.57000065 0.373531312  0.312997729  0.686529
8.58000088 0.373067647  0.313216418  0.686284
8.59000015 0.372793674  0.313029170  0.685823
8.60000038 0.372445911  0.312971026  0.685417
8.61000061 0.371760964  0.313504875  0.685266
8.62000084 0.371655583  0.313057989  0.684714
8.63000107 0.371708274  0.312406540  0.684115
8.64000034 0.371571273  0.312069386  0.683641
8.65000057 0.371297300  0.311954379  0.683252
8.66000080 0.370622873  0.312452435  0.683075
8.67000103 0.370549113  0.312002748  0.682552
8.68000031 0.370211899  0.311943293  0.682155
8.69000053 0.370043308  0.311604023  0.681647
8.70000076 0.369611263  0.311767995  0.681379
8.71000099 0.368842006  0.312492162  0.681334
8.72000027 0.368736625  0.312115312  0.680852
8.73000050 0.367946297  0.312934488  0.680881
8.74000072 0.367735535  0.312688351  0.680424
8.75000095 0.367524803  0.312460512  0.679985
8.76000023 0.367187589  0.312438548  0.679626
8.77000046 0.366418332  0.313167095  0.679585
8.78000069 0.366365641  0.312638551  0.679004
8.79000092 0.365870357  0.312860966  0.678731
8.80000019 0.365174860  0.313479006  0.678654
8.81000042 0.364816576  0.313476592  0.678293
8.82000065 0.364605844  0.313210458  0.677816
8.83000088 0.363878727  0.313905835  0.677785
8.84000015 0.363362372  0.314206064  0.677568
8.85000038 0.363141090  0.313996404  0.677137
8.86000061 0.362972498  0.313710660  0.676683
8.87000084 0.362435073  0.313973516  0.676409
8.88000107 0.361950338  0.314180255  0.676131
8.89000034 0.361602575  0.314102560  0.675705
8.90000057 0.361360222  0.313853920  0.675214
8.91000080 0.360959768  0.313870847  0.674831
8.92000103 0.360696346  0.313678473  0.674375
8.93000031 0.359916538  0.314514071  0.674431
8.94000053 0.359758466  0.314207613  0.673966
8.95000076 0.359189451  0.314587504  0.673777
8.96000099 0.358852237  0.314509630  0.673362
8.97000027 0.358704686  0.314068675  0.672773
8.98000050 0.358030289  0.314602256  0.672633
8.99000072 0.357440174  0.315002888  0.672443
9.00000095 0.357018650  0.315136045  0.672155
9.01000023 0.356365323  0.315633684  0.671999
9.02000046 0.356144041  0.315345317  0.671489
9.03000069 0.355543375  0.315690488  0.671234
9.04000092 0.355058640  0.315920740  0.670979
9.05000019 0.354447454  0.316343933  0.670791
9.06000042 0.354141861  0.316209406  0.670351
9.07000065 0.354015410  0.315785170  0.669801
9.08000088 0.354468524  0.314279526  0.668748
9.09000111 0.353983790  0.314490199  0.668474
9.10000038 0.353499055  0.314740241  0.668239
9.11000061 0.352972180  0.315106660  0.668079
9.12000084 0.352571726  0.315202534  0.667774
9.13000107 0.352034301  0.315511942  0.667546
9.14000034 0.351539046  0.315802425  0.667341
9.15000057 0.351138592  0.315918565  0.667057
9.16000080 0.350917310  0.315685093  0.666602
9.17000103 0.350948930  0.314925790  0.665875
9.18000031 0.350474715  0.315138787  0.665614
9.19000053 0.349937290  0.315527827  0.665465
9.20000076 0.349589556  0.315527380  0.665117
9.21000099 0.348894060  0.316093206  0.664987
9.22000027 0.348830849  0.315487057  0.664318
9.23000050 0.348493636  0.315388680  0.663882
9.24000072 0.347692758  0.316308558  0.664001
9.25000095 0.347597927  0.315877438  0.663475
9.26000023 0.347355545  0.315779060  0.663135
9.27000046 0.346902430  0.315935761  0.662838
9.28000069 0.346354455  0.316309273  0.662664
9.29000092 0.345785439  0.316742331  0.662528
9.30000019 0.345258534  0.317097455  0.662356
9.31000042 0.344931871  0.316999823  0.661932
9.32000065 0.344225854  0.317592651  0.661819
9.33000088 0.343962401  0.317356944  0.661319
9.34000111 0.343298525  0.317951232  0.66125
9.35000038 0.342824340  0.318051875  0.660876
9.36000061 0.342708409  0.317479312  0.660188
9.37000084 0.342539817  0.317044318  0.659584
9.38000107 0.341897011  0.317461908  0.659359
9.39000034 0.341148823  0.318138450  0.659287
9.40000057 0.340906471  0.317862034  0.658769
9.41000080 0.340537637  0.317803949  0.658342
9.42000103 0.339979142  0.318104267  0.658083
9.43000031 0.339589238  0.318126142  0.657715
9.44000053 0.339410096  0.317689031  0.657099
9.45000076 0.338925362  0.317890346  0.656816
9.46000099 0.338978052  0.317092061  0.65607
9.47000027 0.338598698  0.317093104  0.655692
9.48000050 0.338008583  0.317514628  0.655523
9.49000072 0.337903202  0.317014575  0.654918
9.50000095 0.337861061  0.316453397  0.654314
9.51000023 0.337481678  0.316513985  0.653996
9.52000046 0.336807281  0.317077488  0.653885
9.53000069 0.336448997  0.317018062  0.653467
9.54000092 0.336027473  0.317059189  0.653087
9.55000114 0.335774571  0.316777647  0.652552
9.56000042 0.335121244  0.317323387  0.652445
9.57000065 0.334488958  0.317768872  0.652258
9.58000088 0.333972633  0.317972898  0.651946
9.59000111 0.333414137  0.318298519  0.651713
9.60000038 0.333266586  0.317915618  0.651182
9.61000061 0.332908303  0.317897052  0.650805
9.62000084 0.332497329  0.317918986  0.650416
9.63000107 0.331865072  0.318408549  0.650274
9.64000034 0.331685930  0.318024158  0.64971
9.65000057 0.331201196  0.318249911  0.649451
9.66000080 0.330800772  0.318211198  0.649012
9.67000103 0.330769151  0.317539930  0.648309
9.68000031 0.330157965  0.318011075  0.648169
9.69000053 0.329799682  0.318012923  0.647813
9.70000076 0.329346567  0.318260193  0.647607
9.71000099 0.328925043  0.318508118  0.647433
9.72000027 0.328313857  0.319064021  0.647378
9.73000050 0.327734292  0.319620937  0.647355
9.74000072 0.327333838  0.319768041  0.647102
9.75000095 0.326712132  0.320326656  0.647039
9.76000023 0.326164156  0.320783705  0.646948
9.77000046 0.325985014  0.320479065  0.646464
9.78000069 0.325605661  0.320524633  0.64613
9.79000092 0.324952304  0.321107060  0.646059
9.80000114 0.324467570  0.321380496  0.645848
9.81000042 0.323761553  0.322047442  0.645809
9.82000065 0.323919624  0.321038723  0.644958
9.83000088 0.323614031  0.321022928  0.644637
9.84000111 0.323139817  0.321255952  0.644396
9.85000038 0.322591871  0.321696967  0.644289
9.86000061 0.322086066  0.321993589  0.64408
9.87000084 0.321801543  0.321895272  0.643697
9.88000107 0.321158737  0.322504878  0.643664
9.89000034 0.320926905  0.322323620  0.643251
9.90000057 0.320347309  0.322767913  0.643115
9.91000080 0.319904745  0.322962433  0.642867
9.92000103 0.319546461  0.323032022  0.642578
9.93000031 0.319314629  0.322808623  0.642123
9.94000053 0.318808824  0.323024780  0.641834
9.95000076 0.318439990  0.323031574  0.641472
9.96000099 0.317934185  0.323290437  0.641225
9.97000027 0.317428380  0.323633701  0.641062
9.98000050 0.316933095  0.323914677  0.640848
9.99000072 0.316933095  0.323206604  0.64014
10.0000010 0.316659123  0.322960824  0.63962
10.0100012 0.316069007  0.323284179  0.639353
10.0200005 0.315426201  0.323755831  0.639182
10.0300007 0.314446181  0.324968398  0.639415
10.0400009 0.314066827  0.324998438  0.639065
10.0500011 0.313877165  0.324710816  0.638588
10.0600004 0.313792855  0.324189365  0.637982
10.0700006 0.313297570  0.324452162  0.63775
10.0800009 0.312928766  0.324417919  0.637347
10.0900011 0.312559932  0.324383885  0.636944
10.1000004 0.311874986  0.325009555  0.636885
10.1100006 0.311811745  0.324464411  0.636276
10.1200008 0.311200559  0.325027525  0.636228
10.1300011 0.310831755  0.325036645  0.635868
10.1400003 0.310726374  0.324511260  0.635238
10.1500006 0.310220569  0.324797869  0.635018
10.1600008 0.309904426  0.324656755  0.634561
10.1700010 0.309377521  0.324987024  0.634365
10.1800003 0.308724195  0.325575620  0.6343
10.1900005 0.308492362  0.325391799  0.633884
10.2000008 0.308018178  0.325723857  0.633742
10.2100010 0.307428062  0.326293260  0.633721
10.2200003 0.306996018  0.326497614  0.633494
10.2300005 0.306648254  0.326551378  0.6332
10.2400007 0.306300521  0.326583475  0.632884
10.2500010 0.306005448  0.326507926  0.632513
10.2600012 0.305973858  0.325869471  0.631843
10.2700005 0.306015998  0.325034648  0.631051
10.2800007 0.305720925  0.324978858  0.6307
10.2900009 0.305141360  0.325465500  0.630607
10.3000011 0.304814696  0.325409710  0.630224
10.3100004 0.304435343  0.325441062  0.629876
10.3200006 0.304140270  0.325341880  0.629482
10.3300009 0.304351032  0.324196279  0.628547
10.3400011 0.304003298  0.324204683  0.628208
10.3500004 0.303529084  0.324496984  0.628026
10.3600006 0.303170800  0.324483752  0.627655
10.3700008 0.302749306  0.324645579  0.627395
10.3800011 0.302443713  0.324523181  0.626967
10.3900003 0.301948428  0.324773043  0.626721
10.4000006 0.301600695  0.324716091  0.626317
10.4100008 0.301347762  0.324483365  0.625831
10.4200010 0.300905198  0.324690193  0.625595
10.4300003 0.300494224  0.324831218  0.625325
10.4400005 0.299946249  0.325237095  0.625183
10.4500008 0.299630135  0.325180441  0.624811
10.4600010 0.299429893  0.324880660  0.624311
10.4700003 0.298702806  0.325685918  0.624389
10.4800005 0.298302382  0.325762331  0.624065
10.4900007 0.297901928  0.325905412  0.623807
10.5000010 0.297459364  0.326159894  0.623619
10.5100012 0.297459364  0.325459719  0.622919
10.5200005 0.297101080  0.325469464  0.622571
10.5300007 0.296669006  0.325657487  0.622326
10.5400009 0.296236962  0.325823456  0.62206
10.5500011 0.296047300  0.325454533  0.621502
10.5600004 0.295868158  0.325084955  0.620953
10.5700006 0.295172662  0.325831920  0.621005
10.5800009 0.294719547  0.326065928  0.620785
10.5900011 0.294614166  0.325516611  0.620131
10.6000004 0.294329643  0.325436890  0.619767
10.6100006 0.293950289  0.325424373  0.619375
10.6200008 0.293149412  0.326423019  0.619572
10.6300011 0.292822748  0.326366305  0.619189
10.6400003 0.292253703  0.326872706  0.619126
10.6500006 0.291705757  0.327312440  0.619018
10.6600008 0.291568756  0.326918274  0.618487
10.6700010 0.291189402  0.327020347  0.61821
10.6800003 0.291326374  0.325946361  0.617273
10.6900005 0.290883809  0.326115429  0.616999
10.7000008 0.290578216  0.326035619  0.616614
10.7100010 0.290072381  0.326295793  0.616368
10.7200012 0.289397985  0.327078819  0.616477
10.7300005 0.288987011  0.327227026  0.616214
10.7400007 0.288523346  0.327557564  0.616081
10.7500010 0.288122922  0.327570051  0.615693
10.7600012 0.287490636  0.328152597  0.615643
10.7700005 0.286795169  0.328827828  0.615623
10.7800007 0.286774069  0.328132927  0.614907
10.7900009 0.286268264  0.328466386  0.614735
10.8000011 0.285846770  0.328777581  0.614624
10.8100004 0.285551697  0.328676671  0.614228
10.8200006 0.285225034  0.328621387  0.613846
10.8300009 0.284750849  0.328956902  0.613708
10.8400011 0.284350395  0.329131931  0.613482
10.8500004 0.283728689  0.329744995  0.613474
10.8600006 0.283275545  0.330036551  0.613312
10.8700008 0.282980502  0.329982489  0.612963
10.8800011 0.282569528  0.330182642  0.612752
10.8900003 0.282200694  0.330221087  0.612422
10.9000006 0.281768650  0.330445111  0.612214
10.9100008 0.281231225  0.330924600  0.612156
10.9200010 0.280830801  0.331172854  0.612004
10.9300003 0.280472517  0.331352115  0.611825
10.9400005 0.280040473  0.331648082  0.611689
10.9500008 0.279608428  0.331968099  0.611577
10.9600010 0.279492497  0.331565857  0.611058
10.9700012 0.279271215  0.331372947  0.610644
10.9800005 0.278955072  0.331413299  0.610368
10.9900007 0.278575718  0.331593812  0.61017
11.0000010 0.277985603  0.332360387  0.610346
11.0100012 0.277416557  0.332941145  0.610358
11.0200005 0.277100444  0.332983285  0.610084
11.0300007 0.276668400  0.333307624  0.609976
11.0400009 0.275846452  0.334549785  0.610396
11.0500011 0.275656760  0.334358454  0.610015
11.0600004 0.275403857  0.334378928  0.609783
11.0700006 0.275066644  0.334470063  0.609537
11.0800009 0.274708360  0.334679723  0.609388
11.0900011 0.274297386  0.334913343  0.609211
11.1000004 0.273949653  0.334981829  0.608931
11.1100006 0.273770511  0.334694982  0.608465
11.1200008 0.273538679  0.334526002  0.608065
11.1300011 0.273022324  0.335045606  0.608068
11.1400003 0.272537589  0.335518867  0.608056
11.1500006 0.272042334  0.336040914  0.608083
11.1600008 0.271705121  0.336230308  0.607935
11.1700010 0.271315217  0.336444139  0.607759
11.1800013 0.271209836  0.335965186  0.607175
11.1900005 0.271041244  0.335628957  0.60667
11.2000008 0.270819932  0.335411727  0.606232
11.2100010 0.270019084  0.336440504  0.60646
11.2200012 0.269829392  0.336079597  0.605909
11.2300005 0.269492179  0.336078346  0.605571
11.2400007 0.269334108  0.335716069  0.60505
11.2500010 0.269007444  0.335642099  0.60465
11.2600012 0.268385738  0.336267352  0.604653
11.2700005 0.268164426  0.336097151  0.604262
11.2800007 0.267753452  0.336385965  0.604139
11.2900009 0.267363548  0.336603045  0.603967
11.3000011 0.266636461  0.337547004  0.604183
11.3100004 0.266278177  0.337741375  0.60402
11.3200006 0.266014725  0.337693244  0.603708
11.3300009 0.265761822  0.337645262  0.603407
11.3400011 0.265561610  0.337475449  0.603037
11.3500004 0.265066326  0.337938756  0.603005
11.3600006 0.264802903  0.337890774  0.602694
11.3700008 0.264613211  0.337647229  0.60226
11.3800011 0.264075786  0.338259071  0.602335
11.3900003 0.263569981  0.338749915  0.60232
11.4000006 0.263338149  0.338653684  0.601992
11.4100008 0.262758583  0.339366823  0.602125
11.4200010 0.262294918  0.339786947  0.602082
11.4300013 0.262210608  0.339347333  0.601558
11.4400005 0.261883944  0.339448303  0.601332
11.4500008 0.261578351  0.339475513  0.601054
11.4600010 0.261009306  0.340119869  0.601129
11.4700012 0.260050356  0.341704607  0.601755
11.4800005 0.259755313  0.341734558  0.60149
11.4900007 0.259534031  0.341591269  0.601125
11.5000010 0.259786934  0.340307057  0.600094
11.5100012 0.259238958  0.340881795  0.600121
11.5200005 0.258648843  0.341557086  0.600206
11.5300007 0.258016586  0.342283905  0.6003
11.5400009 0.257468611  0.342738181  0.600207
11.5500011 0.257394850  0.342171133  0.599566
11.5600004 0.257458091  0.341253132  0.598711
11.5700006 0.257205188  0.341107845  0.598313
11.5800009 0.256846905  0.341237664  0.598085
11.5900011 0.256467551  0.341367781  0.597835
11.6000004 0.255961716  0.341824353  0.597786
11.6100006 0.255540222  0.342030823  0.597571
11.6200008 0.255108178  0.342363417  0.597472
11.6300011 0.255034417  0.341765314  0.5968
11.6400013 0.254813105  0.341468245  0.596281
11.6500006 0.254338920  0.341801494  0.59614
11.6600008 0.253790945  0.342337638  0.596129
11.6700010 0.253379971  0.342596978  0.595977
11.6800013 0.252800405  0.343236506  0.596037
11.6900005 0.252589643  0.342939526  0.595529
11.7000008 0.252147079  0.343200356  0.595347
11.7100010 0.251925766  0.342978686  0.594904
11.7200012 0.251314580  0.343672961  0.594988
11.7300005 0.251072228  0.343425930  0.594498
11.7400007 0.250619084  0.343739688  0.594359
11.7500010 0.250355661  0.343594134  0.59395
11.7600012 0.249955222  0.343806624  0.593762
11.7700005 0.249681234  0.343737841  0.593419
11.7800007 0.249259725  0.344027907  0.593288
11.7900009 0.248901442  0.344061792  0.592963
11.8000011 0.248511538  0.344250202  0.592762
11.8100004 0.247784436  0.345236659  0.593021
11.8200006 0.247457772  0.345220655  0.592678
11.8300009 0.247141644  0.345256209  0.592398
11.8400011 0.246583134  0.345808327  0.592391
11.8500004 0.246066794  0.346284568  0.592351
11.8600006 0.245603129  0.346684039  0.592287
11.8700008 0.245350227  0.346747547  0.592098
11.8800011 0.245402917  0.346032500  0.591435
11.8900013 0.244675800  0.347108871  0.591785
11.9000006 0.244264841  0.347277224  0.591542
11.9100008 0.243906558  0.347524107  0.591431
11.9200010 0.243485048  0.347823679  0.591309
11.9300013 0.243116215  0.348098099  0.591214
11.9400005 0.242821157  0.348137856  0.590959
11.9500008 0.242863312  0.347339749  0.590203
11.9600010 0.242694706  0.347011417  0.589706
11.9700012 0.242304817  0.347154975  0.58946
11.9800005 0.241809547  0.347666740  0.589476
11.9900007 0.241345882  0.348153323  0.589499
12.0000010 0.240998134  0.348430395  0.589429
12.0100012 0.240755767  0.348365307  0.589121
12.0200005 0.240429103  0.348537743  0.588967
12.0300007 0.240070820  0.348895848  0.588967
12.0400009 0.239649311  0.349360615  0.58901
12.0500011 0.239385858  0.349508613  0.588894
12.0600004 0.238985419  0.349922031  0.588907
12.0700006 0.238300472  0.351054370  0.589355
12.0800009 0.238005415  0.351151764  0.589157
12.0900011 0.237552300  0.351702243  0.589255
12.1000004 0.237215087  0.351960599  0.589176
12.1100006 0.237183467  0.351391673  0.588575
12.1200008 0.236740887  0.351837575  0.588578
12.1300011 0.236688197  0.351240247  0.587928
12.1400013 0.236403674  0.351311684  0.587715
12.1500006 0.235845178  0.352027833  0.587873
12.1600008 0.235286683  0.352799386  0.588086
12.1700010 0.235075921  0.352630854  0.587707
12.1800013 0.234696567  0.352866143  0.587563
12.1900005 0.234085381  0.353614837  0.5877
12.2000008 0.233769238  0.353662968  0.587432
12.2100010 0.233632252  0.353224069  0.586856
12.2200012 0.233484730  0.352865428  0.58635
12.2300005 0.233200207  0.352939874  0.58614
12.2400007 0.232546866  0.354019284  0.586566
12.2500010 0.232388794  0.353687346  0.586076
12.2600012 0.232199118  0.353381872  0.585581
12.2700005 0.231640622  0.354002804  0.585643
12.2800007 0.231208578  0.354461342  0.58567
12.2900009 0.231229648  0.353772849  0.585002
12.3000011 0.230945125  0.353739679  0.584685
12.3100004 0.230481476  0.354254514  0.584736
12.3200006 0.230049416  0.354743332  0.584793
12.3300009 0.229343399  0.355837673  0.585181
12.3400011 0.228721663  0.356577456  0.585299
12.3500013 0.228363380  0.356795609  0.585159
12.3600006 0.228173703  0.356517673  0.584691
12.3700008 0.227731124  0.356819361  0.58455
12.3800011 0.227235839  0.357342869  0.584579
12.3900013 0.226824880  0.357646406  0.584471
12.4000006 0.226835415  0.356813490  0.583649
12.4100008 0.226319060  0.357394814  0.583714
12.4200010 0.225697339  0.358255446  0.583953
12.4300013 0.225117758  0.359062791  0.584181
12.4400005 0.224580333  0.359704971  0.584285
12.4500008 0.224411726  0.359344006  0.583756
12.4600010 0.223958611  0.359708726  0.583667
12.4700012 0.223357961  0.360410392  0.583768
12.4800005 0.223220959  0.359908730  0.58313
12.4900007 0.222662464  0.360528231  0.583191
12.5000010 0.222504392  0.360025555  0.58253
12.5100012 0.222030208  0.360478133  0.582508
12.5200005 0.221619233  0.360847265  0.582466
12.5300007 0.221482232  0.360455692  0.581938
12.5400009 0.220997497  0.360938877  0.581936
12.5500011 0.220533848  0.361395001  0.581929
12.5600004 0.220143944  0.361654162  0.581798
12.5700006 0.219732970  0.361942351  0.581675
12.5800009 0.219574913  0.361549735  0.581125
12.5900011 0.219258770  0.361753136  0.581012
12.6000013 0.219058558  0.361700952  0.58076
12.6100006 0.218510598  0.362418532  0.580929
12.6200008 0.217983708  0.363052398  0.581036
12.6300011 0.217488438  0.363659263  0.581148
12.6400013 0.216972083  0.364411145  0.581383
12.6500006 0.216677025  0.364419580  0.581097
12.6600008 0.216497883  0.364255637  0.580754
12.6700010 0.215960458  0.364925057  0.580886
12.6800013 0.215380892  0.365682572  0.581063
12.6900005 0.214780241  0.366499990  0.58128
12.7000008 0.214179590  0.367204219  0.581384
12.7100010 0.213758081  0.367447823  0.581206
12.7200012 0.213484094  0.367257655  0.580742
12.7300005 0.213083655  0.367502034  0.580586
12.7400007 0.212504089  0.368211359  0.580715
12.7500010 0.211892888  0.368893594  0.580786
12.7600012 0.211597845  0.368791908  0.58039
12.7700005 0.211471379  0.368106812  0.579578
12.7800007 0.211165786  0.367916137  0.579082
12.7900009 0.210997179  0.367432505  0.57843
12.8000011 0.210796967  0.367035359  0.577832
12.8100014 0.210270077  0.367545873  0.577816
12.8200006 0.210017174  0.367323995  0.577341
12.8300009 0.209722117  0.367219031  0.576941
12.8400011 0.209500834  0.366907597  0.576408
12.8500013 0.209226847  0.366683960  0.575911
12.8600006 0.208668351  0.367286116  0.575954
12.8700008 0.208151996  0.367771715  0.575924
12.8800011 0.207719952  0.368140221  0.57586
12.8900013 0.207424894  0.368005902  0.575431
12.9000006 0.207150906  0.367811710  0.574963
12.9100008 0.206750482  0.367884755  0.574635
12.9200010 0.206624031  0.367243320  0.573867
12.9300013 0.206339508  0.367017508  0.573357
12.9400005 0.206065521  0.366880596  0.572946
12.9500008 0.205591321  0.367251515  0.572843
12.9600010 0.205211967  0.367413998  0.572626
12.9700012 0.204305723  0.368985862  0.573292
12.9800005 0.204073891  0.368640870  0.572715
12.9900007 0.203568086  0.369166821  0.572735
13.0000010 0.203578621  0.368339360  0.571918
13.0100012 0.203431085  0.367810786  0.571242
13.0200005 0.203030661  0.367915154  0.570946
13.0300007 0.202661827  0.367928982  0.570591
13.0400009 0.202324629  0.367852062  0.570177
13.0500011 0.201903120  0.368017435  0.569921
13.0600014 0.201492146  0.368274391  0.569767
13.0700006 0.201133862  0.368349552  0.569483
13.0800009 0.201091707  0.367450327  0.568542
13.0900011 0.200828269  0.367280811  0.568109
13.1000013 0.200396225  0.367507637  0.567904
13.1100006 0.200048476  0.367490470  0.567539
13.1200008 0.199648038  0.367656857  0.567305
13.1300011 0.199173838  0.368100047  0.567274
13.1400013 0.199057922  0.367346376  0.566404
13.1500006 0.198952556  0.366713464  0.565666
13.1600008 0.198488891  0.367064625  0.565554
13.1700010 0.198077917  0.367293715  0.565372
13.1800013 0.197508872  0.368172169  0.565681
13.1900005 0.197329730  0.367753357  0.565083
13.2000008 0.196887150  0.368015081  0.564902
13.2100010 0.196613163  0.368029475  0.564643
13.2200012 0.196244344  0.368199289  0.564444
13.2300005 0.195801765  0.368556410  0.564358
13.2400007 0.195401326  0.368945569  0.564347
13.2500010 0.194811210  0.369866818  0.564678
13.2600012 0.194589928  0.369696647  0.564287
13.2700014 0.193978742  0.370715588  0.564694
13.2800007 0.193441316  0.371549547  0.564991
13.2900009 0.193114638  0.371632040  0.564747
13.3000011 0.192598298  0.372312725  0.564911
13.3100014 0.192187324  0.372680098  0.564867
13.3200006 0.191776350  0.373048812  0.564825
13.3300009 0.191460222  0.373102367  0.564563
13.3400011 0.191070318  0.373409450  0.56448
13.3500013 0.190543428  0.374034405  0.564578
13.3600006 0.190016538  0.374661207  0.564678
13.3700008 0.189647719  0.374845058  0.564493
13.3800011 0.189120829  0.375474721  0.564596
13.3900013 0.189047068  0.374767393  0.563814
13.4000006 0.188920617  0.374345332  0.563266
13.4100008 0.188393727  0.375009328  0.563403
13.4200010 0.187687710  0.376219869  0.563908
13.4300013 0.187192425  0.376760334  0.563953
13.4400005 0.186886832  0.376756340  0.563643
13.4500008 0.186338872  0.377331674  0.563671
13.4600010 0.185875207  0.377683014  0.563558
13.4700012 0.185590699  0.377615869  0.563207
13.4800005 0.185179725  0.378001094  0.563181
13.4900007 0.184515849  0.379002631  0.563518
13.5000010 0.184168100  0.378937185  0.563105
13.5100012 0.183746591  0.379163861  0.56291
13.5200014 0.183335617  0.379553914  0.56289
13.5300007 0.183051094  0.379489034  0.56254
13.5400009 0.182545289  0.380043924  0.562589
13.5500011 0.182144850  0.380240977  0.562386
13.5600014 0.181944638  0.379849643  0.561794
13.5700006 0.181502044  0.380210906  0.561713
13.5800009 0.181270212  0.379982501  0.561253
13.5900011 0.180711716  0.380904108  0.561616
13.6000013 0.180469349  0.380873531  0.561343
13.6100006 0.180142686  0.381172866  0.561316
13.6200008 0.179763317  0.381605029  0.561368
13.6300011 0.179478809  0.381641626  0.56112
13.6400013 0.179025680  0.382142246  0.561168
13.6500006 0.178677931  0.382312685  0.560991
13.6600008 0.178182662  0.382948905  0.561132
13.6700010 0.177761152  0.383420795  0.561182
13.6800013 0.177550390  0.383227021  0.560777
13.6900005 0.177466094  0.382598668  0.560065
13.7000008 0.177012965  0.383172333  0.560185
13.7100010 0.176781148  0.383078009  0.559859
13.7200012 0.176296413  0.383755088  0.560052
13.7300005 0.175948665  0.383896619  0.559845
13.7400007 0.175716832  0.383769065  0.559486
13.7500010 0.175432310  0.383675039  0.559107
13.7600012 0.174694672  0.385201693  0.559896
13.7700014 0.174526066  0.384838909  0.559365
13.7800007 0.174136162  0.385254681  0.559391
13.7900009 0.173925415  0.385026425  0.558952
13.8000011 0.173661977  0.385001600  0.558664
13.8100014 0.173366919  0.384976715  0.558344
13.8200006 0.172840029  0.385804176  0.558644
13.8300009 0.172155067  0.387078434  0.559234
13.8400011 0.171944320  0.386817276  0.558762
13.8500013 0.171596572  0.387103528  0.5587
13.8600006 0.171196133  0.387528092  0.558724
13.8700008 0.170985386  0.387300730  0.558286
13.8800011 0.170416340  0.388243496  0.55866
13.8900013 0.169942141  0.389085859  0.559028
13.9000006 0.169699773  0.389171004  0.558871
13.9100008 0.169330955  0.389533132  0.558864
13.9200010 0.168919981  0.390104562  0.559025
13.9300013 0.168561697  0.390538871  0.559101
13.9400005 0.168150738  0.391148388  0.559299
13.9500008 0.167813525  0.391551048  0.559365
13.9600010 0.167623848  0.391501665  0.559126
13.9700012 0.167307720  0.392010957  0.559319
13.9800014 0.166875660  0.392767191  0.559643
13.9900007 0.166443616  0.393385708  0.559829
14.0000010 0.165916726  0.394498020  0.560415
14.0100012 0.165906191  0.393749207  0.559655
14.0200014 0.165748134  0.393455982  0.559204
14.0300007 0.165389851  0.393691540  0.559081
14.0400009 0.164841875  0.394670248  0.559512
14.0500011 0.164304450  0.395581573  0.559886
14.0600014 0.164209619  0.395076573  0.559286
14.0700006 0.163714349  0.395813912  0.559528
14.0800009 0.163440362  0.395770639  0.559211
14.0900011 0.163103148  0.396047950  0.559151
14.1000013 0.163050458  0.395504594  0.558555
14.1100006 0.162723795  0.395854115  0.558578
14.1200008 0.162333906  0.396455705  0.55879
14.1300011 0.162186369  0.396089852  0.558276
14.1400013 0.161975622  0.395938545  0.557914
14.1500006 0.161448732  0.396867514  0.558316
14.1600008 0.160932377  0.397944242  0.558877
14.1700010 0.160468712  0.398626804  0.559096
14.1800013 0.160257965  0.398333997  0.558592
14.1900005 0.160078824  0.397967547  0.558046
14.2000008 0.159657314  0.398472041  0.558129
14.2100010 0.159299031  0.398869008  0.558168
14.2200012 0.158845901  0.399777889  0.558624
14.2300014 0.158266336  0.400909066  0.559175
14.2400007 0.157960743  0.401129395  0.55909
14.2500010 0.157771051  0.400910825  0.558682
14.2600012 0.157539234  0.400948256  0.558487
14.2700014 0.157233626  0.401206762  0.55844
14.2800007 0.156906962  0.401502699  0.55841
14.2900009 0.156380072  0.402464300  0.558844
14.3000011 0.156127170  0.402615666  0.558743
14.3100014 0.156127170  0.401841700  0.557969
14.3200006 0.156053409  0.401287615  0.557341
14.3300009 0.155990183  0.400768816  0.556759
14.3400011 0.155621365  0.401253432  0.556875
14.3500013 0.155273616  0.401739866  0.557013
14.3600006 0.154968023  0.402265221  0.557233
14.3700008 0.154978558  0.401557326  0.556536
14.3800011 0.154862642  0.401296705  0.556159
14.3900013 0.154398978  0.402350217  0.556749
14.4000006 0.154430598  0.401488036  0.555919
14.4100008 0.154009089  0.402055472  0.556065
14.4200010 0.153977469  0.401038527  0.555016
14.4300013 0.153787792  0.400623530  0.554411
14.4400015 0.153555959  0.400434226  0.55399
14.4500008 0.153345212  0.400434345  0.55378
14.4600010 0.152955309  0.401004970  0.55396
14.4700012 0.152407348  0.402149230  0.554557
14.4800014 0.152059600  0.402534246  0.554594
14.4900007 0.151754007  0.402767539  0.554522
14.5000010 0.151585400  0.402311981  0.553897
14.5100012 0.151364118  0.402123421  0.553488
14.5200014 0.150984749  0.402664840  0.55365
14.5300007 0.150752917  0.402668893  0.553422
14.5400009 0.150257647  0.403599381  0.553857
14.5500011 0.149941519  0.403953284  0.553895
14.5600014 0.149762377  0.403766036  0.553528
14.5700006 0.149751842  0.403112262  0.552864
14.5800009 0.149604306  0.402806222  0.552411
14.5900011 0.149414629  0.402654707  0.552069
14.6000013 0.149161726  0.402736962  0.551899
14.6100006 0.149003655  0.402584672  0.551588
14.6200008 0.148803443  0.402471274  0.551275
14.6300011 0.148698062  0.402082652  0.550781
14.6400013 0.148613766  0.401574373  0.550188
14.6500006 0.147939339  0.403231233  0.551171
14.6600008 0.147444069  0.404065311  0.551509
14.6700010 0.146906644  0.405100048  0.552007
14.6800013 0.146938264  0.404039353  0.550978
14.6900015 0.146611586  0.404403329  0.551015
14.7000008 0.146453530  0.404052854  0.550506
14.7100010 0.146053091  0.404657185  0.55071
14.7200012 0.145831794  0.404665351  0.550497
14.7300014 0.145621046  0.404673427  0.550294
14.7400007 0.145368129  0.404721439  0.55009
14.7500010 0.144830719  0.405893683  0.550724
14.7600012 0.144630492  0.405904293  0.550535
14.7700014 0.144272208  0.406519145  0.550791
14.7800007 0.143882319  0.406974852  0.550857
14.7900009 0.143397585  0.407715648  0.551113
14.8000011 0.143186823  0.407405227  0.550592
14.8100014 0.143102527  0.406728446  0.549831
14.8200006 0.142818004  0.406781256  0.549599
14.8300009 0.142565101  0.406834304  0.549399
14.8400011 0.142459720  0.406234056  0.548694
14.8500013 0.142270043  0.405917883  0.548188
14.8600006 0.141890675  0.406297565  0.548188
14.8700008 0.141374335  0.407254040  0.548628
14.8800011 0.140973896  0.407802433  0.548776
14.8900013 0.140720993  0.407858133  0.548579
14.9000015 0.140499696  0.407831252  0.548331
14.9100008 0.140194103  0.407845795  0.54804
14.9200010 0.139793664  0.408233821  0.548027
14.9300013 0.139361620  0.408789486  0.548151
14.9400015 0.139024422  0.409056008  0.54808
14.9500008 0.138834730  0.408739299  0.547574
14.9600010 0.138539687  0.408672243  0.547212
14.9700012 0.138149783  0.408981919  0.547132
14.9800014 0.137633428  0.409838557  0.547472
14.9900007 0.137233004  0.410151690  0.547385
15.0000010 0.137117088  0.409496635  0.546614
15.0100012 0.136864185  0.409599215  0.546463
15.0200014 0.136558577  0.409617871  0.546176
15.0300007 0.136368901  0.409212112  0.545581
15.0400009 0.135915786  0.409739792  0.545656
15.0500011 0.135462657  0.410311997  0.545775
15.0600014 0.135125458  0.410630614  0.545756
15.0700006 0.134904161  0.410437614  0.545342
15.0800009 0.134514257  0.411014885  0.545529
15.0900011 0.134187594  0.411379784  0.545567
15.1000013 0.134198129  0.410197765  0.544396
15.1100006 0.133987382  0.410260767  0.544248
15.1200008 0.133787155  0.410108238  0.543895
15.1300011 0.133702859  0.409608692  0.543312
15.1400013 0.133629099  0.409063876  0.542693
15.1500015 0.133249730  0.409820408  0.54307
15.1600008 0.133144364  0.409273684  0.542418
15.1700010 0.132912531  0.409204870  0.542117
15.1800013 0.132722840  0.408916771  0.54164
15.1900015 0.132501557  0.408934563  0.541436
15.2000008 0.132090583  0.409786582  0.541877
15.2100010 0.131932512  0.409498036  0.541431
15.2200012 0.131784990  0.409208328  0.540993
15.2300014 0.131626919  0.408873320  0.5405
15.2400007 0.131352946  0.408891022  0.540244
15.2500010 0.131089494  0.408864468  0.539954
15.2600012 0.130594224  0.409682393  0.540277
15.2700014 0.130193785  0.410281360  0.540475
15.2800007 0.129846036  0.410704046  0.54055
15.2900009 0.129561529  0.410815477  0.540377
15.3000011 0.129361302  0.410478801  0.53984
15.3100014 0.129045174  0.410545021  0.53959
15.3200006 0.128834426  0.410251498  0.539086
15.3300009 0.128528833  0.410362661  0.538891
15.3400011 0.128254846  0.410157800  0.538413
15.3500013 0.127886027  0.410677463  0.538563
15.3600006 0.127696350  0.410381585  0.538078
15.3700008 0.127475053  0.410175413  0.53765
15.3800011 0.127380207  0.409284204  0.536664
15.3900013 0.126937628  0.409851968  0.53679
15.4000015 0.126632035  0.410009831  0.536642
15.4100008 0.126231596  0.410535753  0.536767
15.4200010 0.126084074  0.410097599  0.536182
15.4300013 0.125841707  0.410164893  0.536007
15.4400015 0.125641480  0.409909070  0.535551
15.4500008 0.125367507  0.409929872  0.535297
15.4600010 0.125156745  0.409718692  0.534875
15.4700012 0.124619327  0.410855651  0.535475
15.4800014 0.124408573  0.410599113  0.535008
15.4900007 0.124060825  0.410855174  0.534916
15.5000010 0.123797379  0.410784572  0.534582
15.5100012 0.123312645  0.411699444  0.535012
15.5200014 0.123038664  0.411583483  0.534622
15.5300007 0.122669838  0.411891371  0.534561
15.5400009 0.122174568  0.412862152  0.535037
15.5500011 0.121879511  0.412795246  0.534675
15.5600014 0.121552840  0.412823260  0.534376
15.5700006 0.121226169  0.413041443  0.534268
15.5800009 0.120962732  0.413165361  0.534128
15.5900011 0.120646596  0.413576514  0.534223
15.6000013 0.120267235  0.414324850  0.534592
15.6100016 0.119803578  0.415412754  0.535216
15.6200008 0.119571745  0.415254384  0.534826
15.6300011 0.119487442  0.414323837  0.533811
15.6400013 0.119129159  0.414597303  0.533726
15.6500015 0.118876256  0.414629996  0.533506
15.6600008 0.118433669  0.415390939  0.533825
15.6700010 0.118054308  0.415912300  0.533967
15.6800013 0.117580116  0.416972667  0.534553
15.6900015 0.117369361  0.416864336  0.534234
15.7000008 0.117095374  0.417000592  0.534096
15.7100010 0.116747633  0.417432249  0.53418
15.7200012 0.116579026  0.417028695  0.533608
15.7300014 0.116009988  0.418449640  0.53446
15.7400007 0.115599021  0.419135064  0.534734
15.7500010 0.115177505  0.419873208  0.535051
15.7600012 0.114924602  0.419869393  0.534794
15.7700014 0.114734925  0.419666260  0.534401
15.7800007 0.114650622  0.419062614  0.533713
15.7900009 0.114313416  0.419357151  0.533671
15.8000011 0.114007816  0.419351995  0.53336
15.8100014 0.113523081  0.420453340  0.533976
15.8200006 0.113112114  0.421156734  0.534269
15.8300009 0.112711675  0.421610892  0.534323
15.8400011 0.112585224  0.421003014  0.533588
15.8500013 0.112479843  0.420240194  0.53272
15.8600016 0.112279631  0.420033455  0.532313
15.8700008 0.111794896  0.421254545  0.533049
15.8800011 0.111478761  0.421663165  0.533142
15.8900013 0.111183703  0.421868682  0.533052
15.9000015 0.110783271  0.422537923  0.533321
15.9100008 0.110530362  0.422591895  0.533122
15.9200010 0.110214233  0.422904402  0.533119
15.9300013 0.109855950  0.423322111  0.533178
15.9400015 0.109592505  0.423378497  0.532971
15.9500008 0.109350137  0.423331112  0.532681
15.9600010 0.109055080  0.423544228  0.532599
15.9700012 0.108865403  0.423235506  0.532101
15.9800014 0.108549267  0.423659235  0.532209
15.9900007 0.108127758  0.424505413  0.532633
