   0.00000000       1.69539666    
   1.00000007E-02   1.56069195    
   2.00000014E-02   1.42037404    
   3.00000012E-02   1.25131345    
   4.00000028E-02   1.06125355    
   5.00000045E-02  0.803253710    
   6.00000024E-02  0.478285283    
   7.00000077E-02  0.276838720    
   8.00000057E-02   9.39780697E-02
   9.00000036E-02  -9.68311056E-02
  0.100000009      -9.82523784E-02
  0.110000007     -0.166128471    
  0.120000005     -0.147833183    
  0.130000010     -0.245129168    
  0.140000015     -0.288421124    
  0.150000006     -0.426720679    
  0.160000011     -0.512159824    
  0.170000017     -0.667882442    
  0.180000007     -0.677968383    
  0.190000013     -0.709062994    
  0.200000018     -0.687571824    
  0.210000008     -0.708853841    
  0.220000014     -0.704843640    
  0.230000019     -0.798196256    
  0.240000010     -0.810139954    
  0.250000030     -0.858230710    
  0.260000020     -0.831959546    
  0.270000011     -0.818630338    
  0.280000031     -0.882091522    
  0.290000021     -0.904588461    
  0.300000012     -0.944502234    
  0.310000032     -0.895087302    
  0.320000023      -1.01788461    
  0.330000013     -0.995675027    
  0.340000033      -1.04003286    
  0.350000024      -1.07567322    
  0.360000014      -1.15568256    
  0.370000035      -1.19086874    
  0.380000025      -1.28040385    
  0.390000015      -1.22499084    
  0.400000036      -1.22229040    
  0.410000026      -1.18146479    
  0.420000017      -1.30674052    
  0.430000037      -1.21994388    
  0.440000027      -1.32780027    
  0.450000018      -1.29945695    
  0.460000038      -1.29293835    
  0.470000029      -1.34360838    
  0.480000019      -1.34172440    
  0.490000039      -1.28290248    
  0.500000060      -1.33154631    
  0.510000050      -1.37248063    
  0.520000041      -1.46958315    
  0.530000031      -1.52761114    
  0.540000021      -1.53035355    
  0.550000012      -1.44998395    
  0.560000062      -1.44409931    
  0.570000052      -1.48301804    
  0.580000043      -1.40300870    
  0.590000033      -1.45590568    
  0.600000024      -1.50016606    
  0.610000014      -1.48957419    
  0.620000064      -1.46101928    
  0.630000055      -1.40462112    
  0.640000045      -1.40623391    
  0.650000036      -1.48476005    
  0.660000026      -1.55817044    
  0.670000076      -1.52306056    
  0.680000067      -1.46658409    
  0.690000057      -1.43159795    
  0.700000048      -1.40946960    
  0.710000038      -1.45252812    
  0.720000029      -1.39338851    
  0.730000079      -1.51716340    
  0.740000069      -1.57858777    
  0.750000060      -1.48913217    
  0.760000050      -1.42251110    
  0.770000041      -1.41637218    
  0.780000031      -1.43740237    
  0.790000081      -1.49177802    
  0.800000072      -1.50908315    
  0.810000062      -1.62224185    
  0.820000052      -1.47866309    
  0.830000043      -1.49884808    
  0.840000033      -1.36820149    
  0.850000083      -1.29295218    
  0.860000074      -1.38981497    
  0.870000064      -1.38982153    
  0.880000055      -1.41191483    
  0.890000045      -1.50240552    
  0.900000036      -1.44621193    
  0.910000086      -1.57907915    
  0.920000076      -1.49751961    
  0.930000067      -1.59847093    
  0.940000057      -1.60732090    
  0.950000048      -1.68909788    
  0.960000038      -1.84414232    
  0.970000088      -1.87529564    
  0.980000079      -2.00393724    
  0.990000069      -1.93652487    
   1.00000012      -1.77639389    
   1.01000011      -1.82062399    
   1.02000010      -1.70529163    
   1.03000009      -1.81150675    
   1.04000008      -1.80786896    
   1.05000007      -1.82860005    
   1.06000006      -1.77463770    
   1.07000005      -1.61523855    
   1.08000004      -1.58678329    
   1.09000003      -1.56856620    
   1.10000002      -1.63382614    
   1.11000013      -1.69123030    
   1.12000012      -1.78578317    
   1.13000011      -1.81090665    
   1.14000010      -1.66472852    
   1.15000010      -1.65330076    
   1.16000009      -1.73179972    
   1.17000008      -1.75613272    
   1.18000007      -1.82186294    
   1.19000006      -1.75555873    
   1.20000005      -1.70420694    
   1.21000004      -1.77288151    
   1.22000003      -1.72621202    
   1.23000014      -1.60682082    
   1.24000013      -1.69068635    
   1.25000012      -1.76591897    
   1.26000011      -1.73178136    
   1.27000010      -1.60237753    
   1.28000009      -1.60187721    
   1.29000008      -1.59210789    
   1.30000007      -1.57379186    
   1.31000006      -1.65742517    
   1.32000005      -1.59455001    
   1.33000004      -1.60828650    
   1.34000015      -1.61076033    
   1.35000014      -1.52033067    
   1.36000013      -1.55066490    
   1.37000012      -1.51851571    
   1.38000011      -1.59844947    
   1.39000010      -1.67102468    
   1.40000010      -1.73570216    
   1.41000009      -1.72342372    
   1.42000008      -1.54926848    
   1.43000007      -1.56004608    
   1.44000006      -1.71020591    
   1.45000005      -1.71569264    
   1.46000016      -1.75268447    
   1.47000015      -1.76648927    
   1.48000014      -1.85292733    
   1.49000013      -1.85103166    
   1.50000012      -1.75097573    
   1.51000011      -1.66367829    
   1.52000010      -1.79110074    
   1.53000009      -2.04360366    
   1.54000008      -1.95869434    
   1.55000007      -1.89348912    
   1.56000006      -1.90075004    
   1.57000005      -1.94753861    
   1.58000016      -1.93511677    
   1.59000015      -2.01573181    
   1.60000014      -1.95170367    
   1.61000013      -1.91409373    
   1.62000012      -1.93443024    
   1.63000011      -1.89680612    
   1.64000010      -1.78637481    
   1.65000010      -1.85544670    
   1.66000009      -1.93993497    
   1.67000008      -1.96929610    
   1.68000007      -1.86243570    
   1.69000018      -1.84224272    
   1.70000017      -1.80245197    
   1.71000016      -1.76359928    
   1.72000015      -1.87268353    
   1.73000014      -1.93375564    
   1.74000013      -1.87461734    
   1.75000012      -1.91745758    
   1.76000011      -1.85545003    
   1.77000010      -1.70364714    
   1.78000009      -1.73625863    
   1.79000008      -1.74813008    
   1.80000007      -1.95171118    
   1.81000018      -1.89812136    
   1.82000017      -1.80124998    
   1.83000016      -1.77463460    
   1.84000015      -1.80907893    
   1.85000014      -1.74756992    
   1.86000013      -1.75726593    
   1.87000012      -1.85989869    
   1.88000011      -1.80365539    
   1.89000010      -1.87462783    
   1.90000010      -1.76244926    
   1.91000009      -1.67103052    
   1.92000008      -1.65535522    
   1.93000019      -1.85292733    
   1.94000018      -1.80726790    
   1.95000017      -1.76418102    
   1.96000016      -1.88564837    
   1.97000015      -1.78934777    
   1.98000014      -1.66682386    
   1.99000013      -1.79053557    
   2.00000024      -1.66944981    
   2.01000023      -1.77230108    
   2.02000022      -1.74926662    
   2.03000021      -1.84726834    
   2.04000020      -1.72454786    
   2.05000019      -1.65691376    
   2.06000018      -1.78934133    
   2.07000017      -1.73570824    
   2.08000016      -1.77814984    
   2.09000015      -1.92967188    
   2.10000014      -1.87398517    
   2.11000013      -1.93105006    
   2.12000012      -1.87013805    
   2.13000011      -1.80488670    
   2.14000010      -1.72012246    
   2.15000010      -1.81941676    
   2.16000009      -1.91346192    
   2.17000008      -1.86182523    
   2.18000007      -1.76535511    
   2.19000006      -1.72177017    
   2.20000005      -1.71956277    
   2.21000004      -1.71845329    
   2.22000027      -1.81391704    
   2.23000026      -1.86308837    
   2.24000025      -1.77404344    
   2.25000024      -1.83789229    
   2.26000023      -1.83230388    
   2.27000022      -1.79825783    
   2.28000021      -1.70528567    
   2.29000020      -1.80305028    
   2.30000019      -1.94546258    
   2.31000018      -1.91949475    
   2.32000017      -2.00983119    
   2.33000016      -1.77056158    
   2.34000015      -1.83231056    
   2.35000014      -1.92423069    
   2.36000013      -1.88695621    
   2.37000012      -1.95801842    
   2.38000011      -1.95521200    
   2.39000010      -2.08894849    
   2.40000010      -2.10586500    
   2.41000009      -2.02321100    
   2.42000008      -2.07542562    
   2.43000007      -1.93924904    
   2.44000006      -2.22946620    
   2.45000029      -2.26218939    
   2.46000028      -2.27559090    
   2.47000027      -2.37053990    
   2.48000026      -2.21576548    
   2.49000025      -2.11568737    
   2.50000024      -2.09215260    
   2.51000023      -2.14908767    
   2.52000022      -2.26029706    
   2.53000021      -2.26506615    
   2.54000020      -2.24617028    
   2.55000019      -2.02620292    
   2.56000018      -2.08494353    
   2.57000017      -2.11732507    
   2.58000016      -2.08813477    
   2.59000015      -2.08256197    
   2.60000014      -2.22212481    
   2.61000013      -2.13138032    
   2.62000012      -2.19778013    
   2.63000011      -2.13140774    
   2.64000010      -2.04133511    
   2.65000010      -2.08018637    
   2.66000009      -2.20494914    
   2.67000008      -2.01279140    
   2.68000031      -1.95381939    
   2.69000030      -1.97928178    
   2.70000029      -2.09376955    
   2.71000028      -2.12723851    
   2.72000027      -2.15504980    
   2.73000026      -2.00318980    
   2.74000025      -1.92490280    
   2.75000024      -1.87852418    
   2.76000023      -1.89813948    
   2.77000022      -1.88892496    
   2.78000021      -1.91479206    
   2.79000020      -1.92152119    
   2.80000019      -1.84853721    
   2.81000018      -1.74078083    
   2.82000017      -1.74758244    
   2.83000016      -1.77990890    
   2.84000015      -1.87014163    
   2.85000014      -1.88046217    
   2.86000013      -1.90077555    
   2.87000012      -1.91882992    
   2.88000011      -1.94546640    
   2.89000010      -1.95592058    
   2.90000010      -2.10343337    
   2.91000032      -2.06757712    
   2.92000031      -2.25084686    
   2.93000031      -2.22396135    
   2.94000030      -2.07150888    
   2.95000029      -2.04897547    
   2.96000028      -2.21213555    
   2.97000027      -2.19155860    
   2.98000026      -2.04437757    
   2.99000025      -2.05515456    
   3.00000024      -2.15160060    
   3.01000023      -1.99880934    
   3.02000022      -2.09214401    
   3.03000021      -2.05512929    
   3.04000020      -2.01797128    
   3.05000019      -2.08097172    
   3.06000018      -1.93718636    
   3.07000017      -1.90142834    
   3.08000016      -2.02694702    
   3.09000015      -2.29502988    
   3.10000014      -2.12474513    
   3.11000013      -2.06135082    
   3.12000012      -2.17834020    
   3.13000011      -2.14991999    
   3.14000010      -2.05902481    
   3.15000033      -2.10504651    
   3.16000032      -2.08734369    
   3.17000031      -2.27558041    
   3.18000031      -2.38437438    
   3.19000030      -2.36626887    
   3.20000029      -2.00907946    
   3.21000028      -2.08893108    
   3.22000027      -2.00612640    
   3.23000026      -1.99952948    
   3.24000025      -2.11646986    
   3.25000024      -2.17222404    
   3.26000023      -2.22211480    
   3.27000022      -2.19419026    
   3.28000021      -2.07384682    
   3.29000020      -1.96645021    
   3.30000019      -1.96927667    
   3.31000018      -2.03675365    
   3.32000017      -2.02542830    
   3.33000016      -2.18623161    
   3.34000015      -2.15160537    
   3.35000014      -2.04744196    
   3.36000013      -2.00761390    
   3.37000012      -1.91949654    
   3.38000035      -1.98718786    
   3.39000034      -2.15163326    
   3.40000033      -2.18011475    
   3.41000032      -2.10669327    
   3.42000031      -2.13809657    
   3.43000031      -2.24898839    
   3.44000030      -2.03525925    
   3.45000029      -2.06368232    
   3.46000028      -2.15845442    
   3.47000027      -2.23407269    
   3.48000026      -2.26695991    
   3.49000025      -2.22945881    
   3.50000024      -2.15929699    
   3.51000023      -2.07150030    
   3.52000022      -2.18624353    
   3.53000021      -2.33614063    
   3.54000020      -2.29404879    
   3.55000019      -2.43504405    
   3.56000018      -2.28234887    
   3.57000017      -2.23406005    
   3.58000016      -2.22394896    
   3.59000015      -2.20850635    
   3.60000014      -2.29405689    
   3.61000037      -2.14651871    
   3.62000036      -2.29701066    
   3.63000035      -2.16878867    
   3.64000034      -2.06291246    
   3.65000033      -1.93787467    
   3.66000032      -2.02394891    
   3.67000031      -2.09858322    
   3.68000031      -2.24898076    
   3.69000030      -2.19599819    
   3.70000029      -2.30493093    
   3.71000028      -2.14738131    
   3.72000027      -2.31790590    
   3.73000026      -2.32193065    
   3.74000025      -2.39192700    
   3.75000024      -2.47894645    
   3.76000023      -2.57297349    
   3.77000022      -2.52981806    
   3.78000021      -2.37690496    
   3.79000020      -2.21395636    
   3.80000019      -2.23685694    
   3.81000018      -2.27945662    
   3.82000017      -2.40500259    
   3.83000016      -2.23963618    
   3.84000015      -2.22122025    
   3.85000038      -2.19333267    
   3.86000037      -2.03525305    
   3.87000036      -2.09939003    
   3.88000035      -2.05359674    
   3.89000034      -2.16359758    
   3.90000033      -2.08892870    
   3.91000032      -2.10018182    
   3.92000031      -2.15331197    
   3.93000031      -2.08893323    
   3.94000030      -2.20402575    
   3.95000029      -2.18801045    
   3.96000028      -2.19242692    
   3.97000027      -2.25460219    
   3.98000026      -2.18096852    
   3.99000025      -2.17137527    
   4.00000048      -2.25083137    
   4.01000023      -2.26313186    
   4.02000046      -2.36734080    
   4.03000021      -2.21756554    
   4.04000044      -2.20851612    
   4.05000019      -2.22578883    
   4.06000042      -2.18713140    
   4.07000017      -2.11485410    
   4.08000040      -2.33410287    
   4.09000015      -2.30095744    
   4.10000038      -2.35893583    
   4.11000013      -2.33513522    
   4.12000036      -2.23038340    
   4.13000011      -2.21666503    
   4.14000034      -2.17573547    
   4.15000010      -2.20762134    
   4.16000032      -2.15075541    
   4.17000008      -2.06679773    
   4.18000031      -2.14650702    
   4.19000053      -2.08415270    
   4.20000029      -2.20670533    
   4.21000051      -2.16444683    
   4.22000027      -1.97141254    
   4.23000050      -2.06914186    
   4.24000025      -2.09694958    
   4.25000048      -2.11977053    
   4.26000023      -2.25459957    
   4.27000046      -2.29012394    
   4.28000021      -2.31887746    
   4.29000044      -2.25272393    
   4.30000019      -2.16445851    
   4.31000042      -2.17398787    
   4.32000017      -2.23869538    
   4.33000040      -2.38868523    
   4.34000015      -2.37903452    
   4.35000038      -2.28917432    
   4.36000013      -2.35267806    
   4.37000036      -2.16188979    
   4.38000011      -2.19599581    
   4.39000034      -2.20854092    
   4.40000010      -2.25368071    
   4.41000032      -2.26887298    
   4.42000008      -2.29015326    
   4.43000031      -2.30890894    
   4.44000053      -2.39845085    
   4.45000029      -2.35475111    
   4.46000051      -2.28235960    
   4.47000027      -2.25461006    
   4.48000050      -2.35893011    
   4.49000025      -2.26124787    
   4.50000048      -2.40061784    
   4.51000023      -2.41159749    
   4.52000046      -2.47188091    
   4.53000021      -2.31387544    
   4.54000044      -2.17573071    
   4.55000019      -2.15502405    
   4.56000042      -2.20134115    
   4.57000017      -2.33717775    
   4.58000040      -2.34128666    
   4.59000015      -2.44528151    
   4.60000038      -2.51745892    
   4.61000013      -2.34231782    
   4.62000036      -2.32597995    
   4.63000011      -2.41935301    
   4.64000034      -2.58734560    
   4.65000010      -2.51868582    
   4.66000032      -2.52237821    
   4.67000055      -2.47776771    
   4.68000031      -2.43959188    
   4.69000053      -2.48131847    
   4.70000029      -2.51255393    
   4.71000051      -2.50282502    
   4.72000027      -2.65395665    
   4.73000050      -2.66670394    
   4.74000025      -2.47540426    
   4.75000048      -2.47421670    
   4.76000023      -2.49200416    
   4.77000046      -2.53976965    
   4.78000021      -2.73751640    
   4.79000044      -2.62757373    
   4.80000019      -2.49919081    
   4.81000042      -2.37686682    
   4.82000017      -2.42941189    
   4.83000040      -2.37688446    
   4.84000015      -2.36205912    
   4.85000038      -2.35370111    
   4.86000013      -2.43504715    
   4.87000036      -2.51011014    
   4.88000011      -2.31289482    
   4.89000034      -2.27945137    
   4.90000057      -2.27463150    
   4.91000032      -2.29701352    
   4.92000055      -2.42160273    
   4.93000031      -2.27367806    
   4.94000053      -2.29506207    
   4.95000029      -2.39519095    
   4.96000051      -2.54861808    
   4.97000027      -2.49680591    
   4.98000050      -2.54354787    
   4.99000025      -2.66955471    
   5.00000048      -2.54859400    
   5.01000023      -2.59921932    
   5.02000046      -2.72536469    
   5.03000021      -2.53727579    
   5.04000044      -2.54732656    
   5.05000019      -2.52854347    
   5.06000042      -2.40500259    
   5.07000017      -2.36207366    
   5.08000040      -2.27367306    
   5.09000015      -2.32902145    
   5.10000038      -2.46954107    
   5.11000013      -2.66670394    
   5.12000036      -2.57685471    
   5.13000059      -2.52361417    
   5.14000034      -2.54481030    
   5.15000057      -2.60190177    
   5.16000032      -2.49201059    
   5.17000055      -2.58206487    
   5.18000031      -2.72839189    
   5.19000053      -2.57945633    
   5.20000029      -2.64139652    
   5.21000051      -2.40280795    
   5.22000027      -2.32598281    
   5.23000050      -2.30195069    
   5.24000025      -2.29210043    
   5.25000048      -2.29112768    
   5.26000023      -2.24056768    
   5.27000046      -2.24149776    
   5.28000021      -2.11567187    
   5.29000044      -2.13473964    
   5.30000019      -2.18097806    
   5.31000042      -2.13977575    
   5.32000017      -2.27367306    
   5.33000040      -2.23315740    
   5.34000015      -2.28917432    
   5.35000038      -2.31993008    
   5.36000061      -2.28528452    
   5.37000036      -2.46721292    
   5.38000059      -2.49442029    
   5.39000034      -2.66816330    
   5.40000057      -2.39086103    
   5.41000032      -2.55624247    
   5.42000055      -2.41271305    
   5.43000031      -2.42716932    
   5.44000053      -2.40390158    
   5.45000029      -2.42381454    
   5.46000051      -2.67814755    
   5.47000027      -2.68392658    
   5.48000050      -2.45213914    
   5.49000025      -2.48129559    
   5.50000048      -2.45327878    
   5.51000023      -2.50161767    
   5.52000046      -2.54859734    
   5.53000021      -2.68538356    
   5.54000044      -2.52855372    
   5.55000019      -2.46253181    
   5.56000042      -2.42157507    
   5.57000017      -2.15844512    
   5.58000040      -2.20403075    
   5.59000063      -2.35161901    
   5.60000038      -2.38223338    
   5.61000061      -2.34954953    
   5.62000036      -2.44641662    
   5.63000059      -2.16532731    
   5.64000034      -2.17923546    
   5.65000057      -2.28042340    
   5.66000032      -2.44872165    
   5.67000055      -2.24429750    
   5.68000031      -2.35998821    
   5.69000053      -2.37582564    
   5.70000029      -2.37476516    
   5.71000051      -2.38651729    
   5.72000027      -2.26313710    
   5.73000050      -2.25177336    
   5.74000025      -2.32090092    
   5.75000048      -2.29404354    
   5.76000023      -2.27653027    
   5.77000046      -2.21029830    
   5.78000021      -2.39623785    
   5.79000044      -2.30290151    
   5.80000019      -2.27652764    
   5.81000042      -2.28330255    
   5.82000065      -2.23128867    
   5.83000040      -2.32797885    
   5.84000063      -2.21575069    
   5.85000038      -2.27461290    
   5.86000061      -2.31387544    
   5.87000036      -2.20402336    
   5.88000059      -2.24803352    
   5.89000034      -2.21033049    
   5.90000057      -2.40389872    
   5.91000032      -2.24242330    
   5.92000055      -2.21757555    
   5.93000031      -2.34748173    
   5.94000053      -2.17224765    
   5.95000029      -2.19420242    
   5.96000051      -2.26791215    
   5.97000027      -2.19598603    
   5.98000050      -2.19865632    
   5.99000025      -2.13305974    
   6.00000048      -2.20581460    
   6.01000023      -2.04132056    
   6.02000046      -2.19955540    
   6.03000021      -2.07228327    
   6.04000044      -2.03523660    
   6.05000019      -2.19065714    
   6.06000042      -2.28526306    
   6.07000065      -2.15330267    
   6.08000040      -2.19064021    
   6.09000063      -2.21393156    
   6.10000038      -2.16789794    
   6.11000061      -2.16963744    
   6.12000036      -2.27173758    
   6.13000059      -2.17572117    
   6.14000034      -2.27077127    
   6.15000057      -2.21484447    
   6.16000032      -2.34436393    
   6.17000055      -2.25366783    
   6.18000031      -2.29897690    
   6.19000053      -2.26600885    
   6.20000029      -2.20403075    
   6.21000051      -2.37158728    
   6.22000027      -2.34540391    
   6.23000050      -2.25178623    
   6.24000025      -2.35161042    
   6.25000048      -2.43957925    
   6.26000023      -2.36839342    
   6.27000046      -2.24428988    
   6.28000021      -2.28428364    
   6.29000044      -2.35162187    
   6.30000067      -2.31688571    
   6.31000042      -2.46718407    
   6.32000065      -2.23961854    
   6.33000040      -2.42716622    
   6.34000063      -2.35265803    
   6.35000038      -2.28042078    
   6.36000061      -2.10748649    
   6.37000036      -2.25366521    
   6.38000059      -2.20311785    
   6.39000034      -2.29503798    
   6.40000057      -2.12472916    
   6.41000032      -2.21755815    
   6.42000055      -2.12390637    
   6.43000031      -2.25365233    
   6.44000053      -2.07306457    
   6.45000029      -2.16703868    
   6.46000051      -2.11565161    
   6.47000027      -2.21031308    
   6.48000050      -2.17136097    
   6.49000025      -2.25083637    
   6.50000048      -2.16357875    
   6.51000023      -2.40059996    
   6.52000046      -2.26694155    
   6.53000069      -2.39299703    
   6.54000044      -2.25744677    
   6.55000067      -2.33104038    
   6.56000042      -2.28428364    
   6.57000065      -2.49320650    
   6.58000040      -2.49200416    
   6.59000063      -2.48604941    
   6.60000038      -2.33819914    
   6.61000061      -2.36734366    
   6.62000036      -2.23870564    
   6.63000059      -2.38223052    
   6.64000034      -2.45906615    
   6.65000057      -2.66955471    
   6.66000032      -2.57164645    
   6.67000055      -2.47776771    
   6.68000031      -2.35370111    
   6.69000053      -2.47070074    
   6.70000029      -2.37156987    
   6.71000051      -2.43278551    
   6.72000027      -2.48248196    
   6.73000050      -2.65677881    
   6.74000025      -2.58337355    
   6.75000048      -2.43504405    
   6.76000071      -2.24335241    
   6.77000046      -2.24991059    
   6.78000069      -2.47893047    
   6.79000044      -2.38223624    
   6.80000067      -2.38009977    
   6.81000042      -2.34232354    
   6.82000065      -2.47541070    
   6.83000040      -2.44414163    
   6.84000063      -2.24057293    
   6.85000038      -2.30889821    
   6.86000061      -2.27752590    
   6.87000036      -2.44528461    
   6.88000059      -2.60190177    
   6.89000034      -2.27174282    
   6.90000057      -2.36523294    
   6.91000032      -2.34747314    
   6.92000055      -2.52113700    
   6.93000031      -2.54860783    
   6.94000053      -2.40389848    
   6.95000029      -2.55241275    
   6.96000051      -2.39953685    
   6.97000027      -2.45675278    
   6.98000050      -2.38974881    
   6.99000072      -2.33922720    
   7.00000048      -2.48961353    
   7.01000071      -2.41490531    
   7.02000046      -2.33819079    
   7.03000069      -2.27847219    
   7.04000044      -2.24055767    
   7.05000067      -2.29405427    
   7.06000042      -2.34953547    
   7.07000065      -2.42940283    
   7.08000040      -2.41379642    
   7.09000063      -2.29503798    
   7.10000038      -2.34332752    
   7.11000061      -2.49560261    
   7.12000036      -2.60724449    
   7.13000059      -2.48604298    
   7.14000034      -2.56646895    
   7.15000057      -2.52358389    
   7.16000032      -2.56905437    
   7.17000055      -2.47539139    
   7.18000031      -2.44526267    
   7.19000053      -2.49920392    
   7.20000029      -2.68394256    
   7.21000051      -2.43278551    
   7.22000074      -2.30987477    
   7.23000050      -2.30490899    
   7.24000072      -2.51131797    
   7.25000048      -2.35682559    
   7.26000071      -2.36312079    
   7.27000046      -2.48129559    
   7.28000069      -2.34540677    
   7.29000044      -2.32091188    
   7.30000067      -2.35787868    
   7.31000042      -2.34539819    
   7.32000065      -2.56520343    
   7.33000040      -2.62077236    
   7.34000063      -2.65960526    
   7.35000038      -2.54734397    
   7.36000061      -2.72085547    
   7.37000036      -2.81706262    
   7.38000059      -2.57684398    
   7.39000034      -2.90527272    
   7.40000057      -2.98426962    
   7.41000032      -2.91617751    
   7.42000055      -3.05311823    
   7.43000031      -2.75759792    
   7.44000053      -2.67096734    
   7.45000076      -2.53726220    
   7.46000051      -2.66100383    
   7.47000074      -2.52112341    
   7.48000050      -2.40607762    
   7.49000072      -2.43052292    
   7.50000048      -2.43843031    
   7.51000071      -2.36310339    
   7.52000046      -2.33716655    
   7.53000069      -2.40169740    
   7.54000044      -2.40827656    
   7.55000067      -2.49319339    
   7.56000042      -2.40718389    
   7.57000065      -2.31990242    
   7.58000040      -2.44184375    
   7.59000063      -2.51990032    
   7.60000038      -2.64835525    
   7.61000061      -2.56647253    
   7.62000036      -2.65536690    
   7.63000059      -2.59921932    
   7.64000034      -2.48011398    
   7.65000057      -2.45328808    
   7.66000032      -2.39084029    
   7.67000055      -2.58075452    
   7.68000031      -2.58863950    
   7.69000053      -2.53227949    
   7.70000076      -2.54734731    
   7.71000051      -2.49440384    
   7.72000074      -2.42046499    
   7.73000050      -2.45674324    
   7.74000072      -2.54103422    
   7.75000048      -2.52979755    
   7.76000071      -2.53852701    
   7.77000046      -2.65254855    
   7.78000069      -2.64834380    
   7.79000044      -2.57552958    
   7.80000067      -2.68683076    
   7.81000042      -2.62210298    
   7.82000065      -2.54985595    
   7.83000040      -2.51621032    
   7.84000063      -2.61804247    
   7.85000038      -2.42268658    
   7.86000061      -2.46485853    
   7.87000036      -2.60723352    
   7.88000059      -2.59391904    
   7.89000034      -2.61398745    
   7.90000057      -2.66527390    
   7.91000032      -2.60725188    
   7.92000055      -2.59923387    
   7.93000078      -2.86105227    
   7.94000053      -3.03854537    
   7.95000076      -2.82872772    
   7.96000051      -3.00402665    
   7.97000074      -3.08288717    
   7.98000050      -2.96681476    
   7.99000072      -2.95531583    
   8.00000095      -2.88913321    
   8.01000023      -2.73905373    
   8.02000046      -2.91801047    
   8.03000069      -2.83375192    
   8.04000092      -2.68684673    
   8.05000019      -2.62896204    
   8.06000042      -2.67240167    
   8.07000065      -2.82703733    
   8.08000088      -2.59790421    
   8.09000015      -2.62758875    
   8.10000038      -2.55622506    
   8.11000061      -2.64276218    
   8.12000084      -2.65959740    
   8.13000011      -2.46370244    
   8.14000034      -2.36416912    
   8.15000057      -2.44412613    
   8.16000080      -2.43053532    
   8.17000103      -2.24708986    
   8.18000031      -2.21666026    
   8.19000053      -2.32393527    
   8.20000076      -2.30590081    
   8.21000099      -2.35788155    
   8.22000027      -2.28235149    
   8.23000050      -2.36207080    
   8.24000072      -2.34436941    
   8.25000095      -2.57554746    
   8.26000023      -2.49560571    
   8.27000046      -2.57294869    
   8.28000069      -2.61670637    
   8.29000092      -2.62896967    
   8.30000019      -2.54988027    
   8.31000042      -2.71335912    
   8.32000065      -2.57815647    
   8.33000088      -2.60994887    
   8.34000015      -2.49081612    
   8.35000038      -2.62622857    
   8.36000061      -2.56906867    
   8.37000084      -2.52359748    
   8.38000107      -2.42046809    
   8.39000034      -2.59258199    
   8.40000057      -2.54985952    
   8.41000080      -2.60724092    
   8.42000103      -2.42046499    
   8.43000031      -2.48010421    
   8.44000053      -2.45673704    
   8.45000076      -2.45329428    
   8.46000099      -2.48129892    
   8.47000027      -2.50162101    
   8.48000050      -2.50283504    
   8.49000072      -2.64695501    
   8.50000095      -2.59924102    
   8.51000023      -2.61806107    
   8.52000046      -2.63999462    
   8.53000069      -2.73448229    
   8.54000092      -2.82538629    
   8.55000019      -2.98232150    
   8.56000042      -3.32347298    
   8.57000065      -3.08508301    
   8.58000088      -3.13841319    
   8.59000015      -3.12256527    
   8.60000038      -3.30984974    
   8.61000061      -3.52352238    
   8.62000084      -3.36842346    
   8.63000107      -3.24682665    
   8.64000034      -3.64089918    
   8.65000057      -3.32073212    
   8.66000080      -2.96489525    
   8.67000103      -2.80881214    
   8.68000031      -2.89269018    
   8.69000053      -3.12029815    
   8.70000076      -2.98425341    
   8.71000099      -2.74519682    
   8.72000027      -2.62896585    
   8.73000050      -2.72084522    
   8.74000072      -2.71935010    
   8.75000095      -2.55877876    
   8.76000023      -2.58468747    
   8.77000046      -2.74674177    
   8.78000069      -2.84903407    
   8.79000092      -2.62076855    
   8.80000019      -2.60058331    
   8.81000042      -2.75140357    
   8.82000065      -2.74830174    
   8.83000088      -2.89271975    
   8.84000015      -2.98428297    
   8.85000038      -2.94967246    
   8.86000061      -2.88382864    
   8.87000084      -3.28841591    
   8.88000107      -2.91073012    
   8.89000034      -2.87676549    
   8.90000057      -3.02624393    
   8.91000080      -2.97454071    
   8.92000103      -2.79738903    
   8.93000031      -2.76073074    
   8.94000053      -2.62212515    
   8.95000076      -2.49440551    
   8.96000099      -2.47070074    
   8.97000027      -2.44071388    
   8.98000050      -2.36311936    
   8.99000072      -2.56390786    
   9.00000095      -2.66956043    
   9.01000023      -2.76386714    
   9.02000046      -2.55367255    
   9.03000069      -2.57554197    
   9.04000092      -2.82371283    
   9.05000019      -2.90707874    
   9.06000042      -3.05102587    
   9.07000065      -3.09595203    
   9.08000088      -3.37999392    
   9.09000111      -3.09596109    
   9.10000038      -3.40653062    
   9.11000061      -3.24938965    
   9.12000084      -3.07217884    
   9.13000107      -3.28048563    
   9.14000034      -3.42764211    
   9.15000057      -3.32348442    
   9.16000080      -3.14530182    
   9.17000103      -3.16150737    
   9.18000031      -3.10034323    
   9.19000053      -3.31799865    
   9.20000076      -3.31255007    
   9.21000099      -2.79738021    
   9.22000027      -2.81044292    
   9.23000050      -2.79090238    
   9.24000072      -2.67670298    
   9.25000095      -2.75603175    
   9.26000023      -2.63445187    
   9.27000046      -2.79737568    
   9.28000069      -2.58994961    
   9.29000092      -2.59655833    
   9.30000019      -2.46836042    
   9.31000042      -2.52483511    
   9.32000065      -2.59391546    
   9.33000088      -2.60860133    
   9.34000111      -2.71335912    
   9.35000038      -2.77176213    
   9.36000061      -2.62486815    
   9.37000084      -2.55241275    
   9.38000107      -2.54104471    
   9.39000034      -2.70890355    
   9.40000057      -2.71188116    
   9.41000080      -2.59260750    
   9.42000103      -2.61669707    
   9.43000031      -2.74520326    
   9.44000053      -2.73752689    
   9.45000076      -2.78128433    
   9.46000099      -2.70739961    
   9.47000027      -2.80553412    
   9.48000050      -2.91071773    
   9.49000072      -2.83882022    
   9.50000095      -2.81705117    
   9.51000023      -2.94964147    
   9.52000046      -3.05941892    
   9.53000069      -2.87149692    
   9.54000092      -2.76230407    
   9.55000114      -2.76230836    
   9.56000042      -2.66956234    
   9.57000065      -2.89449811    
   9.58000088      -2.89988208    
   9.59000111      -2.97455144    
   9.60000038      -2.98037481    
   9.61000061      -3.08292866    
   9.62000084      -2.91986489    
   9.63000107      -2.97068095    
   9.64000034      -3.01407838    
   9.65000057      -3.18039846    
   9.66000080      -3.23670197    
   9.67000103      -3.01609206    
   9.68000031      -2.95154500    
   9.69000053      -3.03855681    
   9.70000076      -2.85416412    
   9.71000099      -2.86453676    
   9.72000027      -2.70444131    
   9.73000050      -2.74059129    
   9.74000072      -2.77968502    
   9.75000095      -2.91071033    
   9.76000023      -2.94774938    
   9.77000046      -3.01004124    
   9.78000069      -3.19960999    
   9.79000092      -3.00603390    
   9.80000114      -2.76229358    
   9.81000042      -2.97841287    
   9.82000065      -3.17799640    
   9.83000088      -3.14299536    
   9.84000111      -3.47764397    
   9.85000038      -3.30443788    
   9.86000061      -3.36844707    
   9.87000084      -3.20205450    
   9.88000107      -2.98231077    
   9.89000034      -3.02013159    
   9.90000057      -2.98036146    
   9.91000080      -3.23168802    
   9.92000103      -3.21182609    
   9.93000031      -3.06791520    
   9.94000053      -3.10696769    
   9.95000076      -2.73448229    
   9.96000099      -2.81376648    
   9.97000027      -2.81873178    
   9.98000050      -2.82039690    
   9.99000072      -2.90891266    
   10.0000010      -2.84222794    
   10.0100012      -2.88559365    
   10.0200005      -2.92354321    
   10.0300007      -2.82372642    
   10.0400009      -2.81046534    
   10.0500011      -2.79415488    
   10.0600004      -2.80881906    
   10.0700006      -2.75917482    
   10.0800009      -2.75138664    
   10.0900011      -2.80226684    
   10.1000004      -2.72235489    
   10.1100006      -2.85587978    
   10.1200008      -3.02013159    
   10.1300011      -3.03647757    
   10.1400003      -3.06790066    
   10.1500006      -3.01608372    
   10.1600008      -3.23669505    
   10.1700010      -3.39761472    
   10.1800003      -3.29638386    
   10.1900005      -3.51686215    
   10.2000008      -3.56816769    
   10.2100010      -3.98957872    
   10.2200003      -3.52021670    
   10.2300005      -3.38291478    
   10.2400007      -3.07431912    
   10.2500010      -3.12257457    
   10.2600012      -3.27521205    
   10.2700005      -3.12258387    
   10.2800007      -3.28310394    
   10.2900009      -3.39464283    
   10.3000011      -3.07004046    
   10.3100004      -3.23922873    
   10.3200006      -2.86974931    
   10.3300009      -3.03648329    
   10.3400011      -3.07003736    
   10.3500004      -3.41851592    
   10.3600006      -3.16150761    
   10.3700008      -3.02623558    
   10.3800011      -3.03031373    
   10.3900003      -3.05312395    
   10.4000006      -3.03855968    
   10.4100008      -3.04270244    
   10.4200010      -2.77175570    
   10.4300003      -2.87501335    
   10.4400005      -2.70002699    
   10.4500008      -2.75762749    
   10.4600010      -2.66244912    
   10.4700003      -2.73754787    
   10.4800005      -2.71337748    
   10.4900007      -2.79578161    
   10.5000010      -2.77810383    
   10.5100012      -2.82872558    
   10.5200005      -2.87149453    
   10.5300007      -2.81045413    
   10.5400009      -3.03440857    
   10.5500011      -3.16149163    
   10.5600004      -3.00200701    
   10.5700006      -3.02417636    
   10.5800009      -3.13610649    
   10.5900011      -3.20934081    
   10.6000004      -3.07001996    
   10.6100006      -2.78768659    
   10.6200008      -2.85587978    
   10.6300011      -2.84390473    
   10.6400003      -2.93091536    
   10.6500006      -2.85074353    
   10.6600008      -2.94400430    
   10.6700010      -3.01608658    
   10.6800003      -2.98231363    
   10.6900005      -2.84561014    
   10.7000008      -2.79739118    
   10.7100010      -2.79738903    
   10.7200012      -3.22916651    
   10.7300005      -2.88203263    
   10.7400007      -2.75138879    
   10.7500010      -2.98819590    
   10.7600012      -2.91985226    
   10.7700005      -2.93837047    
   10.7800007      -2.91071534    
   10.7900009      -3.03443098    
   10.8000011      -2.98231626    
   10.8100004      -3.01608372    
   10.8200006      -3.06155205    
   10.8300009      -3.07432199    
   10.8400011      -3.29906631    
   10.8500004      -3.51353717    
   10.8600006      -3.23168111    
   10.8700008      -3.20203781    
   10.8800011      -3.17089868    
   10.8900003      -3.19719768    
   10.9000006      -3.09159780    
   10.9100008      -3.22420025    
   10.9200010      -3.08725977    
   10.9300003      -3.06154919    
   10.9400005      -2.95915079    
   10.9500008      -3.08509183    
   10.9600010      -3.09376502    
   10.9700012      -3.12706900    
   10.9800005      -3.41250539    
   10.9900007      -3.54732776    
   11.0000010      -3.27000189    
   11.0100012      -3.32899690    
   11.0200005      -3.59302926    
   11.0300007      -3.91732359    
   11.0400009      -3.69518161    
   11.0500011      -3.56815815    
   11.0600004      -3.25705862    
   11.0700006      -3.25706553    
   11.0800009      -3.05732179    
   11.0900011      -2.91072512    
   11.1000004      -2.83713555    
   11.1100006      -3.03649735    
   11.1200008      -2.97648168    
   11.1300011      -2.88381386    
   11.1400003      -2.77650738    
   11.1500006      -2.87150908    
   11.1600008      -2.89628220    
   11.1700010      -2.98232698    
   11.1800013      -2.90891767    
   11.1900005      -3.10919595    
   11.2000008      -3.10697389    
   11.2100010      -3.10476279    
   11.2200012      -2.88029075    
   11.2300005      -2.87676048    
   11.2400007      -2.72689581    
   11.2500010      -2.77651620    
   11.2600012      -2.83712649    
   11.2700005      -2.87324762    
   11.2800007      -3.00402951    
   11.2900009      -3.01606989    
   11.3000011      -2.87149692    
   11.3100004      -2.87851071    
   11.3200006      -2.74983668    
   11.3300009      -2.82871413    
   11.3400011      -2.83713555    
   11.3500004      -2.97065973    
   11.3600006      -3.08291388    
   11.3700008      -2.96681476    
   11.3800011      -2.98623204    
   11.3900003      -2.82871866    
   11.4000006      -2.79253507    
   11.4100008      -2.85588694    
   11.4200010      -2.88557911    
   11.4300013      -3.12706900    
   11.4400005      -3.25450039    
   11.4500008      -3.09375930    
   11.4600010      -2.91435742    
   11.4700012      -2.68684673    
   11.4800005      -2.80390930    
   11.4900007      -2.70148563    
   11.5000010      -2.68249369    
   11.5100012      -2.81540990    
   11.5200005      -2.84901547    
   11.5300007      -2.70592237    
   11.5400009      -2.73446369    
   11.5500011      -2.67527819    
   11.5600004      -2.70444536    
   11.5700006      -2.90165591    
   11.5800009      -3.04891777    
   11.5900011      -2.86624908    
   11.6000004      -2.88912344    
   11.6100006      -2.87674856    
   11.6200008      -2.95342612    
   11.6300011      -2.85416412    
   11.6400013      -2.98426700    
   11.6500006      -2.86106396    
   11.6600008      -2.81706047    
   11.6700010      -2.94774938    
   11.6800013      -2.82705116    
   11.6900005      -2.82871652    
   11.7000008      -2.80717516    
   11.7100010      -2.85760808    
   11.7200012      -2.94588137    
   11.7300005      -2.84731841    
   11.7400007      -2.83207607    
   11.7500010      -2.80881214    
   11.7600012      -2.87675810    
   11.7700005      -2.85759854    
   11.7800007      -2.74983239    
   11.7900009      -2.85414767    
   11.8000011      -2.80553627    
   11.8100004      -2.94023442    
   11.8200006      -3.02214909    
   11.8300009      -3.03235197    
   11.8400011      -3.14297318    
   11.8500004      -3.18752789    
   11.8600006      -3.17089224    
   11.8700008      -2.98621607    
   11.8800011      -3.03648615    
   11.8900013      -3.04476333    
   11.9000006      -2.93092537    
   11.9100008      -2.88913321    
   11.9200010      -2.85073185    
   11.9300013      -2.75293469    
   11.9400005      -2.66812634    
   11.9500008      -2.66812420    
   11.9600010      -2.75292826    
   11.9700012      -2.76072431    
   11.9800005      -2.94962859    
   11.9900007      -2.96678591    
   12.0000010      -2.96487427    
   12.0100012      -3.01403975    
   12.0200005      -3.08073759    
   12.0300007      -3.17089224    
   12.0400009      -3.26737833    
   12.0500011      -3.22666144    
   12.0600004      -3.05942488    
   12.0700006      -3.02216315    
   12.0800009      -3.09594297    
   12.0900011      -3.00004339    
   12.1000004      -3.00803685    
   12.1100006      -2.96680164    
   12.1200008      -2.91436243    
   12.1300011      -3.08074641    
   12.1400013      -3.01204395    
   12.1500006      -2.82038093    
   12.1600008      -2.95914555    
   12.1700010      -2.98427224    
   12.1800013      -2.81706262    
   12.1900005      -2.75605106    
   12.2000008      -2.67242503    
   12.2100010      -2.80882335    
   12.2200012      -2.89092231    
   12.2300005      -2.98232698    
   12.2400007      -2.80554986    
   12.2500010      -2.76387358    
   12.2600012      -2.90891266    
   12.2700005      -2.94400692    
   12.2800007      -2.96874070    
   12.2900009      -3.13843179    
   12.3000011      -2.99213743    
   12.3100004      -3.20449185    
   12.3200006      -2.86975646    
   12.3300009      -2.92353320    
   12.3400011      -2.88381648    
   12.3500013      -3.03238297    
   12.3600006      -3.12482238    
   12.3700008      -2.87852049    
   12.3800011      -2.70149374    
   12.3900013      -2.81872034    
   12.4000006      -2.84901786    
   12.4100008      -2.91801810    
   12.4200010      -2.76386070    
   12.4300013      -2.86975193    
   12.4400005      -2.74984097    
   12.4500008      -2.78127980    
   12.4600010      -2.92535973    
   12.4700012      -2.88027382    
   12.4800005      -3.06365800    
   12.4900007      -3.18037558    
   12.5000010      -3.04477763    
   12.5100012      -3.09377122    
   12.5200005      -3.18038869    
   12.5300007      -3.24937916    
   12.5400009      -3.23670864    
   12.5500011      -3.27521563    
   12.5600004      -3.22171450    
   12.5700006      -2.86107111    
   12.5800009      -2.93650460    
   12.5900011      -3.03031087    
   12.6000013      -3.09594917    
   12.6100006      -3.08939981    
   12.6200008      -2.94776225    
   12.6300011      -2.92168713    
   12.6400013      -2.93837309    
   12.6500006      -2.91253090    
   12.6600008      -3.03236890    
   12.6700010      -2.94211245    
   12.6800013      -3.21922135    
   12.6900005      -3.23168111    
   12.7000008      -3.09815264    
   12.7100010      -3.09596109    
   12.7200012      -3.15452862    
   12.7300005      -3.19477153    
   12.7400007      -3.36270571    
   12.7500010      -3.39759445    
   12.7600012      -3.50033808    
   12.7700005      -3.34571886    
   12.7800007      -3.82248330    
   12.7900009      -3.46489835    
   12.8000011      -3.68724656    
   12.8100014      -3.78692436    
   12.8200006      -3.90743804    
   12.8300009      -3.55768633    
   12.8400011      -3.74000120    
   12.8500013      -3.36271358    
   12.8600006      -3.38291073    
   12.8700008      -3.50361013    
   12.8800011      -3.73171520    
   12.8900013      -3.32899690    
   12.9000006      -3.53706574    
   12.9100008      -3.18039203    
   12.9200010      -3.11585522    
   12.9300013      -2.96298456    
   12.9400005      -3.02624416    
   12.9500008      -2.98428559    
   12.9600010      -3.21675467    
   12.9700012      -3.13161182    
   12.9800005      -3.12707829    
   12.9900007      -3.12932706    
   13.0000010      -3.12256837    
   13.0100012      -3.24683356    
   13.0200005      -3.20448518    
   13.0300007      -3.32073593    
   13.0400009      -3.56114244    
   13.0500011      -3.46807408    
   13.0600014      -3.31527996    
   13.0700006      -3.16152668    
   13.0800009      -3.23167086    
   13.0900011      -3.36558008    
   13.1000013      -3.31802106    
   13.1100006      -3.11809111    
   13.1200008      -2.99806166    
   13.1300011      -3.18995643    
   13.1400013      -3.14990640    
   13.1500006      -3.04894352    
   13.1600008      -2.97647381    
   13.1700010      -3.18755102    
   13.1800013      -3.08507419    
   13.1900005      -3.08507705    
   13.2000008      -2.88913560    
   13.2100010      -2.84391642    
   13.2200012      -3.14299512    
   13.2300005      -3.07861304    
   13.2400007      -3.03650022    
   13.2500010      -2.96297669    
   13.2600012      -2.97841287    
   13.2700014      -3.09377122    
   13.2800007      -2.97066236    
   13.2900009      -3.25448990    
   13.3000011      -3.12031651    
   13.3100014      -3.06790638    
   13.3200006      -2.96104622    
   13.3300009      -2.89448094    
   13.3400011      -2.85416627    
   13.3500013      -2.79738021    
   13.3600006      -2.83375216    
   13.3700008      -2.89270735    
   13.3800011      -2.97646570    
   13.3900013      -2.93463731    
   13.4000006      -2.77174687    
   13.4100008      -2.81376648    
   13.4200010      -2.82203746    
   13.4300013      -2.93093061    
   13.4400005      -2.83040977    
   13.4500008      -2.89270258    
   13.4600010      -3.00205612    
   13.4700012      -3.04270816    
   13.4800005      -3.07645488    
   13.4900007      -2.88736677    
   13.5000010      -2.98623753    
   13.5100012      -2.99410462    
   13.5200014      -2.91802073    
   13.5300007      -3.02828240    
   13.5400009      -2.97453022    
   13.5500011      -3.15452862    
   13.5600014      -3.22667527    
   13.5700006      -3.15917420    
   13.5800009      -3.17326117    
   13.5900011      -2.98427081    
   13.6000013      -3.13385963    
   13.6100006      -3.12932062    
   13.6200008      -3.32899690    
   13.6300011      -3.44918323    
   13.6400013      -3.49053407    
   13.6500006      -3.44298172    
   13.6600008      -3.45544267    
   13.6700010      -3.42457771    
   13.6800013      -3.18994975    
   13.6900005      -3.06154203    
   13.7000008      -3.21674967    
   13.7100010      -3.23670006    
   13.7200012      -3.32899499    
   13.7300005      -3.10916567    
   13.7400007      -3.05311966    
   13.7500010      -3.04476619    
   13.7600012      -3.09814072    
   13.7700014      -3.01607132    
   13.7800007      -2.93836522    
   13.7900009      -3.00602293    
   13.8000011      -3.10694504    
   13.8100014      -2.99409127    
   13.8200006      -2.88735104    
   13.8300009      -2.78448486    
   13.8400011      -2.75760412    
   13.8500013      -2.79576826    
   13.8600006      -2.79092002    
   13.8700008      -2.77650976    
   13.8800011      -2.76230407    
   13.8900013      -2.77810383    
   13.9000006      -2.82872438    
   13.9100008      -2.87150311    
   13.9200010      -2.91985989    
   13.9300013      -2.98623085    
   13.9400005      -2.89448714    
   13.9500008      -3.06791067    
   13.9600010      -3.14299512    
   13.9700012      -3.11807728    
   13.9800014      -3.16619515    
   13.9900007      -3.05521917    
   14.0000010      -3.05942607    
   14.0100012      -3.10694957    
   14.0200014      -2.91984582    
   14.0300007      -2.83881545    
   14.0400009      -2.84561014    
   14.0500011      -2.92721748    
   14.0600014      -2.83543897    
   14.0700006      -2.81706619    
   14.0800009      -2.77650309    
   14.0900011      -2.73752904    
   14.1000013      -2.78930640    
   14.1100006      -2.89448953    
   14.1200008      -2.81872725    
   14.1300011      -3.00603676    
   14.1400013      -3.08941770    
   14.1500006      -3.10255051    
   14.1600008      -3.00005436    
   14.1700010      -3.08292270    
   14.1800013      -3.12256694    
   14.1900005      -3.20693183    
   14.2000008      -3.19236588    
   14.2100010      -3.25963378    
   14.2200012      -3.03649306    
   14.2300014      -3.09158897    
   14.2400007      -3.04269528    
   14.2500010      -3.04685688    
   14.2600012      -2.99607706    
   14.2700014      -3.19236112    
   14.2800007      -3.05731916    
   14.2900009      -2.95343494    
   14.3000011      -2.91984987    
   14.3100014      -3.02622604    
   14.3200006      -3.18754601    
   14.3300009      -3.26479363    
   14.3400011      -3.14988732    
   14.3500013      -3.26738906    
   14.3600006      -3.25705147    
   14.3700008      -3.29638195    
   14.3800011      -3.18994641    
   14.3900013      -3.30443239    
   14.4000006      -3.46489406    
   14.4100008      -3.33731341    
   14.4200010      -3.18516111    
   14.4300013      -3.05312395    
   14.4400015      -3.08507848    
   14.4500008      -3.14760303    
   14.4600010      -3.09596109    
   14.4700012      -3.10034180    
   14.4800014      -3.03855681    
   14.4900007      -3.02216434    
   14.5000010      -3.07860136    
   14.5100012      -3.05102873    
   14.5200014      -3.20449185    
   14.5300007      -3.29371762    
   14.5400009      -3.21429253    
   14.5500011      -3.23922515    
   14.5600014      -3.22667694    
   14.5700006      -3.12932706    
   14.5800009      -3.12707210    
   14.5900011      -3.22418332    
   14.6000013      -3.43067193    
   14.6100006      -3.47124887    
   14.6200008      -3.37419796    
   14.6300011      -3.19235110    
   14.6400013      -3.08506513    
   14.6500006      -3.13158059    
   14.6600008      -3.17562270    
   14.6700010      -3.09376216    
   14.6800013      -3.18514466    
   14.6900015      -3.24936175    
   14.7000008      -3.18994331    
   14.7100010      -3.15684485    
   14.7200012      -2.99015117    
   14.7300014      -3.04684544    
   14.7400007      -3.23166895    
   14.7500010      -3.27783108    
   14.7600012      -3.29371405    
   14.7700014      -3.40054870    
   14.7800007      -3.57518721    
   14.7900009      -3.50691366    
   14.8000011      -3.48406935    
   14.8100014      -3.54047251    
   14.8200006      -3.17800760    
   14.8300009      -3.31255746    
   14.8400011      -3.35986280    
   14.8500013      -3.32349396    
   14.8600006      -3.44300723    
   14.8700008      -3.44920874    
   14.8800011      -3.38877559    
   14.8900013      -3.23923731    
   14.9000015      -3.29906988    
   14.9100008      -3.07431746    
   14.9200010      -3.08941603    
   14.9300013      -3.31256485    
   14.9400015      -3.15221643    
   14.9500008      -3.16619849    
   14.9600010      -3.15685582    
   14.9700012      -3.11361527    
   14.9800014      -3.12256217    
   14.9900007      -3.01003981    
   15.0000010      -3.12481141    
   15.0100012      -3.04685116    
   15.0200014      -3.33175707    
   15.0300007      -3.32899308    
   15.0400009      -3.34570551    
   15.0500011      -3.43374038    
   15.0600014      -3.40650225    
   15.0700006      -3.26999116    
   15.0800009      -3.27259469    
   15.0900011      -3.25448990    
   15.1000013      -3.32898569    
   15.1100006      -3.32348633    
   15.1200008      -3.44919395    
   15.1300011      -3.43068242    
   15.1400013      -3.25449347    
   15.1500015      -3.10254312    
   15.1600008      -3.14529562    
   15.1700010      -3.18755913    
   15.1800013      -3.27260709    
   15.1900015      -3.18038535    
   15.2000008      -3.15685582    
   15.2100010      -3.09595203    
   15.2200012      -3.10695410    
   15.2300014      -2.96296620    
   15.2400007      -2.86974692    
   15.2500010      -3.01204538    
   15.2600012      -3.00803137    
   15.2700014      -2.99212527    
   15.2800007      -3.01810002    
   15.2900009      -2.92907357    
   15.3000011      -3.07004189    
   15.3100014      -3.08075953    
   15.3200006      -3.12257910    
   15.3300009      -3.05733490    
   15.3400011      -3.16621470    
   15.3500013      -3.15454149    
   15.3600006      -3.16152191    
   15.3700008      -3.22917676    
   15.3800011      -3.24175668    
   15.3900013      -3.23670864    
   15.4000015      -3.64848137    
   15.4100008      -3.51020980    
   15.4200010      -3.40054679    
   15.4300013      -3.37130451    
   15.4400015      -3.49378324    
   15.4500008      -3.43988895    
   15.4600010      -3.66380954    
   15.4700012      -3.64090443    
   15.4800014      -3.76532030    
   15.4900007      -3.64468694    
   15.5000010      -3.58942199    
   15.5100012      -3.41550612    
   15.5200014      -3.60024071    
   15.5300007      -3.61117530    
   15.5400009      -3.62593579    
   15.5500011      -3.61483932    
   15.5600014      -3.57166529    
   15.5700006      -3.33176470    
   15.5800009      -3.34011364    
   15.5900011      -3.30444527    
   15.6000013      -3.39169979    
   15.6100016      -3.28575635    
   15.6200008      -3.26480436    
   15.6300011      -3.07431173    
   15.6400013      -3.05943203    
   15.6500015      -3.07217312    
   15.6600008      -3.02012897    
   15.6700010      -3.12256837    
   15.6800013      -3.32074332    
   15.6900015      -3.26999664    
   15.7000008      -3.17090344    
   15.7100010      -3.13613772    
   15.7200012      -3.14989352    
   15.7300014      -3.17326593    
   15.7400007      -3.26999474    
   15.7500010      -3.41549802    
   15.7600012      -3.41249299    
   15.7700014      -3.44608617    
   15.7800007      -3.31527066    
   15.7900009      -3.26221037    
   15.8000011      -3.22170091    
   15.8100014      -3.31527424    
   15.8200006      -3.48406720    
   15.8300009      -3.58229017    
   15.8400011      -3.44608617    
   15.8500013      -3.31255364    
   15.8600016      -3.32074714    
   15.8700008      -3.26999283    
   15.8800011      -3.21428227    
   15.8900013      -3.21675467    
   15.9000015      -3.13841629    
   15.9100008      -3.30174303    
   15.9200010      -3.36843514    
   15.9300013      -3.23418498    
   15.9400015      -3.10695577    
   15.9500008      -3.22169924    
   15.9600010      -3.30713463    
   15.9700012      -3.23921824    
   15.9800014      -3.34570742    
   15.9900007      -3.67155743    
