   0.00000000       7.15253191E-06
   5.00000024E-04  -2.02503055E-03
   1.00000005E-03  -4.04956192E-03
   1.50000001E-03  -6.06560754E-03
   2.00000009E-03  -8.07346776E-03
   2.50000018E-03  -1.00485804E-02
   3.00000003E-03  -1.18690776E-02
   3.50000011E-03  -1.35809928E-02
   4.00000019E-03  -1.52818616E-02
   4.50000027E-03  -1.68968160E-02
   5.00000035E-03  -1.83503963E-02
   5.50000044E-03  -1.97152644E-02
   6.00000005E-03  -2.09902041E-02
   6.50000013E-03  -2.21991241E-02
   7.00000022E-03  -2.34671682E-02
   7.50000030E-03  -2.47445814E-02
   8.00000038E-03  -2.60309707E-02
   8.50000046E-03  -2.74290368E-02
   9.00000054E-03  -2.88631096E-02
   9.50000063E-03  -3.02564818E-02
   1.00000007E-02  -3.16861272E-02
   1.05000008E-02  -3.31526324E-02
   1.10000009E-02  -3.46563980E-02
   1.15000010E-02  -3.61713916E-02
   1.20000001E-02  -3.76720950E-02
   1.25000002E-02  -3.91045809E-02
   1.30000003E-02  -4.05748747E-02
   1.35000004E-02  -4.18427065E-02
   1.40000004E-02  -4.29593883E-02
   1.45000005E-02  -4.40571941E-02
   1.50000006E-02  -4.51090075E-02
   1.55000007E-02  -4.61413860E-02
   1.60000008E-02  -4.72088903E-02
   1.64999999E-02  -4.83937636E-02
   1.70000009E-02  -4.94773909E-02
   1.75000001E-02  -5.05689010E-02
   1.80000011E-02  -5.15860394E-02
   1.85000002E-02  -5.25546446E-02
   1.90000013E-02  -5.35024330E-02
   1.95000004E-02  -5.44291548E-02
   2.00000014E-02  -5.53910099E-02
   2.05000006E-02  -5.63035943E-02
   2.10000016E-02  -5.72512187E-02
   2.15000007E-02  -5.81486374E-02
   2.20000017E-02  -5.89382984E-02
   2.25000009E-02  -5.97335845E-02
   2.30000019E-02  -6.05062619E-02
   2.35000011E-02  -6.11683913E-02
   2.40000002E-02  -6.18351437E-02
   2.45000012E-02  -6.24484718E-02
   2.50000004E-02  -6.30663708E-02
   2.55000014E-02  -6.36296347E-02
   2.60000005E-02  -6.41676113E-02
   2.65000015E-02  -6.47688955E-02
   2.70000007E-02  -6.53445721E-02
   2.75000017E-02  -6.59847036E-02
   2.80000009E-02  -6.65993094E-02
   2.85000019E-02  -6.72185645E-02
   2.90000010E-02  -6.77818805E-02
   2.95000020E-02  -6.83492795E-02
   3.00000012E-02  -6.88905641E-02
   3.05000022E-02  -6.93743899E-02
   3.10000014E-02  -6.98311552E-02
   3.15000005E-02  -7.02910721E-02
   3.20000015E-02  -7.07236230E-02
   3.25000025E-02  -7.11593106E-02
   3.29999998E-02  -7.15670735E-02
   3.35000008E-02  -7.18836114E-02
   3.40000018E-02  -7.21710324E-02
   3.45000029E-02  -7.24923015E-02
   3.50000001E-02  -7.27840066E-02
   3.55000012E-02  -7.30777755E-02
   3.60000022E-02  -7.33418688E-02
   3.65000032E-02  -7.36081526E-02
   3.70000005E-02  -7.38438964E-02
   3.75000015E-02  -7.41138384E-02
   3.80000025E-02  -7.43533000E-02
   3.85000035E-02  -7.45949298E-02
   3.90000008E-02  -7.48054087E-02
   3.95000018E-02  -7.49516115E-02
   4.00000028E-02  -7.50659779E-02
   4.05000001E-02  -7.52140880E-02
   4.10000011E-02  -7.53303394E-02
   4.15000021E-02  -7.54473135E-02
   4.20000032E-02  -7.55315796E-02
   4.25000004E-02  -7.56166950E-02
   4.30000015E-02  -7.56684467E-02
   4.35000025E-02  -7.57207125E-02
   4.40000035E-02  -7.57733732E-02
   4.45000008E-02  -7.57922754E-02
   4.50000018E-02  -7.57769123E-02
   4.55000028E-02  -7.57615417E-02
   4.60000038E-02  -7.58151636E-02
   4.65000011E-02  -7.59387612E-02
   4.70000021E-02  -7.61330500E-02
   4.75000031E-02  -7.63991103E-02
   4.80000004E-02  -7.66320378E-02
   4.85000014E-02  -7.69021586E-02
   4.90000024E-02  -7.72100165E-02
   4.95000035E-02  -7.74846748E-02
   5.00000007E-02  -7.77619854E-02
   5.05000018E-02  -7.80411139E-02
   5.10000028E-02  -7.83591196E-02
   5.15000038E-02  -7.86433816E-02
   5.20000011E-02  -7.89301023E-02
   5.25000021E-02  -7.91825876E-02
   5.30000031E-02  -7.94006139E-02
   5.35000041E-02  -7.95833170E-02
   5.40000014E-02  -7.98051059E-02
   5.45000024E-02  -7.99909830E-02
   5.50000034E-02  -8.01416934E-02
   5.55000044E-02  -8.02558735E-02
   5.60000017E-02  -8.03331882E-02
   5.65000027E-02  -8.04114118E-02
   5.70000038E-02  -8.04900900E-02
   5.75000010E-02  -8.05694908E-02
   5.80000021E-02  -8.06112885E-02
   5.85000031E-02  -8.06920528E-02
   5.90000041E-02  -8.07733387E-02
   5.95000014E-02  -8.08554068E-02
   6.00000024E-02  -8.09384584E-02
   6.05000034E-02  -8.10610652E-02
   6.10000044E-02  -8.12637880E-02
   6.15000017E-02  -8.15077424E-02
   6.20000027E-02  -8.17540213E-02
   6.25000000E-02  -8.19626451E-02
   6.30000010E-02  -8.21330026E-02
   6.35000020E-02  -8.23048800E-02
   6.40000030E-02  -8.24784040E-02
   6.45000041E-02  -8.26535746E-02
   6.50000051E-02  -8.28711316E-02
   6.55000061E-02  -8.30908641E-02
   6.59999996E-02  -8.31888020E-02
   6.65000007E-02  -8.32463205E-02
   6.70000017E-02  -8.33456367E-02
   6.75000027E-02  -8.34880397E-02
   6.80000037E-02  -8.36318284E-02
   6.85000047E-02  -8.37347433E-02
   6.90000057E-02  -8.37536082E-02
   6.95000067E-02  -8.37723985E-02
   7.00000003E-02  -8.37917775E-02
   7.05000013E-02  -8.38541985E-02
   7.10000023E-02  -8.38739052E-02
   7.15000033E-02  -8.38940665E-02
   7.20000044E-02  -8.38703364E-02
   7.25000054E-02  -8.38465467E-02
   7.30000064E-02  -8.39551240E-02
   7.34999999E-02  -8.41535106E-02
   7.40000010E-02  -8.43537450E-02
   7.45000020E-02  -8.46009254E-02
   7.50000030E-02  -8.48509520E-02
   7.55000040E-02  -8.50578845E-02
   7.60000050E-02  -8.52213725E-02
   7.65000060E-02  -8.54324698E-02
   7.70000070E-02  -8.56459513E-02
   7.75000006E-02  -8.59078020E-02
   7.80000016E-02  -8.62189680E-02
   7.85000026E-02  -8.63931775E-02
   7.90000036E-02  -8.66162851E-02
   7.95000046E-02  -8.67943317E-02
   8.00000057E-02  -8.69744867E-02
   8.05000067E-02  -8.72042328E-02
   8.10000002E-02  -8.74847695E-02
   8.15000013E-02  -8.77683833E-02
   8.20000023E-02  -8.80550668E-02
   8.25000033E-02  -8.83449614E-02
   8.30000043E-02  -8.86381269E-02
   8.35000053E-02  -8.89345780E-02
   8.40000063E-02  -8.92842859E-02
   8.45000073E-02  -8.96377712E-02
   8.50000009E-02  -8.99955630E-02
   8.55000019E-02  -9.04082134E-02
   8.60000029E-02  -9.08255354E-02
   8.65000039E-02  -9.12478715E-02
   8.70000049E-02  -9.16753411E-02
