   0.00000000      -9.83483274E-04
   5.00000024E-04  -4.64149937E-03
   1.00000005E-03  -8.28013103E-03
   1.50000001E-03  -1.18909124E-02
   2.00000009E-03  -1.54240998E-02
   2.50000018E-03  -1.88290142E-02
   3.00000003E-03  -2.21459232E-02
   3.50000011E-03  -2.53155213E-02
   4.00000019E-03  -2.83948723E-02
   4.50000027E-03  -3.13161314E-02
   5.00000035E-03  -3.41282077E-02
   5.50000044E-03  -3.68133932E-02
   6.00000005E-03  -3.93536538E-02
   6.50000013E-03  -4.18495461E-02
   7.00000022E-03  -4.42922413E-02
   7.50000030E-03  -4.66898903E-02
   8.00000038E-03  -4.90932427E-02
   8.50000046E-03  -5.15793860E-02
   9.00000054E-03  -5.41574880E-02
   9.50000063E-03  -5.68110757E-02
   1.00000007E-02  -5.95148057E-02
   1.05000008E-02  -6.22085519E-02
   1.10000009E-02  -6.49529472E-02
   1.15000010E-02  -6.76092282E-02
   1.20000001E-02  -7.02290460E-02
   1.25000002E-02  -7.27771446E-02
   1.30000003E-02  -7.52353519E-02
   1.35000004E-02  -7.75679573E-02
   1.40000004E-02  -7.97475874E-02
   1.45000005E-02  -8.18173513E-02
   1.50000006E-02  -8.38384479E-02
   1.55000007E-02  -8.58281776E-02
   1.60000008E-02  -8.77775550E-02
   1.64999999E-02  -8.97218138E-02
   1.70000009E-02  -9.16699246E-02
   1.75000001E-02  -9.36039612E-02
   1.80000011E-02  -9.55774933E-02
   1.85000002E-02  -9.75997448E-02
   1.90000013E-02  -9.96081159E-02
   1.95000004E-02 -0.101719439    
   2.00000014E-02 -0.103880331    
   2.05000006E-02 -0.106063925    
   2.10000016E-02 -0.108234234    
   2.15000007E-02 -0.110427432    
   2.20000017E-02 -0.112598106    
   2.25000009E-02 -0.114691541    
   2.30000019E-02 -0.116743676    
   2.35000011E-02 -0.118781775    
   2.40000002E-02 -0.120732374    
   2.45000012E-02 -0.122622430    
   2.50000004E-02 -0.124479339    
   2.55000014E-02 -0.126321241    
   2.60000005E-02 -0.128175750    
   2.65000015E-02 -0.129996717    
   2.70000007E-02 -0.131848827    
   2.75000017E-02 -0.133732155    
   2.80000009E-02 -0.135665670    
   2.85000019E-02 -0.137658820    
   2.90000010E-02 -0.139637232    
   2.95000020E-02 -0.141619638    
   3.00000012E-02 -0.143615261    
   3.05000022E-02 -0.145502225    
   3.10000014E-02 -0.147383228    
   3.15000005E-02 -0.149211243    
   3.20000015E-02 -0.151004821    
   3.25000025E-02 -0.152763784    
   3.29999998E-02 -0.154412031    
   3.35000008E-02 -0.155996546    
   3.40000018E-02 -0.157517001    
   3.45000029E-02 -0.158973113    
   3.50000001E-02 -0.160459891    
   3.55000012E-02 -0.161920294    
   3.60000022E-02 -0.163402006    
   3.65000032E-02 -0.164876267    
   3.70000005E-02 -0.166333497    
   3.75000015E-02 -0.167869776    
   3.80000025E-02 -0.169427678    
   3.85000035E-02 -0.171065032    
   3.90000008E-02 -0.172705144    
   3.95000018E-02 -0.174338311    
   4.00000028E-02 -0.175945058    
   4.05000001E-02 -0.177534968    
   4.10000011E-02 -0.179127425    
   4.15000021E-02 -0.180702910    
   4.20000032E-02 -0.182183474    
   4.25000004E-02 -0.183646679    
   4.30000015E-02 -0.185033783    
   4.35000025E-02 -0.186471805    
   4.40000035E-02 -0.187882468    
   4.45000008E-02 -0.189265668    
   4.50000018E-02 -0.190709770    
   4.55000028E-02 -0.192185521    
   4.60000038E-02 -0.193673357    
   4.65000011E-02 -0.195173204    
   4.70000021E-02 -0.196704969    
   4.75000031E-02 -0.198239148    
   4.80000004E-02 -0.199805394    
   4.85000014E-02 -0.201384082    
   4.90000024E-02 -0.202965200    
   4.95000035E-02 -0.204499006    
   5.00000007E-02 -0.206015259    
   5.05000018E-02 -0.207523763    
   5.10000028E-02 -0.209004492    
   5.15000038E-02 -0.210457399    
   5.20000011E-02 -0.211842075    
   5.25000021E-02 -0.213158295    
   5.30000031E-02 -0.214435995    
   5.35000041E-02 -0.215664968    
   5.40000014E-02 -0.216885298    
   5.45000024E-02 -0.218117207    
   5.50000034E-02 -0.219360813    
   5.55000044E-02 -0.220616072    
   5.60000017E-02 -0.221903339    
   5.65000027E-02 -0.223243088    
   5.70000038E-02 -0.224615067    
   5.75000010E-02 -0.226009339    
   5.80000021E-02 -0.227405548    
   5.85000031E-02 -0.228752688    
   5.90000041E-02 -0.230101570    
   5.95000014E-02 -0.231380686    
   6.00000024E-02 -0.232661352    
   6.05000034E-02 -0.233923182    
   6.10000044E-02 -0.235196859    
   6.15000017E-02 -0.236451641    
   6.20000027E-02 -0.237687349    
   6.25000000E-02 -0.238924503    
   6.30000010E-02 -0.240163267    
   6.35000020E-02 -0.241424292    
   6.40000030E-02 -0.242707565    
   6.45000041E-02 -0.244033948    
   6.50000051E-02 -0.245362177    
   6.55000061E-02 -0.246692091    
   6.59999996E-02 -0.248096645    
   6.65000007E-02 -0.249513671    
   6.70000017E-02 -0.250964016    
   6.75000027E-02 -0.252405971    
   6.80000037E-02 -0.253850013    
   6.85000047E-02 -0.255254209    
   6.90000057E-02 -0.256649882    
   6.95000067E-02 -0.258005470    
   7.00000003E-02 -0.259331256    
   7.05000013E-02 -0.260679960    
   7.10000023E-02 -0.261977673    
   7.15000033E-02 -0.263266444    
   7.20000044E-02 -0.264588714    
   7.25000054E-02 -0.265912652    
   7.30000064E-02 -0.267217189    
   7.34999999E-02 -0.268480837    
   7.40000010E-02 -0.269820631    
   7.45000020E-02 -0.271172881    
   7.50000030E-02 -0.272590995    
   7.55000040E-02 -0.274043143    
   7.60000050E-02 -0.275518805    
   7.65000060E-02 -0.276996613    
   7.70000070E-02 -0.278476626    
   7.75000006E-02 -0.279937387    
   7.80000016E-02 -0.281367987    
   7.85000026E-02 -0.282811373    
   7.90000036E-02 -0.284235328    
   7.95000046E-02 -0.285650432    
   8.00000057E-02 -0.287045836    
   8.05000067E-02 -0.288454115    
   8.10000002E-02 -0.289842725    
   8.15000013E-02 -0.291233182    
   8.20000023E-02 -0.292647362    
   8.25000033E-02 -0.294063568    
   8.30000043E-02 -0.295503557    
   8.35000053E-02 -0.297000319    
   8.40000063E-02 -0.298477471    
   8.45000073E-02 -0.299978703    
   8.50000009E-02 -0.301449239    
   8.55000019E-02 -0.302965909    
   8.60000029E-02 -0.304462910    
   8.65000039E-02 -0.305995166    
   8.70000049E-02 -0.307563037    
   8.75000060E-02 -0.309111178    
   8.80000070E-02 -0.310661733    
   8.85000005E-02 -0.312192440    
   8.90000015E-02 -0.313725531    
   8.95000026E-02 -0.315261036    
   9.00000036E-02 -0.316787690    
   9.05000046E-02 -0.318249643    
   9.10000056E-02 -0.319691360    
   9.15000066E-02 -0.321168840    
   9.20000076E-02 -0.322670877    
   9.25000012E-02 -0.324197680    
   9.30000022E-02 -0.325726748    
   9.35000032E-02 -0.327269495    
   9.40000042E-02 -0.328825951    
   9.45000052E-02 -0.330362111    
   9.50000063E-02 -0.331900716    
   9.55000073E-02 -0.333418995    
   9.60000008E-02 -0.334939539    
   9.65000018E-02 -0.336473882    
   9.70000029E-02 -0.337987751    
   9.75000039E-02 -0.339458197    
   9.80000049E-02 -0.340930939    
   9.85000059E-02 -0.342382878    
   9.90000069E-02 -0.343836963    
   9.95000079E-02 -0.345270187    
  0.100000001     -0.346693993    
  0.100500003     -0.348108351    
  0.101000004     -0.349513203    
  0.101500005     -0.350919962    
  0.102000006     -0.352328777    
  0.102500007     -0.353762686    
  0.103000008     -0.355221748    
  0.103500009     -0.356694698    
  0.104000002     -0.358146489    
  0.104500003     -0.359577149    
  0.105000004     -0.361056447    
  0.105500005     -0.362561256    
  0.106000006     -0.364056766    
  0.106500007     -0.365566075    
  0.107000008     -0.367066085    
  0.107500002     -0.368568242    
  0.108000003     -0.370049179    
  0.108500004     -0.371520489    
  0.109000005     -0.373017609    
  0.109500006     -0.374481499    
  0.110000007     -0.375923932    
  0.110500008     -0.377403915    
  0.111000009     -0.378897995    
  0.111500002     -0.380394250    
  0.112000003     -0.381880969    
  0.112500004     -0.383381784    
  0.113000005     -0.384860933    
  0.113500006     -0.386342287    
  0.114000008     -0.387813866    
  0.114500009     -0.389299601    
  0.115000002     -0.390751541    
  0.115500003     -0.392205536    
  0.116000004     -0.393649668    
  0.116500005     -0.395107895    
  0.117000006     -0.396580428    
  0.117500007     -0.398055017    
  0.118000008     -0.399507612    
  0.118500009     -0.400925934    
  0.119000003     -0.402346253    
  0.119500004     -0.403732091    
  0.120000005     -0.405132085    
  0.120500006     -0.406546235    
  0.121000007     -0.407937914    
  0.121500008     -0.409368217    
  0.122000009     -0.410800606    
  0.122500002     -0.412210464    
  0.123000003     -0.413622409    
  0.123500004     -0.415048510    
  0.124000005     -0.416476756    
  0.124500006     -0.417919368    
  0.125000000     -0.419376373    
  0.125500008     -0.420810819    
  0.126000002     -0.422197759    
  0.126500010     -0.423561722    
  0.127000004     -0.424940079    
  0.127500013     -0.426320285    
  0.128000006     -0.427727342    
  0.128500000     -0.429161280    
  0.129000008     -0.430622309    
  0.129500002     -0.432097971    
  0.130000010     -0.433600903    
  0.130500004     -0.435118705    
  0.131000012     -0.436651289    
  0.131500006     -0.438173652    
  0.131999999     -0.439723611    
  0.132500008     -0.441301256    
  0.133000001     -0.442868680    
  0.133500010     -0.444425821    
  0.134000003     -0.445960194    
  0.134500012     -0.447496802    
  0.135000005     -0.449010372    
  0.135500014     -0.450500727    
  0.136000007     -0.451980472    
  0.136500001     -0.453449726    
  0.137000009     -0.454946697    
  0.137500003     -0.456433028    
  0.138000011     -0.457908869    
  0.138500005     -0.459399700    
  0.139000013     -0.460931301    
  0.139500007     -0.462542802    
  0.140000001     -0.464169681    
  0.140500009     -0.465812266    
  0.141000003     -0.467444569    
  0.141500011     -0.469014585    
  0.142000005     -0.470561117    
  0.142500013     -0.472136021    
  0.143000007     -0.473713428    
  0.143500000     -0.475293338    
  0.144000009     -0.476875812    
  0.144500002     -0.478460729    
  0.145000011     -0.480021924    
  0.145500004     -0.481585503    
  0.146000013     -0.483112067    
  0.146500006     -0.484640986    
  0.147000000     -0.486211777    
  0.147500008     -0.487824857    
  0.148000002     -0.489453793    
  0.148500010     -0.491098583    
  0.149000004     -0.492732763    
  0.149500012     -0.494356394    
  0.150000006     -0.495969266    
  0.150500014     -0.497584760    
  0.151000008     -0.499256432    
  0.151500002     -0.500917494    
  0.152000010     -0.502567887    
  0.152500004     -0.504220963    
  0.153000012     -0.505890310    
  0.153500006     -0.507548809    
  0.154000014     -0.509210229    
  0.154500008     -0.510860860    
  0.155000001     -0.512473404    
  0.155500010     -0.514034390    
  0.156000003     -0.515611351    
  0.156500012     -0.517204404    
  0.157000005     -0.518813610    
  0.157500014     -0.520411789    
  0.158000007     -0.522026181    
  0.158500001     -0.523643315    
  0.159000009     -0.525262952    
  0.159500003     -0.526871443    
  0.160000011     -0.528482556    
  0.160500005     -0.530082524    
  0.161000013     -0.531643391    
  0.161500007     -0.533193052    
  0.162000000     -0.534772754    
  0.162500009     -0.536341131    
  0.163000003     -0.537925839    
  0.163500011     -0.539499164    
  0.164000005     -0.541060925    
  0.164500013     -0.542639196    
  0.165000007     -0.544233918    
  0.165500015     -0.545845330    
  0.166000009     -0.547487319    
  0.166500002     -0.549103856    
  0.167000011     -0.550694823    
  0.167500004     -0.552274227    
  0.168000013     -0.553856194    
  0.168500006     -0.555483043    
  0.169000015     -0.557126820    
  0.169500008     -0.558759093    
  0.170000002     -0.560408175    
  0.170500010     -0.562074304    
  0.171000004     -0.563743174    
  0.171500012     -0.565429211    
  0.172000006     -0.567132294    
  0.172500014     -0.568795323    
  0.173000008     -0.570389271    
  0.173500001     -0.572028875    
  0.174000010     -0.573642433    
  0.174500003     -0.575229704    
  0.175000012     -0.576761484    
  0.175500005     -0.578281343    
  0.176000014     -0.579788923    
  0.176500008     -0.581313252    
  0.177000001     -0.582869053    
  0.177500010     -0.584441900    
  0.178000003     -0.586061001    
  0.178500012     -0.587711930    
  0.179000005     -0.589365661    
  0.179500014     -0.591051340    
  0.180000007     -0.592754722    
  0.180500016     -0.594460845    
  0.181000009     -0.596155286    
  0.181500003     -0.597837746    
  0.182000011     -0.599523067    
  0.182500005     -0.601226091    
  0.183000013     -0.602931917    
  0.183500007     -0.604625881    
  0.184000015     -0.606307805    
  0.184500009     -0.607947767    
  0.185000002     -0.609605372    
  0.185500011     -0.611280799    
  0.186000004     -0.613003850    
  0.186500013     -0.614760041    
  0.187000006     -0.616504252    
  0.187500015     -0.618311822    
  0.188000008     -0.620092392    
  0.188500002     -0.621876180    
  0.189000010     -0.623663247    
  0.189500004     -0.625438213    
  0.190000013     -0.627246737    
  0.190500006     -0.629012942    
  0.191000015     -0.630812705    
  0.191500008     -0.632600427    
  0.192000002     -0.634406805    
  0.192500010     -0.636262357    
  0.193000004     -0.638105989    
  0.193500012     -0.639922202    
  0.194000006     -0.641726315    
  0.194500014     -0.643549144    
  0.195000008     -0.645375371    
  0.195500016     -0.647204876    
  0.196000010     -0.649022222    
  0.196500003     -0.650842845    
  0.197000012     -0.652666748    
  0.197500005     -0.654478431    
  0.198000014     -0.656230688    
  0.198500007     -0.657986104    
  0.199000016     -0.659697354    
  0.199500009     -0.661395967    
  0.200000003     -0.663097322    
  0.200500011     -0.664801598    
  0.201000005     -0.666508913    
  0.201500013     -0.668187261    
  0.202000007     -0.669836879    
  0.202500015     -0.671489060    
  0.203000009     -0.673159957    
  0.203500003     -0.674833715    
  0.204000011     -0.676526070    
  0.204500005     -0.678237438    
  0.205000013     -0.679951727    
  0.205500007     -0.681652963    
  0.206000015     -0.683389127    
  0.206500009     -0.685192943    
  0.207000017     -0.687016129    
  0.207500011     -0.688826382    
  0.208000004     -0.690656185    
  0.208500013     -0.692505538    
  0.209000006     -0.694325864    
  0.209500015     -0.696182072    
  0.210000008     -0.698009074    
  0.210500017     -0.699806690    
  0.211000010     -0.701623917    
  0.211500004     -0.703378797    
  0.212000012     -0.705136776    
  0.212500006     -0.706864893    
  0.213000014     -0.708612502    
  0.213500008     -0.710363209    
  0.214000016     -0.712116957    
  0.214500010     -0.713890374    
  0.215000004     -0.715700209    
  0.215500012     -0.717480004    
  0.216000006     -0.719246268    
  0.216500014     -0.721065760    
  0.217000008     -0.722905338    
  0.217500016     -0.724748373    
  0.218000010     -0.726594746    
  0.218500003     -0.728377163    
  0.219000012     -0.730162859    
  0.219500005     -0.731934845    
  0.220000014     -0.733676076    
  0.220500007     -0.735403419    
  0.221000016     -0.737048864    
  0.221500009     -0.738680065    
  0.222000018     -0.740347862    
  0.222500011     -0.742052674    
  0.223000005     -0.743726254    
  0.223500013     -0.745436847    
  0.224000007     -0.747133136    
  0.224500015     -0.748832405    
  0.225000009     -0.750551701    
  0.225500017     -0.752291322    
  0.226000011     -0.754068375    
  0.226500005     -0.755865991    
  0.227000013     -0.757649422    
  0.227500007     -0.759418726    
  0.228000015     -0.761225939    
  0.228500009     -0.763001621    
  0.229000017     -0.764797807    
  0.229500011     -0.766597331    
  0.230000004     -0.768382549    
  0.230500013     -0.770170927    
  0.231000006     -0.771944940    
  0.231500015     -0.773757339    
  0.232000008     -0.775573075    
  0.232500017     -0.777392030    
  0.233000010     -0.779196739    
  0.233500004     -0.781057775    
  0.234000012     -0.782904625    
  0.234500006     -0.784772575    
  0.235000014     -0.786661923    
  0.235500008     -0.788554847    
  0.236000016     -0.790505111    
  0.236500010     -0.792477071    
  0.237000018     -0.794381082    
  0.237500012     -0.796270669    
  0.238000005     -0.798163891    
  0.238500014     -0.800060570    
  0.239000008     -0.801942885    
  0.239500016     -0.803846836    
  0.240000010     -0.805754364    
  0.240500018     -0.807702005    
  0.241000012     -0.809708238    
  0.241500005     -0.811718583    
  0.242000014     -0.813751221    
  0.242500007     -0.815843105    
  0.243000016     -0.817957819    
  0.243500009     -0.820021629    
  0.244000018     -0.822052777    
  0.244500011     -0.824106574    
  0.245000005     -0.826183140    
  0.245500013     -0.828338385    
  0.246000007     -0.830479741    
  0.246500015     -0.832569599    
  0.247000009     -0.834720016    
  0.247500017     -0.836875021    
  0.248000011     -0.839034736    
  0.248500004     -0.841217875    
  0.249000013     -0.843405902    
  0.249500006     -0.845617592    
  0.250000000     -0.847834229    
  0.250500023     -0.850017726    
  0.251000017     -0.852186918    
  0.251500010     -0.854360878    
  0.252000004     -0.856558740    
  0.252499998     -0.858742237    
  0.253000021     -0.860930443    
  0.253500015     -0.863123596    
  0.254000008     -0.865398645    
  0.254500002     -0.867678940    
  0.255000025     -0.869964480    
  0.255500019     -0.872255147    
  0.256000012     -0.874492705    
  0.256500006     -0.876735270    
  0.256999999     -0.879002452    
  0.257500023     -0.881274819    
  0.258000016     -0.883493304    
  0.258500010     -0.885677397    
  0.259000003     -0.887885988    
  0.259500027     -0.890099466    
  0.260000020     -0.892278194    
  0.260500014     -0.894501448    
  0.261000007     -0.896709681    
  0.261500001     -0.898942828    
  0.262000024     -0.901180923    
  0.262500018     -0.903404057    
  0.263000011     -0.905632079    
  0.263500005     -0.907885253    
  0.263999999     -0.910143495    
  0.264500022     -0.912386656    
  0.265000015     -0.914634764    
  0.265500009     -0.916847348    
  0.266000003     -0.919044495    
  0.266500026     -0.921246529    
  0.267000020     -0.923432887    
  0.267500013     -0.925603509    
  0.268000007     -0.927799463    
  0.268500000     -0.930000186    
  0.269000024     -0.932185233    
  0.269500017     -0.934312880    
  0.270000011     -0.936445177    
  0.270500004     -0.938582063    
  0.271000028     -0.940765083    
  0.271500021     -0.942911088    
  0.272000015     -0.945040882    
  0.272500008     -0.947238088    
  0.273000002     -0.949440122    
  0.273500025     -0.951668024    
  0.274000019     -0.953879833    
  0.274500012     -0.956075430    
  0.275000006     -0.958233476    
  0.275500000     -0.960396171    
  0.276000023     -0.962478459    
  0.276500016     -0.964565158    
  0.277000010     -0.966656208    
  0.277500004     -0.968751550    
  0.278000027     -0.970808506    
  0.278500021     -0.972891152    
  0.279000014     -0.974978089    
  0.279500008     -0.977134228    
  0.280000001     -0.979295015    
  0.280500025     -0.981482089    
  0.281000018     -0.983739138    
  0.281500012     -0.985979617    
  0.282000005     -0.988268733    
  0.282499999     -0.990606844    
  0.283000022     -0.992928505    
  0.283500016     -0.995233536    
  0.284000009     -0.997477889    
  0.284500003     -0.999683142    
  0.285000026      -1.00193739    
  0.285500020      -1.00415254    
  0.286000013      -1.00635028    
  0.286500007      -1.00853062    
  0.287000000      -1.01076043    
  0.287500024      -1.01301754    
  0.288000017      -1.01530218    
  0.288500011      -1.01763701    
  0.289000005      -1.02004492    
  0.289500028      -1.02252626    
  0.290000021      -1.02496862    
  0.290500015      -1.02743959    
  0.291000009      -1.02991676    
  0.291500002      -1.03242290    
  0.292000026      -1.03488958    
  0.292500019      -1.03733945    
  0.293000013      -1.03979516    
  0.293500006      -1.04230320    
  0.294000000      -1.04481745    
  0.294500023      -1.04729176    
  0.295000017      -1.04977226    
  0.295500010      -1.05228209    
  0.296000004      -1.05477500    
  0.296500027      -1.05725074    
  0.297000021      -1.05977941    
  0.297500014      -1.06231451    
  0.298000008      -1.06485617    
  0.298500001      -1.06742787    
  0.299000025      -1.06998253    
  0.299500018      -1.07256746    
  0.300000012      -1.07518291    
  0.300500005      -1.07782900    
  0.301000029      -1.08045828    
  0.301500022      -1.08307052    
  0.302000016      -1.08561730    
  0.302500010      -1.08817065    
  0.303000003      -1.09077895    
  0.303500026      -1.09339404    
  0.304000020      -1.09606457    
  0.304500014      -1.09869361    
  0.305000007      -1.10137832    
  0.305500001      -1.10407031    
  0.306000024      -1.10674500    
  0.306500018      -1.10942674    
  0.307000011      -1.11209118    
  0.307500005      -1.11476266    
  0.308000028      -1.11744130    
  0.308500022      -1.12017703    
  0.309000015      -1.12292016    
  0.309500009      -1.12579608    
  0.310000002      -1.12860489    
  0.310500026      -1.13142157    
  0.311000019      -1.13424635    
  0.311500013      -1.13700306    
  0.312000006      -1.13976741    
  0.312500000      -1.14248848    
  0.313000023      -1.14514041    
  0.313500017      -1.14779937    
  0.314000010      -1.15043974    
  0.314500004      -1.15313864    
  0.315000027      -1.15587068    
  0.315500021      -1.15866172    
  0.316000015      -1.16148674    
  0.316500008      -1.16421568    
  0.317000002      -1.16700423    
  0.317500025      -1.16982663    
  0.318000019      -1.17268336    
  0.318500012      -1.17562723    
  0.319000006      -1.17852700    
  0.319500029      -1.18138230    
  0.320000023      -1.18427229    
  0.320500016      -1.18711734    
  0.321000010      -1.18989062    
  0.321500003      -1.19261777    
  0.322000027      -1.19532561    
  0.322500020      -1.19796014    
  0.323000014      -1.20057464    
  0.323500007      -1.20322299    
  0.324000001      -1.20590556    
  0.324500024      -1.20864964    
  0.325000018      -1.21148312    
  0.325500011      -1.21440685    
  0.326000005      -1.21733916    
  0.326500028      -1.22030759    
  0.327000022      -1.22331238    
  0.327500015      -1.22629869    
  0.328000009      -1.22946048    
  0.328500003      -1.23257661    
  0.329000026      -1.23564661    
  0.329500020      -1.23864198    
  0.330000013      -1.24156189    
  0.330500007      -1.24451864    
  0.331000030      -1.24751234    
  0.331500024      -1.25034499    
  0.332000017      -1.25310016    
  0.332500011      -1.25594866    
  0.333000004      -1.25889099    
  0.333500028      -1.26187074    
  0.334000021      -1.26488817    
  0.334500015      -1.26788604    
  0.335000008      -1.27100849    
  0.335500002      -1.27408278    
  0.336000025      -1.27719569    
  0.336500019      -1.28031826    
  0.337000012      -1.28350925    
  0.337500006      -1.28662217    
  0.338000029      -1.28971541    
  0.338500023      -1.29284787    
  0.339000016      -1.29593062    
  0.339500010      -1.29902303    
  0.340000004      -1.30215490    
  0.340500027      -1.30523670    
  0.341000021      -1.30838811    
  0.341500014      -1.31154943    
  0.342000008      -1.31469059    
  0.342500031      -1.31799340    
  0.343000025      -1.32136798    
  0.343500018      -1.32463181    
  0.344000012      -1.32790625    
  0.344500005      -1.33125317    
  0.345000029      -1.33464205    
  0.345500022      -1.33807337    
  0.346000016      -1.34154773    
  0.346500009      -1.34497178    
  0.347000003      -1.34837615    
  0.347500026      -1.35172951    
  0.348000020      -1.35499966    
  0.348500013      -1.35831213    
  0.349000007      -1.36157227    
  0.349500030      -1.36474752    
  0.350000024      -1.36796486    
  0.350500017      -1.37116051    
  0.351000011      -1.37436652    
  0.351500005      -1.37767947    
  0.352000028      -1.38097107    
  0.352500021      -1.38437080    
  0.353000015      -1.38778222    
  0.353500009      -1.39123785    
  0.354000002      -1.39480388    
  0.354500026      -1.39844847    
  0.355000019      -1.40210629    
  0.355500013      -1.40574443    
  0.356000006      -1.40936267    
  0.356500030      -1.41299403    
  0.357000023      -1.41647112    
  0.357500017      -1.41999400    
  0.358000010      -1.42346179    
  0.358500004      -1.42694163    
  0.359000027      -1.43043375    
  0.359500021      -1.43393803    
  0.360000014      -1.43748891    
  0.360500008      -1.44105232    
  0.361000031      -1.44462860    
  0.361500025      -1.44821763    
  0.362000018      -1.45178485    
  0.362500012      -1.45550430    
  0.363000005      -1.45923758    
  0.363500029      -1.46301985    
  0.364000022      -1.46695745    
  0.364500016      -1.47087514    
  0.365000010      -1.47484386    
  0.365500003      -1.47879267    
  0.366000026      -1.48275721    
  0.366500020      -1.48659384    
  0.367000014      -1.49030089    
  0.367500007      -1.49394941    
  0.368000031      -1.49757493    
  0.368500024      -1.50117719    
  0.369000018      -1.50482917    
  0.369500011      -1.50842094    
  0.370000005      -1.51206267    
  0.370500028      -1.51575458    
  0.371000022      -1.51957166    
  0.371500015      -1.52347779    
  0.372000009      -1.52751160    
  0.372500032      -1.53163683    
  0.373000026      -1.53577924    
  0.373500019      -1.53993881    
  0.374000013      -1.54415381    
  0.374500006      -1.54838669    
  0.375000030      -1.55263746    
  0.375500023      -1.55686796    
  0.376000017      -1.56103897    
  0.376500010      -1.56522751    
  0.377000004      -1.56939447    
  0.377500027      -1.57346141    
  0.378000021      -1.57746637    
  0.378500015      -1.58144784    
  0.379000008      -1.58544517    
  0.379500031      -1.58949840    
  0.380000025      -1.59364820    
  0.380500019      -1.59801590    
  0.381000012      -1.60244322    
  0.381500006      -1.60701180    
  0.382000029      -1.61160123    
  0.382500023      -1.61617100    
  0.383000016      -1.62076175    
  0.383500010      -1.62533236    
  0.384000003      -1.62988257    
  0.384500027      -1.63437021    
  0.385000020      -1.63883626    
  0.385500014      -1.64323831    
  0.386000007      -1.64744890    
  0.386500031      -1.65167725    
  0.387000024      -1.65588093    
  0.387500018      -1.66018784    
  0.388000011      -1.66451347    
  0.388500005      -1.66890097    
  0.389000028      -1.67330778    
  0.389500022      -1.67782116    
  0.390000015      -1.68235493    
  0.390500009      -1.68695319    
  0.391000032      -1.69157267    
  0.391500026      -1.69621372    
  0.392000020      -1.70092094    
  0.392500013      -1.70560551    
  0.393000007      -1.71035719    
  0.393500030      -1.71513152    
  0.394000024      -1.71979272    
  0.394500017      -1.72443008    
  0.395000011      -1.72895193    
  0.395500004      -1.73349404    
  0.396000028      -1.73805702    
  0.396500021      -1.74273372    
  0.397000015      -1.74743247    
  0.397500008      -1.75215328    
  0.398000032      -1.75703764    
  0.398500025      -1.76189888    
  0.399000019      -1.76678371    
  0.399500012      -1.77169263    
