   0.00000000      -4.58966315E-05
   5.00000024E-04  -2.53270660E-03
   1.00000005E-03  -5.01577184E-03
   1.50000001E-03  -7.49462890E-03
   2.00000009E-03  -9.88723990E-03
   2.50000018E-03  -1.20541453E-02
   3.00000003E-03  -1.41859762E-02
   3.50000011E-03  -1.61698181E-02
   4.00000019E-03  -1.80597063E-02
   4.50000027E-03  -1.98820904E-02
   5.00000035E-03  -2.16072407E-02
   5.50000044E-03  -2.31488775E-02
   6.00000005E-03  -2.45900154E-02
   6.50000013E-03  -2.59285048E-02
   7.00000022E-03  -2.71918587E-02
   7.50000030E-03  -2.82634087E-02
   8.00000038E-03  -2.93436572E-02
   8.50000046E-03  -3.04910094E-02
   9.00000054E-03  -3.19118202E-02
   9.50000063E-03  -3.34629677E-02
   1.00000007E-02  -3.51163410E-02
   1.05000008E-02  -3.67842056E-02
   1.10000009E-02  -3.84372622E-02
   1.15000010E-02  -3.99242528E-02
   1.20000001E-02  -4.14247625E-02
   1.25000002E-02  -4.28467132E-02
   1.30000003E-02  -4.41589803E-02
   1.35000004E-02  -4.53295782E-02
   1.40000004E-02  -4.62933891E-02
   1.45000005E-02  -4.71730866E-02
   1.50000006E-02  -4.79973368E-02
   1.55000007E-02  -4.87347133E-02
   1.60000008E-02  -4.94468920E-02
   1.64999999E-02  -5.01333848E-02
   1.70000009E-02  -5.08570336E-02
   1.75000001E-02  -5.15232831E-02
   1.80000011E-02  -5.21948114E-02
   1.85000002E-02  -5.29687852E-02
   1.90000013E-02  -5.38131744E-02
   1.95000004E-02  -5.49243540E-02
   2.00000014E-02  -5.60131334E-02
   2.05000006E-02  -5.71113005E-02
   2.10000016E-02  -5.82521819E-02
   2.15000007E-02  -5.94032854E-02
   2.20000017E-02  -6.05647713E-02
   2.25000009E-02  -6.15361594E-02
   2.30000019E-02  -6.24156706E-02
   2.35000011E-02  -6.32690340E-02
   2.40000002E-02  -6.38247281E-02
   2.45000012E-02  -6.43171668E-02
   2.50000004E-02  -6.47452995E-02
   2.55000014E-02  -6.51773661E-02
   2.60000005E-02  -6.56473041E-02
   2.65000015E-02  -6.60522580E-02
   2.70000007E-02  -6.64954707E-02
   2.75000017E-02  -6.70820251E-02
   2.80000009E-02  -6.77444413E-02
   2.85000019E-02  -6.84478879E-02
   2.90000010E-02  -6.91578984E-02
   2.95000020E-02  -6.99099004E-02
   3.00000012E-02  -7.07045570E-02
   3.05000022E-02  -7.13264272E-02
   3.10000014E-02  -7.19179362E-02
   3.15000005E-02  -7.24782050E-02
   3.20000015E-02  -7.29705021E-02
   3.25000025E-02  -7.33203813E-02
   3.29999998E-02  -7.34892711E-02
   3.35000008E-02  -7.36224577E-02
   3.40000018E-02  -7.37197250E-02
   3.45000029E-02  -7.37804919E-02
   3.50000001E-02  -7.39164725E-02
   3.55000012E-02  -7.39033818E-02
   3.60000022E-02  -7.39275813E-02
   3.65000032E-02  -7.38762394E-02
   3.70000005E-02  -7.38241971E-02
   3.75000015E-02  -7.39636496E-02
   3.80000025E-02  -7.41044059E-02
   3.85000035E-02  -7.44402334E-02
   3.90000008E-02  -7.47401491E-02
   3.95000018E-02  -7.50821009E-02
   4.00000028E-02  -7.54270703E-02
   4.05000001E-02  -7.58543909E-02
   4.10000011E-02  -7.62860775E-02
   4.15000021E-02  -7.66019821E-02
   4.20000032E-02  -7.67205283E-02
   4.25000004E-02  -7.67596513E-02
   4.30000015E-02  -7.67182708E-02
   4.35000025E-02  -7.67983347E-02
   4.40000035E-02  -7.67976269E-02
   4.45000008E-02  -7.67969191E-02
   4.50000018E-02  -7.68373385E-02
   4.55000028E-02  -7.69197345E-02
   4.60000038E-02  -7.70861432E-02
   4.65000011E-02  -7.73378387E-02
   4.70000021E-02  -7.76762366E-02
   4.75000031E-02  -7.80181736E-02
   4.80000004E-02  -7.83634409E-02
   4.85000014E-02  -7.87123814E-02
   4.90000024E-02  -7.91076869E-02
   4.95000035E-02  -7.94209391E-02
   5.00000007E-02  -7.97373876E-02
   5.05000018E-02  -7.99262226E-02
   5.10000028E-02  -8.00728574E-02
   5.15000038E-02  -8.01328495E-02
   5.20000011E-02  -8.01050141E-02
   5.25000021E-02  -7.98982009E-02
   5.30000031E-02  -7.95999020E-02
   5.35000041E-02  -7.92535618E-02
   5.40000014E-02  -7.89491311E-02
   5.45000024E-02  -7.86866471E-02
   5.50000034E-02  -7.83305019E-02
   5.55000044E-02  -7.79703557E-02
   5.60000017E-02  -7.76990429E-02
   5.65000027E-02  -7.75173977E-02
   5.70000038E-02  -7.74270371E-02
   5.75000010E-02  -7.73829818E-02
   5.80000021E-02  -7.72908926E-02
   5.85000031E-02  -7.71031380E-02
   5.90000041E-02  -7.69610554E-02
   5.95000014E-02  -7.67694414E-02
   6.00000024E-02  -7.67202675E-02
   6.05000034E-02  -7.66221285E-02
   6.10000044E-02  -7.64743909E-02
   6.15000017E-02  -7.63244182E-02
   6.20000027E-02  -7.61240423E-02
   6.25000000E-02  -7.60202408E-02
   6.30000010E-02  -7.59152845E-02
   6.35000020E-02  -7.57088885E-02
   6.40000030E-02  -7.54498839E-02
   6.45000041E-02  -7.52889514E-02
   6.50000051E-02  -7.51264989E-02
   6.55000061E-02  -7.50641748E-02
   6.59999996E-02  -7.52076581E-02
   6.65000007E-02  -7.54044428E-02
   6.70000017E-02  -7.55515099E-02
   6.75000027E-02  -7.56478086E-02
   6.80000037E-02  -7.55869299E-02
   6.85000047E-02  -7.54189044E-02
   6.90000057E-02  -7.52491727E-02
   6.95000067E-02  -7.52383769E-02
   7.00000003E-02  -7.53899142E-02
   7.05000013E-02  -7.56525695E-02
   7.10000023E-02  -7.58087337E-02
   7.15000033E-02  -7.60774761E-02
   7.20000044E-02  -7.64052868E-02
   7.25000054E-02  -7.67930597E-02
   7.30000064E-02  -7.70171285E-02
   7.34999999E-02  -7.71311447E-02
   7.40000010E-02  -7.73037076E-02
   7.45000020E-02  -7.75360763E-02
