  26  17  18
  26  17  19
  17  26  27
  17  26  28
  29  17  18
  29  17  19
  17  29  30
  17  29  31
  32  17  18
  32  17  19
  17  32  33
  17  32  34
  38  17  18
  38  17  19
  17  38  39
  17  38  40
  41  17  18
  41  17  19
  17  41  42
  17  41  43
  44  17  18
  44  17  19
  17  44  45
  17  44  46
 104  17  18
 104  17  19
  17 104 105
  17 104 106
 140  17  18
 140  17  19
  17 140 141
  17 140 142
 149  17  18
 149  17  19
  17 149 150
  17 149 151
 155  17  18
 155  17  19
  17 155 156
  17 155 157
 167  17  18
 167  17  19
  17 167 168
  17 167 169
 173  17  18
 173  17  19
  17 173 174
  17 173 175
 191  17  18
 191  17  19
  17 191 192
  17 191 193
 206  17  18
 206  17  19
  17 206 207
  17 206 208
 209  17  18
 209  17  19
  17 209 210
  17 209 211
 254  17  18
 254  17  19
  17 254 255
  17 254 256
 260  17  18
 260  17  19
  17 260 261
  17 260 262
 266  17  18
 266  17  19
  17 266 267
  17 266 268
 278  17  18
 278  17  19
  17 278 279
  17 278 280
 284  17  18
 284  17  19
  17 284 285
  17 284 286
 305  17  18
 305  17  19
  17 305 306
  17 305 307
 311  17  18
 311  17  19
  17 311 312
  17 311 313
 314  17  18
 314  17  19
  17 314 315
  17 314 316
 320  17  18
 320  17  19
  17 320 321
  17 320 322
 341  17  18
 341  17  19
  17 341 342
  17 341 343
 350  17  18
 350  17  19
  17 350 351
  17 350 352
 353  17  18
 353  17  19
  17 353 354
  17 353 355
 356  17  18
 356  17  19
  17 356 357
  17 356 358
 359  17  18
 359  17  19
  17 359 360
  17 359 361
 365  17  18
 365  17  19
  17 365 366
  17 365 367
  29  26  27
  29  26  28
  26  29  30
  26  29  31
  32  26  27
  32  26  28
  26  32  33
  26  32  34
  38  26  27
  38  26  28
  26  38  39
  26  38  40
  41  26  27
  41  26  28
  26  41  42
  26  41  43
  44  26  27
  44  26  28
  26  44  45
  26  44  46
 104  26  27
 104  26  28
  26 104 105
  26 104 106
 140  26  27
 140  26  28
  26 140 141
  26 140 142
 149  26  27
 149  26  28
  26 149 150
  26 149 151
 155  26  27
 155  26  28
  26 155 156
  26 155 157
 167  26  27
 167  26  28
  26 167 168
  26 167 169
 173  26  27
 173  26  28
  26 173 174
  26 173 175
 191  26  27
 191  26  28
  26 191 192
  26 191 193
 206  26  27
 206  26  28
  26 206 207
  26 206 208
 209  26  27
 209  26  28
  26 209 210
  26 209 211
 254  26  27
 254  26  28
  26 254 255
  26 254 256
 260  26  27
 260  26  28
  26 260 261
  26 260 262
 266  26  27
 266  26  28
  26 266 267
  26 266 268
 278  26  27
 278  26  28
  26 278 279
  26 278 280
 284  26  27
 284  26  28
  26 284 285
  26 284 286
 305  26  27
 305  26  28
  26 305 306
  26 305 307
 311  26  27
 311  26  28
  26 311 312
  26 311 313
 314  26  27
 314  26  28
  26 314 315
  26 314 316
 320  26  27
 320  26  28
  26 320 321
  26 320 322
 341  26  27
 341  26  28
  26 341 342
  26 341 343
 350  26  27
 350  26  28
  26 350 351
  26 350 352
 353  26  27
 353  26  28
  26 353 354
  26 353 355
 356  26  27
 356  26  28
  26 356 357
  26 356 358
 359  26  27
 359  26  28
  26 359 360
  26 359 361
 365  26  27
 365  26  28
  26 365 366
  26 365 367
  32  29  30
  32  29  31
  29  32  33
  29  32  34
  38  29  30
  38  29  31
  29  38  39
  29  38  40
  41  29  30
  41  29  31
  29  41  42
  29  41  43
  44  29  30
  44  29  31
  29  44  45
  29  44  46
 104  29  30
 104  29  31
  29 104 105
  29 104 106
 140  29  30
 140  29  31
  29 140 141
  29 140 142
 149  29  30
 149  29  31
  29 149 150
  29 149 151
 155  29  30
 155  29  31
  29 155 156
  29 155 157
 167  29  30
 167  29  31
  29 167 168
  29 167 169
 173  29  30
 173  29  31
  29 173 174
  29 173 175
 191  29  30
 191  29  31
  29 191 192
  29 191 193
 206  29  30
 206  29  31
  29 206 207
  29 206 208
 209  29  30
 209  29  31
  29 209 210
  29 209 211
 254  29  30
 254  29  31
  29 254 255
  29 254 256
 260  29  30
 260  29  31
  29 260 261
  29 260 262
 266  29  30
 266  29  31
  29 266 267
  29 266 268
 278  29  30
 278  29  31
  29 278 279
  29 278 280
 284  29  30
 284  29  31
  29 284 285
  29 284 286
 305  29  30
 305  29  31
  29 305 306
  29 305 307
 311  29  30
 311  29  31
  29 311 312
  29 311 313
 314  29  30
 314  29  31
  29 314 315
  29 314 316
 320  29  30
 320  29  31
  29 320 321
  29 320 322
 341  29  30
 341  29  31
  29 341 342
  29 341 343
 350  29  30
 350  29  31
  29 350 351
  29 350 352
 353  29  30
 353  29  31
  29 353 354
  29 353 355
 356  29  30
 356  29  31
  29 356 357
  29 356 358
 359  29  30
 359  29  31
  29 359 360
  29 359 361
 365  29  30
 365  29  31
  29 365 366
  29 365 367
  38  32  33
  38  32  34
  32  38  39
  32  38  40
  41  32  33
  41  32  34
  32  41  42
  32  41  43
  44  32  33
  44  32  34
  32  44  45
  32  44  46
 104  32  33
 104  32  34
  32 104 105
  32 104 106
 140  32  33
 140  32  34
  32 140 141
  32 140 142
 149  32  33
 149  32  34
  32 149 150
  32 149 151
 155  32  33
 155  32  34
  32 155 156
  32 155 157
 167  32  33
 167  32  34
  32 167 168
  32 167 169
 173  32  33
 173  32  34
  32 173 174
  32 173 175
 191  32  33
 191  32  34
  32 191 192
  32 191 193
 206  32  33
 206  32  34
  32 206 207
  32 206 208
 209  32  33
 209  32  34
  32 209 210
  32 209 211
 254  32  33
 254  32  34
  32 254 255
  32 254 256
 260  32  33
 260  32  34
  32 260 261
  32 260 262
 266  32  33
 266  32  34
  32 266 267
  32 266 268
 278  32  33
 278  32  34
  32 278 279
  32 278 280
 284  32  33
 284  32  34
  32 284 285
  32 284 286
 305  32  33
 305  32  34
  32 305 306
  32 305 307
 311  32  33
 311  32  34
  32 311 312
  32 311 313
 314  32  33
 314  32  34
  32 314 315
  32 314 316
 320  32  33
 320  32  34
  32 320 321
  32 320 322
 341  32  33
 341  32  34
  32 341 342
  32 341 343
 350  32  33
 350  32  34
  32 350 351
  32 350 352
 353  32  33
 353  32  34
  32 353 354
  32 353 355
 356  32  33
 356  32  34
  32 356 357
  32 356 358
 359  32  33
 359  32  34
  32 359 360
  32 359 361
 365  32  33
 365  32  34
  32 365 366
  32 365 367
  41  38  39
  41  38  40
  38  41  42
  38  41  43
  44  38  39
  44  38  40
  38  44  45
  38  44  46
 104  38  39
 104  38  40
  38 104 105
  38 104 106
 140  38  39
 140  38  40
  38 140 141
  38 140 142
 149  38  39
 149  38  40
  38 149 150
  38 149 151
 155  38  39
 155  38  40
  38 155 156
  38 155 157
 167  38  39
 167  38  40
  38 167 168
  38 167 169
 173  38  39
 173  38  40
  38 173 174
  38 173 175
 191  38  39
 191  38  40
  38 191 192
  38 191 193
 206  38  39
 206  38  40
  38 206 207
  38 206 208
 209  38  39
 209  38  40
  38 209 210
  38 209 211
 254  38  39
 254  38  40
  38 254 255
  38 254 256
 260  38  39
 260  38  40
  38 260 261
  38 260 262
 266  38  39
 266  38  40
  38 266 267
  38 266 268
 278  38  39
 278  38  40
  38 278 279
  38 278 280
 284  38  39
 284  38  40
  38 284 285
  38 284 286
 305  38  39
 305  38  40
  38 305 306
  38 305 307
 311  38  39
 311  38  40
  38 311 312
  38 311 313
 314  38  39
 314  38  40
  38 314 315
  38 314 316
 320  38  39
 320  38  40
  38 320 321
  38 320 322
 341  38  39
 341  38  40
  38 341 342
  38 341 343
 350  38  39
 350  38  40
  38 350 351
  38 350 352
 353  38  39
 353  38  40
  38 353 354
  38 353 355
 356  38  39
 356  38  40
  38 356 357
  38 356 358
 359  38  39
 359  38  40
  38 359 360
  38 359 361
 365  38  39
 365  38  40
  38 365 366
  38 365 367
  44  41  42
  44  41  43
  41  44  45
  41  44  46
 104  41  42
 104  41  43
  41 104 105
  41 104 106
 140  41  42
 140  41  43
  41 140 141
  41 140 142
 149  41  42
 149  41  43
  41 149 150
  41 149 151
 155  41  42
 155  41  43
  41 155 156
  41 155 157
 167  41  42
 167  41  43
  41 167 168
  41 167 169
 173  41  42
 173  41  43
  41 173 174
  41 173 175
 191  41  42
 191  41  43
  41 191 192
  41 191 193
 206  41  42
 206  41  43
  41 206 207
  41 206 208
 209  41  42
 209  41  43
  41 209 210
  41 209 211
 254  41  42
 254  41  43
  41 254 255
  41 254 256
 260  41  42
 260  41  43
  41 260 261
  41 260 262
 266  41  42
 266  41  43
  41 266 267
  41 266 268
 278  41  42
 278  41  43
  41 278 279
  41 278 280
 284  41  42
 284  41  43
  41 284 285
  41 284 286
 305  41  42
 305  41  43
  41 305 306
  41 305 307
 311  41  42
 311  41  43
  41 311 312
  41 311 313
 314  41  42
 314  41  43
  41 314 315
  41 314 316
 320  41  42
 320  41  43
  41 320 321
  41 320 322
 341  41  42
 341  41  43
  41 341 342
  41 341 343
 350  41  42
 350  41  43
  41 350 351
  41 350 352
 353  41  42
 353  41  43
  41 353 354
  41 353 355
 356  41  42
 356  41  43
  41 356 357
  41 356 358
 359  41  42
 359  41  43
  41 359 360
  41 359 361
 365  41  42
 365  41  43
  41 365 366
  41 365 367
 104  44  45
 104  44  46
  44 104 105
  44 104 106
 140  44  45
 140  44  46
  44 140 141
  44 140 142
 149  44  45
 149  44  46
  44 149 150
  44 149 151
 155  44  45
 155  44  46
  44 155 156
  44 155 157
 167  44  45
 167  44  46
  44 167 168
  44 167 169
 173  44  45
 173  44  46
  44 173 174
  44 173 175
 191  44  45
 191  44  46
  44 191 192
  44 191 193
 206  44  45
 206  44  46
  44 206 207
  44 206 208
 209  44  45
 209  44  46
  44 209 210
  44 209 211
 254  44  45
 254  44  46
  44 254 255
  44 254 256
 260  44  45
 260  44  46
  44 260 261
  44 260 262
 266  44  45
 266  44  46
  44 266 267
  44 266 268
 278  44  45
 278  44  46
  44 278 279
  44 278 280
 284  44  45
 284  44  46
  44 284 285
  44 284 286
 305  44  45
 305  44  46
  44 305 306
  44 305 307
 311  44  45
 311  44  46
  44 311 312
  44 311 313
 314  44  45
 314  44  46
  44 314 315
  44 314 316
 320  44  45
 320  44  46
  44 320 321
  44 320 322
 341  44  45
 341  44  46
  44 341 342
  44 341 343
 350  44  45
 350  44  46
  44 350 351
  44 350 352
 353  44  45
 353  44  46
  44 353 354
  44 353 355
 356  44  45
 356  44  46
  44 356 357
  44 356 358
 359  44  45
 359  44  46
  44 359 360
  44 359 361
 365  44  45
 365  44  46
  44 365 366
  44 365 367
 140 104 105
 140 104 106
 104 140 141
 104 140 142
 149 104 105
 149 104 106
 104 149 150
 104 149 151
 155 104 105
 155 104 106
 104 155 156
 104 155 157
 167 104 105
 167 104 106
 104 167 168
 104 167 169
 173 104 105
 173 104 106
 104 173 174
 104 173 175
 191 104 105
 191 104 106
 104 191 192
 104 191 193
 206 104 105
 206 104 106
 104 206 207
 104 206 208
 209 104 105
 209 104 106
 104 209 210
 104 209 211
 254 104 105
 254 104 106
 104 254 255
 104 254 256
 260 104 105
 260 104 106
 104 260 261
 104 260 262
 266 104 105
 266 104 106
 104 266 267
 104 266 268
 278 104 105
 278 104 106
 104 278 279
 104 278 280
 284 104 105
 284 104 106
 104 284 285
 104 284 286
 305 104 105
 305 104 106
 104 305 306
 104 305 307
 311 104 105
 311 104 106
 104 311 312
 104 311 313
 314 104 105
 314 104 106
 104 314 315
 104 314 316
 320 104 105
 320 104 106
 104 320 321
 104 320 322
 341 104 105
 341 104 106
 104 341 342
 104 341 343
 350 104 105
 350 104 106
 104 350 351
 104 350 352
 353 104 105
 353 104 106
 104 353 354
 104 353 355
 356 104 105
 356 104 106
 104 356 357
 104 356 358
 359 104 105
 359 104 106
 104 359 360
 104 359 361
 365 104 105
 365 104 106
 104 365 366
 104 365 367
 149 140 141
 149 140 142
 140 149 150
 140 149 151
 155 140 141
 155 140 142
 140 155 156
 140 155 157
 167 140 141
 167 140 142
 140 167 168
 140 167 169
 173 140 141
 173 140 142
 140 173 174
 140 173 175
 191 140 141
 191 140 142
 140 191 192
 140 191 193
 206 140 141
 206 140 142
 140 206 207
 140 206 208
 209 140 141
 209 140 142
 140 209 210
 140 209 211
 254 140 141
 254 140 142
 140 254 255
 140 254 256
 260 140 141
 260 140 142
 140 260 261
 140 260 262
 266 140 141
 266 140 142
 140 266 267
 140 266 268
 278 140 141
 278 140 142
 140 278 279
 140 278 280
 284 140 141
 284 140 142
 140 284 285
 140 284 286
 305 140 141
 305 140 142
 140 305 306
 140 305 307
 311 140 141
 311 140 142
 140 311 312
 140 311 313
 314 140 141
 314 140 142
 140 314 315
 140 314 316
 320 140 141
 320 140 142
 140 320 321
 140 320 322
 341 140 141
 341 140 142
 140 341 342
 140 341 343
 350 140 141
 350 140 142
 140 350 351
 140 350 352
 353 140 141
 353 140 142
 140 353 354
 140 353 355
 356 140 141
 356 140 142
 140 356 357
 140 356 358
 359 140 141
 359 140 142
 140 359 360
 140 359 361
 365 140 141
 365 140 142
 140 365 366
 140 365 367
 155 149 150
 155 149 151
 149 155 156
 149 155 157
 167 149 150
 167 149 151
 149 167 168
 149 167 169
 173 149 150
 173 149 151
 149 173 174
 149 173 175
 191 149 150
 191 149 151
 149 191 192
 149 191 193
 206 149 150
 206 149 151
 149 206 207
 149 206 208
 209 149 150
 209 149 151
 149 209 210
 149 209 211
 254 149 150
 254 149 151
 149 254 255
 149 254 256
 260 149 150
 260 149 151
 149 260 261
 149 260 262
 266 149 150
 266 149 151
 149 266 267
 149 266 268
 278 149 150
 278 149 151
 149 278 279
 149 278 280
 284 149 150
 284 149 151
 149 284 285
 149 284 286
 305 149 150
 305 149 151
 149 305 306
 149 305 307
 311 149 150
 311 149 151
 149 311 312
 149 311 313
 314 149 150
 314 149 151
 149 314 315
 149 314 316
 320 149 150
 320 149 151
 149 320 321
 149 320 322
 341 149 150
 341 149 151
 149 341 342
 149 341 343
 350 149 150
 350 149 151
 149 350 351
 149 350 352
 353 149 150
 353 149 151
 149 353 354
 149 353 355
 356 149 150
 356 149 151
 149 356 357
 149 356 358
 359 149 150
 359 149 151
 149 359 360
 149 359 361
 365 149 150
 365 149 151
 149 365 366
 149 365 367
 167 155 156
 167 155 157
 155 167 168
 155 167 169
 173 155 156
 173 155 157
 155 173 174
 155 173 175
 191 155 156
 191 155 157
 155 191 192
 155 191 193
 206 155 156
 206 155 157
 155 206 207
 155 206 208
 209 155 156
 209 155 157
 155 209 210
 155 209 211
 254 155 156
 254 155 157
 155 254 255
 155 254 256
 260 155 156
 260 155 157
 155 260 261
 155 260 262
 266 155 156
 266 155 157
 155 266 267
 155 266 268
 278 155 156
 278 155 157
 155 278 279
 155 278 280
 284 155 156
 284 155 157
 155 284 285
 155 284 286
 305 155 156
 305 155 157
 155 305 306
 155 305 307
 311 155 156
 311 155 157
 155 311 312
 155 311 313
 314 155 156
 314 155 157
 155 314 315
 155 314 316
 320 155 156
 320 155 157
 155 320 321
 155 320 322
 341 155 156
 341 155 157
 155 341 342
 155 341 343
 350 155 156
 350 155 157
 155 350 351
 155 350 352
 353 155 156
 353 155 157
 155 353 354
 155 353 355
 356 155 156
 356 155 157
 155 356 357
 155 356 358
 359 155 156
 359 155 157
 155 359 360
 155 359 361
 365 155 156
 365 155 157
 155 365 366
 155 365 367
 173 167 168
 173 167 169
 167 173 174
 167 173 175
 191 167 168
 191 167 169
 167 191 192
 167 191 193
 206 167 168
 206 167 169
 167 206 207
 167 206 208
 209 167 168
 209 167 169
 167 209 210
 167 209 211
 254 167 168
 254 167 169
 167 254 255
 167 254 256
 260 167 168
 260 167 169
 167 260 261
 167 260 262
 266 167 168
 266 167 169
 167 266 267
 167 266 268
 278 167 168
 278 167 169
 167 278 279
 167 278 280
 284 167 168
 284 167 169
 167 284 285
 167 284 286
 305 167 168
 305 167 169
 167 305 306
 167 305 307
 311 167 168
 311 167 169
 167 311 312
 167 311 313
 314 167 168
 314 167 169
 167 314 315
 167 314 316
 320 167 168
 320 167 169
 167 320 321
 167 320 322
 341 167 168
 341 167 169
 167 341 342
 167 341 343
 350 167 168
 350 167 169
 167 350 351
 167 350 352
 353 167 168
 353 167 169
 167 353 354
 167 353 355
 356 167 168
 356 167 169
 167 356 357
 167 356 358
 359 167 168
 359 167 169
 167 359 360
 167 359 361
 365 167 168
 365 167 169
 167 365 366
 167 365 367
 191 173 174
 191 173 175
 173 191 192
 173 191 193
 206 173 174
 206 173 175
 173 206 207
 173 206 208
 209 173 174
 209 173 175
 173 209 210
 173 209 211
 254 173 174
 254 173 175
 173 254 255
 173 254 256
 260 173 174
 260 173 175
 173 260 261
 173 260 262
 266 173 174
 266 173 175
 173 266 267
 173 266 268
 278 173 174
 278 173 175
 173 278 279
 173 278 280
 284 173 174
 284 173 175
 173 284 285
 173 284 286
 305 173 174
 305 173 175
 173 305 306
 173 305 307
 311 173 174
 311 173 175
 173 311 312
 173 311 313
 314 173 174
 314 173 175
 173 314 315
 173 314 316
 320 173 174
 320 173 175
 173 320 321
 173 320 322
 341 173 174
 341 173 175
 173 341 342
 173 341 343
 350 173 174
 350 173 175
 173 350 351
 173 350 352
 353 173 174
 353 173 175
 173 353 354
 173 353 355
 356 173 174
 356 173 175
 173 356 357
 173 356 358
 359 173 174
 359 173 175
 173 359 360
 173 359 361
 365 173 174
 365 173 175
 173 365 366
 173 365 367
 206 191 192
 206 191 193
 191 206 207
 191 206 208
 209 191 192
 209 191 193
 191 209 210
 191 209 211
 254 191 192
 254 191 193
 191 254 255
 191 254 256
 260 191 192
 260 191 193
 191 260 261
 191 260 262
 266 191 192
 266 191 193
 191 266 267
 191 266 268
 278 191 192
 278 191 193
 191 278 279
 191 278 280
 284 191 192
 284 191 193
 191 284 285
 191 284 286
 305 191 192
 305 191 193
 191 305 306
 191 305 307
 311 191 192
 311 191 193
 191 311 312
 191 311 313
 314 191 192
 314 191 193
 191 314 315
 191 314 316
 320 191 192
 320 191 193
 191 320 321
 191 320 322
 341 191 192
 341 191 193
 191 341 342
 191 341 343
 350 191 192
 350 191 193
 191 350 351
 191 350 352
 353 191 192
 353 191 193
 191 353 354
 191 353 355
 356 191 192
 356 191 193
 191 356 357
 191 356 358
 359 191 192
 359 191 193
 191 359 360
 191 359 361
 365 191 192
 365 191 193
 191 365 366
 191 365 367
 209 206 207
 209 206 208
 206 209 210
 206 209 211
 254 206 207
 254 206 208
 206 254 255
 206 254 256
 260 206 207
 260 206 208
 206 260 261
 206 260 262
 266 206 207
 266 206 208
 206 266 267
 206 266 268
 278 206 207
 278 206 208
 206 278 279
 206 278 280
 284 206 207
 284 206 208
 206 284 285
 206 284 286
 305 206 207
 305 206 208
 206 305 306
 206 305 307
 311 206 207
 311 206 208
 206 311 312
 206 311 313
 314 206 207
 314 206 208
 206 314 315
 206 314 316
 320 206 207
 320 206 208
 206 320 321
 206 320 322
 341 206 207
 341 206 208
 206 341 342
 206 341 343
 350 206 207
 350 206 208
 206 350 351
 206 350 352
 353 206 207
 353 206 208
 206 353 354
 206 353 355
 356 206 207
 356 206 208
 206 356 357
 206 356 358
 359 206 207
 359 206 208
 206 359 360
 206 359 361
 365 206 207
 365 206 208
 206 365 366
 206 365 367
 254 209 210
 254 209 211
 209 254 255
 209 254 256
 260 209 210
 260 209 211
 209 260 261
 209 260 262
 266 209 210
 266 209 211
 209 266 267
 209 266 268
 278 209 210
 278 209 211
 209 278 279
 209 278 280
 284 209 210
 284 209 211
 209 284 285
 209 284 286
 305 209 210
 305 209 211
 209 305 306
 209 305 307
 311 209 210
 311 209 211
 209 311 312
 209 311 313
 314 209 210
 314 209 211
 209 314 315
 209 314 316
 320 209 210
 320 209 211
 209 320 321
 209 320 322
 341 209 210
 341 209 211
 209 341 342
 209 341 343
 350 209 210
 350 209 211
 209 350 351
 209 350 352
 353 209 210
 353 209 211
 209 353 354
 209 353 355
 356 209 210
 356 209 211
 209 356 357
 209 356 358
 359 209 210
 359 209 211
 209 359 360
 209 359 361
 365 209 210
 365 209 211
 209 365 366
 209 365 367
 260 254 255
 260 254 256
 254 260 261
 254 260 262
 266 254 255
 266 254 256
 254 266 267
 254 266 268
 278 254 255
 278 254 256
 254 278 279
 254 278 280
 284 254 255
 284 254 256
 254 284 285
 254 284 286
 305 254 255
 305 254 256
 254 305 306
 254 305 307
 311 254 255
 311 254 256
 254 311 312
 254 311 313
 314 254 255
 314 254 256
 254 314 315
 254 314 316
 320 254 255
 320 254 256
 254 320 321
 254 320 322
 341 254 255
 341 254 256
 254 341 342
 254 341 343
 350 254 255
 350 254 256
 254 350 351
 254 350 352
 353 254 255
 353 254 256
 254 353 354
 254 353 355
 356 254 255
 356 254 256
 254 356 357
 254 356 358
 359 254 255
 359 254 256
 254 359 360
 254 359 361
 365 254 255
 365 254 256
 254 365 366
 254 365 367
 266 260 261
 266 260 262
 260 266 267
 260 266 268
 278 260 261
 278 260 262
 260 278 279
 260 278 280
 284 260 261
 284 260 262
 260 284 285
 260 284 286
 305 260 261
 305 260 262
 260 305 306
 260 305 307
 311 260 261
 311 260 262
 260 311 312
 260 311 313
 314 260 261
 314 260 262
 260 314 315
 260 314 316
 320 260 261
 320 260 262
 260 320 321
 260 320 322
 341 260 261
 341 260 262
 260 341 342
 260 341 343
 350 260 261
 350 260 262
 260 350 351
 260 350 352
 353 260 261
 353 260 262
 260 353 354
 260 353 355
 356 260 261
 356 260 262
 260 356 357
 260 356 358
 359 260 261
 359 260 262
 260 359 360
 260 359 361
 365 260 261
 365 260 262
 260 365 366
 260 365 367
 278 266 267
 278 266 268
 266 278 279
 266 278 280
 284 266 267
 284 266 268
 266 284 285
 266 284 286
 305 266 267
 305 266 268
 266 305 306
 266 305 307
 311 266 267
 311 266 268
 266 311 312
 266 311 313
 314 266 267
 314 266 268
 266 314 315
 266 314 316
 320 266 267
 320 266 268
 266 320 321
 266 320 322
 341 266 267
 341 266 268
 266 341 342
 266 341 343
 350 266 267
 350 266 268
 266 350 351
 266 350 352
 353 266 267
 353 266 268
 266 353 354
 266 353 355
 356 266 267
 356 266 268
 266 356 357
 266 356 358
 359 266 267
 359 266 268
 266 359 360
 266 359 361
 365 266 267
 365 266 268
 266 365 366
 266 365 367
 284 278 279
 284 278 280
 278 284 285
 278 284 286
 305 278 279
 305 278 280
 278 305 306
 278 305 307
 311 278 279
 311 278 280
 278 311 312
 278 311 313
 314 278 279
 314 278 280
 278 314 315
 278 314 316
 320 278 279
 320 278 280
 278 320 321
 278 320 322
 341 278 279
 341 278 280
 278 341 342
 278 341 343
 350 278 279
 350 278 280
 278 350 351
 278 350 352
 353 278 279
 353 278 280
 278 353 354
 278 353 355
 356 278 279
 356 278 280
 278 356 357
 278 356 358
 359 278 279
 359 278 280
 278 359 360
 278 359 361
 365 278 279
 365 278 280
 278 365 366
 278 365 367
 305 284 285
 305 284 286
 284 305 306
 284 305 307
 311 284 285
 311 284 286
 284 311 312
 284 311 313
 314 284 285
 314 284 286
 284 314 315
 284 314 316
 320 284 285
 320 284 286
 284 320 321
 284 320 322
 341 284 285
 341 284 286
 284 341 342
 284 341 343
 350 284 285
 350 284 286
 284 350 351
 284 350 352
 353 284 285
 353 284 286
 284 353 354
 284 353 355
 356 284 285
 356 284 286
 284 356 357
 284 356 358
 359 284 285
 359 284 286
 284 359 360
 284 359 361
 365 284 285
 365 284 286
 284 365 366
 284 365 367
 311 305 306
 311 305 307
 305 311 312
 305 311 313
 314 305 306
 314 305 307
 305 314 315
 305 314 316
 320 305 306
 320 305 307
 305 320 321
 305 320 322
 341 305 306
 341 305 307
 305 341 342
 305 341 343
 350 305 306
 350 305 307
 305 350 351
 305 350 352
 353 305 306
 353 305 307
 305 353 354
 305 353 355
 356 305 306
 356 305 307
 305 356 357
 305 356 358
 359 305 306
 359 305 307
 305 359 360
 305 359 361
 365 305 306
 365 305 307
 305 365 366
 305 365 367
 314 311 312
 314 311 313
 311 314 315
 311 314 316
 320 311 312
 320 311 313
 311 320 321
 311 320 322
 341 311 312
 341 311 313
 311 341 342
 311 341 343
 350 311 312
 350 311 313
 311 350 351
 311 350 352
 353 311 312
 353 311 313
 311 353 354
 311 353 355
 356 311 312
 356 311 313
 311 356 357
 311 356 358
 359 311 312
 359 311 313
 311 359 360
 311 359 361
 365 311 312
 365 311 313
 311 365 366
 311 365 367
 320 314 315
 320 314 316
 314 320 321
 314 320 322
 341 314 315
 341 314 316
 314 341 342
 314 341 343
 350 314 315
 350 314 316
 314 350 351
 314 350 352
 353 314 315
 353 314 316
 314 353 354
 314 353 355
 356 314 315
 356 314 316
 314 356 357
 314 356 358
 359 314 315
 359 314 316
 314 359 360
 314 359 361
 365 314 315
 365 314 316
 314 365 366
 314 365 367
 341 320 321
 341 320 322
 320 341 342
 320 341 343
 350 320 321
 350 320 322
 320 350 351
 320 350 352
 353 320 321
 353 320 322
 320 353 354
 320 353 355
 356 320 321
 356 320 322
 320 356 357
 320 356 358
 359 320 321
 359 320 322
 320 359 360
 320 359 361
 365 320 321
 365 320 322
 320 365 366
 320 365 367
 350 341 342
 350 341 343
 341 350 351
 341 350 352
 353 341 342
 353 341 343
 341 353 354
 341 353 355
 356 341 342
 356 341 343
 341 356 357
 341 356 358
 359 341 342
 359 341 343
 341 359 360
 341 359 361
 365 341 342
 365 341 343
 341 365 366
 341 365 367
 353 350 351
 353 350 352
 350 353 354
 350 353 355
 356 350 351
 356 350 352
 350 356 357
 350 356 358
 359 350 351
 359 350 352
 350 359 360
 350 359 361
 365 350 351
 365 350 352
 350 365 366
 350 365 367
 356 353 354
 356 353 355
 353 356 357
 353 356 358
 359 353 354
 359 353 355
 353 359 360
 353 359 361
 365 353 354
 365 353 355
 353 365 366
 353 365 367
 359 356 357
 359 356 358
 356 359 360
 356 359 361
 365 356 357
 365 356 358
 356 365 366
 356 365 367
 365 359 360
 365 359 361
 359 365 366
 359 365 367
