   0.00000000       2.72737312    
   1.00000007E-02   2.08043909    
   2.00000014E-02   1.68376982    
   3.00000012E-02  0.965100944    
   4.00000028E-02  0.427265853    
   5.00000045E-02  -2.06025448E-02
   6.00000024E-02   4.70704362E-02
   7.00000077E-02 -0.172097310    
   8.00000057E-02  0.570892096    
   9.00000036E-02  0.180947065    
  0.100000009      0.207529068    
  0.110000007     -0.440578878    
  0.120000005      -2.30942410E-03
  0.130000010       2.71118768E-02
  0.140000015     -0.307906806    
  0.150000006     -0.794158041    
  0.160000011     -0.525072753    
  0.170000017     -0.437556654    
  0.180000007     -0.396230191    
  0.190000013     -0.714179575    
  0.200000018     -0.355999798    
  0.210000008      -1.03475273    
  0.220000014      -1.03424740    
  0.230000019     -0.598830163    
  0.240000010     -0.634691417    
  0.250000030     -0.315731287    
  0.260000020     -0.978519261    
  0.270000011     -0.902504623    
  0.280000031      -1.37321448    
  0.290000021     -0.341009617    
  0.300000012     -0.481475979    
  0.310000032     -0.791485667    
  0.320000023     -0.452953070    
  0.330000013     -0.911654234    
  0.340000033      -1.02128947    
  0.350000024      -2.03409553    
  0.360000014     -0.783522308    
  0.370000035      -1.19934797    
  0.380000025      -1.03304625    
  0.390000015     -0.896404147    
  0.400000036      -1.31049168    
  0.410000026     -0.654221833    
  0.420000017      -1.29128826    
  0.430000037     -0.950451732    
  0.440000027      -1.39462650    
  0.450000018      -1.99195206    
  0.460000038      -1.43442583    
  0.470000029      -3.60036731    
  0.480000019     -0.650642097    
  0.490000039     -0.940991461    
  0.500000060     -0.860926569    
  0.510000050     -0.825727642    
  0.520000041     -0.836642921    
  0.530000031      -2.21099544    
  0.540000021      -1.21554768    
  0.550000012      -1.23198318    
  0.560000062     -0.656104803    
  0.570000052     -0.715013683    
  0.580000043      -3.04817581    
  0.590000033      -1.31926942    
  0.600000024      -1.24665129    
  0.610000014      -1.01433361    
  0.620000064      -1.13852143    
  0.630000055      -1.50139916    
  0.640000045      -1.34512806    
  0.650000036      -1.09865308    
  0.660000026      -2.65628052    
  0.670000076     -0.571867943    
  0.680000067                  NaN
  0.690000057      -1.07427824    
  0.700000048      -1.85928082    
  0.710000038      -1.05142307    
  0.720000029      -1.90784085    
  0.730000079     -0.786362231    
  0.740000069     -0.563805282    
  0.750000060      -2.05199504    
  0.760000050      -1.87242711    
  0.770000041      -1.01993680    
  0.780000031     -0.919666290    
  0.790000081     -0.729467511    
  0.800000072      -1.28987253    
  0.810000062      -2.64849472    
  0.820000052      -1.02435112    
  0.830000043      -1.90211880    
  0.840000033      -1.56029427    
  0.850000083     -0.506341875    
  0.860000074     -0.980878234    
  0.870000064      -1.39260042    
  0.880000055      -1.29491377    
  0.890000045      -1.86564815    
  0.900000036      -1.46513879    
  0.910000086      -1.55663419    
  0.920000076      -2.83945656    
  0.930000067      -1.16224217    
  0.940000057      -1.46304226    
  0.950000048      -1.76868451    
  0.960000038      -1.59082544    
  0.970000088      -1.00251329    
  0.980000079      -1.19267750    
  0.990000069      -1.41739833    
   1.00000012      -2.56955171    
   1.01000011      -1.53940582    
   1.02000010      -1.31573546    
   1.03000009      -2.09796786    
   1.04000008      -1.29581261    
   1.05000007      -1.50220561    
   1.06000006      -1.30414712    
   1.07000005      -1.46724808    
   1.08000004      -1.03205597    
   1.09000003      -1.24750221    
   1.10000002      -1.73136544    
   1.11000013      -1.16092181    
   1.12000012      -1.38970208    
   1.13000011      -1.21029317    
   1.14000010     -0.932915449    
   1.15000010      -1.88528526    
   1.16000009      -1.91924059    
   1.17000008      -1.68509507    
   1.18000007      -1.97224629    
   1.19000006      -1.14851427    
   1.20000005      -1.60345817    
   1.21000004     -0.847647011    
   1.22000003      -1.19692850    
   1.23000014     -0.883395970    
   1.24000013      -1.20444679    
   1.25000012      -1.73799622    
   1.26000011     -0.699474812    
   1.27000010      -1.54971695    
   1.28000009      -1.11962056    
   1.29000008      -1.91231644    
   1.30000007     -0.985020459    
   1.31000006      -1.20070887    
   1.32000005      -1.67709756    
   1.33000004      -1.31849909    
   1.34000015     -0.852825880    
   1.35000014     -0.982342899    
   1.36000013     -0.845674396    
   1.37000012      -2.07988238    
   1.38000011      -1.30615532    
   1.39000010      -1.05965996    
   1.40000010     -0.972737789    
   1.41000009                  NaN
   1.42000008      -3.24034572    
   1.43000007      -1.36289024    
   1.44000006     -0.950106621    
   1.45000005      -1.95779586    
   1.46000016      -1.52739990    
   1.47000015      -1.26357007    
   1.48000014                  NaN
   1.49000013     -0.967887342    
   1.50000012     -0.900655448    
   1.51000011      -1.68086028    
   1.52000010      -3.37804961    
   1.53000009      -1.21507001    
   1.54000008      -1.39862132    
   1.55000007      -1.54692531    
   1.56000006      -1.35586464    
   1.57000005      -1.64983046    
   1.58000016      -1.13572586    
   1.59000015      -1.04885495    
   1.60000014      -2.94292855    
   1.61000013      -2.17691731    
   1.62000012     -0.913692653    
   1.63000011      -1.82615519    
   1.64000010      -1.12429988    
   1.65000010      -2.08579206    
   1.66000009      -1.80826020    
   1.67000008      -1.50403237    
   1.68000007      -1.34933591    
   1.69000018      -1.83941269    
   1.70000017      -1.98196709    
   1.71000016      -3.98675489    
   1.72000015     -0.990475059    
   1.73000014      -3.04119873    
   1.74000013      -2.52982545    
   1.75000012      -1.28608406    
   1.76000011      -1.45258999    
   1.77000010      -2.52818108    
   1.78000009      -1.52211082    
   1.79000008                  NaN
   1.80000007      -1.63727248    
   1.81000018      -1.81630814    
   1.82000017      -1.38333738    
   1.83000016      -1.51936257    
   1.84000015      -1.69142449    
   1.85000014      -2.21140885    
   1.86000013      -1.28003871    
   1.87000012      -4.82526731    
   1.88000011      -1.41246665    
   1.89000010      -1.76389122    
   1.90000010      -1.33725500    
   1.91000009      -1.86122549    
   1.92000008      -2.92538404    
   1.93000019      -1.61649787    
   1.94000018                  NaN
   1.95000017     -0.825705588    
   1.96000016      -1.30378115    
   1.97000015      -2.45261121    
   1.98000014      -1.82344782    
   1.99000013      -1.06520724    
   2.00000024      -1.75779867    
   2.01000023      -1.34141517    
   2.02000022      -2.15437007    
   2.03000021      -1.42637730    
   2.04000020      -1.04692245    
   2.05000019      -1.77076530    
   2.06000018      -1.20381284    
   2.07000017     -0.971142590    
   2.08000016      -1.81788301    
   2.09000015      -1.38988078    
   2.10000014      -2.10444832    
   2.11000013      -1.12306011    
   2.12000012     -0.997337937    
   2.13000011      -1.21808541    
   2.14000010      -2.03767276    
   2.15000010      -4.29887486    
   2.16000009      -1.12862968    
   2.17000008      -2.07855129    
   2.18000007      -1.36333680    
   2.19000006      -3.50817490    
   2.20000005      -1.22337747    
   2.21000004      -1.35106945    
   2.22000027      -1.79351044    
   2.23000026      -4.11206245    
   2.24000025      -2.43752289    
   2.25000024      -1.44834816    
   2.26000023      -2.56992722    
   2.27000022      -1.21943688    
   2.28000021      -1.53155589    
   2.29000020      -1.19995928    
   2.30000019      -2.09321189    
   2.31000018      -1.03177512    
   2.32000017                  NaN
   2.33000016     -0.861225963    
   2.34000015      -2.85309029    
   2.35000014      -1.37525737    
   2.36000013      -1.47763836    
   2.37000012      -2.31239319    
   2.38000011      -2.18177295    
   2.39000010      -1.70512223    
   2.40000010      -1.31949794    
   2.41000009      -1.86828899    
   2.42000008      -2.84854937    
   2.43000007      -2.13130355    
   2.44000006      -1.20980215    
   2.45000029      -1.73248088    
   2.46000028      -1.92050171    
   2.47000027      -1.47138309    
   2.48000026      -1.48293412    
   2.49000025      -2.06044078    
   2.50000024                  NaN
   2.51000023      -2.52064347    
   2.52000022      -1.76023316    
   2.53000021     -0.974140346    
   2.54000020      -1.38641298    
   2.55000019      -1.60898399    
   2.56000018      -1.56758857    
   2.57000017      -1.93325937    
   2.58000016      -1.08813846    
   2.59000015      -2.55115008    
   2.60000014      -1.91248822    
   2.61000013      -1.41629708    
   2.62000012      -1.45081365    
   2.63000011      -1.78671038    
   2.64000010      -1.51103103    
   2.65000010      -2.78886056    
   2.66000009      -1.60265994    
   2.67000008      -1.25377607    
   2.68000031      -2.09398246    
   2.69000030      -1.94576883    
   2.70000029      -1.47029734    
   2.71000028      -2.44245124    
   2.72000027      -1.74872506    
   2.73000026      -1.73214614    
   2.74000025      -3.16665220    
   2.75000024      -1.84877062    
   2.76000023      -1.36268270    
   2.77000022      -1.10227740    
   2.78000021      -1.60970151    
   2.79000020      -1.54106712    
   2.80000019      -1.23649025    
   2.81000018      -3.67341399    
   2.82000017      -1.66536319    
   2.83000016      -1.19664502    
   2.84000015      -1.86155796    
   2.85000014      -1.77396357    
   2.86000013      -1.32443023    
   2.87000012      -1.85980797    
   2.88000011      -1.73942268    
   2.89000010                  NaN
   2.90000010      -1.78785098    
   2.91000032      -1.30045545    
   2.92000031      -1.54673016    
   2.93000031      -1.76928794    
   2.94000030     -0.995512187    
   2.95000029      -1.70357704    
   2.96000028      -1.93004775    
   2.97000027                  NaN
   2.98000026      -3.22164202    
   2.99000025      -1.41745985    
   3.00000024      -1.74864960    
   3.01000023      -1.56847560    
   3.02000022      -3.66112208    
   3.03000021      -1.11282492    
   3.04000020      -2.14359570    
   3.05000019      -1.81352651    
   3.06000018      -1.48653984    
   3.07000017      -1.33360875    
   3.08000016      -1.82945454    
   3.09000015      -2.38847971    
   3.10000014      -1.47159696    
   3.11000013      -2.13945985    
   3.12000012      -1.48299170    
   3.13000011      -1.64715457    
   3.14000010      -1.40860248    
   3.15000033      -1.48121297    
   3.16000032      -1.01378489    
   3.17000031      -2.18591118    
   3.18000031      -2.75783634    
   3.19000030      -1.37094736    
   3.20000029      -2.15880942    
   3.21000028      -1.76955616    
   3.22000027      -2.62762189    
   3.23000026      -2.08470178    
   3.24000025      -3.36039829    
   3.25000024      -1.87441659    
   3.26000023      -1.93208790    
   3.27000022      -2.75247121    
   3.28000021      -1.65326118    
   3.29000020      -1.07163262    
   3.30000019      -1.65206397    
   3.31000018     -0.965922534    
   3.32000017      -1.92849755    
   3.33000016      -1.98977292    
   3.34000015      -19.3790493    
   3.35000014      -1.36138368    
   3.36000013      -1.52063155    
   3.37000012      -1.13703799    
   3.38000035      -1.46746898    
   3.39000034      -1.77587187    
   3.40000033      -2.57761621    
   3.41000032      -2.02844739    
   3.42000031      -2.43330956    
   3.43000031      -2.69840932    
   3.44000030      -2.07209992    
   3.45000029      -3.34778929    
   3.46000028     -0.834879518    
   3.47000027      -1.88024330    
   3.48000026      -2.49867725    
   3.49000025      -2.14139676    
   3.50000024      -1.06749666    
   3.51000023      -2.57096791    
   3.52000022                  NaN
   3.53000021      -1.60834312    
   3.54000020      -1.76680028    
   3.55000019      -1.08170331    
   3.56000018      -1.76558423    
   3.57000017      -5.13227177    
   3.58000016      -3.87889910    
   3.59000015      -1.69706655    
   3.60000014      -4.03183126    
   3.61000037      -1.41626203    
   3.62000036                  NaN
   3.63000035      -2.35602427    
   3.64000034      -2.32464170    
   3.65000033      -1.04985332    
   3.66000032      -2.82419395    
   3.67000031      -1.26543701    
   3.68000031                  NaN
   3.69000030      -2.01142597    
   3.70000029      -3.25252581    
   3.71000028      -4.71824932    
   3.72000027      -2.23272800    
   3.73000026      -1.27233803    
   3.74000025      -2.67952371    
   3.75000024      -2.23088384    
   3.76000023      -2.72274494    
   3.77000022      -1.88134587    
   3.78000021      -1.70168102    
   3.79000020      -1.04976428    
   3.80000019      -2.05012107    
   3.81000018      -1.23599279    
   3.82000017      -2.97687268    
   3.83000016      -1.27686810    
   3.84000015                  NaN
   3.85000038      -1.71388566    
   3.86000037      -2.67211699    
   3.87000036      -1.26369619    
   3.88000035      -1.81738651    
   3.89000034      -2.54765368    
   3.90000033                  NaN
   3.91000032      -2.02031851    
   3.92000031      -1.56977975    
   3.93000031      -1.66012967    
   3.94000030      -2.50680470    
   3.95000029      -2.06434917    
   3.96000028      -1.38255513    
   3.97000027      -2.54267550    
   3.98000026      -1.24627078    
   3.99000025      -3.16046619    
   4.00000048      -1.90707839    
   4.01000023      -1.75522220    
   4.02000046      -2.01345849    
   4.03000021      -1.92582095    
   4.04000044      -3.71695375    
   4.05000019      -2.42847300    
   4.06000042      -2.15755558    
   4.07000017      -1.03234005    
   4.08000040      -2.23853803    
   4.09000015      -1.60360312    
   4.10000038      -2.90225768    
   4.11000013      -1.28114057    
   4.12000036      -2.70032787    
   4.13000011      -1.44693530    
   4.14000034      -3.08205986    
   4.15000010      -2.69843698    
   4.16000032      -1.98218596    
   4.17000008      -1.76286519    
   4.18000031      -1.91638374    
   4.19000053                  NaN
   4.20000029      -3.14726257    
   4.21000051      -2.78995490    
   4.22000027      -1.37833405    
   4.23000050      -1.83317578    
   4.24000025      -1.32943773    
   4.25000048      -3.21820116    
   4.26000023      -1.01183081    
   4.27000046      -2.38068247    
   4.28000021      -2.60318995    
   4.29000044      -2.64511323    
   4.30000019      -3.14091396    
   4.31000042      -3.58210874    
   4.32000017      -1.53020084    
   4.33000040      -1.31214988    
   4.34000015     -0.989928126    
   4.35000038      -1.92663336    
   4.36000013      -1.33349037    
   4.37000036      -1.55599439    
   4.38000011      -1.80457008    
   4.39000034      -1.84239590    
   4.40000010                  NaN
   4.41000032      -2.13535333    
   4.42000008      -1.50961816    
   4.43000031      -1.83983016    
   4.44000053      -2.10745192    
   4.45000029      -4.16093302    
   4.46000051      -3.37183189    
   4.47000027      -2.55020809    
   4.48000050      -2.63294506    
   4.49000025      -1.81655121    
   4.50000048      -2.72262764    
   4.51000023      -1.38447809    
   4.52000046      -1.03847110    
   4.53000021                  NaN
   4.54000044      -2.20921826    
   4.55000019                  NaN
   4.56000042      -1.87145138    
   4.57000017      -1.12789476    
   4.58000040      -2.04840326    
   4.59000015      -2.98873782    
   4.60000038                  NaN
   4.61000013      -2.23366761    
   4.62000036      -1.45531285    
   4.63000011      -1.33988690    
   4.64000034      -2.53920054    
   4.65000010                  NaN
   4.66000032      -2.86640215    
   4.67000055      -1.49344182    
   4.68000031      -1.82364357    
   4.69000053      -1.47815037    
   4.70000029      -1.84213996    
   4.71000051      -1.46304965    
   4.72000027      -2.22649407    
   4.73000050      -2.11461377    
   4.74000025      -1.56189036    
   4.75000048      -2.45505333    
   4.76000023      -1.50173831    
   4.77000046                  NaN
   4.78000021     -0.920606673    
   4.79000044      -2.22190261    
   4.80000019      -1.96341586    
   4.81000042                  NaN
   4.82000017      -1.11155975    
   4.83000040      -4.35933590    
   4.84000015      -1.42748249    
   4.85000038                  NaN
   4.86000013      -1.01626241    
   4.87000036      -1.25435317    
   4.88000011      -3.25742221    
   4.89000034      -2.05278730    
   4.90000057      -1.15603745    
   4.91000032      -1.64599764    
   4.92000055                  NaN
   4.93000031     -0.682770252    
   4.94000053      -3.34045768    
   4.95000029      -2.18233967    
   4.96000051      -1.43295825    
   4.97000027      -2.51748228    
   4.98000050      -1.53100002    
   4.99000025      -2.12410879    
   5.00000048      -1.23455060    
   5.01000023      -1.27934599    
   5.02000046      -2.51415038    
   5.03000021      -2.55430412    
   5.04000044      -1.97048974    
   5.05000019      -3.09196401    
   5.06000042      -2.17500424    
   5.07000017      -2.11876464    
   5.08000040      -1.70366096    
   5.09000015      -1.56945920    
   5.10000038      -2.63662863    
   5.11000013      -1.98933053    
   5.12000036      -1.38252282    
   5.13000059      -2.54760194    
   5.14000034      -1.33053374    
   5.15000057      -2.89109612    
   5.16000032                  NaN
   5.17000055      -3.15801358    
   5.18000031      -1.43182838    
   5.19000053     -0.994224787    
   5.20000029      -5.02778769    
   5.21000051      -1.56137824    
   5.22000027      -2.88637185    
   5.23000050      -1.14419711    
   5.24000025      -1.31151152    
   5.25000048      -3.52032900    
   5.26000023      -1.80485201    
   5.27000046      -1.33416951    
   5.28000021      -1.74522531    
   5.29000044      -1.68948603    
   5.30000019      -1.74386561    
   5.31000042      -2.41764021    
   5.32000017      -1.74250412    
   5.33000040      -2.24637890    
   5.34000015      -1.23409593    
   5.35000038      -2.04718876    
   5.36000061      -4.10062933    
   5.37000036      -1.94818401    
   5.38000059                  NaN
   5.39000034      -1.30129719    
   5.40000057      -1.54844856    
   5.41000032      -1.37591302    
   5.42000055      -1.16266596    
   5.43000031                  NaN
   5.44000053      -2.14924002    
   5.45000029      -1.91971147    
   5.46000051      -1.34650457    
   5.47000027      -1.59165168    
   5.48000050      -1.65878534    
   5.49000025      -1.98757601    
   5.50000048      -3.30256319    
   5.51000023      -2.11624980    
   5.52000046      -3.39649296    
   5.53000021      -2.60734510    
   5.54000044      -2.23196054    
   5.55000019      -2.14165640    
   5.56000042                  NaN
   5.57000017      -1.21828258    
   5.58000040      -4.30863237    
   5.59000063      -2.08331442    
   5.60000038      -1.65048683    
   5.61000061      -2.51478982    
   5.62000036      -2.60110593    
   5.63000059                  NaN
   5.64000034      -1.33404768    
   5.65000057      -3.61061859    
   5.66000032      -1.24671161    
   5.67000055      -2.16230464    
   5.68000031      -2.42987061    
   5.69000053                  NaN
   5.70000029      -2.46769381    
   5.71000051      -1.40920401    
   5.72000027      -2.42707324    
   5.73000050                  NaN
   5.74000025      -1.33996284    
   5.75000048      -1.05809391    
   5.76000023      -2.90977645    
   5.77000046      -1.89747262    
   5.78000021                  NaN
   5.79000044      -2.06933808    
   5.80000019      -1.22520459    
   5.81000042      -1.65349591    
   5.82000065      -1.30869472    
   5.83000040      -2.68170500    
   5.84000063      -5.67672968    
   5.85000038      -1.63297331    
   5.86000061      -2.84210467    
   5.87000036      -1.91341007    
   5.88000059      -2.34169793    
   5.89000034      -2.90060520    
   5.90000057      -1.20657682    
   5.91000032                  NaN
   5.92000055      -2.03347921    
   5.93000031      -3.27245975    
   5.94000053      -2.41154742    
   5.95000029                  NaN
   5.96000051      -1.90702033    
   5.97000027      -2.23352075    
   5.98000050     -0.854610443    
   5.99000025      -1.90488112    
   6.00000048      -2.05444932    
   6.01000023                  NaN
   6.02000046      -2.36810088    
   6.03000021      -1.92555249    
   6.04000044      -2.66677380    
   6.05000019      -1.99822795    
   6.06000042      -1.67208838    
   6.07000065      -2.56931257    
   6.08000040      -2.19390059    
   6.09000063      -1.66993392    
   6.10000038                  NaN
   6.11000061      -2.16097164    
   6.12000036      -1.54588497    
   6.13000059                  NaN
   6.14000034      -1.84865439    
   6.15000057      -1.13280654    
   6.16000032      -3.86211324    
   6.17000055      -2.04223228    
   6.18000031      -3.57298517    
   6.19000053      -1.73967993    
   6.20000029                  NaN
   6.21000051      -2.03933573    
   6.22000027      -2.03861046    
   6.23000050      -2.06528330    
   6.24000025      -1.48919272    
   6.25000048                  NaN
   6.26000023      -2.42774558    
   6.27000046      -1.42638564    
   6.28000021      -2.64943242    
   6.29000044      -3.34185004    
   6.30000067      -2.17796946    
   6.31000042      -1.32548749    
   6.32000065      -3.33965945    
   6.33000040      -2.05799484    
   6.34000063      -3.44355750    
   6.35000038      -1.85585988    
   6.36000061      -1.65033257    
   6.37000036      -2.11222243    
   6.38000059      -1.40374255    
   6.39000034      -1.61176312    
   6.40000057      -2.11001945    
   6.41000032                  NaN
   6.42000055                  NaN
   6.43000031                  NaN
   6.44000053      -1.84924471    
   6.45000029      -1.78254902    
   6.46000051      -1.71993542    
   6.47000027      -2.07587147    
   6.48000050                  NaN
   6.49000025      -3.43251538    
   6.50000048                  NaN
   6.51000023      -3.54881668    
   6.52000046      -1.93863773    
   6.53000069      -3.42955065    
   6.54000044      -1.33557284    
   6.55000067      -2.79207540    
   6.56000042      -1.86334527    
   6.57000065      -2.32796407    
   6.58000040      -1.93417680    
   6.59000063      -1.71028781    
   6.60000038                  NaN
   6.61000061      -1.26410949    
   6.62000036      -4.23377705    
   6.63000059      -1.95576179    
   6.64000034      -2.18458772    
   6.65000057      -1.83363688    
   6.66000032      -2.90902710    
   6.67000055      -1.97874093    
   6.68000031      -1.85437655    
   6.69000053      -1.74362469    
   6.70000029      -3.12916803    
   6.71000051      -2.39444590    
   6.72000027                  NaN
   6.73000050      -1.85061598    
   6.74000025      -1.53352463    
   6.75000048      -1.62132359    
   6.76000071      -1.87188268    
   6.77000046      -4.22250319    
   6.78000069      -1.94447899    
   6.79000044      -2.31144738    
   6.80000067      -2.38765121    
   6.81000042      -2.14003325    
   6.82000065      -2.07865000    
   6.83000040      -4.91110516    
   6.84000063      -1.46035719    
   6.85000038      -2.10622430    
   6.86000061      -1.93840969    
   6.87000036      -3.29862475    
   6.88000059      -1.83924782    
   6.89000034      -1.86201572    
   6.90000057      -1.93536043    
   6.91000032      -2.42010450    
   6.92000055      -1.53695130    
   6.93000031      -2.41857576    
   6.94000053      -5.59586239    
   6.95000029      -2.59936619    
   6.96000051      -2.37545586    
   6.97000027      -1.49921989    
   6.98000050      -2.03744888    
   6.99000072      -1.04873347    
   7.00000048      -2.81867075    
   7.01000071                  NaN
   7.02000046      -2.64528084    
   7.03000069      -3.28636384    
   7.04000044      -1.49383307    
   7.05000067      -1.78074312    
   7.06000042      -1.56128180    
   7.07000065      -2.18466282    
   7.08000040                  NaN
   7.09000063      -1.39465749    
   7.10000038      -2.53901505    
   7.11000061      -1.94517565    
   7.12000036      -2.40393162    
   7.13000059      -1.29074967    
   7.14000034      -1.00572073    
   7.15000057      -1.86608171    
   7.16000032      -1.48453104    
   7.17000055      -2.93903804    
   7.18000031      -2.02196836    
   7.19000053      -2.20924091    
   7.20000029      -1.60546327    
   7.21000051      -2.01962590    
   7.22000074      -1.96327353    
   7.23000050      -2.07690144    
   7.24000072      -2.01727748    
   7.25000048      -3.96240306    
   7.26000071      -2.57532454    
   7.27000046      -2.73705840    
   7.28000069      -1.80828536    
   7.29000044      -1.16198015    
   7.30000067      -1.16119277    
   7.31000042      -3.62121296    
   7.32000065                  NaN
   7.33000040      -2.30745053    
   7.34000063      -1.85118532    
   7.35000038      -1.73532581    
   7.36000061                  NaN
   7.37000036      -2.92332768    
   7.38000059      -1.46724832    
   7.39000034      -3.95136166    
   7.40000057      -2.03364658    
   7.41000032      -2.30111670    
   7.42000055      -2.12443113    
   7.43000031      -1.00374615    
   7.44000053                  NaN
   7.45000076      -2.33715487    
   7.46000051      -3.15733838    
   7.47000074      -2.98948598    
   7.48000050                  NaN
   7.49000072      -2.60839939    
   7.50000048      -2.66166711    
   7.51000071      -1.42410398    
   7.52000046      -2.55470514    
   7.53000069      -3.75787663    
   7.54000044      -1.50578225    
   7.55000067      -2.02166986    
   7.56000042      -2.25139022    
   7.57000065      -3.60051250    
   7.58000040      -1.90803182    
   7.59000063                  NaN
   7.60000038      -2.90494919    
   7.61000061      -2.21099520    
   7.62000036      -1.73572981    
   7.63000059      -2.10759711    
   7.64000034      -1.85189593    
   7.65000057                  NaN
   7.66000032      -1.36476886    
   7.67000055      -1.44400072    
   7.68000031      -2.10354686    
   7.69000053      -2.13552451    
   7.70000076      -1.58466578    
   7.71000051      -1.58385205    
   7.72000074      -2.82623148    
   7.73000050      -1.89588106    
   7.74000072                  NaN
   7.75000048      -1.89424980    
   7.76000071      -2.64064765    
   7.77000046      -2.35214829    
   7.78000069      -2.75679493    
   7.79000044      -2.03205752    
   7.80000067      -1.00595748    
   7.81000042      -1.30741835    
   7.82000065      -2.12490797    
   7.83000040      -1.67513609    
   7.84000063      -1.86090028    
   7.85000038      -1.15419149    
   7.86000061      -2.12161827    
   7.87000036      -1.96664357    
   7.88000059      -2.15387130    
   7.89000034      -2.05460572    
   7.90000057                  NaN
   7.91000032      -2.87963152    
   7.92000055      -3.72610211    
   7.93000078      -2.11583543    
   7.94000053      -1.98984361    
   7.95000076      -2.87631750    
   7.96000051      -1.80097258    
   7.97000074      -2.18150949    
   7.98000050      -1.77521241    
   7.99000072      -1.90113175    
   8.00000095      -2.01470900    
   8.01000023      -1.77271342    
   8.02000046      -2.56510973    
   8.03000069      -1.72452378    
   8.04000092      -2.73528910    
   8.05000019      -3.42759967    
   8.06000042      -2.24810743    
   8.07000065                  NaN
   8.08000088                  NaN
   8.09000015                  NaN
   8.10000038      -1.22618234    
   8.11000061      -3.30478334    
   8.12000084      -2.24306965    
   8.13000011                  NaN
   8.14000034      -3.30225658    
   8.15000057      -2.16643333    
   8.16000080      -1.86020768    
   8.17000103      -1.52665675    
   8.18000031      -1.27659535    
   8.19000053      -4.39664459    
   8.20000076      -1.91089046    
   8.21000099      -2.02782559    
   8.22000027      -1.85512710    
   8.23000050      -2.27298832    
   8.24000072      -1.57899141    
   8.25000095      -1.59834290    
   8.26000023      -3.00440550    
   8.27000046      -3.00355315    
   8.28000069      -1.49862278    
   8.29000092      -1.82319140    
   8.30000019      -2.11860299    
   8.31000042      -2.05105662    
   8.32000065      -2.05020094    
   8.33000088      -1.61213040    
   8.34000015      -2.18663716    
   8.35000038      -2.14941192    
   8.36000061      -1.38641286    
   8.37000084      -2.01416206    
   8.38000107      -1.40150023    
   8.39000034      -2.64496350    
   8.40000057      -3.68555522    
   8.41000080                  NaN
   8.42000103      -1.06887019    
   8.43000031      -2.98981881    
   8.44000053      -2.90891123    
   8.45000076                  NaN
   8.46000099      -2.07093191    
   8.47000027      -2.29320860    
   8.48000050      -1.64175308    
   8.49000072      -1.97301877    
   8.50000095      -1.57683671    
   8.51000023      -3.67602706    
   8.52000046      -3.26969147    
   8.53000069      -1.96953750    
   8.54000092      -1.63653135    
   8.55000019      -1.99856400    
   8.56000042      -1.53160024    
   8.57000065      -3.67079210    
   8.58000088      -2.09438038    
   8.59000015      -3.66904092    
   8.60000038      -1.79636168    
   8.61000061      -3.51313543    
   8.62000084                  NaN
   8.63000107      -1.39684546    
   8.64000034      -19.0398273    
   8.65000057      -1.39508474    
   8.66000080                  NaN
   8.67000103      -1.62512302    
   8.68000031      -2.45714903    
   8.69000053      -3.14941216    
   8.70000076      -1.86759388    
   8.71000099      -2.23135185    
   8.72000027      -3.14675665    
   8.73000050      -2.35741210    
   8.74000072      -1.45858240    
   8.75000095      -2.45094585    
   8.76000023                  NaN
   8.77000046      -2.26684475    
   8.78000069      -4.05771399    
   8.79000092      -1.57191539    
   8.80000019                  NaN
   8.81000042                  NaN
   8.82000065                  NaN
   8.83000088      -3.49363136    
   8.84000015      -2.14280915    
   8.85000038      -1.09394395    
   8.86000061                  NaN
   8.87000084      -1.82503641    
   8.88000107      -2.21617961    
   8.89000034      -1.46386373    
   8.90000057      -1.27437210    
   8.91000080      -2.10014915    
   8.92000103      -2.38692927    
   8.93000031                  NaN
   8.94000053      -2.38512254    
   8.95000076      -2.53836870    
   8.96000099      -1.84431589    
   8.97000027      -1.57678127    
   8.98000050      -3.81658506    
   8.99000072      -1.73623455    
   9.00000095      -3.22698116    
   9.01000023      -1.86794782    
   9.02000046      -2.16428900    
   9.03000069      -4.72832727    
   9.04000092      -2.20168638    
   9.05000019                  NaN
   9.06000042      -1.54753482    
   9.07000065      -1.83430243    
   9.08000088      -1.19739830    
   9.09000111                  NaN
   9.10000038                  NaN
   9.11000061      -2.58094168    
   9.12000084      -4.02694321    
   9.13000107      -1.16382158    
   9.14000034      -1.82787704    
   9.15000057      -1.23608780    
   9.16000080      -2.77049589    
   9.17000103      -2.41289783    
   9.18000031                  NaN
   9.19000053      -2.92187524    
   9.20000076      -1.53465521    
   9.21000099      -1.82141078    
   9.22000027      -2.91909552    
   9.23000050      -1.93733883    
   9.24000072      -2.51177382    
   9.25000095      -1.53001475    
   9.26000023      -1.76269901    
   9.27000046      -2.56613994    
   9.28000069                  NaN
   9.29000092      -1.93175185    
   9.30000019      -2.02925777    
   9.31000042      -3.09303331    
   9.32000065      -1.78376508    
   9.33000088      -1.42345428    
   9.34000111      -2.17393255    
   9.35000038      -1.24873531    
   9.36000061      -2.99303508    
   9.37000084      -3.78055310    
   9.38000107      -1.60485923    
   9.39000034      -1.62690711    
   9.40000057      -2.82221484    
   9.41000080      -2.82127094    
   9.42000103      -1.57861292    
   9.43000031      -1.53418231    
   9.44000053      -2.08754635    
   9.45000076      -4.68929052    
   9.46000099      -1.57482505    
   9.47000027      -1.79701924    
   9.48000050      -2.08375144    
   9.49000072      -1.59444761    
   9.50000095                  NaN
   9.51000023      -3.58497357    
   9.52000046      -2.38004637    
   9.53000069                  NaN
   9.54000092      -1.61266840    
   9.55000114      -2.53969860    
   9.56000042      -2.11385822    
   9.57000065      -2.48062444    
   9.58000088      -2.88513064    
   9.59000111      -3.98278308    
   9.60000038      -1.63044631    
   9.61000061                  NaN
   9.62000084                  NaN
   9.63000107      -1.41398335    
   9.64000034                  NaN
   9.65000057      -2.22780299    
   9.66000080      -4.66918278    
   9.67000103      -1.67248273    
   9.68000031      -1.72280765    
   9.69000053      -2.65137410    
   9.70000076      -1.55179131    
   9.71000099      -1.15278971    
   9.72000027      -1.92252326    
   9.73000050      -2.35980487    
   9.74000072      -2.21906877    
   9.75000095      -1.79823971    
   9.76000023      -2.05677485    
   9.77000046      -1.71404827    
   9.78000069                  NaN
   9.79000092      -2.30515528    
   9.80000114      -2.70964050    
   9.81000042                  NaN
   9.82000065      -1.76321614    
   9.83000088      -3.39984179    
   9.84000111      -2.12589288    
   9.85000038      -3.26434231    
   9.86000061      -1.47159684    
   9.87000084      -1.73089361    
   9.88000107                  NaN
   9.89000034      -2.12095928    
   9.90000057      -1.97154975    
   9.91000080      -1.22698092    
   9.92000103      -3.54510403    
   9.93000031      -2.04003406    
   9.94000053                  NaN
   9.95000076      -2.00167799    
   9.96000099      -1.15849984    
   9.97000027      -2.49867725    
   9.98000050      -2.33516049    
   9.99000072      -2.38545537    
   10.0000010                  NaN
   10.0100012      -1.83138704    
   10.0200005                  NaN
   10.0300007      -1.49724936    
   10.0400009                  NaN
   10.0500011      -2.27936006    
   10.0600004      -2.68382001    
   10.0700006      -2.75692129    
   10.0800009      -1.08675635    
   10.0900011      -1.20898020    
   10.1000004                  NaN
   10.1100006      -3.37192392    
   10.1200008                  NaN
   10.1300011      -1.48716843    
   10.1400003      -2.60674596    
   10.1500006                  NaN
   10.1600008      -1.70184803    
   10.1700010      -1.41992867    
   10.1800003      -1.48208976    
   10.1900005                  NaN
   10.2000008      -2.66963506    
   10.2100010      -1.90647376    
   10.2200003                  NaN
   10.2300005      -1.59205437    
   10.2400007                  NaN
   10.2500010      -1.77721667    
   10.2600012      -1.33225918    
   10.2700005                  NaN
   10.2800007      -1.36866987    
   10.2900009      -2.52687764    
   10.3000011      -1.86444902    
   10.3100004      -1.74205649    
   10.3200006      -2.40600014    
   10.3300009      -1.92804241    
   10.3400011      -1.51011395    
   10.3500004      -1.62970638    
   10.3600006      -1.96002650    
   10.3700008      -2.20015073    
   10.3800011      -2.29442191    
   10.3900003      -1.31882238    
   10.4000006      -1.88687575    
   10.4100008      -3.34112048    
   10.4200010      -1.29700351    
   10.4300003      -4.59179592    
   10.4400005      -1.59501815    
   10.4500008      -2.39247966    
   10.4600010      -2.39143181    
   10.4700003                  NaN
   10.4800005      -1.91240895    
   10.4900007      -2.50606513    
   10.5000010      -1.84361458    
   10.5100012      -2.18550634    
   10.5200005      -2.79058766    
   10.5300007      -1.44579756    
   10.5400009      -1.60982072    
   10.5500011      -2.01422834    
   10.5600004      -3.47950697    
   10.5700006      -1.15933239    
   10.5800009      -2.17810273    
   10.5900011      -2.09002900    
   10.6000004      -2.55896926    
   10.6100006      -2.17491317    
   10.6200008      -1.70954156    
   10.6300011      -3.65438533    
   10.6400003      -1.89545929    
   10.6500006      -1.96584940    
   10.6600008      -1.32879066    
   10.6700010                  NaN
   10.6800003      -1.62088645    
   10.6900005      -1.89010310    
   10.7000008      -2.26059198    
   10.7100010      -3.86895394    
   10.7200012                  NaN
   10.7300005      -3.46133351    
   10.7400007      -2.25628209    
   10.7500010      -1.84973633    
   10.7600012      -1.46566212    
   10.7700005      -3.05154467    
   10.7800007      -1.25870085    
   10.7900009      -1.95076299    
   10.8000011                  NaN
   10.8100004                  NaN
   10.8200006      -1.87604141    
   10.8300009      -1.19919610    
   10.8400011                  NaN
   10.8500004      -2.10456991    
   10.8600006      -1.65545154    
   10.8700008      -1.12700188    
   10.8800011      -2.10128570    
   10.8900003      -1.34386218    
   10.9000006      -1.38443685    
   10.9100008      -1.47228479    
   10.9200010      -2.59332681    
   10.9300003      -1.83008480    
   10.9400005      -2.66522980    
   10.9500008      -1.13473010    
   10.9600010      -1.31594610    
   10.9700012      -1.44267297    
   10.9800005      -3.61631608    
   10.9900007      -1.56108344    
   11.0000010      -1.21620142    
   11.0100012      -1.82122540    
   11.0200005      -2.82341504    
   11.0300007      -1.96209919    
   11.0400009      -2.91649556    
   11.0500011      -1.55440211    
   11.0600004      -2.65189648    
   11.0700006      -2.44313765    
   11.0800009      -2.12356353    
   11.0900011      -1.49991226    
   11.1000004      -2.57330418    
   11.1100006                  NaN
   11.1200008      -2.26567245    
   11.1300011      -2.03093100    
   11.1400003      -1.91201997    
   11.1500006      -1.98785162    
   11.1600008      -1.67923653    
   11.1700010      -2.43187642    
   11.1800013      -1.56574559    
   11.1900005      -1.07506311    
   11.2000008      -1.94296515    
   11.2100010     -0.951429486    
   11.2200012      -2.49073625    
   11.2300005      -2.20191455    
   11.2400007      -1.64115775    
   11.2500010      -1.76137650    
   11.2600012      -2.24978113    
   11.2700005                  NaN
   11.2800007      -1.69542181    
   11.2900009      -1.60726285    
   11.3000011      -2.48158288    
   11.3100004      -1.72274709    
   11.3200006                  NaN
   11.3300009      -1.89034212    
   11.3400011      -1.31382370    
   11.3500004      -1.62852120    
   11.3600006      -1.96383679    
   11.3700008                  NaN
   11.3800011      -1.59687614    
   11.3900003      -2.04374027    
   11.4000006      -1.46450031    
   11.4100008      -1.04977477    
   11.4200010      -1.87990713    
   11.4300013      -2.08353519    
   11.4400005      -1.95453453    
   11.4500008      -1.38805163    
   11.4600010      -3.37931156    
   11.4700012      -1.76870203    
   11.4800005      -1.58520746    
   11.4900007      -2.52849460    
   11.5000010      -2.03088236    
   11.5100012      -1.58168006    
   11.5200005      -2.02852631    
   11.5300007      -1.69710481    
   11.5400009      -2.27128744    
   11.5500011      -3.77418113    
   11.5600004      -4.46614408    
   11.5700006      -1.69237077    
   11.5800009      -2.75902462    
   11.5900011      -2.75783658    
   11.6000004      -1.37035203    
   11.6100006      -2.06230783    
   11.6200008      -1.30201030    
   11.6300011                  NaN
   11.6400013      -1.74857092    
   11.6500006      -2.44052124    
   11.6600008      -3.35561419    
   11.6700010                  NaN
   11.6800013      -2.37238359    
   11.6900005      -2.19933081    
   11.7000008      -1.96451163    
   11.7100010      -1.47779846    
   11.7200012      -2.19571400    
   11.7300005      -2.04790211    
   11.7400007      -1.44885504    
   11.7500010      -1.95846927    
   11.7600012                  NaN
   11.7700005      -2.13836384    
   11.7800007      -2.29966688    
   11.7900009                  NaN
   11.8000011      -1.87234759    
   11.8100004                  NaN
   11.8200006      -2.64309549    
   11.8300009      -5.12677717    
   11.8400011                  NaN
   11.8500004      -2.82174277    
   11.8600006      -1.98760605    
   11.8700008      -1.90299511    
   11.8800011      -3.17473030    
   11.8900013      -2.48035049    
   11.9000006      -2.92094946    
   11.9100008      -1.12795460    
   11.9200010      -2.22533011    
   11.9300013      -1.97896922    
   11.9400005      -4.01461124    
   11.9500008      -2.47292495    
   11.9600010      -2.11500669    
   11.9700012      -1.37182498    
   11.9800005      -1.39467645    
   11.9900007                  NaN
   12.0000010      -1.55040348    
   12.0100012      -2.21412897    
   12.0200005      -3.31148934    
   12.0300007                  NaN
   12.0400009      -2.21036720    
   12.0500011      -2.46042490    
   12.0600004      -2.00718069    
   12.0700006      -1.31277347    
   12.0800009      -2.61079478    
   12.0900011      -2.89721417    
   12.1000004      -1.28651023    
   12.1100006      -1.83380949    
   12.1200008                  NaN
   12.1300011      -1.95387375    
   12.1400013                  NaN
   12.1500006      -1.68562603    
   12.1600008      -2.44649172    
   12.1700010      -1.90621865    
   12.1800013      -1.41943288    
   12.1900005      -2.30912638    
   12.2000008                  NaN
   12.2100010      -1.86027503    
   12.2200012      -1.71057057    
   12.2300005      -1.58007264    
   12.2400007      -2.03076982    
   12.2500010                  NaN
   12.2600012      -2.87548733    
   12.2700005      -1.26475632    
   12.2800007      -2.50517511    
   12.2900009      -1.45791030    
   12.3000011      -2.23431683    
   12.3100004                  NaN
   12.3200006      -2.86770511    
   12.3300009      -1.59789073    
   12.3400011      -1.62833488    
   12.3500013      -2.35296535    
   12.3600006      -2.06397533    
   12.3700008      -3.11248779    
   12.3800011      -1.53072584    
   12.3900013      -2.06004071    
   12.4000006      -2.85723376    
   12.4100008      -3.26138139    
   12.4200010                  NaN
   12.4300013      -2.34245300    
   12.4400005     -0.844488561    
   12.4500008      -3.66156292    
   12.4600010      -2.10209346    
   12.4700012      -1.54869759    
   12.4800005      -2.64598107    
   12.4900007      -1.32897329    
   12.5000010      -2.09677410    
   12.5100012      -3.24811935    
   12.5200005      -3.65224814    
   12.5300007                  NaN
   12.5400009                  NaN
   12.5500011      -2.46957469    
   12.5600004      -1.94213820    
   12.5700006                  NaN
   12.5800009      -2.08605003    
   12.5900011      -2.72655535    
   12.6000013      -3.41835213    
   12.6100006      -1.84838390    
   12.6200008      -3.41564584    
   12.6300011      -1.62253022    
   12.6400013      -2.13199830    
   12.6500006      -2.24842167    
   12.6600008      -1.76155233    
   12.6700010      -3.07237530    
   12.6800013      -1.37933433    
   12.6900005      -3.40611506    
   12.7000008      -2.18097115    
   12.7100010      -3.22105408    
   12.7200012      -4.31829405    
   12.7300005      -1.29649436    
   12.7400007      -2.61079454    
   12.7500010      -2.17409825    
   12.7600012      -1.74783468    
   12.7700005      -1.67234457    
   12.7800007      -2.05872607    
   12.7900009      -1.60058165    
   12.8000011      -1.59919381    
   12.8100014      -2.60110617    
   12.8200006      -2.80038500    
   12.8300009      -1.90517330    
   12.8400011      -1.56083274    
   12.8500013      -1.73532557    
   12.8600006      -3.60572839    
   12.8700008      -1.25295186    
   12.8800011      -2.15600467    
   12.8900013      -1.85231805    
   12.9000006      -2.68381977    
   12.9100008      -1.68915880    
   12.9200010      -2.78635931    
   12.9300013      -2.49726415    
   12.9400005      -1.42540705    
   12.9500008      -2.03489876    
   12.9600010      -1.57672071    
   12.9700012                  NaN
   12.9800005      -1.97934115    
   12.9900007      -1.64144313    
   13.0000010      -1.83672595    
   13.0100012      -2.02635145    
   13.0200005      -1.75048316    
   13.0300007      -2.77070069    
   13.0400009      -1.44012880    
   13.0500011      -2.07468009    
   13.0600014      -1.40826356    
   13.0700006      -2.25411987    
   13.0800009      -1.59343004    
   13.0900011      -1.27040017    
   13.1000013      -2.55993605    
   13.1100006      -1.31879508    
   13.1200008                  NaN
   13.1300011      -2.38852477    
   13.1400013      -2.11880422    
   13.1500006      -1.23698652    
   13.1600008      -3.15733838    
   13.1700010      -1.36411572    
   13.1800013      -2.54827428    
   13.1900005      -1.36118317    
   13.2000008      -1.44672501    
   13.2100010      -4.94176149    
   13.2200012      -2.04991531    
   13.2300005      -2.63622618    
   13.2400007      -2.29827571    
   13.2500010      -1.89133024    
   13.2600012      -2.04399824    
   13.2700014      -1.88836265    
   13.2800007      -2.44649148    
   13.2900009      -2.53201365    
   13.3000011      -2.15582871    
   13.3100014      -3.82831168    
   13.3200006      -1.42892039    
   13.3300009      -4.92393160    
   13.3400011      -2.21437931    
   13.3500013      -2.03055501    
   13.3600006      -1.74136817    
   13.3700008      -4.22476721    
   13.3800011      -2.02603364    
   13.3900013      -4.91489410    
   13.4000006      -3.12162066    
   13.4100008      -1.10520101    
   13.4200010      -1.69146883    
   13.4300013                  NaN
   13.4400005      -2.01692891    
   13.4500008      -3.11401558    
   13.4600010      -2.95833683    
   13.4700012      -3.29327893    
   13.4800005                  NaN
   13.4900007      -2.33470011    
   13.5000010      -2.41320539    
   13.5100012      -1.90084040    
   13.5200014      -1.23146880    
   13.5300007      -2.12089729    
   13.5400009      -1.49074197    
   13.5500011      -3.79177856    
   13.5600014      -2.69161415    
   13.5700006      -1.99691284    
   13.5800009      -1.94128907    
   13.5900011      -1.88843691    
   13.6000013      -2.80316639    
   13.6100006      -3.08928442    
   13.6200008      -2.80003691    
   13.6300011      -1.88217711    
   13.6400013      -1.83181620    
   13.6500006      -2.23570752    
   13.6600008      -1.50589299    
   13.6700010      -1.82708788    
   13.6800013      -1.82550681    
   13.6900005      -4.17529821    
   13.7000008      -1.20329797    
   13.7100010      -1.86953866    
   13.7200012      -2.15562987    
   13.7300005      -2.78264475    
   13.7400007      -1.86475790    
   13.7500010      -1.76784909    
   13.7600012      -1.81276774    
   13.7700014      -2.90977621    
   13.7800007                  NaN
   13.7900009      -2.07988238    
   13.8000011      -1.67280555    
   13.8100014      -1.90480602    
   13.8200006      -1.80310571    
   13.8300009      -4.15286112    
   13.8400011      -2.54180169    
   13.8500013      -1.54692531    
   13.8600006      -2.76169324    
   13.8700008      -1.66145086    
   13.8800011      -3.22843409    
   13.8900013      -1.37050104    
   13.9000006      -2.19554162    
   13.9100008      -2.88704801    
   13.9200010      -1.49911034    
   13.9300013      -1.49746418    
   13.9400005      -1.42682266    
   13.9500008      -1.69087398    
   13.9600010      -1.45741832    
   13.9700012      -1.73201466    
   13.9800014      -2.11334729    
   13.9900007      -1.92936289    
   14.0000010      -1.77354693    
   14.0100012      -2.51381660    
   14.0200014      -2.04214191    
   14.0300007      -1.92268503    
   14.0400009      -2.24643087    
   14.0500011      -2.41180587    
   14.0600014      -2.72857738    
   14.0700006      -3.42004013    
   14.0800009      -2.16558933    
   14.0900011      -1.80722356    
   14.1000013      -1.50542545    
   14.1100006      -4.10641909    
   14.1200008      -1.90749502    
   14.1300011                  NaN
   14.1400013      -2.02187085    
   14.1500006      -1.79701936    
   14.1600008      -1.53294432    
   14.1700010      -1.38812947    
   14.1800013      -1.89723861    
   14.1900005      -1.69484818    
   14.2000008      -3.17473006    
   14.2100010      -1.78671002    
   14.2200012      -1.56183791    
   14.2300014      -2.69954038    
   14.2400007      -2.58002281    
   14.2500010      -1.40821421    
   14.2600012      -2.57654476    
   14.2700014      -1.55314982    
   14.2800007      -1.63478446    
   14.2900009      -2.12947178    
   14.3000011      -1.21142817    
   14.3100014      -1.29928422    
   14.3200006      -1.87288952    
   14.3300009      -3.66288662    
   14.3400011      -2.96797466    
   14.3500013      -1.53908980    
   14.3600006      -1.66515160    
   14.3700008      -1.61892533    
   14.3800011      -1.70811927    
   14.3900013      -1.75512862    
   14.4000006      -2.04102635    
   14.4100008      -2.55006456    
   14.4200010      -1.65445650    
   14.4300013      -2.79779506    
   14.4400015      -1.60641384    
   14.4500008                  NaN
   14.4600010      -2.25339794    
   14.4700012      -2.33860254    
   14.4800014      -1.69016540    
   14.4900007                  NaN
   14.5000010      -2.93929887    
   14.5100012      -2.16428900    
   14.5200014                  NaN
   14.5300007      -4.03244114    
   14.5400009      -1.50488293    
   14.5500011      -2.77601552    
   14.5600014      -1.82971740    
   14.5700006      -2.77233887    
   14.5800009                  NaN
   14.5900011      -2.14960980    
   14.6000013      -2.41012383    
   14.6100006      -1.30965793    
   14.6200008      -1.34170258    
   14.6300011      -1.87392461    
   14.6400013      -2.22036743    
   14.6500006                  NaN
   14.6600008                  NaN
   14.6700010      -1.75522256    
   14.6800013      -2.39519835    
   14.6900015     -0.982329726    
   14.7000008      -2.90225720    
   14.7100010                  NaN
   14.7200012                  NaN
   14.7300014      -2.12339115    
   14.7400007      -2.12149191    
   14.7500010      -1.42644155    
   14.7600012      -1.68689919    
   14.7700014      -3.07128334    
   14.7800007                  NaN
   14.7900009                  NaN
   14.8000011      -1.96691847    
   14.8100014      -2.47581911    
   14.8200006      -1.62659264    
   14.8300009      -2.10423350    
   14.8400011      -2.36466146    
   14.8500013      -2.10035729    
   14.8600006                  NaN
   14.8700008      -1.71697676    
   14.8800011      -1.36362755    
   14.8900013     -0.993947744    
   14.9000015      -2.35296535    
   14.9100008      -1.76321614    
   14.9200010      -2.34903622    
   14.9300013      -2.01059365    
   14.9400015      -1.65194440    
   14.9500008      -1.81248498    
   14.9600010      -1.20972896    
   14.9700012      -1.86914122    
   14.9800014      -1.50424564    
   14.9900007      -3.94459844    
   15.0000010      -3.53713584    
   15.0100012                  NaN
   15.0200014      -1.63600767    
   15.0300007      -1.79651666    
   15.0400009      -2.68180585    
   15.0500011      -2.42847300    
   15.0600014      -2.05872607    
   15.0700006      -2.05669975    
   15.0800009      -3.01018047    
   15.0900011                  NaN
   15.1000013      -2.53610349    
   15.1100006      -2.53406072    
   15.1200008      -2.66554499    
   15.1300011      -1.90135384    
   15.1400013                  NaN
   15.1500015      -3.21899414    
   15.1600008      -3.21693015    
   15.1700010      -1.65671742    
   15.1800013      -2.80732465    
   15.1900015      -1.65256810    
   15.2000008      -1.70455408    
   15.2100010      -1.59710824    
   15.2200012                  NaN
   15.2300014      -2.28607130    
   15.2400007      -1.81396890    
   15.2500010      -2.79269528    
   15.2600012      -2.09744024    
   15.2700014      -3.88708806    
   15.2800007      -4.57812071    
   15.2900009      -1.58026564    
   15.3000011                  NaN
   15.3100014      -3.18544817    
   15.3200006      -17.9991474    
   15.3300009      -3.87432146    
   15.3400011      -2.48588395    
   15.3500013                  NaN
   15.3600006      -19.0875568    
   15.3700008      -2.94942880    
   15.3800011                  NaN
   15.3900013      -2.76277852    
   15.4000015                  NaN
   15.4100008      -2.24760509    
   15.4200010      -3.44939661    
   15.4300013      -1.71260989    
   15.4400015      -2.24104762    
   15.4500008      -1.83338702    
   15.4600010      -1.90017951    
   15.4700012                  NaN
   15.4800014                  NaN
   15.4900007      -2.13471174    
   15.5000010                  NaN
   15.5100012      -1.82011247    
   15.5200014      -1.53020072    
   15.5300007      -1.12250102    
   15.5400009      -1.95650935    
   15.5500011                  NaN
   15.5600014      -1.29808855    
   15.5700006      -2.43526793    
   15.5800009      -2.31522512    
   15.5900011                  NaN
   15.6000013                  NaN
   15.6100016      -2.30841470    
   15.6200008      -1.36786437    
   15.6300011                  NaN
   15.6400013      -2.70702267    
   15.6500015      -3.39787364    
   15.6600008      -3.10788989    
   15.6700010      -3.79873013    
   15.6800013                  NaN
   15.6900015                  NaN
   15.7000008      -3.38631248    
   15.7100010      -3.78944850    
   15.7200012      -2.40082169    
   15.7300014      -3.37931204    
   15.7400007                  NaN
   15.7500010                  NaN
   15.7600012                  NaN
   15.7700014                  NaN
   15.7800007                  NaN
   15.7900009      -1.97886610    
   15.8000011      -2.38195300    
   15.8100014      -1.75096047    
   15.8200006      -3.07032681    
   15.8300009                  NaN
   15.8400011      -2.37238336    
   15.8500013      -2.50350809    
   15.8600016      -4.44700575    
   15.8700008                  NaN
   15.8800011      -3.74901605    
   15.8900013      -1.73168278    
   15.9000015      -4.43729734    
   15.9100008      -2.82541704    
   15.9200010      -1.54203522    
   15.9300013                  NaN
   15.9400015      -3.73434567    
   15.9500008      -2.81558895    
   15.9600010      -2.34311318    
   15.9700012                  NaN
   15.9800014      -2.22036743    
   15.9900007      -1.85015202    
