   0.00000000       15.2926626    
   1.00000007E-02   8.00798512    
   2.00000014E-02   5.38582134    
   3.00000012E-02   2.62505269    
   4.00000028E-02   1.53306019    
   5.00000045E-02  0.979608238    
   6.00000024E-02   1.04819584    
   7.00000077E-02  0.841897249    
   8.00000057E-02   1.76984525    
   9.00000036E-02   1.19835174    
  0.100000009       1.23063350    
  0.110000007      0.643663704    
  0.120000005      0.997693241    
  0.130000010       1.02748275    
  0.140000015      0.734983802    
  0.150000006      0.451961607    
  0.160000011      0.591512322    
  0.170000017      0.645611942    
  0.180000007      0.672851801    
  0.190000013      0.489593625    
  0.200000018      0.700472772    
  0.210000008      0.355314225    
  0.220000014      0.355493844    
  0.230000019      0.549454033    
  0.240000010      0.530099034    
  0.250000030      0.729255378    
  0.260000020      0.375867248    
  0.270000011      0.405552626    
  0.280000031      0.253291458    
  0.290000021      0.711052060    
  0.300000012      0.617870748    
  0.310000032      0.453171045    
  0.320000023      0.635747969    
  0.330000013      0.401858896    
  0.340000033      0.360130280    
  0.350000024      0.130798727    
  0.360000014      0.456794202    
  0.370000035      0.301390648    
  0.380000025      0.355921090    
  0.390000015      0.408034265    
  0.400000036      0.269687414    
  0.410000026      0.519846439    
  0.420000017      0.274916381    
  0.430000037      0.386566371    
  0.440000027      0.247925624    
  0.450000018      0.136428848    
  0.460000038      0.238252133    
  0.470000029       2.73136906E-02
  0.480000019      0.521710694    
  0.490000039      0.390240729    
  0.500000060      0.422770172    
  0.510000050      0.437916219    
  0.520000041      0.433162242    
  0.530000031      0.109591514    
  0.540000021      0.296547562    
  0.550000012      0.291713476    
  0.560000062      0.518868506    
  0.570000052      0.489185423    
  0.580000043       4.74453978E-02
  0.590000033      0.267330527    
  0.600000024      0.287465811    
  0.610000014      0.362644017    
  0.620000064      0.320292264    
  0.630000055      0.222818181    
  0.640000045      0.260506332    
  0.650000036      0.333319753    
  0.660000026       7.02088699E-02
  0.670000076      0.564470053    
  0.680000067      -3.51407789E-02
  0.690000057      0.341544181    
  0.700000048      0.155784622    
  0.710000038      0.349440098    
  0.720000029      0.148400456    
  0.730000079      0.455498785    
  0.740000069      0.569039583    
  0.750000060      0.128478318    
  0.760000050      0.153750032    
  0.770000041      0.360617727    
  0.780000031      0.398652047    
  0.790000081      0.482165664    
  0.800000072      0.275305867    
  0.810000062       7.07576498E-02
  0.820000052      0.359029353    
  0.830000043      0.149252042    
  0.840000033      0.210074246    
  0.850000083      0.602696300    
  0.860000074      0.374981642    
  0.870000064      0.248428434    
  0.880000055      0.273921490    
  0.890000045      0.154795855    
  0.900000036      0.231045917    
  0.910000086      0.210844547    
  0.920000076       5.84574230E-02
  0.930000067      0.312784076    
  0.940000057      0.231530830    
  0.950000048      0.170557216    
  0.960000038      0.203757361    
  0.970000088      0.366955996    
  0.980000079      0.303407788    
  0.990000069      0.242343709    
   1.00000012       7.65698552E-02
   1.01000011      0.214508519    
   1.02000010      0.268276930    
   1.03000009      0.122705534    
   1.04000008      0.273675382    
   1.05000007      0.222638577    
   1.06000006      0.271403909    
   1.07000005      0.230559081    
   1.08000004      0.356273711    
   1.09000003      0.287221313    
   1.10000002      0.177042514    
   1.11000013      0.313197345    
   1.12000012      0.249149531    
   1.13000011      0.298109859    
   1.14000010      0.393405080    
   1.15000010      0.151785761    
   1.16000009      0.146718338    
   1.17000008      0.185426801    
   1.18000007      0.139143944    
   1.19000006      0.317107558    
   1.20000005      0.201199532    
   1.21000004      0.428421825    
   1.22000003      0.302120745    
   1.23000014      0.413376719    
   1.24000013      0.299857855    
   1.25000012      0.175872460    
   1.26000011      0.496846169    
   1.27000010      0.212308049    
   1.28000009      0.326403618    
   1.29000008      0.147737756    
   1.30000007      0.373431593    
   1.31000006      0.300980777    
   1.32000005      0.186915696    
   1.33000004      0.267536551    
   1.34000015      0.426208824    
   1.35000014      0.374432802    
   1.36000013      0.429267764    
   1.37000012      0.124944910    
   1.38000011      0.270859420    
   1.39000010      0.346573651    
   1.40000010      0.378046602    
   1.41000009      -5.99982701E-02
   1.42000008       3.91503610E-02
   1.43000007      0.255920023    
   1.44000006      0.386699796    
   1.45000005      0.141169235    
   1.46000016      0.217099413    
   1.47000015      0.282643169    
   1.48000014      -1.57108791E-02
   1.49000013      0.379884750    
   1.50000012      0.406303257    
   1.51000011      0.186213702    
   1.52000010       3.41139250E-02
   1.53000009      0.296689242    
   1.54000008      0.246937171    
   1.55000007      0.212901577    
   1.56000006      0.257724345    
   1.57000005      0.192082480    
   1.58000016      0.321188897    
   1.59000015      0.350338668    
   1.60000014       5.27111366E-02
   1.61000013      0.113390550    
   1.62000012      0.401040584    
   1.63000011      0.161031514    
   1.64000010      0.324879825    
   1.65000010      0.124208711    
   1.66000009      0.163939103    
   1.67000008      0.222232237    
   1.68000007      0.259412467    
   1.69000018      0.158910722    
   1.70000017      0.137797907    
   1.71000016       1.85598433E-02
   1.72000015      0.371400207    
   1.73000014       4.77775782E-02
   1.74000013       7.96729177E-02
   1.75000012      0.276350856    
   1.76000011      0.233963549    
   1.77000010       7.98040479E-02
   1.78000009      0.218250722    
   1.79000008     -0.114511423    
   1.80000007      0.194509849    
   1.81000018      0.162625030    
   1.82000017      0.250740349    
   1.83000016      0.218851343    
   1.84000015      0.184256867    
   1.85000014      0.109546214    
   1.86000013      0.278026551    
   1.87000012       8.02441034E-03
   1.88000011      0.243541822    
   1.89000010      0.171376705    
   1.90000010      0.262565434    
   1.91000009      0.155481964    
   1.92000008       5.36440872E-02
   1.93000019      0.198592976    
   1.94000018      -2.95369402E-02
   1.95000017      0.437925875    
   1.96000016      0.271503240    
   1.97000015       8.60685483E-02
   1.98000014      0.161468074    
   1.99000013      0.344656438    
   2.00000024      0.172424018    
   2.01000023      0.261475384    
   2.02000022      0.115976237    
   2.03000021      0.240177453    
   2.04000020      0.351016372    
   2.05000019      0.170202687    
   2.06000018      0.300047994    
   2.07000017      0.378650159    
   2.08000016      0.162369117    
   2.09000015      0.249104992    
   2.10000014      0.121912926    
   2.11000013      0.325282872    
   2.12000012      0.368860066    
   2.13000011      0.295795947    
   2.14000010      0.130331680    
   2.15000010       1.35838361E-02
   2.16000009      0.323476225    
   2.17000008      0.125111327    
   2.18000007      0.255805790    
   2.19000006       2.99515314E-02
   2.20000005      0.294234723    
   2.21000004      0.258963168    
   2.22000027      0.166375101    
   2.23000026       1.63739678E-02
   2.24000025       8.73770192E-02
   2.25000024      0.234958082    
   2.26000023       7.65411109E-02
   2.27000022      0.295396477    
   2.28000021      0.216199011    
   2.29000020      0.301206470    
   2.30000019      0.123290509    
   2.31000018      0.356373787    
   2.32000017      -8.22867732E-03
   2.33000016      0.422643632    
   2.34000015       5.76658472E-02
   2.35000014      0.252774537    
   2.36000013      0.228175923    
   2.37000012       9.90239903E-02
   2.38000011      0.112841301    
   2.39000010      0.181750178    
   2.40000010      0.267269462    
   2.41000009      0.154387593    
   2.42000008       5.79282865E-02
   2.43000007      0.118682481    
   2.44000006      0.298256278    
   2.45000029      0.176845133    
   2.46000028      0.146533430    
   2.47000027      0.229607686    
   2.48000026      0.226970762    
   2.49000025      0.127397805    
   2.50000024     -0.149639398    
   2.51000023       8.04078430E-02
   2.52000022      0.172004759    
   2.53000021      0.377516747    
   2.54000020      0.249970362    
   2.55000019      0.200090811    
   2.56000018      0.208547473    
   2.57000017      0.144675881    
   2.58000016      0.336842954    
   2.59000015       7.79919103E-02
   2.60000014      0.147712395    
   2.61000013      0.242610723    
   2.62000012      0.234379500    
   2.63000011      0.167510316    
   2.64000010      0.220682338    
   2.65000010       6.14912435E-02
   2.66000009      0.201360196    
   2.67000008      0.285424978    
   2.68000031      0.123195544    
   2.69000030      0.142877340    
   2.70000029      0.229857132    
   2.71000028       8.69474709E-02
   2.72000027      0.173995644    
   2.73000026      0.176904336    
   2.74000025       4.21444513E-02
   2.75000024      0.157430589    
   2.76000023      0.255973160    
   2.77000022      0.332113862    
   2.78000021      0.199947283    
   2.79000020      0.214152440    
   2.80000019      0.290401667    
   2.81000018       2.53896434E-02
   2.82000017      0.189121947    
   2.83000016      0.302206427    
   2.84000015      0.155430287    
   2.85000014      0.169659197    
   2.86000013      0.265954435    
   2.87000012      0.155702531    
   2.88000011      0.175621763    
   2.89000010      -7.37128092E-09
   2.90000010      0.167319357    
   2.91000032      0.272407681    
   2.92000031      0.212943137    
   2.93000031      0.170454323    
   2.94000030      0.369534135    
   2.95000029      0.182031214    
   2.96000028      0.145141274    
   2.97000027      -1.13903349E-02
   2.98000026       3.98895033E-02
   2.99000025      0.242328778    
   3.00000024      0.174008757    
   3.01000023      0.208362564    
   3.02000022       2.57036537E-02
   3.03000021      0.328629285    
   3.04000020      0.117232546    
   3.05000019      0.163078025    
   3.06000018      0.226153836    
   3.07000017      0.263524562    
   3.08000016      0.160501093    
   3.09000015       9.17690843E-02
   3.10000014      0.229558602    
   3.11000013      0.117718413    
   3.12000012      0.226957694    
   3.13000011      0.192597151    
   3.14000010      0.244484708    
   3.15000033      0.227361739    
   3.16000032      0.362843066    
   3.17000031      0.112375297    
   3.18000031       6.34288564E-02
   3.19000030      0.253866345    
   3.20000029      0.115462504    
   3.21000028      0.170408607    
   3.22000027       7.22500756E-02
   3.23000026      0.124344192    
   3.24000025       3.47214229E-02
   3.25000024      0.153444454    
   3.26000023      0.144845456    
   3.27000022       6.37700781E-02
   3.28000021      0.191424623    
   3.29000020      0.342448980    
   3.30000019      0.191653937    
   3.31000018      0.380631894    
   3.32000017      0.145366445    
   3.33000016      0.136726469    
   3.34000015       3.83518151E-09
   3.35000014      0.256305873    
   3.36000013      0.218573794    
   3.37000012      0.320767730    
   3.38000035      0.230508178    
   3.39000034      0.169335738    
   3.40000033       7.59548545E-02
   3.41000032      0.131539583    
   3.42000031       8.77459422E-02
   3.43000031       6.73125014E-02
   3.44000030      0.125921071    
   3.45000029       3.51620018E-02
   3.46000028      0.433926761    
   3.47000027      0.152552977    
   3.48000026       8.21936503E-02
   3.49000025      0.117490619    
   3.50000024      0.343868256    
   3.51000023       7.64615089E-02
   3.52000022      -5.59096336E-02
   3.53000021      0.200219080    
   3.54000020      0.170878872    
   3.55000019      0.339017600    
   3.56000018      0.171086803    
   3.57000017       5.90313459E-03
   3.58000016       2.06735712E-02
   3.59000015      0.183220208    
   3.60000014       1.77418124E-02
   3.61000037      0.242619216    
   3.62000036      -2.66451798E-02
   3.63000035       9.47963595E-02
   3.64000034       9.78184789E-02
   3.65000033      0.349989086    
   3.66000032       5.93564883E-02
   3.67000031      0.282115996    
   3.68000031      -6.53721467E-02
   3.69000030      0.133797750    
   3.70000029       3.86763997E-02
   3.71000028       8.93080141E-03
   3.72000027      0.107235499    
   3.73000026      0.280175805    
   3.74000025       6.85958192E-02
   3.75000024      0.107433423    
   3.76000023       6.56941831E-02
   3.77000022      0.152384877    
   3.78000021      0.182376683    
   3.79000020      0.350020230    
   3.80000019      0.128719315    
   3.81000018      0.290546179    
   3.82000017       5.09519316E-02
   3.83000016      0.278909445    
   3.84000015      -1.20035373E-02
   3.85000038      0.180164382    
   3.86000037       6.91057742E-02
   3.87000036      0.282607526    
   3.88000035      0.162449762    
   3.89000034       7.82650784E-02
   3.90000033      -3.91568542E-02
   3.91000032      0.132613227    
   3.92000031      0.208091021    
   3.93000031      0.190114334    
   3.94000030       8.15283209E-02
   3.95000029      0.126900852    
   3.96000028      0.250936568    
   3.97000027       7.86556751E-02
   3.98000026      0.287575245    
   3.99000025       4.24059667E-02
   4.00000048      0.148513645    
   4.01000023      0.172868818    
   4.02000046      0.133526087    
   4.03000021      0.145756051    
   4.04000044       2.43079048E-02
   4.05000019       8.81713629E-02
   4.06000042      0.115607366    
   4.07000017      0.356172532    
   4.08000040      0.106614247    
   4.09000015      0.201170370    
   4.10000038       5.48991337E-02
   4.11000013      0.277720362    
   4.12000036       6.71834871E-02
   4.13000011      0.235290289    
   4.14000034       4.58646826E-02
   4.15000010       6.73106387E-02
   4.16000032      0.137767747    
   4.17000008      0.171552628    
   4.18000031      0.147138089    
   4.19000053      -7.36155584E-02
   4.20000029       4.29695919E-02
   4.21000051       6.14239834E-02
   4.22000027      0.251998007    
   4.23000050      0.159904942    
   4.24000025      0.264625996    
   4.25000048       4.00269963E-02
   4.26000023      0.363552779    
   4.27000046       9.24874395E-02
   4.28000021       7.40370303E-02
   4.29000044       7.09973127E-02
   4.30000019       4.32432592E-02
   4.31000042       2.78169755E-02
   4.32000017      0.216492176    
   4.33000040      0.269240588    
   4.34000015      0.371603400    
   4.35000038      0.145637691    
   4.36000013      0.263555735    
   4.37000036      0.210979477    
   4.38000011      0.164545178    
   4.39000034      0.158437371    
   4.40000010      -4.35204841E-02
   4.41000032      0.118202813    
   4.42000008      0.220994353    
   4.43000031      0.158844396    
   4.44000053      0.121547297    
   4.45000029       1.55930063E-02
   4.46000051       3.43266986E-02
   4.47000027       7.80654252E-02
   4.48000050       7.18664974E-02
   4.49000025      0.162585512    
   4.50000048       6.57018796E-02
   4.51000023      0.250454485    
   4.52000046      0.353995502    
   4.53000021      -6.26945645E-02
   4.54000044      0.109786451    
   4.55000019      -4.08042185E-02
   4.56000042      0.153900132    
   4.57000017      0.323714048    
   4.58000040      0.128940612    
   4.59000015       5.03509529E-02
   4.60000038      -2.51918193E-02
   4.61000013      0.107134789    
   4.62000036      0.233327344    
   4.63000011      0.261875272    
   4.64000034       7.89294839E-02
   4.65000010      -6.31846208E-03
   4.66000032       5.69032915E-02
   4.67000055      0.224598303    
   4.68000031      0.161436468    
   4.69000053      0.228059128    
   4.70000029      0.158477932    
   4.71000051      0.231529102    
   4.72000027      0.107906066    
   4.73000050      0.120679885    
   4.74000025      0.209739208    
   4.75000048       8.58586133E-02
   4.76000023      0.222742632    
   4.77000046      -4.77619059E-02
   4.78000021      0.398277342    
   4.79000044      0.108402677    
   4.80000019      0.140378088    
   4.81000042     -0.140470520    
   4.82000017      0.329045326    
   4.83000040       1.27868764E-02
   4.84000015      0.239912152    
   4.85000038      -4.16122377E-02
   4.86000013      0.361945212    
   4.87000036      0.285260320    
   4.88000011       3.84874865E-02
   4.89000034      0.128376588    
   4.90000057      0.314730853    
   4.91000032      0.192820102    
   4.92000055      -3.53738070E-02
   4.93000031      0.505215466    
   4.94000053       3.54207419E-02
   4.95000029      0.112777352    
   4.96000051      0.238602042    
   4.97000027       8.06624293E-02
   4.98000050      0.216319233    
   4.99000025      0.119539462    
   5.00000048      0.290965497    
   5.01000023      0.278219193    
   5.02000046       8.09316486E-02
   5.03000021       7.77463168E-02
   5.04000044      0.139388576    
   5.05000019       4.54126708E-02
   5.06000042      0.113607660    
   5.07000017      0.120179996    
   5.08000040      0.182015941    
   5.09000015      0.208157733    
   5.10000038       7.16022551E-02
   5.11000013      0.136786968    
   5.12000036      0.250944674    
   5.13000059       7.82691315E-02
   5.14000034      0.264336139    
   5.15000057       5.55153228E-02
   5.16000032      -5.55527024E-02
   5.17000055       4.25101034E-02
   5.18000031      0.238871783    
   5.19000053      0.370010167    
   5.20000029       6.55329134E-03
   5.21000051      0.209846660    
   5.22000027       5.57782166E-02
   5.23000050      0.318479508    
   5.24000025      0.269412518    
   5.25000048       2.95897014E-02
   5.26000023      0.164498806    
   5.27000046      0.263376802    
   5.28000021      0.174605638    
   5.29000044      0.184614390    
   5.30000019      0.174843207    
   5.31000042       8.91317055E-02
   5.32000017      0.175081417    
   5.33000040      0.105781570    
   5.34000015      0.291097820    
   5.35000038      0.129097328    
   5.36000061       1.65622458E-02
   5.37000036      0.142532676    
   5.38000059      -3.31697948E-02
   5.39000034      0.272178501    
   5.40000057      0.212577522    
   5.41000032      0.252608865    
   5.42000055      0.312651545    
   5.43000031      -3.32837785E-03
   5.44000053      0.116572730    
   5.45000029      0.146649271    
   5.46000051      0.260147989    
   5.47000027      0.203589067    
   5.48000050      0.190370068    
   5.49000025      0.137027174    
   5.50000048       3.67887542E-02
   5.51000023      0.120482624    
   5.52000046       3.34905200E-02
   5.53000021       7.37300217E-02
   5.54000044      0.107317828    
   5.55000019      0.117460117    
   5.56000042      -1.67916510E-02
   5.57000017      0.295737654    
   5.58000040       1.34519320E-02
   5.59000063      0.124516815    
   5.60000038      0.191956431    
   5.61000061       8.08799192E-02
   5.62000036       7.41914883E-02
   5.63000059      -6.74935943E-03
   5.64000034      0.263408899    
   5.65000057       2.70351209E-02
   5.66000032      0.287448496    
   5.67000055      0.115059651    
   5.68000031       8.80482346E-02
   5.69000053      -8.47209096E-02
   5.70000029       8.47801566E-02
   5.71000051      0.244337708    
   5.72000027       8.82948712E-02
   5.73000050      -7.13650510E-02
   5.74000025      0.261855394    
   5.75000048      0.347116798    
   5.76000023       5.44879101E-02
   5.77000046      0.149947107    
   5.78000021     -0.167103976    
   5.79000044      0.126269341    
   5.80000019      0.293697596    
   5.81000042      0.191379696    
   5.82000065      0.270172477    
   5.83000040       6.84463456E-02
   5.84000063       3.42473993E-03
   5.85000038      0.195347875    
   5.86000061       5.83028346E-02
   5.87000036      0.147576287    
   5.88000059       9.61642265E-02
   5.89000034       5.49899340E-02
   5.90000057      0.299219817    
   5.91000032      -1.03252362E-02
   5.92000055      0.130879372    
   5.93000031       3.79130580E-02
   5.94000053       8.96764100E-02
   5.95000029      -3.79670262E-02
   5.96000051      0.148522273    
   5.97000027      0.107150517    
   5.98000050      0.425448895    
   5.99000025      0.148840338    
   6.00000048      0.128163397    
   6.01000023      -9.35914889E-02
   6.02000046       9.36584175E-02
   6.03000021      0.145795181    
   6.04000044       6.94760084E-02
   6.05000019      0.135575324    
   6.06000042      0.187854335    
   6.07000065       7.65881687E-02
   6.08000040      0.111481048    
   6.09000063      0.188259497    
   6.10000038      -3.13991606E-02
   6.11000061      0.115213126    
   6.12000036      0.213123173    
   6.13000059      -3.49634252E-02
   6.14000034      0.157448888    
   6.15000057      0.322127908    
   6.16000032       2.10235268E-02
   6.17000055      0.129738778    
   6.18000031       2.80719306E-02
   6.19000053      0.175576583    
   6.20000029      -8.43378380E-02
   6.21000051      0.130115122    
   6.22000027      0.130209506    
   6.23000050      0.126782358    
   6.24000025      0.225554675    
   6.25000048     -0.134020463    
   6.26000023       8.82355273E-02
   6.27000046      0.240175426    
   6.28000021       7.06913322E-02
   6.29000044       3.53714600E-02
   6.30000067      0.113271289    
   6.31000042      0.265673429    
   6.32000065       3.54490243E-02
   6.33000040      0.127709791    
   6.34000063       3.19508165E-02
   6.35000038      0.156318471    
   6.36000061      0.191986039    
   6.37000036      0.120968819    
   6.38000059      0.245675772    
   6.39000034      0.199535504    
   6.40000057      0.121235609    
   6.41000032      -2.49786470E-02
   6.42000055      -7.49910623E-02
   6.43000031      -4.64572757E-02
   6.44000053      0.157355979    
   6.45000029      0.168208838    
   6.46000051      0.179077715    
   6.47000027      0.125447050    
   6.48000050      -1.79342795E-02
   6.49000025       3.23055759E-02
   6.50000048      -2.51451693E-02
   6.51000023       2.87586469E-02
   6.52000046      0.143899843    
   6.53000069       3.24014984E-02
   6.54000044      0.263007462    
   6.55000067       6.12938702E-02
   6.56000042      0.155152738    
   6.57000065       9.74940360E-02
   6.58000040      0.144543216    
   6.59000063      0.180813745    
   6.60000038      -4.34277095E-02
   6.61000061      0.282490760    
   6.62000036       1.44975297E-02
   6.63000059      0.141456679    
   6.64000034      0.112524107    
   6.65000057      0.159831226    
   6.66000032       5.45287579E-02
   6.67000055      0.138243183    
   6.68000031      0.156550512    
   6.69000053      0.174885347    
   6.70000029       4.37541790E-02
   6.71000051       9.12232175E-02
   6.72000027      -1.46067142E-02
   6.73000050      0.157140344    
   6.74000025      0.215773791    
   6.75000048      0.197636932    
   6.76000071      0.153833762    
   6.77000046       1.46618998E-02
   6.78000069      0.143061742    
   6.79000044       9.91176888E-02
   6.80000067       9.18451622E-02
   6.81000042      0.117650934    
   6.82000065      0.125098988    
   6.83000040       7.36434525E-03
   6.84000063      0.232153326    
   6.85000038      0.121696584    
   6.86000061      0.143932670    
   6.87000036       3.69339250E-02
   6.88000059      0.158936933    
   6.89000034      0.155359149    
   6.90000057      0.144372225    
   6.91000032       8.89123231E-02
   6.92000055      0.215035677    
   6.93000031       8.90483633E-02
   6.94000053       3.71319498E-03
   6.95000029       7.43206665E-02
   6.96000051       9.29720998E-02
   6.97000027      0.223304302    
   6.98000050      0.130360857    
   6.99000072      0.350381225    
   7.00000048       5.96852228E-02
   7.01000071     -0.100796364    
   7.02000046       7.09854141E-02
   7.03000069       3.73895578E-02
   7.04000044      0.224510446    
   7.05000067      0.168512866    
   7.06000042      0.209866896    
   7.07000065      0.112515666    
   7.08000040      -4.87945266E-02
   7.09000063      0.247917950    
   7.10000038       7.89441243E-02
   7.11000061      0.142962113    
   7.12000036       9.03619751E-02
   7.13000059      0.275064498    
   7.14000034      0.365780890    
   7.15000057      0.154728755    
   7.16000032      0.226608589    
   7.17000055       5.29166050E-02
   7.18000031      0.132394612    
   7.19000053      0.109783962    
   7.20000029      0.200796515    
   7.21000051      0.132705107    
   7.22000074      0.140398070    
   7.23000050      0.125317931    
   7.24000072      0.133017108    
   7.25000048       1.90173611E-02
   7.26000071       7.61291161E-02
   7.27000046       6.47605732E-02
   7.28000069      0.163934991    
   7.29000044      0.312866032    
   7.30000067      0.313112468    
   7.31000042       2.67502125E-02
   7.32000065     -0.126207441    
   7.33000040       9.95146260E-02
   7.34000063      0.157050908    
   7.35000038      0.176342741    
   7.36000061      -1.15097053E-02
   7.37000036       5.37545159E-02
   7.38000059      0.230559051    
   7.39000034       1.92285012E-02
   7.40000057      0.130857483    
   7.41000032      0.100146957    
   7.42000055      0.119500928    
   7.43000031      0.366503894    
   7.44000053      -8.49421769E-02
   7.45000076       9.66020972E-02
   7.46000051       4.25388142E-02
   7.47000074       5.03132902E-02
   7.48000050      -5.42268082E-02
   7.49000072       7.36523345E-02
   7.50000048       6.98317066E-02
   7.51000071      0.240724072    
   7.52000046       7.77151361E-02
   7.53000069       2.33332328E-02
   7.54000044      0.221843690    
   7.55000067      0.132434145    
   7.56000042      0.105252787    
   7.57000065       2.73097251E-02
   7.58000040      0.148372114    
   7.59000063      -9.76918861E-02
   7.60000038       5.47515750E-02
   7.61000061      0.109591529    
   7.62000036      0.176271498    
   7.63000059      0.121529631    
   7.64000034      0.156939343    
   7.65000057      -9.42398459E-02
   7.66000032      0.255439699    
   7.67000055      0.235981762    
   7.68000031      0.122022860    
   7.69000053      0.118182600    
   7.70000076      0.205016315    
   7.71000051      0.205183193    
   7.72000074       5.92356622E-02
   7.73000050      0.150185958    
   7.74000072      -3.55993658E-02
   7.75000048      0.150431141    
   7.76000071       7.13150650E-02
   7.77000046       9.51645076E-02
   7.78000069       6.34949431E-02
   7.79000044      0.131065577    
   7.80000067      0.365694314    
   7.81000042      0.270517528    
   7.82000065      0.119443968    
   7.83000040      0.187282696    
   7.84000063      0.155532539    
   7.85000038      0.315312356    
   7.86000061      0.119837530    
   7.87000036      0.139925718    
   7.88000059      0.116034083    
   7.89000034      0.128143355    
   7.90000057      -5.21012507E-02
   7.91000032       5.61554544E-02
   7.92000055       2.40865424E-02
   7.93000078      0.120532542    
   7.94000053      0.136716798    
   7.95000076       5.63418604E-02
   7.96000051      0.165138200    
   7.97000074      0.112871036    
   7.98000050      0.169447452    
   7.99000072      0.149399444    
   8.00000095      0.133359194    
   8.01000023      0.169871435    
   8.02000046       7.69107491E-02
   8.03000069      0.178257912    
   8.04000092       6.48752525E-02
   8.05000019       3.24647762E-02
   8.06000042      0.105598882    
   8.07000065      -3.65840755E-02
   8.08000088      -7.72979409E-02
   8.09000015      -9.36497077E-02
   8.10000038      0.293410569    
   8.11000061       3.67071666E-02
   8.12000084      0.106132209    
   8.13000011      -2.04272345E-02
   8.14000034       3.68000269E-02
   8.15000057      0.114585578    
   8.16000080      0.155640304    
   8.17000103      0.217260823    
   8.18000031      0.278985530    
   8.19000053       1.23186028E-02
   8.20000076      0.147948578    
   8.21000099      0.131621405    
   8.22000027      0.156433061    
   8.23000050      0.103003919    
   8.24000072      0.206182957    
   8.25000095      0.202231362    
   8.26000023       4.95682172E-02
   8.27000046       4.96104807E-02
   8.28000069      0.223437682    
   8.29000092      0.161509484    
   8.30000019      0.120199442    
   8.31000042      0.128598958    
   8.32000065      0.128709048    
   8.33000088      0.199462235    
   8.34000015      0.112293735    
   8.35000038      0.116552688    
   8.36000061      0.249970376    
   8.37000084      0.133432165    
   8.38000107      0.246227294    
   8.39000034       7.10079521E-02
   8.40000057       2.50832438E-02
   8.41000080      -4.60256264E-02
   8.42000103      0.343396276    
   8.43000031       5.02965525E-02
   8.44000053       5.45350723E-02
   8.45000076     -0.113363191    
   8.46000099      0.126068249    
   8.47000027      0.100942068    
   8.48000050      0.193640277    
   8.49000072      0.139036506    
   8.50000095      0.206627682    
   8.51000023       2.53233854E-02
   8.52000046       3.80181521E-02
   8.53000069      0.139521375    
   8.54000092      0.194654047    
   8.55000019      0.135529771    
   8.56000042      0.216189444    
   8.57000065       2.54562981E-02
   8.58000088      0.123146519    
   8.59000015       2.55009159E-02
   8.60000038      0.165901393    
   8.61000061       2.98033189E-02
   8.62000084      -8.52270517E-03
   8.63000107      0.247376084    
   8.64000034       5.38403322E-09
   8.65000057      0.247812048    
   8.66000080      -7.26986080E-02
   8.67000103      0.196887463    
   8.68000031       8.56788754E-02
   8.69000053       4.28773202E-02
   8.70000076      0.154494956    
   8.71000099      0.107383162    
   8.72000027       4.29913402E-02
   8.73000050       9.46648940E-02
   8.74000072      0.232565716    
   8.75000095       8.62120092E-02
   8.76000023      -6.90309629E-02
   8.77000046      0.103638664    
   8.78000069       1.72884930E-02
   8.79000092      0.207647070    
   8.80000019      -4.76282761E-02
   8.81000042      -7.80068263E-02
   8.82000065      -7.37390667E-02
   8.83000088       3.03903129E-02
   8.84000015      0.117324784    
   8.85000038      0.334893078    
   8.86000061     -0.143654421    
   8.87000084      0.161211774    
   8.88000107      0.109024830    
   8.89000034      0.231340706    
   8.90000057      0.279606491    
   8.91000080      0.122438163    
   8.92000103       9.19114873E-02
   8.93000031     -0.127040058    
   8.94000053       9.20776874E-02
   8.95000076       7.89951682E-02
   8.96000099      0.158133462    
   8.97000027      0.206639141    
   8.98000050       2.20028125E-02
   8.99000072      0.176182568    
   9.00000095       3.96770984E-02
   9.01000023      0.154440284    
   9.02000046      0.114831559    
   9.03000069       8.84124730E-03
   9.04000092      0.110616460    
   9.05000019      -2.65722126E-02
   9.06000042      0.212771848    
   9.07000065      0.159724891    
   9.08000088      0.301978856    
   9.09000111      -3.55594717E-02
   9.10000038      -6.22861907E-02
   9.11000061       7.57026821E-02
   9.12000084       1.78287476E-02
   9.13000107      0.312290460    
   9.14000034      0.160754472    
   9.15000057      0.290518552    
   9.16000080       6.26309440E-02
   9.17000103       8.95554051E-02
   9.18000031      -4.93010022E-02
   9.19000053       5.38326427E-02
   9.20000076      0.215529993    
   9.21000099      0.161797330    
   9.22000027       5.39824851E-02
   9.23000050      0.144086882    
   9.24000072       8.11242163E-02
   9.25000095      0.216532469    
   9.26000023      0.171581134    
   9.27000046       7.68315420E-02
   9.28000069      -1.35711357E-02
   9.29000092      0.144894138    
   9.30000019      0.131433025    
   9.31000042       4.53641377E-02
   9.32000065      0.168004408    
   9.33000088      0.240880504    
   9.34000111      0.113729484    
   9.35000038      0.286867380    
   9.36000061       5.01350388E-02
   9.37000084       2.28100736E-02
   9.38000107      0.200917825    
   9.39000034      0.196536511    
   9.40000057       5.94740734E-02
   9.41000080       5.95302358E-02
   9.42000103      0.206261009    
   9.43000031      0.215631947    
   9.44000053      0.123991005    
   9.45000076       9.19320527E-03
   9.46000099      0.207043767    
   9.47000027      0.165792331    
   9.48000050      0.124462426    
   9.49000072      0.203020632    
   9.50000095      -6.92775026E-02
   9.51000023       2.77374033E-02
   9.52000046       9.25462767E-02
   9.53000069      -4.63173538E-02
   9.54000092      0.199354947    
   9.55000114       7.88901746E-02
   9.56000042      0.120771110    
   9.57000065       8.36909488E-02
   9.58000088       5.58474883E-02
   9.59000111       1.86337102E-02
   9.60000038      0.195842147    
   9.61000061      -1.40021918E-02
   9.62000084      -3.27032581E-02
   9.63000107      0.243172705    
   9.64000034     -0.102980085    
   9.65000057      0.107764937    
   9.66000080       9.37992986E-03
   9.67000103      0.187780276    
   9.68000031      0.178564101    
   9.69000053       7.05542043E-02
   9.70000076      0.211868107    
   9.71000099      0.315754682    
   9.72000027      0.146237507    
   9.73000050       9.44386497E-02
   9.74000072      0.108710304    
   9.75000095      0.165590122    
   9.76000023      0.127865687    
   9.77000046      0.180135071    
   9.78000069      -7.11755008E-02
   9.79000092       9.97433215E-02
   9.80000114       6.65607378E-02
   9.81000042      -9.51799564E-03
   9.82000065      0.171492428    
   9.83000088       3.33785526E-02
   9.84000111      0.119326383    
   9.85000038       3.82220671E-02
   9.86000061      0.229558617    
   9.87000084      0.177126050    
   9.88000107      -1.91677082E-02
   9.89000034      0.119916543    
   9.90000057      0.139240906    
   9.91000080      0.293176353    
   9.92000103       2.88656205E-02
   9.93000031      0.130024269    
   9.94000053      -1.92820020E-02
   9.95000076      0.135108382    
   9.96000099      0.313956827    
   9.97000027       8.21936503E-02
   9.98000050       9.67949405E-02
   9.99000072       9.20470580E-02
   10.0000010      -9.69885066E-02
   10.0100012      0.160191223    
   10.0200005      -9.71829984E-03
   10.0300007      0.223744765    
   10.0400009      -4.38201167E-02
   10.0500011      0.102349676    
   10.0600004       6.83017448E-02
   10.0700006       6.34869263E-02
   10.0800009      0.337308824    
   10.0900011      0.298501521    
   10.1000004      -9.79682058E-02
   10.1100006       3.43235396E-02
   10.1200008      -3.43582816E-02
   10.1300011      0.226011723    
   10.1400003       7.37742111E-02
   10.1500006      -2.95396615E-02
   10.1600008      0.182346240    
   10.1700010      0.241731271    
   10.1800003      0.227162480    
   10.1900005      -3.46034355E-02
   10.2000008       6.92775100E-02
   10.2100010      0.148603469    
   10.2200003      -4.95849876E-03
   10.2300005      0.203507110    
   10.2400007      -4.96867262E-02
   10.2500010      0.169108167    
   10.2600012      0.263880432    
   10.2700005      -6.47919029E-02
   10.2800007      0.254445165    
   10.2900009       7.99081326E-02
   10.3000011      0.154981583    
   10.3100004      0.175159812    
   10.3200006       9.01752561E-02
   10.3300009      0.145432621    
   10.3400011      0.220884815    
   10.3500004      0.195987120    
   10.3600006      0.140854686    
   10.3700008      0.110786445    
   10.3800011      0.100819655    
   10.3900003      0.267450064    
   10.4000006      0.151544526    
   10.4100008       3.53972726E-02
   10.4200010      0.273349643    
   10.4300003       1.01346401E-02
   10.4400005      0.202904835    
   10.4500008       9.14027467E-02
   10.4600010       9.14985910E-02
   10.4700003      -6.61516711E-02
   10.4800005      0.147724092    
   10.4900007       8.15886557E-02
   10.5000010      0.158244401    
   10.5100012      0.112420805    
   10.5200005       6.13851361E-02
   10.5300007      0.235558122    
   10.5400009      0.199923441    
   10.5500011      0.133423313    
   10.5600004       3.08226068E-02
   10.5700006      0.313695550    
   10.5800009      0.113256209    
   10.5900011      0.123683549    
   10.6000004       7.73844570E-02
   10.6100006      0.113618031    
   10.6200008      0.180948734    
   10.6300011       2.58773994E-02
   10.6400003      0.150249317    
   10.6500006      0.140036881    
   10.6600008      0.264797300    
   10.6700010      -4.67790291E-02
   10.6800003      0.197723344    
   10.6900005      0.151056230    
   10.7000008      0.104288720    
   10.7100010       2.08801981E-02
   10.7200012      -4.70310524E-02
   10.7300005       3.13878767E-02
   10.7400007      0.104739174    
   10.7500010      0.157278627    
   10.7600012      0.230925038    
   10.7700005       4.72858287E-02
   10.7800007      0.284022778    
   10.7900009      0.142165557    
   10.8000011      -2.10844483E-02
   10.8100004      -2.11074110E-02
   10.8200006      0.153195336    
   10.8300009      0.301436454    
   10.8400011      -5.29413223E-02
   10.8500004      0.121898092    
   10.8600006      0.191005796    
   10.8700008      0.324003220    
   10.8800011      0.122299097    
   10.8900003      0.260836333    
   10.9000006      0.250464797    
   10.9100008      0.229400754    
   10.9200010       7.47708827E-02
   10.9300003      0.160399958    
   10.9400005       6.95833564E-02
   10.9500008      0.321508884    
   10.9600010      0.268220425    
   10.9700012      0.236295298    
   10.9800005       2.68815234E-02
   10.9900007      0.209908515    
   11.0000010      0.296353757    
   11.0100012      0.161827326    
   11.0200005       5.94027378E-02
   11.0300007      0.140563041    
   11.0400009       5.41230291E-02
   11.0500011      0.211315677    
   11.0600004       7.05173537E-02
   11.0700006       8.68877992E-02
   11.0800009      0.119604640    
   11.0900011      0.223149747    
   11.1000004       7.62830824E-02
   11.1100006      -1.63647644E-02
   11.1200008      0.103760235    
   11.1300011      0.131213307    
   11.1400003      0.147781566    
   11.1500006      0.136989415    
   11.1600008      0.186516330    
   11.1700010       8.78717899E-02
   11.1800013      0.208932176    
   11.1900005      0.341276199    
   11.2000008      0.143278480    
   11.2100010      0.386188567    
   11.2200012       8.28489438E-02
   11.2300005      0.110591218    
   11.2400007      0.193755597    
   11.2500010      0.171808198    
   11.2600012      0.105422288    
   11.2700005      -5.55493264E-03
   11.2800007      0.183521807    
   11.2900009      0.200435475    
   11.3000011       8.36107731E-02
   11.3100004      0.178574920    
   11.3200006      -2.23476030E-02
   11.3300009      0.151020139    
   11.3400011      0.268790305    
   11.3500004      0.196219534    
   11.3600006      0.140319020    
   11.3700008      -1.12385489E-02
   11.3800011      0.202528194    
   11.3900003      0.129543290    
   11.4000006      0.231193498    
   11.4100008      0.350016594    
   11.4200010      0.152604282    
   11.4300013      0.124489330    
   11.4400005      0.141630381    
   11.4500008      0.249561056    
   11.4600010       3.40709016E-02
   11.4700012      0.170554221    
   11.4800005      0.204905272    
   11.4900007       7.97790289E-02
   11.5000010      0.131219685    
   11.5100012      0.205629334    
   11.5200005      0.131529227    
   11.5300007      0.183213204    
   11.5400009      0.103179261    
   11.5500011       2.29558833E-02
   11.5600004       1.14915418E-02
   11.5700006      0.184082597    
   11.5800009       6.33535311E-02
   11.5900011       6.34288415E-02
   11.6000004      0.254017532    
   11.6100006      0.127160162    
   11.6200008      0.271984488    
   11.6300011      -1.11198988E-08
   11.6400013      0.174022451    
   11.6500006       8.71154293E-02
   11.6600008       3.48879322E-02
   11.6700010      -9.67253477E-09
   11.6800013       9.32581797E-02
   11.6900005      0.110877335    
   11.7000008      0.140224352    
   11.7100010      0.228139386    
   11.7200012      0.111279085    
   11.7300005      0.129005268    
   11.7400007      0.234839022    
   11.7500010      0.141074196    
   11.7600012      -5.29670082E-02
   11.7700005      0.117847510    
   11.7800007      0.100292258    
   11.7900009      -5.90671878E-03
   11.8000011      0.153762266    
   11.8100004      -2.96057537E-02
   11.8200006       7.11407140E-02
   11.8300009       5.93566056E-03
   11.8400011      -7.72579908E-02
   11.8500004       5.95021471E-02
   11.8600006      0.137023062    
   11.8700008      0.149121314    
   11.8800011       4.18053791E-02
   11.8900013       8.37138742E-02
   11.9000006       5.38825057E-02
   11.9100008      0.323694676    
   11.9200010      0.108031757    
   11.9300013      0.138211638    
   11.9400005       1.80499721E-02
   11.9500008       8.43378156E-02
   11.9600010      0.120632470    
   11.9700012      0.253643632    
   11.9800005      0.247913226    
   11.9900007      -1.21084200E-02
   12.0000010      0.212162346    
   12.0100012      0.109248623    
   12.0200005       3.64618301E-02
   12.0300007      -5.31674793E-09
   12.0400009      0.109660372    
   12.0500011       8.53986666E-02
   12.0600004      0.134366974    
   12.0700006      0.269072771    
   12.0800009       7.34761283E-02
   12.0900011       5.51767126E-02
   12.1000004      0.276233107    
   12.1100006      0.159803644    
   12.1200008      -3.69245671E-02
   12.1300011      0.141724005    
   12.1400013      -6.16976433E-03
   12.1500006      0.185328364    
   12.1600008       8.65968615E-02
   12.1700010      0.148641393    
   12.1800013      0.241851151    
   12.1900005       9.93480161E-02
   12.2000008      -4.35204804E-02
   12.2100010      0.155629829    
   12.2200012      0.180762619    
   12.2300005      0.205960140    
   12.2400007      0.131234467    
   12.2500010     -0.112631805    
   12.2600012       5.63886501E-02
   12.2700005      0.282308072    
   12.2800007       8.16612914E-02
   12.2900009      0.232722074    
   12.3000011      0.107065246    
   12.3100004      -8.82860199E-02
   12.3200006       5.68291955E-02
   12.3300009      0.202322826    
   12.3400011      0.196256101    
   12.3500013       9.50867757E-02
   12.3600006      0.126948297    
   12.3700008       4.44901325E-02
   12.3800011      0.216378555    
   12.3900013      0.127448767    
   12.4000006       5.74273989E-02
   12.4100008       3.83354016E-02
   12.4200010      -2.55906135E-02
   12.4300013       9.60916430E-02
   12.4400005      0.429777116    
   12.4500008       2.56923269E-02
   12.4600010      0.122200347    
   12.4700012      0.212524593    
   12.4800005       7.09357336E-02
   12.4900007      0.264748931    
   12.5000010      0.122852102    
   12.5100012       3.88471968E-02
   12.5200005       2.59327609E-02
   12.5300007      -7.79024139E-02
   12.5400009      -4.55040075E-02
   12.5500011       8.46208408E-02
   12.5600004      0.143397003    
   12.5700006      -1.30536361E-02
   12.5800009      0.124176666    
   12.5900011       6.54443353E-02
   12.6000013       3.27663869E-02
   12.6100006      0.157491475    
   12.6200008       3.28551829E-02
   12.6300011      0.197398603    
   12.6400013      0.118600063    
   12.6500006      0.105565719    
   12.6600008      0.171778008    
   12.6700010       4.63110246E-02
   12.6800013      0.251746088    
   12.6900005       3.31698172E-02
   12.7000008      0.112931803    
   12.7100010       3.99129614E-02
   12.7200012       1.33225899E-02
   12.7300005      0.273488879    
   12.7400007       7.34761357E-02
   12.7500010      0.113710649    
   12.7600012      0.174150631    
   12.7700005      0.187806234    
   12.7800007      0.127616435    
   12.7900009      0.201779112    
   12.8000011      0.202059358    
   12.8100014       7.41914734E-02
   12.8200006       6.07866496E-02
   12.8300009      0.148796856    
   12.8400011      0.209961146    
   12.8500013      0.176342770    
   12.8600006       2.71676499E-02
   12.8700008      0.285660326    
   12.8800011      0.115786813    
   12.8900013      0.156873107    
   12.9000006       6.83017597E-02
   12.9100008      0.184674814    
   12.9200010       6.16452396E-02
   12.9300013       8.23098868E-02
   12.9400005      0.240410596    
   12.9500008      0.130693704    
   12.9600010      0.206651658    
   12.9700012      -1.37963630E-02
   12.9800005      0.138160229    
   12.9900007      0.193700299    
   13.0000010      0.159338251    
   13.0100012      0.131815568    
   13.0200005      0.173690006    
   13.0300007       6.26181141E-02
   13.0400009      0.236897230    
   13.0500011      0.125596613    
   13.0600014      0.244567603    
   13.0700006      0.104965888    
   13.0800009      0.203227341    
   13.0900011      0.280719280    
   13.1000013       7.73096755E-02
   13.1100006      0.267457366    
   13.1200008      -3.52429524E-02
   13.1300011       9.17649642E-02
   13.1400013      0.120175250    
   13.1500006      0.290257573    
   13.1600008       4.25388142E-02
   13.1700010      0.255606592    
   13.1800013       7.82165304E-02
   13.1900005      0.256357282    
   13.2000008      0.235339776    
   13.2100010       7.14200689E-03
   13.2200012      0.128745794    
   13.2300005       7.16310814E-02
   13.2400007      0.100431874    
   13.2500010      0.150870979    
   13.2600012      0.129509851    
   13.2700014      0.151319370    
   13.2800007       8.65968764E-02
   13.2900009       7.94987753E-02
   13.3000011      0.115807176    
   13.3100014       2.17462983E-02
   13.3200006      0.239567414    
   13.3300009       7.27049122E-03
   13.3400011      0.109221295    
   13.3500013      0.131262645    
   13.3600006      0.175280422    
   13.3700008       1.46287372E-02
   13.3800011      0.131857470    
   13.3900013       7.33649544E-03
   13.4000006       4.40856665E-02
   13.4100008      0.331144333    
   13.4200010      0.184248686    
   13.4300013      -7.38116680E-03
   13.4400005      0.133063495    
   13.4500008       4.44222204E-02
   13.4600010       5.19051701E-02
   13.4700012       3.71318944E-02
   13.4800005      -2.97510773E-02
   13.4900007       9.68395174E-02
   13.5000010       8.95278528E-02
   13.5100012      0.149442971    
   13.5200014      0.291863590    
   13.5300007      0.119923964    
   13.5400009      0.225205511    
   13.5500011       2.25554518E-02
   13.5600014       6.77714646E-02
   13.5700006      0.135753736    
   13.5800009      0.143518820    
   13.5900011      0.151308134    
   13.6000013       6.06178232E-02
   13.6100006       4.55345251E-02
   13.6200008       6.08078241E-02
   13.6300011      0.152258262    
   13.6400013      0.160122499    
   13.6500006      0.106916457    
   13.6600008      0.221819133    
   13.6700010      0.160881400    
   13.6800013      0.161135957    
   13.6900005       1.53706074E-02
   13.7000008      0.300202519    
   13.7100010      0.154194772    
   13.7200012      0.115830220    
   13.7300005       6.18746504E-02
   13.7400007      0.154933721    
   13.7500010      0.170699760    
   13.7600012      0.163201809    
   13.7700014       5.44879213E-02
   13.7800007      -2.33895089E-02
   13.7900009      0.124944918    
   13.8000011      0.187719673    
   13.8100014      0.148851514    
   13.8200006      0.164786309    
   13.8300009       1.57193765E-02
   13.8400011       7.87244439E-02
   13.8500013      0.212901577    
   13.8600006       6.31846935E-02
   13.8700008      0.189863309    
   13.8800011       3.96194942E-02
   13.8900013      0.253979683    
   13.9000006      0.111298263    
   13.9100008       5.57405129E-02
   13.9200010      0.223328754    
   13.9300013      0.223696694    
   13.9400005      0.240070492    
   13.9500008      0.184358329    
   13.9600010      0.232836619    
   13.9700012      0.176927611    
   13.9800014      0.120832838    
   13.9900007      0.145240694    
   14.0000010      0.169729903    
   14.0100012       8.09586719E-02
   14.0200014      0.129750490    
   14.0300007      0.146213844    
   14.0400009      0.105776072    
   14.0500011       8.96532461E-02
   14.0600014       6.53121397E-02
   14.0700006       3.27111259E-02
   14.0800009      0.114682339    
   14.0900011      0.164109141    
   14.1000013      0.221922860    
   14.1100006       1.64666325E-02
   14.1200008      0.148451790    
   14.1300011      -1.23768800E-08
   14.1400013      0.132407531    
   14.1500006      0.165792316    
   14.1600008      0.215899050    
   14.1700010      0.249541640    
   14.1800013      0.149982199    
   14.1900005      0.183627099    
   14.2000008       4.18053865E-02
   14.2100010      0.167510375    
   14.2200012      0.209750205    
   14.2300014       6.72364086E-02
   14.2400007       7.57722780E-02
   14.2500010      0.244579673    
   14.2600012       7.60362670E-02
   14.2700014      0.211580485    
   14.2800007      0.194994390    
   14.2900009      0.118900083    
   14.3000011      0.297771722    
   14.3100014      0.272726923    
   14.3200006      0.153678954    
   14.3300009       2.56583374E-02
   14.3400011       5.14073223E-02
   14.3500013      0.214576319    
   14.3600006      0.189161986    
   14.3700008      0.198111489    
   14.3800011      0.181206271    
   14.3900013      0.172885001    
   14.4000006      0.129895315    
   14.4100008       7.80766159E-02
   14.4200010      0.191195950    
   14.4300013       6.09443001E-02
   14.4400015      0.200605720    
   14.4500008      -2.62131076E-02
   14.4600010      0.105041698    
   14.4700012       9.64623392E-02
   14.4800014      0.184489012    
   14.4900007      -7.04090819E-02
   14.5000010       5.29028103E-02
   14.5100012      0.114831559    
   14.5200014      -8.84930417E-03
   14.5300007       1.77309960E-02
   14.5400009      0.222043276    
   14.5500011       6.22861907E-02
   14.5600014      0.160458907    
   14.5700006       6.25156239E-02
   14.5800009      -8.94727372E-03
   14.5900011      0.116529614    
   14.6000013       8.98041725E-02
   14.6100006      0.269912362    
   14.6200008      0.261400223    
   14.6300011      0.153519973    
   14.6400013      0.108569220    
   14.6500006      -9.06432979E-03
   14.6600008      -5.44879399E-02
   14.6700010      0.172868773    
   14.6800013       9.11546052E-02
   14.6900015      0.374437749    
   14.7000008       5.48991561E-02
   14.7100010     -0.100838706    
   14.7200012      -9.18450579E-03
   14.7300014      0.119625285    
   14.7400007      0.119852699    
   14.7500010      0.240162015    
   14.7600012      0.185092568    
   14.7700014       4.63616177E-02
   14.7800007      -7.43206888E-02
   14.7900009      -9.30792373E-03
   14.8000011      0.139887258    
   14.8100014       8.40940848E-02
   14.8200006      0.196598306    
   14.8300009      0.121939115    
   14.8400011       9.39811021E-02
   14.8500013      0.122412674    
   14.8600006      -4.71734032E-02
   14.8700008      0.179608330    
   14.8800011      0.255731404    
   14.8900013      0.370112687    
   14.9000015       9.50867757E-02
   14.9100008      0.171492442    
   14.9200010       9.54611227E-02
   14.9300013      0.133909166    
   14.9400015      0.191676855    
   14.9500008      0.163247958    
   14.9600010      0.298278123    
   14.9700012      0.154256076    
   14.9800014      0.222184837    
   14.9900007       1.93589889E-02
   15.0000010       2.90965438E-02
   15.0100012      -8.74645859E-02
   15.0200014      0.194756031    
   15.0300007      0.165875688    
   15.0400009       6.84394538E-02
   15.0500011       8.81713629E-02
   15.0600014      0.127616435    
   15.0700006      0.127875298    
   15.0800009       4.92827855E-02
   15.0900011      -9.87661909E-03
   15.1000013       7.91742951E-02
   15.1100006       7.93361962E-02
   15.1200008       6.95614293E-02
   15.1300011      0.149366260    
   15.1400013      -6.98476806E-02
   15.1500015       3.99952643E-02
   15.1600008       4.00778987E-02
   15.1700010      0.190764159    
   15.1800013       6.03662841E-02
   15.1900015      0.191557348    
   15.2000008      0.181853458    
   15.2100010      0.202481195    
   15.2200012     -0.121742897    
   15.2300014      0.101665087    
   15.2400007      0.163005903    
   15.2500010       6.12558834E-02
   15.2600012      0.122770280    
   15.2700014       2.05049664E-02
   15.2800007       1.02741867E-02
   15.2900009      0.205920383    
   15.3000011      -3.09537780E-02
   15.3100014       4.13597077E-02
   15.3200006       1.52429749E-08
   15.3300009       2.07684264E-02
   15.3400011       8.32519308E-02
   15.3500013      -2.08577123E-02
   15.3600006       5.13309928E-09
   15.3700008       5.23696132E-02
   15.3800011      -4.19863723E-02
   15.3900013       6.31161556E-02
   15.4000015      -6.42189901E-09
   15.4100008      0.105651960    
   15.4200010       3.17647941E-02
   15.4300013      0.180394366    
   15.4400015      0.106347039    
   15.4500008      0.159871161    
   15.4600010      0.149541765    
   15.4700012      -6.28504582E-10
   15.4800014      -9.65593383E-02
   15.4900007      0.118278682    
   15.5000010      -1.07764928E-02
   15.5100012      0.162007526    
   15.5200014      0.216492206    
   15.5300007      0.325464785    
   15.5400009      0.141350970    
   15.5500011      -8.71806890E-02
   15.5600014      0.273053229    
   15.5700006       8.75742882E-02
   15.5800009       9.87439528E-02
   15.5900011      -1.09964274E-02
   15.6000013     -0.176342726    
   15.6100016       9.94187370E-02
   15.6200008      0.254650205    
   15.6300011      -4.43883277E-02
   15.6400013       6.67352080E-02
   15.6500015       3.34443115E-02
   15.6600008       4.46951687E-02
   15.6700010       2.23992001E-02
   15.6800013      -5.88802063E-10
   15.6900015      -6.75094128E-02
   15.7000008       3.38332057E-02
   15.7100010       2.26080678E-02
   15.7200012       9.06434506E-02
   15.7300014       3.40708867E-02
   15.7400007     -0.113836259    
   15.7500010     -0.114104114    
   15.7600012      -1.14373108E-02
   15.7700014      -2.29287278E-02
   15.7800007      -4.59661037E-02
   15.7900009      0.138225883    
   15.8000011       9.23700109E-02
   15.8100014      0.173607126    
   15.8200006       4.64059860E-02
   15.8300009      -2.32586320E-02
   15.8400011       9.32581872E-02
   15.8500013       8.17975402E-02
   15.8600016       1.17135858E-02
   15.8700008      -1.17419576E-02
   15.8800011       2.35408992E-02
   15.8900013      0.176986337    
   15.9000015       1.18278647E-02
   15.9100008       5.92839345E-02
   15.9200010      0.213945225    
   15.9300013      -7.14902952E-02
   15.9400015       2.38887984E-02
   15.9500008       5.98694459E-02
   15.9600010       9.60282236E-02
   15.9700012      -7.21998811E-02
   15.9800014      0.108569220    
   15.9900007      0.157213271    
