   0.00000000       2.82476592    
   1.00000007E-02   2.08644772    
   2.00000014E-02   1.66475904    
   3.00000012E-02  0.912700415    
   4.00000028E-02  0.549259663    
   5.00000045E-02   4.01371345E-02
   6.00000024E-02  0.246323660    
   7.00000077E-02 -0.160598814    
   8.00000057E-02  0.390232921    
   9.00000036E-02  0.218035623    
  0.100000009      0.320060164    
  0.110000007     -0.125325605    
  0.120000005       2.42349543E-02
  0.130000010     -0.176885769    
  0.140000015     -0.677757919    
  0.150000006     -0.366935045    
  0.160000011     -0.187442094    
  0.170000017     -0.666394114    
  0.180000007     -0.333275974    
  0.190000013     -0.624562740    
  0.200000018     -0.728112221    
  0.210000008     -0.786764741    
  0.220000014     -0.740242064    
  0.230000019     -0.906310141    
  0.240000010     -0.455524713    
  0.250000030     -0.730819702    
  0.260000020     -0.818040192    
  0.270000011      -1.19614220    
  0.280000031     -0.988519430    
  0.290000021     -0.626586616    
  0.300000012     -0.368465543    
  0.310000032     -0.824138165    
  0.320000023     -0.613284707    
  0.330000013     -0.660746694    
  0.340000033      -1.33633268    
  0.350000024      -1.49805868    
  0.360000014      -1.13464451    
  0.370000035      -1.04712331    
  0.380000025      -1.27794361    
  0.390000015     -0.783183098    
  0.400000036      -1.31888711    
  0.410000026     -0.804699063    
  0.420000017      -1.02661920    
  0.430000037      -1.05133486    
  0.440000027     -0.439393997    
  0.450000018      -2.44393277    
  0.460000038      -1.46997237    
  0.470000029     -0.668455541    
  0.480000019      -1.36358786    
  0.490000039      -1.25871539    
  0.500000060     -0.739302099    
  0.510000050     -0.582724690    
  0.520000041      -1.65590751    
  0.530000031      -1.22999454    
  0.540000021     -0.800893664    
  0.550000012      -1.38019764    
  0.560000062      -1.21971917    
  0.570000052     -0.882731915    
  0.580000043      -1.47498548    
  0.590000033      -1.94672370    
  0.600000024      -1.72848523    
  0.610000014     -0.995740891    
  0.620000064      -1.37659252    
  0.630000055      -1.75635135    
  0.640000045      -1.84965312    
  0.650000036     -0.916585267    
  0.660000026      -1.23654032    
  0.670000076     -0.877572477    
  0.680000067      -2.98804450    
  0.690000057      -1.52119005    
  0.700000048      -1.00159585    
  0.710000038      -1.17778170    
  0.720000029      -1.00408709    
  0.730000079     -0.877573609    
  0.740000069      -1.07254648    
  0.750000060      -1.36986184    
  0.760000050      -2.60440540    
  0.770000041     -0.959961951    
  0.780000031      -1.14924884    
  0.790000081      -1.02912498    
  0.800000072      -1.94489527    
  0.810000062      -1.84906471    
  0.820000052     -0.957357764    
  0.830000043      -1.71655858    
  0.840000033      -1.37543225    
  0.850000083      -1.10150421    
  0.860000074      -1.46609581    
  0.870000064      -1.62444353    
  0.880000055     -0.961027563    
  0.890000045      -1.11522424    
  0.900000036                  NaN
  0.910000086      -1.94828248    
  0.920000076      -1.43509936    
  0.930000067      -1.39683521    
  0.940000057     -0.879155695    
  0.950000048     -0.937088847    
  0.960000038      -1.89207530    
  0.970000088      -1.28937542    
  0.980000079      -1.23327935    
  0.990000069      -1.22825897    
   1.00000012                  NaN
   1.01000011     -0.999587536    
   1.02000010      -1.23117375    
   1.03000009      -1.46284008    
   1.04000008      -1.86211193    
   1.05000007      -1.47897768    
   1.06000006      -2.05703068    
   1.07000005     -0.888209999    
   1.08000004      -1.44890165    
   1.09000003      -2.11929679    
   1.10000002      -1.23599970    
   1.11000013      -1.18668067    
   1.12000012      -1.75337100    
   1.13000011      -1.10258555    
   1.14000010      -1.08233106    
   1.15000010      -1.55180502    
   1.16000009      -1.60916770    
   1.17000008      -1.48425293    
   1.18000007      -1.14474702    
   1.19000006      -2.71283126    
   1.20000005      -1.18190444    
   1.21000004      -1.64018357    
   1.22000003      -1.05110455    
   1.23000014      -1.28518689    
   1.24000013      -2.57914066    
   1.25000012      -2.40215182    
   1.26000011      -1.25983298    
   1.27000010      -1.34247720    
   1.28000009     -0.946734786    
   1.29000008      -1.46046889    
   1.30000007     -0.787106574    
   1.31000006      -1.27611995    
   1.32000005      -1.49395514    
   1.33000004      -2.19854259    
   1.34000015      -1.07951283    
   1.35000014      -1.82052100    
   1.36000013     -0.988154233    
   1.37000012      -2.58988690    
   1.38000011      -1.09324098    
   1.39000010      -1.50821900    
   1.40000010      -1.14135659    
   1.41000009      -1.89459038    
   1.42000008      -2.40785837    
   1.43000007      -1.40800631    
   1.44000006      -1.75166190    
   1.45000005      -1.04641485    
   1.46000016      -1.40091014    
   1.47000015      -2.36136127    
   1.48000014      -1.83019316    
   1.49000013      -1.34091842    
   1.50000012      -1.44344985    
   1.51000011      -2.22566891    
   1.52000010      -2.00198460    
   1.53000009      -1.27389431    
   1.54000008      -1.58219159    
   1.55000007      -1.40152335    
   1.56000006      -1.19334161    
   1.57000005      -1.40043867    
   1.58000016      -1.18336713    
   1.59000015      -2.12602282    
   1.60000014                  NaN
   1.61000013      -2.69025016    
   1.62000012      -1.14214289    
   1.63000011      -2.14683700    
   1.64000010      -1.40768266    
   1.65000010      -1.10292709    
   1.66000009      -1.39006329    
   1.67000008      -1.45734072    
   1.68000007      -1.64969873    
   1.69000018      -1.22727466    
   1.70000017      -2.45423150    
   1.71000016      -2.70499945    
   1.72000015      -1.91414130    
   1.73000014      -2.42133880    
   1.74000013      -1.17022884    
   1.75000012      -1.92180133    
   1.76000011      -1.49421620    
   1.77000010      -1.22289622    
   1.78000009      -1.45718694    
   1.79000008      -3.33434081    
   1.80000007      -1.69404745    
   1.81000018      -1.39838099    
   1.82000017     -0.931305230    
   1.83000016      -3.45474267    
   1.84000015      -1.59925413    
   1.85000014      -1.59870350    
   1.86000013      -2.42970228    
   1.87000012      -1.32534325    
   1.88000011      -4.64157152    
   1.89000010      -1.31392992    
   1.90000010      -2.01166701    
   1.91000009      -1.46186042    
   1.92000008      -1.89392388    
   1.93000019      -1.13798141    
   1.94000018      -2.92060328    
   1.95000017      -1.05815780    
   1.96000016      -1.52046216    
   1.97000015      -1.92854202    
   1.98000014      -3.49090576    
   1.99000013      -1.28808773    
   2.00000024      -1.44503880    
   2.01000023      -1.98516190    
   2.02000022      -3.87167645    
   2.03000021      -1.27586424    
   2.04000020     -0.782554507    
   2.05000019     -0.957654715    
   2.06000018      -2.40311122    
   2.07000017      -1.82335019    
   2.08000016      -1.11255038    
   2.09000015      -1.04243481    
   2.10000014                  NaN
   2.11000013      -2.10879946    
   2.12000012      -2.08551145    
   2.13000011      -1.52373278    
   2.14000010      -2.14221263    
   2.15000010      -2.06160927    
   2.16000009      -1.87142825    
   2.17000008      -1.58091533    
   2.18000007      -1.25266659    
   2.19000006      -3.01487708    
   2.20000005     -0.862553239    
   2.21000004      -2.12645173    
   2.22000027      -1.28533602    
   2.23000026      -2.44084239    
   2.24000025      -2.87853503    
   2.25000024      -2.54149914    
   2.26000023      -1.76226628    
   2.27000022      -1.55508828    
   2.28000021      -1.91119909    
   2.29000020      -2.15787554    
   2.30000019      -1.27576315    
   2.31000018      -1.03801203    
   2.32000017      -1.26458263    
   2.33000016      -1.89889455    
   2.34000015      -3.09603190    
   2.35000014      -1.82500219    
   2.36000013      -1.45468962    
   2.37000012      -1.57646060    
   2.38000011      -1.71531284    
   2.39000010      -1.66109288    
   2.40000010      -2.77417445    
   2.41000009      -1.85731590    
   2.42000008      -1.50098109    
   2.43000007      -2.29397869    
   2.44000006      -1.67328680    
   2.45000029      -1.62104559    
   2.46000028      -1.84541917    
   2.47000027      -1.57077289    
   2.48000026      -1.87167752    
   2.49000025      -2.14651799    
   2.50000024      -1.64739215    
   2.51000023      -2.39321208    
   2.52000022      -1.58170962    
   2.53000021      -1.22794044    
   2.54000020      -2.23288989    
   2.55000019      -1.54585898    
   2.56000018      -2.20542645    
   2.57000017      -2.38977551    
   2.58000016      -1.06744480    
   2.59000015      -1.47233641    
   2.60000014      -1.52965569    
   2.61000013      -1.68654823    
   2.62000012      -1.89182532    
   2.63000011      -2.18850183    
   2.64000010      -2.25417471    
   2.65000010      -2.57376599    
   2.66000009      -1.49362516    
   2.67000008      -2.19909906    
   2.68000031      -1.80612910    
   2.69000030      -5.15545940    
   2.70000029      -2.12233138    
   2.71000028      -1.14243054    
   2.72000027      -2.30590820    
   2.73000026      -1.86660755    
   2.74000025      -4.74709749    
   2.75000024      -1.81088996    
   2.76000023      -1.22942948    
   2.77000022      -1.74962592    
   2.78000021      -2.14208770    
   2.79000020      -2.33126378    
   2.80000019      -2.47493172    
   2.81000018      -1.76410854    
   2.82000017      -1.18235338    
   2.83000016      -3.58918929    
   2.84000015      -2.11420584    
   2.85000014      -2.86890221    
   2.86000013      -1.45670652    
   2.87000012      -1.06746483    
   2.88000011      -1.85788429    
   2.89000010      -2.26744866    
   2.90000010      -1.89481497    
   2.91000032      -2.48590803    
   2.92000031      -1.45319998    
   2.93000031      -1.80928910    
   2.94000030      -1.43960571    
   2.95000029      -1.59214211    
   2.96000028      -2.11930966    
   2.97000027      -1.45026779    
   2.98000026      -2.38171959    
   2.99000025      -1.56142235    
   3.00000024      -1.68739700    
   3.01000023      -1.76091623    
   3.02000022      -1.42875159    
   3.03000021      -1.25922203    
   3.04000020      -1.91615260    
   3.05000019      -2.75953293    
   3.06000018      -1.27839577    
   3.07000017      -1.90443194    
   3.08000016      -1.94425094    
   3.09000015      -2.35948706    
   3.10000014     -0.844455540    
   3.11000013      -2.09834623    
   3.12000012      -1.71257353    
   3.13000011      -1.80647254    
   3.14000010      -1.47198462    
   3.15000033      -1.83268511    
   3.16000032      -1.41435587    
   3.17000031      -1.57915425    
   3.18000031      -2.02439809    
   3.19000030      -2.15573049    
   3.20000029      -2.05749702    
   3.21000028      -1.55542159    
   3.22000027      -1.98886490    
   3.23000026      -1.21173918    
   3.24000025      -2.15275145    
   3.25000024      -1.16175640    
   3.26000023      -1.73758161    
   3.27000022      -2.61584854    
   3.28000021      -2.31741691    
   3.29000020      -1.00521433    
   3.30000019      -1.63833952    
   3.31000018      -1.59262037    
   3.32000017      -4.20209217    
   3.33000016      -1.58409488    
   3.34000015      -2.12144923    
   3.35000014      -2.39200187    
   3.36000013      -1.58962011    
   3.37000012      -3.50594163    
   3.38000035      -1.12117493    
   3.39000034      -1.79094005    
   3.40000033      -2.18237996    
   3.41000032      -1.43667018    
   3.42000031      -2.11663580    
   3.43000031      -1.49411333    
   3.44000030      -2.41991878    
   3.45000029      -1.95355725    
   3.46000028      -1.45282209    
   3.47000027      -1.42673814    
   3.48000026      -1.60468817    
   3.49000025      -2.23175216    
   3.50000024      -2.08710670    
   3.51000023      -1.85849059    
   3.52000022      -3.05862594    
   3.53000021      -1.12602937    
   3.54000020      -2.30174375    
   3.55000019      -2.03644347    
   3.56000018      -2.57815957    
   3.57000017      -1.92522657    
   3.58000016      -2.15823197    
   3.59000015                  NaN
   3.60000014      -1.90277946    
   3.61000037      -1.44371188    
   3.62000036      -2.02061820    
   3.63000035      -1.87079525    
   3.64000034      -1.80317330    
   3.65000033      -1.83073306    
   3.66000032      -2.98757362    
   3.67000031      -1.42087448    
   3.68000031      -1.66257489    
   3.69000030      -2.30785680    
   3.70000029      -1.87646055    
   3.71000028      -2.00368023    
   3.72000027      -1.66012144    
   3.73000026      -2.17572284    
   3.74000025      -3.84011722    
   3.75000024      -2.00122166    
   3.76000023      -2.36706877    
   3.77000022                  NaN
   3.78000021      -1.62468040    
   3.79000020      -1.23965180    
   3.80000019      -1.18217158    
   3.81000018      -2.62471151    
   3.82000017      -4.07634592    
   3.83000016      -1.49688923    
   3.84000015      -1.52424490    
   3.85000038      -1.77190530    
   3.86000037      -5.77862263    
   3.87000036      -2.42809534    
   3.88000035      -2.15303779    
   3.89000034      -2.03908873    
   3.90000033      -1.68179286    
   3.91000032      -2.03784657    
   3.92000031      -1.55538666    
   3.93000031      -3.13521528    
   3.94000030      -1.41055131    
   3.95000029      -2.51493049    
   3.96000028      -1.95469153    
   3.97000027      -1.72872937    
   3.98000026      -1.80086434    
   3.99000025      -1.63536537    
   4.00000048                  NaN
   4.01000023      -1.60261631    
   4.02000046      -2.40136075    
   4.03000021      -1.82644832    
   4.04000044                  NaN
   4.05000019      -2.99418879    
   4.06000042      -3.46356463    
   4.07000017      -1.13565922    
   4.08000040      -2.36369658    
   4.09000015      -2.60726547    
   4.10000038      -3.68419623    
   4.11000013      -1.99024749    
   4.12000036      -1.96688950    
   4.13000011      -1.39230072    
   4.14000034      -6.45426178    
   4.15000010      -1.57843721    
   4.16000032      -1.87829280    
   4.17000008      -1.29331672    
   4.18000031                  NaN
   4.19000053                  NaN
   4.20000029      -2.95396781    
   4.21000051      -2.81225610    
   4.22000027      -1.53655398    
   4.23000050      -2.27418756    
   4.24000025      -2.47764850    
   4.25000048      -1.57210851    
   4.26000023      -2.31953669    
   4.27000046      -2.05158591    
   4.28000021                  NaN
   4.29000044      -2.35041857    
   4.30000019      -1.57659161    
   4.31000042      -3.04229259    
   4.32000017      -1.73332095    
   4.33000040      -1.87786520    
   4.34000015      -1.82645464    
   4.35000038      -2.31380200    
   4.36000013      -3.18220043    
   4.37000036      -1.59547019    
   4.38000011      -2.05699086    
   4.39000034      -3.60516334    
   4.40000010      -2.52571344    
   4.41000032      -1.22760892    
   4.42000008      -1.31846023    
   4.43000031      -2.56461048    
   4.44000053      -1.45156229    
   4.45000029      -2.02780724    
   4.46000051                  NaN
   4.47000027      -2.42590594    
   4.48000050      -1.93278527    
   4.49000025      -1.96604180    
   4.50000048      -2.28817081    
   4.51000023                  NaN
   4.52000046      -1.73866642    
   4.53000021      -2.51734519    
   4.54000044      -2.69105124    
   4.55000019      -1.58388734    
   4.56000042      -1.97307944    
   4.57000017      -1.98412764    
   4.58000040      -4.48022079    
   4.59000015      -3.12964559    
   4.60000038      -1.59651935    
   4.61000013      -1.27089214    
   4.62000036      -2.28039861    
   4.63000011      -1.98023176    
   4.64000034      -3.37770963    
   4.65000010      -2.78399515    
   4.66000032      -1.67599678    
   4.67000055      -1.14727771    
   4.68000031      -1.70112550    
   4.69000053      -2.80805373    
   4.70000029      -1.41437197    
   4.71000051      -1.12939739    
   4.72000027      -3.77795267    
   4.73000050      -3.85140586    
   4.74000025      -4.21847582    
   4.75000048      -3.41931319    
   4.76000023      -1.29639494    
   4.77000046      -2.67606258    
   4.78000021      -1.61728549    
   4.79000044      -2.60575581    
   4.80000019      -4.21453619    
   4.81000042      -4.01320934    
   4.82000017      -1.37349105    
   4.83000040      -5.31117058    
   4.84000015      -1.92048943    
   4.85000038      -2.18895793    
   4.86000013      -1.49515069    
   4.87000036      -1.98830402    
   4.88000011      -3.36196160    
   4.89000034      -3.36130023    
   4.90000057      -1.40121412    
   4.91000032      -1.21711195    
   4.92000055      -1.87123525    
   4.93000031      -3.22511744    
   4.94000053                  NaN
   4.95000029      -1.63115871    
   4.96000051      -1.70069790    
   4.97000027      -3.40478182    
   4.98000050      -1.70850015    
   4.99000025      -1.37530172    
   5.00000048      -1.44975591    
   5.01000023      -2.76026249    
   5.02000046      -1.66979289    
   5.03000021      -2.48449063    
   5.04000044      -2.07835722    
   5.05000019      -2.31763959    
   5.06000042      -1.62382329    
   5.07000017      -1.33124304    
   5.08000040      -1.91583073    
   5.09000015      -1.16138911    
   5.10000038                  NaN
   5.11000013      -1.59536469    
   5.12000036      -1.52294898    
   5.13000059      -1.56149781    
   5.14000034      -1.94648707    
   5.15000057                  NaN
   5.16000032      -1.95697474    
   5.17000055      -2.86075711    
   5.18000031      -1.82209480    
   5.19000053      -1.99131882    
   5.20000029      -4.30565023    
   5.21000051      -2.06692863    
   5.22000027      -3.98584533    
   5.23000050      -1.57904267    
   5.24000025      -1.56210506    
   5.25000048      -3.74265170    
   5.26000023      -1.92668331    
   5.27000046      -1.98590243    
   5.28000021      -2.04893947    
   5.29000044      -2.11631298    
   5.30000019      -3.67026281    
   5.31000042      -3.89272594    
   5.32000017      -1.58945978    
   5.33000040      -3.89136362    
   5.34000015      -1.82171130    
   5.35000038      -1.95606518    
   5.36000061      -1.77910316    
   5.37000036      -1.50600505    
   5.38000059      -2.40256405    
   5.39000034      -2.68329215    
   5.40000057      -1.77636743    
   5.41000032      -1.70736253    
   5.42000055      -2.09345007    
   5.43000031      -2.96823287    
   5.44000053      -1.49354613    
   5.45000029      -2.10537648    
   5.46000051      -2.27302432    
   5.47000027      -1.77156079    
   5.48000050      -1.81211555    
   5.49000025      -2.72771740    
   5.50000048      -2.14510679    
   5.51000023      -1.61033380    
   5.52000046      -1.70927298    
   5.53000021      -1.39969838    
   5.54000044      -3.52864051    
   5.55000019      -1.59047508    
   5.56000042      -1.80659068    
   5.57000017      -1.91712368    
   5.58000040                  NaN
   5.59000063      -1.67625701    
   5.60000038      -1.60410345    
   5.61000061      -2.86049199    
   5.62000036      -1.78159285    
   5.63000059      -1.46525896    
   5.64000034      -2.40366840    
   5.65000057      -3.78926587    
   5.66000032                  NaN
   5.67000055      -1.03470075    
   5.68000031      -1.60719037    
   5.69000053      -3.09332728    
   5.70000029      -1.43806994    
   5.71000051      -1.66789436    
   5.72000027      -3.45895314    
   5.73000050      -1.59503472    
   5.74000025                  NaN
   5.75000048      -2.05676270    
   5.76000023      -3.16846657    
   5.77000046      -1.95136893    
   5.78000021      -1.72999442    
   5.79000044      -1.37459815    
   5.80000019      -2.70612097    
   5.81000042      -2.03893781    
   5.82000065      -2.09380269    
   5.83000040      -1.45124340    
   5.84000063      -1.54509568    
   5.85000038                  NaN
   5.86000061      -1.57729900    
   5.87000036      -1.53474450    
   5.88000059      -2.90407062    
   5.89000034      -2.75383043    
   5.90000057      -2.08814502    
   5.91000032      -2.20879674    
   5.92000055      -2.44340014    
   5.93000031      -2.30915880    
   5.94000053      -4.72436380    
   5.95000029      -3.15503383    
   5.96000051      -2.48222828    
   5.97000027      -1.23791337    
   5.98000050      -2.09684396    
   5.99000025      -1.96078908    
   6.00000048      -2.61595058    
   6.01000023                  NaN
   6.02000046      -2.13843846    
   6.03000021      -2.05071211    
   6.04000044      -1.37790143    
   6.05000019      -2.21507072    
   6.06000042      -1.31459260    
   6.07000065      -3.18901610    
   6.08000040      -2.51712942    
   6.09000063      -1.77977872    
   6.10000038      -2.19522023    
   6.11000061      -1.74692369    
   6.12000036      -1.55023003    
   6.13000059      -2.27714252    
   6.14000034      -1.67508161    
   6.15000057                  NaN
   6.16000032      -5.21941566    
   6.17000055      -1.58991754    
   6.18000031      -1.54589796    
   6.19000053      -4.01327229    
   6.20000029      -2.28978205    
   6.21000051      -1.51861870    
   6.22000027      -1.65972352    
   6.23000050                  NaN
   6.24000025      -1.46804380    
   6.25000048      -1.49932027    
   6.26000023      -2.81426907    
   6.27000046      -3.01421165    
   6.28000021      -2.21497583    
   6.29000044      -1.90187204    
   6.30000067      -3.12980771    
   6.31000042      -2.04445124    
   6.32000065      -1.59686995    
   6.33000040      -1.88682890    
   6.34000063      -2.05644202    
   6.35000038      -1.50841451    
   6.36000061      -3.81856704    
   6.37000036      -2.41091824    
   6.38000059      -1.56580591    
   6.39000034      -1.33145678    
   6.40000057      -2.53933525    
   6.41000032                  NaN
   6.42000055      -2.25601244    
   6.43000031      -1.50253665    
   6.44000053      -2.03490996    
   6.45000029      -1.68173110    
   6.46000051      -1.31938016    
   6.47000027      -3.03727841    
   6.48000050      -2.07512808    
   6.49000025      -1.86307895    
   6.50000048      -2.23271251    
   6.51000023                  NaN
   6.52000046      -1.40887070    
   6.53000069      -1.90890396    
   6.54000044      -1.33436108    
   6.55000067      -2.50525498    
   6.56000042      -2.19435668    
   6.57000065      -3.15246224    
   6.58000040      -2.82147574    
   6.59000063      -2.91917038    
   6.60000038      -1.23586392    
   6.61000061      -1.22872782    
   6.62000036      -2.12534332    
   6.63000059      -2.33223534    
   6.64000034      -1.66760969    
   6.65000057      -2.10759473    
   6.66000032      -3.02313614    
   6.67000055      -1.54428470    
   6.68000031      -1.32390487    
   6.69000053      -2.07428885    
   6.70000029      -1.44194710    
   6.71000051      -2.81174135    
   6.72000027      -4.89043427    
   6.73000050      -1.82162404    
   6.74000025      -3.01712108    
   6.75000048      -2.19692564    
   6.76000071      -2.09932089    
   6.77000046      -1.92914689    
   6.78000069      -2.21175313    
   6.79000044      -1.77162945    
   6.80000067      -1.62629163    
   6.81000042      -2.50872421    
   6.82000065      -2.48497629    
   6.83000040      -3.56035733    
   6.84000063      -1.53144908    
   6.85000038      -1.12522388    
   6.86000061      -2.48193717    
   6.87000036      -2.41521716    
   6.88000059      -1.28099632    
   6.89000034      -1.67887259    
   6.90000057      -2.01458216    
   6.91000032      -1.57096624    
   6.92000055      -1.94406164    
   6.93000031      -1.66566479    
   6.94000053      -1.98335397    
   6.95000029      -1.22881591    
   6.96000051      -1.66336739    
   6.97000027                  NaN
   6.98000050      -1.51201999    
   6.99000072      -1.81353247    
   7.00000048      -2.64449739    
   7.01000071      -2.59108400    
   7.02000046      -2.12674046    
   7.03000069      -2.49190426    
   7.04000044      -1.77499580    
   7.05000067      -1.89485240    
   7.06000042      -2.29954529    
   7.07000065      -2.20696425    
   7.08000040      -2.58568048    
   7.09000063      -1.46097577    
   7.10000038      -2.27740049    
   7.11000061      -1.74710774    
   7.12000036      -1.47545636    
   7.13000059      -2.04067206    
   7.14000034      -3.67963791    
   7.15000057                  NaN
   7.16000032      -1.32304919    
   7.17000055      -1.66754019    
   7.18000031      -1.31421793    
   7.19000053      -1.55856073    
   7.20000029                  NaN
   7.21000051      -2.47792935    
   7.22000074      -1.86889887    
   7.23000050      -1.71577561    
   7.24000072      -1.84233177    
   7.25000048      -1.78164935    
   7.26000071      -2.28396845    
   7.27000046      -1.49822819    
   7.28000069                  NaN
   7.29000044      -1.83840561    
   7.30000067      -2.02737498    
   7.31000042      -2.54240036    
   7.32000065      -2.27924776    
   7.33000040      -1.92563748    
   7.34000063      -2.03925824    
   7.35000038      -2.27687931    
   7.36000061      -2.25703979    
   7.37000036      -1.74920332    
   7.38000059                  NaN
   7.39000034      -1.44583201    
   7.40000057      -2.31213975    
   7.41000032      -1.37918115    
   7.42000055      -1.52209365    
   7.43000031      -1.19789779    
   7.44000053      -3.00210667    
   7.45000076      -1.45801198    
   7.46000051                  NaN
   7.47000074      -2.34738994    
   7.48000050      -2.02813840    
   7.49000072      -1.46340358    
   7.50000048      -1.98208761    
   7.51000071      -1.67209911    
   7.52000046      -2.08745837    
   7.53000069      -2.10291719    
   7.54000044      -2.15254617    
   7.55000067      -1.14959085    
   7.56000042      -1.66808760    
   7.57000065      -2.84328246    
   7.58000040      -2.20243979    
   7.59000063                  NaN
   7.60000038      -1.73082507    
   7.61000061      -1.65347862    
   7.62000036      -2.06341314    
   7.63000059      -2.65039182    
   7.64000034      -2.46726108    
   7.65000057      -1.79740214    
   7.66000032      -1.64943469    
   7.67000055      -1.96839416    
   7.68000031      -1.58656907    
   7.69000053      -2.83358169    
   7.70000076      -1.52723610    
   7.71000051      -2.15619993    
   7.72000074      -2.17308569    
   7.73000050      -1.49714231    
   7.74000072      -1.56207812    
   7.75000048      -1.63164341    
   7.76000071      -5.50202942    
   7.77000046      -2.15130615    
   7.78000069      -2.72780347    
   7.79000044      -3.24828172    
   7.80000067      -1.65930223    
   7.81000042      -1.46369374    
   7.82000065      -2.18292737    
   7.83000040      -1.89897978    
   7.84000063      -1.73427045    
   7.85000038      -1.76895428    
   7.86000061      -2.17963815    
   7.87000036      -2.31494713    
   7.88000059      -1.56034946    
   7.89000034      -3.88191199    
   7.90000057      -1.89321113    
   7.91000032      -1.97815144    
   7.92000055      -2.08767152    
   7.93000078      -2.12074542    
   7.94000053      -3.13583732    
   7.95000076      -1.36734593    
   7.96000051      -2.92060399    
   7.97000074      -1.60315728    
   7.98000050      -3.40444899    
   7.99000072      -2.04907084    
   8.00000095      -4.09592962    
   8.01000023      -1.83073294    
   8.02000046      -1.51974356    
   8.03000069      -2.22162533    
   8.04000092      -2.61668515    
   8.05000019      -2.02806163    
   8.06000042      -3.77246332    
   8.07000065      -1.99513447    
   8.08000088      -5.07007456    
   8.09000015      -2.29664302    
   8.10000038      -1.72435284    
   8.11000061      -3.12164068    
   8.12000084      -2.98726726    
   8.13000011      -1.58976853    
   8.14000034      -2.47475743    
   8.15000057      -2.76159596    
   8.16000080      -2.27012897    
   8.17000103      -1.52637517    
   8.18000031      -3.06921625    
   8.19000053      -1.86895263    
   8.20000076      -1.68122804    
   8.21000099      -1.93820953    
   8.22000027      -1.82613540    
   8.23000050      -2.01288462    
   8.24000072      -1.50120914    
   8.25000095      -1.94962609    
   8.26000023                  NaN
   8.27000046                  NaN
   8.28000069      -1.82102907    
   8.29000092      -1.29109597    
   8.30000019      -2.68431830    
   8.31000042      -1.69485199    
   8.32000065                  NaN
   8.33000088      -2.02035236    
   8.34000015      -1.92712212    
   8.35000038      -1.94107914    
   8.36000061      -1.85445356    
   8.37000084      -2.23203063    
   8.38000107      -1.30691123    
   8.39000034      -6.14233398    
   8.40000057      -1.83740520    
   8.41000080      -1.87792790    
   8.42000103      -2.77244902    
   8.43000031      -1.75685441    
   8.44000053      -2.04367185    
   8.45000076      -1.83308578    
   8.46000099      -2.26508355    
   8.47000027      -2.22339487    
   8.48000050      -2.42097783    
   8.49000072      -1.23584151    
   8.50000095      -2.18156886    
   8.51000023      -4.05250025    
   8.52000046      -2.05353498    
   8.53000069      -1.56585205    
   8.54000092      -2.06888533    
   8.55000019      -1.63981867    
   8.56000042      -1.92288864    
   8.57000065      -1.62689698    
   8.58000088      -3.03478909    
   8.59000015      -2.41138363    
   8.60000038      -1.78027344    
   8.61000061      -4.73690557    
   8.62000084      -2.56697464    
   8.63000107      -2.62493634    
   8.64000034      -3.34797502    
   8.65000057      -1.87118781    
   8.66000080      -3.12306952    
   8.67000103      -1.78718615    
   8.68000031      -3.12130427    
   8.69000053      -1.79866481    
   8.70000076      -2.47768211    
   8.71000099      -2.64864707    
   8.72000027      -3.06897402    
   8.73000050      -2.39903760    
   8.74000072      -1.37552345    
   8.75000095                  NaN
   8.76000023      -2.49902606    
   8.77000046      -2.12006998    
   8.78000069      -1.75145423    
   8.79000092      -2.25712395    
   8.80000019      -3.33379006    
   8.81000042      -1.78799796    
   8.82000065      -2.23339081    
   8.83000088      -5.41054869    
   8.84000015      -1.46807230    
   8.85000038      -1.88239729    
   8.86000061      -3.05648494    
   8.87000084      -5.00149679    
   8.88000107      -2.46162462    
   8.89000034      -1.70386147    
   8.90000057      -2.31322098    
   8.91000080      -2.87763333    
   8.92000103      -2.01806974    
   8.93000031      -1.71267772    
   8.94000053      -1.78973496    
   8.95000076      -2.53754783    
   8.96000099      -2.24184299    
   8.97000027      -2.83298802    
   8.98000050      -1.57931781    
   8.99000072                  NaN
   9.00000095      -1.59972441    
   9.01000023      -2.79161429    
   9.02000046      -1.65572405    
   9.03000069      -4.29387045    
   9.04000092      -4.13880682    
   9.05000019      -1.82112515    
   9.06000042      -2.86401534    
   9.07000065      -2.41841507    
   9.08000088      -1.76357329    
   9.09000111      -2.34247518    
   9.10000038                  NaN
   9.11000061      -2.74610543    
   9.12000084      -4.46795559    
   9.13000107      -2.03342104    
   9.14000034      -1.82705605    
   9.15000057      -3.77204514    
   9.16000080      -2.28951883    
   9.17000103      -1.99524820    
   9.18000031      -3.12742281    
   9.19000053      -2.04558563    
   9.20000076      -1.71330285    
   9.21000099      -2.43149924    
   9.22000027                  NaN
   9.23000050      -1.97288549    
   9.24000072                  NaN
   9.25000095      -1.22118390    
   9.26000023      -1.31950796    
   9.27000046      -4.45407057    
   9.28000069      -2.76673985    
   9.29000092      -1.87198853    
   9.30000019      -2.14868617    
   9.31000042      -2.44885635    
   9.32000065      -1.71503246    
   9.33000088                  NaN
   9.34000111      -1.94608986    
   9.35000038      -1.49167717    
   9.36000061      -2.20493841    
   9.37000084                  NaN
   9.38000107      -1.68375647    
   9.39000034      -1.59791517    
   9.40000057      -2.08102751    
   9.41000080      -1.74631023    
   9.42000103      -2.17822957    
   9.43000031      -18.6926289    
   9.44000053      -1.79904330    
   9.45000076      -3.74400640    
   9.46000099      -2.43472505    
   9.47000027      -1.70088851    
   9.48000050      -2.19359612    
   9.49000072      -3.47784281    
   9.50000095      -2.40425467    
   9.51000023      -3.47593856    
   9.52000046      -1.85027921    
   9.53000069      -3.55407333    
   9.54000092      -2.20938253    
   9.55000114      -2.06677508    
   9.56000042      -2.06581807    
   9.57000065      -2.08390808    
   9.58000088      -2.47884417    
   9.59000111      -4.42379475    
   9.60000038      -2.22560930    
   9.61000061                  NaN
   9.62000084      -3.95090437    
   9.63000107      -2.17923474    
   9.64000034      -4.08250761    
   9.65000057      -1.90031743    
   9.66000080                  NaN
   9.67000103      -2.28784776    
   9.68000031      -2.36098719    
   9.69000053      -2.11155677    
   9.70000076      -1.37821829    
   9.71000099      -1.47834313    
   9.72000027      -1.74399972    
   9.73000050      -1.55378473    
   9.74000072                  NaN
   9.75000095      -1.72728384    
   9.76000023      -1.59792638    
   9.77000046      -1.57313895    
   9.78000069      -1.58399463    
   9.79000092      -2.40291524    
   9.80000114      -2.02386928    
   9.81000042      -2.00453877    
   9.82000065      -3.17767668    
   9.83000088      -1.69241977    
   9.84000111      -2.29535222    
   9.85000038      -1.38296616    
   9.86000061      -2.29338121    
   9.87000084                  NaN
   9.88000107      -1.30449903    
   9.89000034      -2.01500607    
   9.90000057      -1.34904027    
   9.91000080      -2.78313470    
   9.92000103                  NaN
   9.93000031      -1.41505873    
   9.94000053      -1.87189794    
   9.95000076      -2.33447671    
   9.96000099      -1.83815944    
   9.97000027      -3.51113939    
   9.98000050      -1.34108806    
   9.99000072      -2.99831772    
   10.0000010      -3.15983725    
   10.0100012      -1.62260234    
   10.0200005      -2.77217245    
   10.0300007      -2.89900351    
   10.0400009      -1.86190784    
   10.0500011      -1.92759490    
   10.0600004      -2.49052525    
   10.0700006      -2.80797243    
   10.0800009      -2.03377461    
   10.0900011      -1.39904189    
   10.1000004      -2.65079570    
   10.1100006      -2.24432015    
   10.1200008      -2.19678831    
   10.1300011      -2.45360470    
   10.1400003                  NaN
   10.1500006      -2.98220491    
   10.1600008      -4.18516159    
   10.1700010      -2.42055631    
   10.1800003      -1.64415371    
   10.1900005      -1.60441971    
   10.2000008      -1.98386383    
   10.2100010      -2.33424067    
   10.2200003      -1.50489676    
   10.2300005      -2.71168566    
   10.2400007      -2.16209555    
   10.2500010                  NaN
   10.2600012      -1.57225740    
   10.2700005      -1.54683888    
   10.2800007      -1.24615228    
   10.2900009      -2.32603550    
   10.3000011      -3.39764071    
   10.3100004      -1.90111685    
   10.3200006      -1.91747618    
   10.3300009                  NaN
   10.3400011      -2.19725871    
   10.3500004      -3.12421012    
   10.3600006      -1.35121596    
   10.3700008      -1.86100388    
   10.3800011      -1.89386666    
   10.3900003      -1.79438651    
   10.4000006                  NaN
   10.4100008      -2.21351671    
   10.4200010      -2.69204664    
   10.4300003      -2.05727839    
   10.4400005                  NaN
   10.4500008      -1.41440725    
   10.4600010      -3.46105242    
   10.4700003      -2.57761407    
   10.4800005      -2.38851213    
   10.4900007      -2.50882196    
   10.5000010                  NaN
   10.5100012      -1.78182089    
   10.5200005      -2.72077417    
   10.5300007      -1.89554322    
   10.5400009      -2.04571748    
   10.5500011      -3.10326695    
   10.5600004      -2.24654174    
   10.5700006      -1.56491387    
   10.5800009      -2.06209946    
   10.5900011      -1.65557253    
   10.6000004      -2.43466759    
   10.6100006      -1.86966765    
   10.6200008                  NaN
   10.6300011      -2.49399137    
   10.6400003      -2.93117833    
   10.6500006      -1.06602955    
   10.6600008      -1.12898135    
   10.6700010      -3.28464341    
   10.6800003      -1.65994799    
   10.6900005      -3.72432947    
   10.7000008      -1.56377125    
   10.7100010      -3.43449759    
   10.7200012      -2.25476551    
   10.7300005      -1.43991184    
   10.7400007      -2.78067517    
   10.7500010      -5.91508961    
   10.7600012      -1.72435248    
   10.7700005      -1.96168041    
   10.7800007      -2.38547993    
   10.7900009                  NaN
   10.8000011      -4.52337503    
   10.8100004      -2.68970561    
   10.8200006      -1.33278143    
   10.8300009      -1.35252583    
   10.8400011      -5.21216345    
   10.8500004      -1.69952643    
   10.8600006      -2.29220843    
   10.8700008      -1.99000800    
   10.8800011                  NaN
   10.8900003      -2.04969049    
   10.9000006      -1.55493462    
   10.9100008      -1.94639659    
   10.9200010      -2.34119201    
   10.9300003      -1.35214317    
   10.9400005      -4.50803947    
   10.9500008      -2.71517611    
   10.9600010      -1.37033594    
   10.9700012      -2.45703053    
   10.9800005      -2.94547057    
   10.9900007      -1.65469408    
   11.0000010      -1.93644631    
   11.0100012      -1.79223382    
   11.0200005      -1.93422139    
   11.0300007      -1.51490319    
   11.0400009                  NaN
   11.0500011      -1.51267123    
   11.0600004                  NaN
   11.0700006                  NaN
   11.0800009      -2.29524231    
   11.0900011      -1.94581413    
   11.1000004      -2.74102235    
   11.1100006      -2.29187346    
   11.1200008                  NaN
   11.1300011      -2.47194266    
   11.1400003      -2.37550449    
   11.1500006      -3.23182607    
   11.1600008      -2.04111075    
   11.1700010      -2.25770259    
   11.1800013      -1.95546424    
   11.1900005      -3.78691149    
   11.2000008      -1.03690326    
   11.2100010      -1.76973557    
   11.2200012      -3.02972841    
   11.2300005                  NaN
   11.2400007      -2.49336529    
   11.2500010                  NaN
   11.2600012      -3.46047950    
   11.2700005                  NaN
   11.2800007      -1.31278992    
   11.2900009      -1.56447780    
   11.3000011                  NaN
   11.3100004      -2.11496830    
   11.3200006      -2.09028673    
   11.3300009      -1.31773460    
   11.3400011      -1.77164257    
   11.3500004                  NaN
   11.3600006      -2.90242910    
   11.3700008      -1.47626221    
   11.3800011      -1.97334969    
   11.3900003      -1.68450665    
   11.4000006      -1.46020079    
   11.4100008                  NaN
   11.4200010      -3.00668597    
   11.4300013      -2.05454326    
   11.4400005      -2.22664762    
   11.4500008                  NaN
   11.4600010      -2.33871913    
   11.4700012      -2.50185037    
   11.4800005      -1.43843257    
   11.4900007      -2.30534697    
   11.5000010      -1.13005102    
   11.5100012                  NaN
   11.5200005      -2.04398632    
   11.5300007      -2.33048844    
   11.5400009      -2.45851874    
   11.5500011      -1.13328397    
   11.5600004      -2.29708719    
   11.5700006      -1.63260734    
   11.5800009      -4.43478012    
   11.5900011      -1.54322076    
   11.6000004      -1.96854925    
   11.6100006      -1.88568044    
   11.6200008      -1.80897999    
   11.6300011      -2.77059698    
   11.6400013      -1.48319066    
   11.6500006      -2.72168422    
   11.6600008      -2.44423294    
   11.6700010      -1.57622218    
   11.6800013      -2.12024808    
   11.6900005      -1.66479027    
   11.7000008      -1.40000141    
   11.7100010      -2.43821955    
   11.7200012      -1.85306478    
   11.7300005      -3.72365808    
   11.7400007      -1.47115684    
   11.7500010      -1.44396996    
   11.7600012                  NaN
   11.7700005      -2.66275716    
   11.7800007      -3.39914036    
   11.7900009      -4.00405884    
   11.8000011      -1.76924801    
   11.8100004      -2.65788507    
   11.8200006      -1.96351600    
   11.8300009      -1.60127938    
   11.8400011      -1.91850805    
   11.8500004      -2.95527005    
   11.8600006      -1.66012120    
   11.8700008      -1.85420084    
   11.8800011      -2.25843501    
   11.8900013      -3.14450574    
   11.9000006      -2.17141199    
   11.9100008      -3.47850895    
   11.9200010      -1.05246985    
   11.9300013      -1.17344880    
   11.9400005      -2.68633652    
   11.9500008                  NaN
   11.9600010      -1.69735694    
   11.9700012     -0.945335984    
   11.9800005      -1.82116008    
   11.9900007      -2.88078427    
   12.0000010      -1.76257372    
   12.0100012      -2.15773845    
   12.0200005      -2.77167153    
   12.0300007      -2.02848029    
   12.0400009      -1.81365061    
   12.0500011      -2.12605119    
   12.0600004      -2.29664278    
   12.0700006      -1.70067537    
   12.0800009      -1.15468633    
   12.0900011      -1.42785990    
   12.1000004      -2.23096776    
   12.1100006      -1.58167434    
   12.1200008      -2.92158008    
   12.1300011      -1.88232267    
   12.1400013      -2.22589183    
   12.1500006      -2.41877460    
   12.1600008      -1.47303784    
   12.1700010      -1.98722792    
   12.1800013      -1.47048390    
   12.1900005      -2.37857437    
   12.2000008      -3.03653932    
   12.2100010      -1.20001125    
   12.2200012                  NaN
   12.2300005      -1.52122784    
   12.2400007      -2.12852979    
   12.2500010      -2.44232154    
   12.2600012      -1.43280184    
   12.2700005      -1.65803695    
   12.2800007      -2.40207529    
   12.2900009      -1.80115807    
   12.3000011      -2.78724647    
   12.3100004      -3.78447628    
   12.3200006      -1.83726466    
   12.3300009      -3.53055716    
   12.3400011                  NaN
   12.3500013      -1.83335078    
   12.3600006      -1.43340349    
   12.3700008                  NaN
   12.3800011      -1.80921876    
   12.3900013      -2.25419283    
   12.4000006      -2.05505204    
   12.4100008      -3.07823992    
   12.4200010      -4.32968330    
   12.4300013      -1.42419899    
   12.4400005      -1.34388876    
   12.4500008      -2.31081533    
   12.4600010      -1.94948745    
   12.4700012      -2.02048111    
   12.4800005      -2.21152401    
   12.4900007      -1.96903110    
   12.5000010      -1.11024857    
   12.5100012      -1.91984463    
   12.5200005      -2.86948466    
   12.5300007      -2.65683770    
   12.5400009      -2.11650205    
   12.5500011      -2.47980309    
   12.5600004      -1.44884133    
   12.5700006      -2.16963077    
   12.5800009      -2.13929629    
   12.5900011      -1.97972393    
   12.6000013      -4.30565023    
   12.6100006      -2.16423249    
   12.6200008      -2.16287851    
   12.6300011      -1.85924160    
   12.6400013      -5.68652487    
   12.6500006      -2.25117850    
   12.6600008      -3.28590918    
   12.6700010      -2.04485464    
   12.6800013      -1.55394173    
   12.6900005      -1.82956123    
   12.7000008      -1.89415014    
   12.7100010      -2.34476447    
   12.7200012      -5.67560196    
   12.7300005      -1.39755547    
   12.7400007      -1.88865554    
   12.7500010      -1.40878689    
   12.7600012      -4.28379202    
   12.7700005      -1.32489908    
   12.7800007      -1.55644679    
   12.7900009      -1.60549140    
   12.8000011      -3.02548909    
   12.8100014      -1.83451533    
   12.8200006      -3.26387000    
   12.8300009      -1.83172953    
   12.8400011      -2.19323945    
   12.8500013      -1.39489782    
   12.8600006      -2.47812438    
   12.8700008      -2.51928234    
   12.8800011      -1.74134982    
   12.8900013      -2.21798038    
   12.9000006      -1.73853719    
   12.9100008                  NaN
   12.9200010      -2.60321665    
   12.9300013                  NaN
   12.9400005      -1.56737304    
   12.9500008      -1.38081336    
   12.9600010      -2.55103064    
   12.9700012      -1.81201088    
   12.9800005      -3.44200468    
   12.9900007                  NaN
   13.0000010      -1.38788044    
   13.0100012      -1.70312047    
   13.0200005      -2.02259636    
   13.0300007      -2.26478529    
   13.0400009      -1.69881904    
   13.0500011      -2.37111044    
   13.0600014      -1.96420562    
   13.0700006      -2.16058922    
   13.0800009      -1.91130924    
   13.0900011      -1.49630070    
   13.1000013      -2.40311098    
   13.1100006      -2.73016453    
   13.1200008      -1.85788393    
   13.1300011      -1.57457840    
   13.1400013      -1.16182566    
   13.1500006                  NaN
   13.1600008      -2.28104877    
   13.1700010      -2.17780280    
   13.1800013      -2.27812028    
   13.1900005      -1.29136932    
   13.2000008      -1.65614438    
   13.2100010      -2.51487350    
   13.2200012      -2.77122903    
   13.2300005      -2.27076197    
   13.2400007      -1.75134063    
   13.2500010      -2.46451378    
   13.2600012      -2.37964964    
   13.2700014      -1.83584046    
   13.2800007      -1.62526190    
   13.2900009      -1.40440989    
   13.3000011      -2.95351577    
   13.3100014      -2.59534693    
   13.3200006      -1.92602158    
   13.3300009      -1.97716737    
   13.3400011      -2.45109105    
   13.3500013      -1.44194758    
   13.3600006      -1.84590781    
   13.3700008      -1.73192275    
   13.3800011      -1.96964264    
   13.3900013      -3.18115425    
   13.4000006      -1.68571472    
   13.4100008      -1.83834934    
   13.4200010      -3.08959365    
   13.4300013      -2.57724690    
   13.4400005      -1.29478979    
   13.4500008                  NaN
   13.4600010      -1.65637946    
   13.4700012      -1.98335326    
   13.4800005      -2.47429752    
   13.4900007      -2.34492922    
   13.5000010      -1.95134985    
   13.5100012      -2.26489115    
   13.5200014      -2.30108929    
   13.5300007      -1.97412276    
   13.5400009      -1.81842506    
   13.5500011      -1.84097338    
   13.5600014      -1.81532466    
   13.5700006      -1.60019636    
   13.5800009      -1.81221402    
   13.5900011      -1.78712440    
   13.6000013      -2.98181415    
   13.6100006      -1.93428147    
   13.6200008      -1.55464947    
   13.6300011      -2.20986056    
   13.6400013      -2.01413345    
   13.6500006      -2.10493326    
   13.6600008      -1.75315464    
   13.6700010      -2.03925800    
   13.6800013      -2.16688871    
   13.6900005      -2.27450466    
   13.7000008      -1.48796403    
   13.7100010      -2.69621301    
   13.7200012      -2.63746381    
   13.7300005      -2.23040485    
   13.7400007      -3.57873559    
   13.7500010      -1.65184581    
   13.7600012      -2.22560883    
   13.7700014      -2.68662834    
   13.7800007      -3.03332853    
   13.7900009      -1.90570855    
   13.8000011      -1.82613504    
   13.8100014      -3.02849388    
   13.8200006      -1.52279949    
   13.8300009      -3.56425405    
   13.8400011      -1.84498072    
   13.8500013      -1.67827582    
   13.8600006      -2.07130337    
   13.8700008      -1.71947026    
   13.8800011      -2.36653352    
   13.8900013      -1.54914856    
   13.9000006      -1.40440965    
   13.9100008      -2.31905913    
   13.9200010                  NaN
   13.9300013      -1.62262321    
   13.9400005      -1.44912374    
   13.9500008      -2.05653644    
   13.9600010      -2.23077297    
   13.9700012      -2.08601499    
   13.9800014      -1.72435272    
   13.9900007      -2.77584004    
   14.0000010      -1.69803536    
   14.0100012      -2.48482466    
   14.0200014      -2.58851409    
   14.0300007      -2.21911597    
   14.0400009      -2.76748586    
   14.0500011      -2.38281417    
   14.0600014      -1.52093077    
   14.0700006      -2.25161386    
   14.0800009      -1.29441440    
   14.0900011      -2.42258883    
   14.1000013      -1.63677645    
   14.1100006      -2.69113255    
   14.1200008      -3.06412673    
   14.1300011      -2.41579771    
   14.1400013      -1.93225455    
   14.1500006      -1.71923745    
   14.1600008      -1.84427822    
   14.1700010      -1.78992069    
   14.1800013      -2.50732684    
   14.1900005      -2.01605892    
   14.2000008      -1.61968184    
   14.2100010      -2.22772193    
   14.2200012      -1.70719945    
   14.2300014      -2.60992432    
   14.2400007      -2.60818958    
   14.2500010      -2.10746074    
   14.2600012      -2.60471106    
   14.2700014      -2.14034414    
   14.2800007      -1.60579288    
   14.2900009      -1.93617702    
   14.3000011      -1.96519566    
   14.3100014      -1.49734998    
   14.3200006      -2.20854092    
   14.3300009      -1.59701312    
   14.3400011      -2.12805200    
   14.3500013      -1.98813355    
   14.3600006      -2.32930708    
   14.3700008      -1.54737377    
   14.3800011      -2.37227488    
   14.3900013      -1.65381575    
   14.4000006                  NaN
   14.4100008      -2.36692214    
   14.4200010                  NaN
   14.4300013      -1.79694235    
   14.4400015      -1.79514563    
   14.4500008      -2.10842657    
   14.4600010      -2.07025552    
   14.4700012      -1.78973532    
   14.4800014      -1.76125705    
   14.4900007                  NaN
   14.5000010      -2.09937668    
   14.5100012      -1.60920417    
   14.5200014      -1.63037026    
   14.5300007      -2.17086840    
   14.5400009      -1.92217827    
   14.5500011      -1.64841139    
   14.5600014      -1.91850853    
   14.5700006      -2.29136181    
   14.5800009      -1.74297512    
   14.5900011      -2.54550123    
   14.6000013      -1.44503868    
   14.6100006      -2.23951674    
   14.6200008      -1.50195289    
   14.6300011      -1.63362372    
   14.6400013      -2.00213361    
   14.6500006      -2.80261254    
   14.6600008      -2.65764093    
   14.6700010      -2.72475910    
   14.6800013      -2.22644472    
   14.6900015      -1.59885693    
   14.7000008      -3.56641269    
   14.7100010      -3.96998954    
   14.7200012      -1.36540747    
   14.7300014      -1.88676000    
   14.7400007      -1.85408890    
   14.7500010      -19.7699261    
   14.7600012      -1.54012454    
   14.7700014      -2.57228804    
   14.7800007      -2.12408686    
   14.7900009      -2.50783205    
   14.8000011      -3.14189935    
   14.8100014      -2.69814181    
   14.8200006      -1.17638719    
   14.8300009                  NaN
   14.8400011      -1.54721248    
   14.8500013      -1.92826450    
   14.8600006      -3.02493334    
   14.8700008      -1.85983503    
   14.8800011      -1.79725933    
   14.8900013      -1.45046365    
   14.9000015      -1.44850504    
   14.9100008      -1.60417116    
   14.9200010                  NaN
   14.9300013      -1.98160160    
   14.9400015      -1.94453597    
   14.9500008      -2.09097791    
   14.9600010      -2.12981772    
   14.9700012      -1.59231317    
   14.9800014      -2.12584138    
   14.9900007      -1.66431522    
   15.0000010      -2.99731803    
   15.0100012      -2.11984754    
   15.0200014      -2.81098866    
   15.0300007      -1.82814944    
   15.0400009      -1.73652303    
   15.0500011      -4.59670544    
   15.0600014      -2.51524186    
   15.0700006      -2.10775042    
   15.0800009      -1.62021244    
   15.0900011      -1.54406965    
   15.1000013                  NaN
   15.1100006      -1.94545305    
   15.1200008      -3.66617274    
   15.1300011      -2.38318753    
   15.1400013      -2.22698140    
   15.1500015      -1.60588241    
   15.1600008      -2.62832260    
   15.1700010      -5.26531172    
   15.1800013      -2.00514293    
   15.1900015      -2.95857739    
   15.2000008      -2.00098491    
   15.2100010      -2.16595340    
   15.2200012                  NaN
   15.2300014                  NaN
   15.2400007      -1.58715153    
   15.2500010      -3.63917136    
   15.2600012      -1.58294082    
   15.2700014                  NaN
   15.2800007                  NaN
   15.2900009      -2.34978127    
   15.3000011      -2.24229574    
   15.3100014      -2.40268469    
   15.3200006      -2.93117833    
   15.3300009      -4.53847742    
   15.3400011                  NaN
   15.3500013      -1.33551216    
   15.3600006      -2.74027300    
   15.3700008      -2.00414634    
   15.3800011      -2.17633748    
   15.3900013      -1.88648880    
   15.4000015      -2.44393325    
   15.4100008      -2.26990652    
   15.4200010      -4.11355209    
   15.4300013      -2.21424603    
   15.4400015      -1.77380085    
   15.4500008      -1.46792305    
   15.4600010      -2.31302071    
   15.4700012      -1.94309103    
   15.4800014                  NaN
   15.4900007      -1.43556237    
   15.5000010      -4.50139570    
   15.5100012      -1.75833082    
   15.5200014      -2.55103111    
   15.5300007      -2.47980380    
   15.5400009      -1.85340965    
   15.5500011      -1.68686211    
   15.5600014      -1.44345045    
   15.5700006      -2.61391568    
   15.5800009      -1.04947078    
   15.5900011      -3.09489870    
   15.6000013      -1.77087259    
   15.6100016      -2.53073764    
   15.6200008      -2.03201962    
   15.6300011      -1.58170962    
   15.6400013      -2.32972455    
   15.6500015      -1.22881544    
   15.6600008                  NaN
   15.6700010      -1.41836345    
   15.6800013      -1.49015915    
   15.6900015      -4.45825624    
   15.7000008      -1.56556165    
   15.7100010      -1.77945626    
   15.7200012      -2.57946897    
   15.7300014      -2.94485474    
   15.7400007      -1.35554481    
   15.7500010                  NaN
   15.7600012      -2.42697811    
   15.7700014      -1.49508131    
   15.7800007      -3.18439078    
   15.7900009      -1.66219211    
   15.8000011      -2.18111110    
   15.8100014      -1.90429032    
   15.8200006      -2.55582714    
   15.8300009      -2.28516817    
   15.8400011      -1.89710474    
   15.8500013     -0.908881009    
   15.8600016      -5.11115837    
   15.8700008      -5.10874033    
   15.8800011      -1.88744259    
   15.8900013      -1.25374067    
   15.9000015                  NaN
   15.9100008      -1.69781327    
   15.9200010      -1.45897627    
   15.9300013      -2.45505095    
   15.9400015      -2.52669883    
   15.9500008      -2.89195776    
   15.9600010      -1.53136206    
   15.9700012      -2.25101829    
   15.9800014      -1.68054986    
   15.9900007      -1.78341997    
