   0.00000000       10.4087648    
   1.00000007E-02   7.04102468    
   2.00000014E-02   4.59793949    
   3.00000012E-02   2.99648786    
   4.00000028E-02   1.52010727    
   5.00000045E-02   1.14065194    
   6.00000024E-02  0.211337686    
   7.00000077E-02   1.69155025    
   8.00000057E-02   2.66552925    
   9.00000036E-02   1.39693081    
  0.100000009      0.931755126    
  0.110000007       1.48308313    
  0.120000005      0.847902298    
  0.130000010       8.48329365E-02
  0.140000015     -0.212189078    
  0.150000006      0.679346979    
  0.160000011      0.679689527    
  0.170000017      0.892542362    
  0.180000007       4.25234325E-02
  0.190000013      0.723263681    
  0.200000018      0.808761895    
  0.210000008     -0.170351744    
  0.220000014       1.02262688    
  0.230000019      0.383679032    
  0.240000010      0.938356578    
  0.250000030      0.469415843    
  0.260000020      0.128087342    
  0.270000011      0.897066057    
  0.280000031      0.598347306    
  0.290000021       8.55215043E-02
  0.300000012      0.855649650    
  0.310000032      0.984496891    
  0.320000023      0.770867288    
  0.330000013       8.56954083E-02
  0.340000033      0.471564740    
  0.350000024       1.02939224    
  0.360000014      0.600784481    
  0.370000035      0.386415392    
  0.380000025      0.300698489    
  0.390000015      0.257873029    
  0.400000036     -0.430007577    
  0.410000026      0.860454202    
  0.420000017       1.03307247    
  0.430000037      0.602933586    
  0.440000027      0.646330476    
  0.450000018     -0.301775128    
  0.460000038     -0.215663984    
  0.470000029     -0.302084178    
  0.480000019       8.63539577E-02
  0.490000039       1.03677905    
  0.500000060      0.475434095    
  0.510000050      0.908112586    
  0.520000041       4.32656407E-02
  0.530000031     -0.476166725    
  0.540000021      0.692961931    
  0.550000012      0.823315322    
  0.560000062      0.433546722    
  0.570000052      0.563900888    
  0.580000043      0.260395974    
  0.590000033      -8.68433565E-02
  0.600000024       4.34440784E-02
  0.610000014      0.608530641    
  0.620000064       8.69778395E-02
  0.630000055      0.261068165    
  0.640000045     -0.478872061    
  0.650000036      0.217781663    
  0.660000026      0.217894271    
  0.670000076     -0.174405560    
  0.680000067     -0.130871847    
  0.690000057     -0.436465502    
  0.700000048      0.131007522    
  0.710000038     -0.262150794    
  0.720000029      0.524573565    
  0.730000079      0.743531644    
  0.740000069       8.75197425E-02
  0.750000060       4.37826216E-02
  0.760000050      0.131416097    
  0.770000041      0.219140649    
  0.780000031      0.526211202    
  0.790000081     -0.263242543    
  0.800000072      0.614552557    
  0.810000062      0.219597384    
  0.820000052      0.878847718    
  0.830000043       8.79306197E-02
  0.840000033       8.79765227E-02
  0.850000083      0.132033691    
  0.860000074     -0.176136881    
  0.870000064      0.308400631    
  0.880000055      0.440802753    
  0.890000045      0.396930099    
  0.900000036      0.529517174    
  0.910000086      0.838841438    
  0.920000076      -4.41726372E-02
  0.930000067     -0.265175074    
  0.940000057     -0.132657140    
  0.950000048      0.221211255    
  0.960000038      0.442654908    
  0.970000088      0.265732497    
  0.980000079      -8.86240602E-02
  0.990000069      0.354682803    
   1.00000012     -0.133076042    
   1.01000011     -0.443820357    
   1.02000010       4.44054045E-02
   1.03000009       8.88576433E-02
   1.04000008      0.444522619    
   1.05000007      0.177902922    
   1.06000006       8.89984369E-02
   1.07000005      0.445227116    
   1.08000004      0.178184986    
   1.09000003      0.133709431    
   1.10000002      0.445933878    
   1.11000013     -0.312318921    
   1.12000012      0.446406215    
   1.13000011      0.133992836    
   1.14000010      0.268127769    
   1.15000010      0.447116673    
   1.16000009       4.47354354E-02
   1.17000008     -0.671387374    
   1.18000007       8.95658433E-02
   1.19000006      0.851328254    
   1.20000005      0.134491742    
   1.21000004      0.224272192    
   1.22000003      0.538539886    
   1.23000014       0.00000000    
   1.24000013       4.49262038E-02
   1.25000012     -0.404551178    
   1.26000011      0.449741155    
   1.27000010      0.809966326    
   1.28000009      0.450221598    
   1.29000008      0.991016984    
   1.30000007      0.270421922    
   1.31000006      -9.01888609E-02
   1.32000005       4.51185592E-02
   1.33000004      0.406284600    
   1.34000015      0.542003214    
   1.35000014      0.677867234    
   1.36000013      0.180861562    
   1.37000012      0.588115633    
   1.38000011       9.05279145E-02
   1.39000010      0.452882826    
   1.40000010      0.362501055    
   1.41000009     -0.498707145    
   1.42000008      0.498975486    
   1.43000007      0.317700863    
   1.44000006      0.408692539    
   1.45000005      0.636086702    
   1.46000016      0.363674164    
   1.47000015      0.454838008    
   1.48000014      0.182033464    
   1.49000013      -9.10659283E-02
   1.50000012      0.820036113    
   1.51000011      0.774897456    
   1.52000010      -4.39562307E-08
   1.53000009      0.319420964    
   1.54000008      0.228281379    
   1.55000007      0.228405133    
   1.56000006     -0.228528991    
   1.57000005       9.41919165E-09
   1.58000016     -0.274532527    
   1.59000015     -0.503583074    
   1.60000014       9.16103050E-02
   1.61000013      0.366640508    
   1.62000012      0.275129974    
   1.63000011      0.734079361    
   1.64000010      0.275429696    
   1.65000010      -1.25589228E-08
   1.66000009     -0.137865052    
   1.67000008      0.229900405    
   1.68000007      0.322036237    
   1.69000018      0.598394036    
   1.70000017      0.230277285    
   1.71000016      0.184322581    
   1.72000015      -4.61058468E-02
   1.73000014     -0.322917581    
   1.74000013      -2.51178456E-08
   1.75000012      0.600361288    
   1.76000011     -0.277241707    
   1.77000010     -0.693484545    
   1.78000009     -0.370061427    
   1.79000008     -0.185132340    
   1.80000007       9.26170796E-02
   1.81000018       0.00000000    
   1.82000017      0.463594586    
   1.83000016       9.27699953E-02
   1.84000015     -0.603336692    
   1.85000014     -0.464360833    
   1.86000013      0.557540238    
   1.87000012       1.25589228E-08
   1.88000011       9.30259451E-02
   1.89000010     -0.186154604    
   1.90000010     -0.232821777    
   1.91000009      -4.65900935E-02
   1.92000008      -9.32317302E-02
   1.93000019     -0.606341660    
   1.94000018      -4.66674753E-02
   1.95000017      0.560320139    
   1.96000016       4.67192419E-02
   1.97000015      -4.67451513E-02
   1.98000014     -0.280626506    
   1.99000013     -0.140391171    
   2.00000024      0.374584436    
   2.01000023      -1.56986530E-08
   2.02000022      0.375001103    
   2.03000021      0.187604904    
   2.04000020      -4.69273254E-02
   2.05000019     -0.234767362    
   2.06000018       4.69796471E-02
   2.07000017     -0.658081949    
   2.08000016      0.188128293    
   2.09000015      0.282350063    
   2.10000014      0.188338578    
   2.11000013     -0.518220484    
   2.12000012      -9.42745581E-02
   2.13000011     -0.188654706    
   2.14000010     -0.283140600    
   2.15000010      0.944330394    
   2.16000009      0.944859803    
   2.17000008      0.330886394    
   2.18000007     -0.520256102    
   2.19000006      -9.46451351E-02
   2.20000005     -0.284094959    
   2.21000004      0.331630349    
   2.22000027       4.74024117E-02
   2.23000026      0.711436391    
   2.24000025       0.00000000    
   2.25000024       4.74825501E-02
   2.26000023      -4.75092866E-02
   2.27000022     -0.237680480    
   2.28000021      -9.51258242E-02
   2.29000020      -9.51795429E-02
   2.30000019     -0.142849982    
   2.31000018     -0.142930761    
   2.32000017      0.381364226    
   2.33000016       4.76974957E-02
   2.34000015      0.477245152    
   2.35000014     -0.429763973    
   2.36000013     -0.477786243    
   2.37000012       9.56114456E-02
   2.38000011       9.56656858E-02
   2.39000010      -1.25589228E-08
   2.40000010      0.335210472    
   2.41000009      0.191657707    
   2.42000008      0.239708439    
   2.43000007      0.191875905    
   2.44000006     -0.335974067    
   2.45000029      0.576283693    
   2.46000028      -4.80510332E-02
   2.47000027      -4.80784178E-02
   2.48000026      0.336741120    
   2.49000025      0.673866868    
   2.50000024      0.240804300    
   2.51000023     -0.240941927    
   2.52000022      -9.64318961E-02
   2.53000021       4.82435673E-02
   2.54000020     -0.675796688    
   2.55000019      0.241494238    
   2.56000018      0.193306178    
   2.57000017       2.82575758E-08
   2.58000016     -0.193528056    
   2.59000015     -0.532507956    
   2.60000014     -0.339063436    
   2.61000013     -0.726982355    
   2.62000012     -0.242466882    
   2.63000011      0.533734262    
   2.64000010      0.631140232    
   2.65000010     -0.194308907    
   2.66000009      -2.19781153E-08
   2.67000008      0.486332864    
   2.68000031     -0.194645494    
   2.69000030       9.73789766E-02
   2.70000029       4.87176180E-02
   2.71000028      0.194983199    
   2.72000027      0.243870035    
   2.73000026      0.292813540    
   2.74000025     -0.390644222    
   2.75000024      -4.88588363E-02
   2.76000023     -0.195548713    
   2.77000022     -0.146746665    
   2.78000021     -0.440495610    
   2.79000020      -4.89724129E-02
   2.80000019      0.147002622    
   2.81000018       4.90294062E-02
   2.82000017     -0.147173718    
   2.83000016      -4.90864664E-02
   2.84000015      0.196460351    
   2.85000014     -0.344006062    
   2.86000013      0.344206750    
   2.87000012      0.541212082    
   2.88000011      0.639987946    
   2.89000010     -0.197034463    
   2.90000010      0.197149724    
   2.91000032      0.147948802    
   2.92000031     -0.888212502    
   2.93000031       9.87481251E-02
   2.94000030     -0.395223916    
   2.95000029      0.148295879    
   2.96000028      0.395687759    
   2.97000027      0.197960064    
   2.98000026       4.95191030E-02
   2.99000025     -0.297289193    
   3.00000024     -0.842814982    
   3.01000023     -0.148819596    
   3.02000022     -0.148907259    
   3.03000021      0.347654909    
   3.04000020      0.149082810    
   3.05000019      0.397788763    
   3.06000018      0.149258852    
   3.07000017      0.149347007    
   3.08000016     -0.398494005    
   3.09000015     -0.348888516    
   3.10000014      0.648319185    
   3.11000013     -0.199600965    
   3.12000012      -3.13973061E-08
   3.13000011      0.449634552    
   3.14000010      -4.99890335E-02
   3.15000033      0.150056094    
   3.16000032     -0.100096792    
   3.17000031      0.150234371    
   3.18000031      0.501079023    
   3.19000030     -0.150413200    
   3.20000029     -0.150502667    
   3.21000028      0.451776892    
   3.22000027       5.02273329E-02
   3.23000026     -0.251286507    
   3.24000025       5.02872616E-02
   3.25000024      0.805076957    
   3.26000023     -0.151042089    
   3.27000022     -0.151132360    
   3.28000021      0.403260738    
   3.29000020       5.04377484E-02
   3.30000019      0.252339810    
   3.31000018       1.25589228E-08
   3.32000017      0.353699267    
   3.33000016      0.202235132    
   3.34000015      0.101178251    
   3.35000014      0.455575615    
   3.36000013      0.354549527    
   3.37000012      0.354762763    
   3.38000035     -0.253554434    
   3.39000034       5.07413819E-02
   3.40000033      0.710807800    
   3.41000032      0.101605155    
   3.42000031       5.08331954E-02
   3.43000031      0.356047362    
   3.44000030     -0.101789251    
   3.45000029      -5.09253480E-02
   3.46000028     -0.305736989    
   3.47000027     -0.203947932    
   3.48000026      0.561196387    
   3.49000025      0.255243808    
   3.50000024     -0.357557833    
   3.51000023       5.11106476E-02
   3.52000022      0.204566732    
   3.53000021      0.307036430    
   3.54000020     -0.102407657    
   3.55000019      0.358644664    
   3.56000018      -5.12660742E-02
   3.57000017     -0.410378516    
   3.58000016      0.205314219    
   3.59000015      0.308159024    
   3.60000014      -5.13911694E-02
   3.61000037       5.14224842E-02
   3.62000036      0.617446840    
   3.63000035     -0.617824018    
   3.64000034     -0.824268937    
   3.65000033     -0.463934839    
   3.66000032      0.464218765    
   3.67000031       0.00000000    
   3.68000031      0.103286155    
   3.69000030     -0.103349485    
   3.70000029     -0.517064393    
   3.71000028     -0.103476368    
   3.72000027     -0.569469512    
   3.73000026     -0.259008914    
   3.74000025      0.311001807    
   3.75000024     -0.207462192    
   3.76000023      0.467077196    
   3.77000022      0.571223974    
   3.78000021     -0.311768770    
   3.79000020       0.00000000    
   3.80000019       5.20256124E-02
   3.81000018      -5.20577505E-02
   3.82000017     -0.156269714    
   3.83000016     -0.104244232    
   3.84000015     -0.886624575    
   3.85000038     -0.521866858    
   3.86000037     -0.156657040    
   3.87000036     -0.313508302    
   3.88000035     -0.522838116    
   3.89000034       5.23162670E-02
   3.90000033      0.418790072    
   3.91000032     -0.314287782    
   3.92000031      0.157241628    
   3.93000031     -0.629357755    
   3.94000030      0.314874798    
   3.95000029      0.472606480    
   3.96000028     -0.157633722    
   3.97000027      0.578350902    
   3.98000026     -0.157830492    
   3.99000025     -0.473787278    
   4.00000048      0.105351903    
   4.01000023     -0.421671003    
   4.02000046      0.474676728    
   4.03000021     -0.263874382    
   4.04000044     -0.633695483    
   4.05000019      -2.51178456E-08
   4.06000042      0.211496830    
   4.07000017     -0.687796235    
   4.08000040      0.105881274    
   4.09000015      0.158921733    
   4.10000038     -0.106014512    
   4.11000013      0.159121752    
   4.12000036      0.530739844    
   4.13000011     -0.106214851    
   4.14000034      0.106281854    
   4.15000010     -0.850791156    
   4.16000032      0.106416024    
   4.17000008      0.319449753    
   4.18000031     -0.426202208    
   4.19000053       5.02356912E-08
   4.20000029     -0.213370845    
   4.21000051     -0.587141454    
   4.22000027     -0.534103274    
   4.23000050     -0.106888354    
   4.24000025     -0.374346763    
   4.25000048     -0.749168873    
   4.26000023     -0.321276397    
   4.27000046      0.482220829    
   4.28000021      -3.76767666E-08
   4.29000044     -0.107296631    
   4.30000019      0.268412411    
   4.31000042      0.268583506    
   4.32000017     -0.430007607    
   4.33000040      0.161355749    
   4.34000015      0.376737177    
   4.35000038      0.107707955    
   4.36000013      0.431107312    
   4.37000036      0.593151867    
   4.38000011      0.215829730    
   4.39000034     -0.269959927    
   4.40000010      0.324159563    
   4.41000032       2.51178456E-08
   4.42000008      0.162287891    
   4.43000031     -0.270653427    
   4.44000053     -0.487489343    
   4.45000029     -0.650403798    
   4.46000051      0.325411141    
   4.47000027      0.271350592    
   4.48000050      0.434440672    
   4.49000025      0.815101504    
   4.50000048     -0.217500597    
   4.51000023     -0.489692330    
   4.52000046      -1.03446281    
   4.53000021      0.108961202    
   4.54000044      0.381610930    
   4.55000019     -0.763715804    
   4.56000042       5.45864329E-02
   4.57000017      0.710083842    
   4.58000040      0.382600784    
   4.59000015     -0.218770906    
   4.60000038      0.109456487    
   4.61000013      0.109527610    
   4.62000036      0.109598830    
   4.63000011     -0.109670140    
   4.64000034      0.603578389    
   4.65000010      0.658878148    
   4.66000032      -4.19176560E-09
   4.67000055      0.109956294    
   4.68000031     -0.385098219    
   4.69000053      0.165149882    
   4.70000029     -0.110171869    
   4.71000051       5.51219396E-02
   4.72000027      0.937686741    
   4.73000050     -0.165582493    
   4.74000025     -0.497073025    
   4.75000048     -0.221066222    
   4.76000023      0.774239421    
   4.77000046     -0.332034796    
   4.78000021     -0.221501991    
   4.79000044      0.498707026    
   4.80000019      0.443586767    
   4.81000042      -2.51178456E-08
   4.82000017      0.388649791    
   4.83000040      0.111115985    
   4.84000015      0.667135775    
   4.85000038      0.166894004    
   4.86000013     -0.556680918    
   4.87000036      0.334229350    
   4.88000011     -0.167225152    
   4.89000034     -0.836679339    
   4.90000057     -0.558155596    
   4.91000032      0.279262722    
   4.92000055     -0.223558322    
   4.93000031     -0.223706692    
   4.94000053     -0.167891398    
   4.95000029     -0.560009956    
   4.96000051      0.168114662    
   4.97000027      -5.60755134E-02
   4.98000050       5.61128147E-02
   4.99000025      0.336901337    
   5.00000048       5.61876409E-02
   5.01000023     -0.281125695    
   5.02000046      0.450101435    
   5.03000021     -0.281501323    
   5.04000044      -5.63378632E-02
   5.05000019     -0.281877905    
   5.06000042     -0.394893259    
   5.07000017      0.733864307    
   5.08000040     -0.112977855    
   5.09000015     -0.113053642    
   5.10000038     -0.169694260    
   5.11000013     -0.226411030    
   5.12000036      0.453126281    
   5.13000059      0.736825347    
   5.14000034      -5.67170009E-02
   5.15000057     -0.454041690    
   5.16000032      0.454347670    
   5.17000055     -0.681981087    
   5.18000031      0.909921587    
   5.19000053      0.284542501    
   5.20000029       5.69469407E-02
   5.21000051      0.284927279    
   5.22000027      -5.70240393E-02
   5.23000050      0.570626199    
   5.24000025      0.399708986    
   5.25000048     -0.171419978    
   5.26000023     -0.114357531    
   5.27000046      0.228870317    
   5.28000021      0.171769321    
   5.29000044      0.458362997    
   5.30000019      0.114668682    
   5.31000042      0.114746757    
   5.32000017      0.229649842    
   5.33000040     -0.344709575    
   5.34000015       5.74907474E-02
   5.35000038       1.03554058    
   5.36000061      0.748401225    
   5.37000036      0.806521535    
   5.38000059       5.76480664E-02
   5.39000034      0.115375057    
   5.40000057      0.461816341    
   5.41000032      0.519899487    
   5.42000055      0.289031237    
   5.43000031      0.578459084    
   5.44000053      0.173656926    
   5.45000029      0.405477941    
   5.46000051      0.173895746    
   5.47000027      0.232020542    
   5.48000050      0.928721666    
   5.49000025     -0.290425569    
   5.50000048      -5.81252128E-02
   5.51000023      0.930644512    
   5.52000046      0.582054496    
   5.53000021      0.698948085    
   5.54000044      0.699431539    
   5.55000019     -0.408284068    
   5.56000042     -0.233466730    
   5.57000017     -0.467257082    
   5.58000040      0.292238206    
   5.59000063      0.175464571    
   5.60000038       5.85288256E-02
   5.61000061     -0.175708443    
   5.62000036       5.86102568E-02
   5.63000059      -5.86509742E-02
   5.64000034     -0.234767377    
   5.65000057     -0.469862014    
   5.66000032      -2.51178456E-08
   5.67000055      0.764591336    
   5.68000031      0.823981047    
   5.69000053      0.176690772    
   5.70000029     -0.117876217    
   5.71000051      0.353876144    
   5.72000027     -0.177062020    
   5.73000050      0.295310020    
   5.74000025      0.827448010    
   5.75000048     -0.354869425    
   5.76000023      0.177559361    
   5.77000046     -0.533052325    
   5.78000021       5.92697002E-02
   5.79000044     -0.296557009    
   5.80000019      0.237412617    
   5.81000042      0.415764958    
   5.82000065       1.88383833E-08
   5.83000040     -0.297394097    
   5.84000063     -0.535687447    
   5.85000038     -0.536066055    
   5.86000061       5.96050508E-02
   5.87000036     -0.417530417    
   5.88000059      0.537204981    
   5.89000034      0.358390450    
   5.90000057      0.418418735    
   5.91000032      0.418715745    
   5.92000055      -5.98589964E-02
   5.93000031     -0.239606231    
   5.94000053     -0.599441648    
   5.95000029      0.539881468    
   5.96000051      0.360177338    
   5.97000027      0.420506388    
   5.98000050      0.180345550    
   5.99000025      0.481264740    
   6.00000048      0.120402128    
   6.01000023      0.180732295    
   6.02000046      0.120574400    
   6.03000021     -0.301651716    
   6.04000044     -0.241494268    
   6.05000019       6.04168326E-02
   6.06000042      0.181380540    
   6.07000065      0.484028727    
   6.08000040      0.363282323    
   6.09000063     -0.363543451    
   6.10000038     -0.485073328    
   6.11000061     -0.121355638    
   6.12000036     -0.242886156    
   6.13000059      -2.51178456E-08
   6.14000034      0.486473292    
   6.15000057      0.243412271    
   6.16000032     -0.304485202    
   6.17000055      0.243764266    
   6.18000031      0.304925829    
   6.19000053      0.183087975    
   6.20000029     -0.183220670    
   6.21000051      0.244471341    
   6.22000027      0.795108438    
   6.23000050      0.122413203    
   6.24000025      0.551259756    
   6.25000048      0.490365058    
   6.26000023      0.306701243    
   6.27000046     -0.491079360    
   6.28000021      0.368577957    
   6.29000044       0.00000000    
   6.30000067     -0.123038657    
   6.31000042      0.307821393    
   6.32000065       6.16092645E-02
   6.33000040      0.369926095    
   6.34000063      -1.88383833E-08
   6.35000038      -6.17446862E-02
   6.36000061       6.17899485E-02
   6.37000036      0.247341096    
   6.38000059      0.123761348    
   6.39000034      0.866966128    
   6.40000057     -0.557745159    
   6.41000032      0.310086429    
   6.42000055      0.558566630    
   6.43000031      0.434760869    
   6.44000053      0.248617992    
   6.45000029       6.22003376E-02
   6.46000051      0.933694601    
   6.47000027      0.124584638    
   6.48000050     -0.311691910    
   6.49000025     -0.187153578    
   6.50000048       6.24307431E-02
   6.51000023       6.24770373E-02
   6.52000046     -0.625233591    
   6.53000069     -0.250279099    
   6.54000044     -0.250465065    
   6.55000067     -0.250651270    
   6.56000042     -0.313547224    
   6.57000065     -0.313780695    
   6.58000040      0.502423227    
   6.59000063     -0.439948112    
   6.60000038      -6.28966913E-02
   6.61000061      0.629436076    
   6.62000036      0.251962632    
   6.63000059      0.567339897    
   6.64000034     -0.441594630    
   6.65000057     -0.252528816    
   6.66000032     -0.315897644    
   6.67000055     -0.189680800    
   6.68000031      -6.32744059E-02
   6.69000053      0.189965814    
   6.70000029     -0.126739070    
   6.71000051      0.126834407    
   6.72000027      0.444254816    
   6.73000050      0.952692151    
   6.74000025       6.35607168E-02
   6.75000048       6.36086836E-02
   6.76000071     -0.827537298    
   6.77000046      0.127409667    
   6.78000069     -0.127506092    
   6.79000044      0.574211538    
   6.80000067       1.08544338    
   6.81000042      0.319490165    
   6.82000065     -0.127892941    
   6.83000040     -0.575955510    
   6.84000063     -0.512349486    
   6.85000038     -0.192277178    
   6.86000061      -6.41411841E-02
   6.87000036      0.256760061    
   6.88000059       1.25589228E-08
   6.89000034     -0.514303565    
   6.90000057     -0.193011060    
   6.91000032       6.27946140E-09
   6.92000055     -0.128870785    
   6.93000031      0.386908144    
   6.94000053       0.00000000    
   6.95000029      -1.25589228E-08
   6.96000051     -0.129266098    
   6.97000027      0.194047943    
   6.98000050      0.582590938    
   6.99000072       0.00000000    
   7.00000048     -0.194495797    
   7.01000071      0.454172790    
   7.02000046      0.324659050    
   7.03000069      0.194945648    
   7.04000044      -6.50319830E-02
   7.05000067      0.260328948    
   7.06000042     -0.195397556    
   7.07000065      0.195548728    
   7.08000040     -0.587100208    
   7.09000063       6.52839169E-02
   7.10000038     -0.130668923    
   7.11000061     -0.196155533    
   7.12000036      -6.54359534E-02
   7.13000059      0.130973563    
   7.14000034      0.131075412    
   7.15000057      0.262354851    
   7.16000032     -0.196919397    
   7.17000055       6.56909645E-02
   7.18000031     -0.131484389    
   7.19000053     -0.263174057    
   7.20000029      -6.58449456E-02
   7.21000051      0.658963978    
   7.22000074      0.461635768    
   7.23000050     -0.131999195    
   7.24000072     -0.264205337    
   7.25000048       6.61031231E-02
   7.26000071      0.198465049    
   7.27000046      0.397241890    
   7.28000069      0.596331358    
   7.29000044       6.63111657E-02
   7.30000067     -0.132726759    
   7.31000042     -0.332078427    
   7.32000065      0.465276390    
   7.33000040     -0.133040980    
   7.34000063     -0.133146107    
   7.35000038     -0.399754137    
   7.36000061      0.533427119    
   7.37000036       6.67311847E-02
   7.38000059      0.267136276    
   7.39000034      0.200511083    
   7.40000057      0.401340425    
   7.41000032      0.334715992    
   7.42000055      0.468974888    
   7.43000031      0.737546861    
   7.44000053      0.536824763    
   7.45000076      0.671565711    
   7.46000051       6.72100857E-02
   7.47000074      0.807165146    
   7.48000050      0.403904915    
   7.49000072      0.336856484    
   7.50000048      0.539401531    
   7.51000071      0.674791694    
   7.52000046      0.472732723    
   7.53000069     -0.202762216    
   7.54000044       0.00000000    
   7.55000067     -0.203087956    
   7.56000042      0.338751972    
   7.57000065      0.610244095    
   7.58000040      0.407156944    
   7.59000063      0.271656692    
   7.60000038      0.679689407    
   7.61000061      0.816285551    
   7.62000036      0.476551235    
   7.63000059      0.204401344    
   7.64000034      0.477322340    
   7.65000057      0.136488244    
   7.66000032      0.546395421    
   7.67000055      0.478483707    
   7.68000031       1.02615440    
   7.69000053      -6.84659183E-02
   7.70000076       6.85215369E-02
   7.71000051      0.411463767    
   7.72000074     -0.137266293    
   7.73000050      0.274756283    
   7.74000072      0.206235290    
   7.75000048      0.550409734    
   7.76000071      0.206572294    
   7.77000046       6.89137504E-02
   7.78000069     -0.137940273    
   7.79000044     -0.345133126    
   7.80000067      0.138166323    
   7.81000042      0.483978987    
   7.82000065      0.899556041    
   7.83000040      0.415520877    
   7.84000063      -6.93104491E-02
   7.85000038      0.208102435    
   7.86000061     -0.347123146    
   7.87000036      0.764300406    
   7.88000059      0.695391893    
   7.89000034      0.487176299    
   7.90000057       6.27946122E-08
   7.91000032     -0.557693958    
   7.92000055     -0.209308356    
   7.93000078       6.98272660E-02
   7.94000053       2.51178456E-08
   7.95000076     -0.559545159    
   7.96000051     -0.210003719    
   7.97000074      0.350297183    
   7.98000050      -1.05176580    
   7.99000072       0.00000000    
   8.00000095      -7.02345967E-02
   8.01000023      0.210879460    
   8.02000046       7.03518465E-02
   8.03000069       2.51178456E-08
   8.04000092     -0.422816843    
   8.05000019     -0.634755969    
   8.06000042      -7.05875307E-02
   8.07000065      0.211940080    
   8.08000088      0.212117895    
   8.09000015     -0.495357156    
   8.10000038     -0.424948692    
   8.11000061      -7.08843470E-02
   8.12000084      0.283776075    
   8.13000011     -0.142007574    
   8.14000034     -0.213190973    
   8.15000057      -5.02356912E-08
   8.16000080      0.284734786    
   8.17000103     -0.498707086    
   8.18000031     -0.998257935    
   8.19000053       1.25589228E-08
   8.20000076     -0.785674930    
   8.21000099      0.214456722    
   8.22000027      0.429277480    
   8.23000050      0.644463420    
   8.24000072       7.16679692E-02
   8.25000095     -0.286915660    
   8.26000023      0.143580049    
   8.27000046      0.143702462    
   8.28000069      -7.19125643E-02
   8.29000092      0.431843668    
   8.30000019      0.936460972    
   8.31000042      0.720970750    
   8.32000065      0.938064516    
   8.33000088      0.505544484    
   8.34000015     -0.216847777    
   8.35000038     -0.144689262    
   8.36000061      0.289627105    
   8.37000084      0.217407078    
   8.38000107      0.652782619    
   8.39000034       0.00000000    
   8.40000057      -7.26564229E-02
   8.41000080      0.145438284    
   8.42000103      0.145563841    
   8.43000031      -2.51178456E-08
   8.44000053      0.656170785    
   8.45000076     -0.218913004    
   8.46000099      0.511239588    
   8.47000027      0.292390227    
   8.48000050      0.512127161    
   8.49000072     -0.219673738    
   8.50000095      -7.32882693E-02
   8.51000023       7.33520240E-02
   8.52000046      0.146831840    
   8.53000069      0.661319435    
   8.54000092      0.514808357    
   8.55000019      0.220824897    
   8.56000042      0.442035735    
   8.57000065      0.294948310    
   8.58000088      0.811818182    
   8.59000015      0.517064333    
   8.60000038      0.961104691    
   8.61000061      0.443976194    
   8.62000084       2.51178456E-08
   8.63000107     -0.222378656    
   8.64000034      0.445148706    
   8.65000057      0.594054580    
   8.66000080      0.222966924    
   8.67000103      -7.43879080E-02
   8.68000031      0.148907214    
   8.69000053       7.45194480E-02
   8.70000076      0.298341572    
   8.71000099      0.373257279    
   8.72000027      0.149435267    
   8.73000050      0.224351794    
   8.74000072      -7.98595678E-09
   8.75000095      -7.49168843E-02
   8.76000023      0.524884701    
   8.77000046     -0.600402415    
   8.78000069     -0.600937545    
   8.79000092     -0.751842022    
   8.80000019     -0.376256645    
   8.81000042     -0.451911479    
   8.82000065      0.527701676    
   8.83000088      0.377267182    
   8.84000015      0.377605200    
   8.85000038     -0.529121459    
   8.86000061      -7.56566823E-02
   8.87000084      0.984420002    
   8.88000107      -7.57926553E-02
   8.89000034     -0.379304618    
   8.90000057     -0.151858538    
   8.91000080      -7.59977251E-02
   8.92000103     -0.304265320    
   8.93000031     -0.304540187    
   8.94000053     -0.381019443    
   8.95000076      -7.62728378E-02
   8.96000099     -0.381709635    
   8.97000027      -7.64111280E-02
   8.98000050     -0.382402420    
   8.99000072      -7.65499100E-02
   9.00000095     -0.766195536    
   9.01000023      0.690203249    
   9.02000046      0.460554540    
   9.03000069      0.614632547    
   9.04000092      -2.51178456E-08
   9.05000019      0.230908155    
   9.06000042       1.00151682    
   9.07000065      0.925322950    
   9.08000088      0.385904223    
   9.09000111      0.772516012    
   9.10000038      0.463934779    
   9.11000061      0.154786959    
   9.12000084     -0.464787632    
   9.13000107      0.155071735    
   9.14000034     -0.155214548    
   9.15000057     -0.932145536    
   9.16000080      -7.77504668E-02
   9.17000103      0.155644506    
   9.18000031      0.389470875    
   9.19000053     -0.389831156    
   9.20000076     -0.156076863    
   9.21000099       5.02356912E-08
   9.22000027     -0.390915990    
   9.23000050     -0.939069510    
   9.24000072      -7.83285350E-02
   9.25000095      0.313605547    
   9.26000023     -0.156948760    
   9.27000046     -0.314190090    
   9.28000069      0.314483225    
   9.29000092       7.86942840E-02
   9.30000019     -0.551374197    
   9.31000042      -1.10378003    
   9.32000065     -0.315661043    
   9.33000088      0.157978460    
   9.34000111      -7.90633410E-02
   9.35000038      0.949650705    
   9.36000061      -7.92119354E-02
   9.37000084      0.158572882    
   9.38000107      0.158722207    
   9.39000034     -0.158871830    
   9.40000057       1.03364098    
   9.41000080      0.238757774    
   9.42000103      0.557628036    
   9.43000031      0.478419036    
   9.44000053      0.159624115    
   9.45000076     -0.239662975    
   9.46000099     -0.879598200    
   9.47000027      0.480236381    
   9.48000050      0.160230979    
   9.49000072     -0.400958598    
   9.50000095      -8.02679956E-02
   9.51000023     -0.482067615    
   9.52000046     -0.160842597    
   9.53000069      0.482988477    
   9.54000092     -0.241725147    
   9.55000114      0.483912766    
   9.56000042      0.726564646    
   9.57000065     -0.161613628    
   9.58000088      0.485306114    
   9.59000111       1.25589228E-08
   9.60000038      0.162079811    
   9.61000061     -0.486707389    
   9.62000084      -8.11959952E-02
   9.63000107      0.243822992    
   9.64000034       8.13528001E-02
   9.65000057     -0.244294181    
   9.66000080      -8.15101489E-02
   9.67000103      -2.51178456E-08
   9.68000031      0.735013008    
   9.69000053     -0.245241955    
   9.70000076      0.736440241    
   9.71000099      0.163812473    
   9.72000027     -0.491915315    
   9.73000050     -0.246197209    
   9.74000072      0.246437028    
   9.75000095       1.23338771    
   9.76000023      0.658449173    
   9.77000046      0.411932975    
   9.78000069     -0.412336051    
   9.79000092     -0.247643977    
   9.80000114     -0.247886807    
   9.81000042      0.413549989    
   9.82000065      0.827912509    
   9.83000088      0.662981331    
   9.84000111     -0.248862669    
   9.85000038     -0.664287627    
   9.86000061      -8.31178129E-02
   9.87000084     -0.415999442    
   9.88000107     -0.333128452    
   9.89000034      0.166728973    
   9.90000057      0.333788097    
   9.91000080     -0.334118873    
   9.92000103       8.36125985E-02
   9.93000031      0.251086861    
   9.94000053      0.837788165    
   9.95000076     -0.419310868    
   9.96000099      0.251837105    
   9.97000027      0.756264627    
   9.98000050      0.168226555    
   9.99000072     -0.505183756    
   10.0000010       0.00000000    
   10.0100012       0.00000000    
   10.0200005     -0.168900818    
   10.0300007      0.338140368    
   10.0400009      0.592339814    
   10.0500011      -8.47049952E-02
   10.0600004     -0.763112128    
   10.0700006      0.848756194    
   10.0800009      -8.49611759E-02
   10.0900011     -0.510281503    
   10.1000004       2.51178456E-08
   10.1100006       0.00000000    
   10.1200008      -2.51178456E-08
   10.1300011      -8.53915811E-02
   10.1400003       8.54781717E-02
   10.1500006      0.513389766    
   10.1600008       8.56519267E-02
   10.1700010     -0.171478122    
   10.1800003     -0.257479101    
   10.1900005       8.59138817E-02
   10.2000008     -0.344006062    
   10.2100010      -2.51178456E-08
   10.2200003      0.517064333    
   10.2300005      0.603859186    
   10.2400007      0.259061962    
   10.2500010      0.777983069    
   10.2600012     -0.173062637    
   10.2700005      0.346480995    
   10.2800007      0.260128051    
   10.2900009      0.607590556    
   10.3000011      0.434440702    
   10.3100004      0.173955634    
   10.3200006      0.261202991    
   10.3300009      -6.27946140E-09
   10.3400011      0.174495861    
   10.3500004     -0.524030030    
   10.3600006      -8.74288902E-02
   10.3700008       8.75197425E-02
   10.3800011      0.525664270    
   10.3900003       8.77018869E-02
   10.4000006     -0.263379663    
   10.4100008     -0.175769553    
   10.4200010      0.351906002    
   10.4300003      0.264205337    
   10.4400005      0.352642179    
   10.4500008      0.970781505    
   10.4600010      0.795108438    
   10.4700003      0.619066596    
   10.4800005      0.354123950    
   10.4900007      0.265872210    
   10.5000010      0.443586767    
   10.5100012      0.710486770    
   10.5200005      0.711236238    
   10.5300007       1.06798100    
   10.5400009       0.00000000    
   10.5500011       8.91867876E-02
   10.5600004     -0.357124984    
   10.5700006      0.178751856    
   10.5800009      0.178941593    
   10.5900011       8.95658657E-02
   10.6000004      0.537966967    
   10.6100006       1.25589228E-08
   10.6200008      -8.98523331E-02
   10.6300011      0.179896489    
   10.6400003      0.270132989    
   10.6500006       9.01406482E-02
   10.6600008     -0.180474296    
   10.6700010     -0.361335456    
   10.6800003       9.04307887E-02
   10.6900005       9.05278772E-02
   10.7000008      0.906252563    
   10.7100010       1.17939651    
   10.7200012      0.454102904    
   10.7300005      0.181837112    
   10.7400007       1.95029504E-08
   10.7500010      0.546690702    
   10.7600012      0.547282398    
   10.7700005      0.730500460    
   10.7800007      0.365646392    
   10.7900009     -0.183021680    
   10.8000011      -9.16103050E-02
   10.8100004     -0.458550036    
   10.8200006     -0.275429696    
   10.8300009       9.19100419E-02
   10.8400011     -0.276031107    
   10.8500004       9.21109095E-02
   10.8600006     -0.368846774    
   10.8700008      0.184625402    
   10.8800011      -2.51178456E-08
   10.8900003      0.832638264    
   10.9000006      0.185234085    
   10.9100008     -0.463594556    
   10.9200010     -0.185642034    
   10.9300003     -0.278770059    
   10.9400005     -0.186051846    
   10.9500008      0.465643615    
   10.9600010      0.186463490    
   10.9700012      -2.51178456E-08
   10.9800005      0.467192262    
   10.9900007       1.02896392    
   11.0000010      0.187292218    
   11.0100012      -2.51178456E-08
   11.0200005      0.656982660    
   11.0300007      0.469796509    
   11.0400009      0.282192498    
   11.0500011       0.00000000    
   11.0600004       1.97515053E-08
   11.0700006       1.97595593E-08
   11.0800009      -9.44859907E-02
   11.0900011      0.378368139    
   11.1000004     -0.284094900    
   11.1100006       0.00000000    
   11.1200008       0.00000000    
   11.1300011       0.00000000    
   11.1400003       0.00000000    
   11.1500006       0.00000000    
   11.1600008       0.00000000    
   11.1700010     -0.286347151    
   11.1800013      0.764458001    
   11.1900005      0.286997139    
   11.2000008       9.57744420E-02
   11.2100010     -0.191766754    
   11.2200012     -0.479963005    
   11.2300005      0.480510205    
   11.2400007       0.00000000    
   11.2500010      0.674251914    
   11.2600012      0.482159555    
   11.2700005      -6.27946140E-09
   11.2800007      0.483265430    
   11.2900009      0.870876491    
   11.3000011      0.871877491    
   11.3100004      -9.69867557E-02
   11.3200006      0.194196984    
   11.3300009      0.388841987    
   11.3400011     -0.291968226    
   11.3500004      -6.27946140E-09
   11.3600006     -0.195096076    
   11.3700008      0.683627486    
   11.3800011     -0.391097486    
   11.3900003      0.195775822    
   11.4000006      0.392006963    
   11.4100008     -0.196231604    
   11.4200010     -0.196460366    
   11.4300013     -0.196689606    
   11.4400005     -0.196919367    
   11.4500008     -0.394299418    
   11.4600010       0.00000000    
   11.4700012      0.592835784    
   11.4800005      0.791375518    
   11.4900007      0.297114581    
   11.5000010       0.00000000    
   11.5100012     -0.198542997    
   11.5200005      0.397554219    
   11.5300007      0.398023546    
   11.5400009      0.498117566    
   11.5500011      0.199482813    
   11.5600004      0.199719191    
   11.5700006      0.199956089    
   11.5800009      0.100096777    
   11.5900011      0.601294816    
   11.6000004     -0.100335106    
   11.6100006      0.200909391    
   11.6200008      0.201149136    
   11.6300011      0.201389462    
   11.6400013      0.201630369    
   11.6500006      0.100935936    
   11.6600008      0.505284727    
   11.6700010      0.202356517    
   11.6800013      0.202599734    
   11.6900005      0.202843547    
   11.7000008      0.203087926    
   11.7100010      0.304999381    
   11.7200012       1.25589228E-08
   11.7300005     -0.203824669    
   11.7400007      0.408142835    
   11.7500010      0.408637553    
   11.7600012      0.409133494    
   11.7700005      0.614445925    
   11.7800007      0.102532238    
   11.7900009     -0.307971358    
   11.8000011       1.25589228E-08
   11.8100004       1.25589228E-08
   11.8200006       1.25589228E-08
   11.8300009     -0.103159748    
   11.8400011      0.309858412    
   11.8500004     -0.103412881    
   11.8600006      0.310619771    
   11.8700008      -2.51178456E-08
   11.8800011     -0.415179878    
   11.8900013       1.24707508    
   11.9000006       1.25589228E-08
   11.9100008     -0.208359718    
   11.9200010      0.625852704    
   11.9300013     -0.208876088    
   11.9400005      0.418270439    
   11.9500008      0.523487568    
   11.9600010      0.314483196    
   11.9700012      0.314874828    
   11.9800005     -0.735624015    
   11.9900007     -0.631322026    
   12.0000010     -0.105351895    
   12.0100012     -0.105483748    
   12.0200005       1.05615914    
   12.0300007      0.422993660    
   12.0400009      0.423525095    
   12.0500011      0.530072272    
   12.0600004      0.106147967    
   12.0700006      0.531409144    
   12.0800009      0.212832049    
   12.0900011      0.319651693    
   12.1000004     -0.106685437    
   12.1100006      0.213641286    
   12.1200008      0.320868641    
   12.1300011       0.00000000    
   12.1400013       0.00000000    
   12.1500006     -0.429459900    
   12.1600008      0.967517078    
   12.1700010      0.753474355    
   12.1800013      0.431107372    
   12.1900005      0.431659371    
   12.2000008      0.540265977    
   12.2100010      0.108191893    
   12.2200012      0.433323890    
   12.2300005      0.433881551    
   12.2400007      0.543050826    
   12.2500010      0.108750299    
   12.2600012      0.326672435    
   12.2700005      0.763221800    
   12.2800007      0.655037522    
   12.2900009     -0.109314546    
   12.3000011      0.218912974    
   12.3100004      0.219197631    
   12.3200006      0.109741509    
   12.3300009      0.439538419    
   12.3400011      0.550140321    
   12.3500013      0.110171869    
   12.3600006      0.551580429    
   12.3700008      0.110460661    
   12.3800011      0.774239421    
   12.3900013     -0.221501946    
   12.4000006     -0.221793383    
   12.4100008     -0.333128452    
   12.4200010     -0.444757253    
   12.4300013       1.11336172    
   12.4400005      0.334450334    
   12.4500008      0.669786632    
   12.4600010      0.782454133    
   12.4700012      0.447710425    
   12.4800005      0.672458708    
   12.4900007       0.00000000    
   12.5000010      0.224750638    
   12.5100012     -0.675152183    
   12.5200005       0.00000000    
   12.5300007       0.00000000    
   12.5400009     -0.112977885    
   12.5500011      0.226259038    
   12.5600004      0.113281555    
   12.5700006      0.453736156    
   12.5800009      0.681521416    
   12.5900011      0.113740213    
   12.6000013     -0.341681719    
   12.6100006      0.114048056    
   12.6200008     -0.456810325    
   12.6300011      0.343072593    
   12.6400013     -0.114512913    
   12.6500006      0.344006091    
   12.6600008       0.00000000    
   12.6700010       0.00000000    
   12.6800013      0.115138672    
   12.6900005     -0.576480806    
   12.7000008      0.692724586    
   12.7100010     -0.231224984    
   12.7200012      0.347313851    
   12.7300005      0.695583165    
   12.7400007      0.812631488    
   12.7500010      0.465001345    
   12.7600012      0.349232703    
   12.7700005      0.816003323    
   12.7800007      0.466933459    
   12.7900009      0.467581093    
   12.8000011      0.585288167    
   12.8100014      0.117220424    
   12.8200006      0.234767362    
   12.8300009       1.05792665    
   12.8400011      0.823981047    
   12.8500013      0.589381099    
   12.8600006      0.118041299    
   12.8700008      0.709241152    
   12.8800011       0.00000000    
   12.8900013     -0.237078771    
   12.9000006      0.593531668    
   12.9100008      -2.51178456E-08
   12.9200010      0.833291590    
   12.9300013      0.715260208    
   12.9400005     -0.358136684    
   12.9500008      0.836837471    
   12.9600010      0.598590136    
   12.9700012      0.119888291    
   12.9800005      0.600295484    
   12.9900007      0.240460739    
   13.0000010      0.240804255    
   13.0100012      0.241148755    
   13.0200005      0.241494238    
   13.0300007      0.362761110    
   13.0400009      0.121094123    
   13.0500011     -0.485073358    
   13.0600014      0.242886156    
   13.0700006      -5.02356912E-08
   13.0800009      0.974352479    
   13.0900011      0.243940651    
   13.1000013      0.244294181    
   13.1100006      0.244648740    
   13.1200008      0.245004341    
   13.1300011      0.245360956    
   13.1400013      0.245718643    
   13.1500006      0.123038657    
   13.1600008      0.616092801    
   13.1700010      0.246797934    
   13.1800013      0.247159794    
   13.1900005      0.371284097    
   13.2000008       0.00000000    
   13.2100010       0.00000000    
   13.2200012     -0.124308996    
   13.2300005      0.373477846    
   13.2400007      0.124676786    
   13.2500010     -0.374584436    
   13.2600012     -0.125046760    
   13.2700014      0.125232518    
   13.2800007      0.627094448    
   13.2900009      0.376817375    
   13.3000011       0.00000000    
   13.3100014     -0.251962662    
   13.3200006      0.504679620    
   13.3300009      0.379077137    
   13.3400011       1.13893902    
   13.3500013       0.00000000    
   13.3600006     -0.126929969    
   13.3700008      0.254242808    
   13.3800011      0.127313420    
   13.3900013      0.510024130    
   13.4000006      0.766195416    
   13.4100008     -0.127893016    
   13.4200010      0.384262145    
   13.4300013     -0.128282368    
   13.4400005      0.385433644    
   13.4500008       0.00000000    
   13.4600010       0.00000000    
   13.4700012       0.00000000    
   13.4800005     -0.387798369    
   13.4900007      0.776787877    
   13.5000010       1.03731060    
   13.5100012      0.389590889    
   13.5200014       0.00000000    
   13.5300007     -0.390795261    
   13.5400009      0.782800138    
   13.5500011       1.17602074    
   13.5600014      0.392615676    
   13.5700006      -1.17967880    
   13.5800009      0.262559205    
   13.5900011      -1.05187511    
   13.6000013      0.526759267    
   13.6100006      0.659479558    
   13.6200008      0.396307945    
   13.6300011     -0.529240072    
   13.6400013       1.06014442    
   13.6500006       1.19454086    
   13.6600008       1.19642496    
   13.6700010       0.00000000    
   13.6800013     -0.266713589    
   13.6900005      0.667840719    
   13.7000008      0.133780137    
   13.7100010      0.535971344    
   13.7200012      0.671030998    
   13.7300005      0.403260738    
   13.7400007     -0.134634987    
   13.7500010      0.269700766    
   13.7600012      0.405199498    
   13.7700014     -0.135283306    
   13.7800007      0.271001607    
   13.7900009      -2.51178456E-08
   13.8000011      0.815627396    
   13.8100014      0.953102469    
   13.8200006      0.954644799    
   13.8300009     -0.136598825    
   13.8400011     -0.684102952    
   13.8500013     -0.274086148    
   13.8600006     -0.137266234    
   13.8700008     -0.962431312    
   13.8800011      0.275429696    
   13.8900013      0.689701378    
   13.9000006     -0.552665412    
   13.9100008     -0.691966176    
   13.9200010     -0.277241737    
   13.9300013     -0.138849244    
   13.9400005     -0.695391893    
   13.9500008     -0.139308214    
   13.9600010     -0.558155477    
   13.9700012     -0.838621736    
   13.9800014     -0.140002504    
   13.9900007      0.420706302    
   14.0000010       0.00000000    
   14.0100012       0.00000000    
   14.0200014      0.140938967    
   14.0300007     -0.282350063    
   14.0400009     -0.282823801    
   14.0500011     -0.283299118    
   14.0600014     -0.567552209    
   14.0700006      0.142127290    
   14.0800009      0.569469512    
   14.0900011      0.427824825    
   14.1000013       1.28564990    
   14.1100006      0.143092528    
   14.1200008     -0.286671728    
   14.1300011     -0.287160099    
   14.1400013     -0.431475252    
   14.1500006      0.144070953    
   14.1600008     -0.432952881    
   14.1700010      0.144565195    
   14.1800013     -0.579254270    
   14.1900005      0.435188413    
   14.2000008      0.145312935    
   14.2100010     -0.291127771    
   14.2200012     -0.583262980    
   14.2300014      0.584273815    
   14.2400007     -0.292644083    
   14.2500010     -0.439729571    
   14.2600012      0.146831840    
   14.2700014     -0.294176251    
   14.2800007     -0.442035794    
   14.2900009     -0.147603303    
   14.3000011      0.591449082    
   14.3100014     -0.444366425    
   14.3200006       0.00000000    
   14.3300009       0.00000000    
   14.3400011      0.297814518    
   14.3500013      -1.19336629    
   14.3600006      0.896611631    
   14.3700008      0.149700701    
   14.3800011     -0.449901193    
   14.3900013       0.00000000    
   14.4000006      0.301005363    
   14.4100008     -0.753859460    
   14.4200010     -0.453126341    
   14.4300013       0.00000000    
   14.4400015      0.151585445    
   14.4500008     -0.303717077    
   14.4600010     -0.456397980    
   14.4700012       0.00000000    
   14.4800014       0.00000000    
   14.4900007       0.00000000    
   14.5000010      0.153239101    
   14.5100012     -0.307036400    
   14.5200014     -0.307596684    
   14.5300007     -0.308159024    
   14.5400009     -0.308723420    
   14.5500011     -0.463934839    
   14.5600014       0.00000000    
   14.5700006     -0.155214548    
   14.5800009      0.622003675    
   14.5900011     -0.467365026    
   14.6000013     -0.156076863    
   14.6100006      0.469099224    
   14.6200008      0.156657070    
   14.6300011     -0.470846385    
   14.6400013     -0.157241613    
   14.6500006      0.472606540    
   14.6600008      0.157830536    
   14.6700010     -0.474379957    
   14.6800013     -0.158423871    
   14.6900015      0.476166636    
   14.7000008     -0.159021676    
   14.7100010      0.477966875    
   14.7200012       0.00000000    
   14.7300014      0.159926951    
   14.7400007     -0.480692953    
   14.7500010      0.160536200    
   14.7600012     -0.482527673    
   14.7700014       0.00000000    
   14.7800007     -0.161458820    
   14.7900009      0.485306114    
   14.8000011     -0.162079811    
   14.8100014      0.324784189    
   14.8200006      0.488116801    
   14.8300009      0.163020313    
   14.8400011     -0.653344870    
   14.8500013      0.327306747    
   14.8600006      0.163971752    
   14.8700008      0.821457028    
   14.8800011      0.329224586    
   14.8900013      0.329868853    
   14.9000015      0.495773524    
   14.9100008       2.51178456E-08
   14.9200010       2.51178456E-08
   14.9300013       2.51178456E-08
   14.9400015       2.51178456E-08
   14.9500008       2.51178456E-08
   14.9600010     -0.167225197    
   14.9700012      0.335115284    
   14.9800014      0.503674269    
   14.9900007       2.51178456E-08
   15.0000010       2.51178456E-08
   15.0100012       2.51178456E-08
   15.0200014       2.51178456E-08
   15.0300007     -0.169580489    
   15.0400009      0.339844763    
   15.0500011      0.510796964    
   15.0600014       2.51178456E-08
   15.0700006      0.170956403    
   15.0800009     -0.342607677    
   15.0900011     -0.514958203    
   15.1000013       2.51178456E-08
   15.1100006      0.172354817    
   15.1200008     -0.345415950    
   15.1300011     -0.346125215    
   15.1400013     -0.346837401    
   15.1500015     -0.521328807    
   15.1600008      0.174135342    
   15.1700010     -0.348991692    
   15.1800013     -0.349715739    
   15.1900015     -0.350442797    
   15.2000008     -0.351172864    
   15.2100010     -0.351906002    
   15.2200012     -0.528963327    
   15.2300014      0.176690787    
   15.2400007     -0.354123920    
   15.2500010     -0.532304108    
   15.2600012      -2.51178456E-08
   15.2700014      0.178184971    
   15.2800007     -0.357124954    
   15.2900009     -0.178941593    
   15.3000011     -0.896611631    
   15.3100014     -0.179704666    
   15.3200006     -0.720354617    
   15.3300009     -0.902371466    
   15.3400011     -0.361723155    
   15.3500013     -0.362501055    
   15.3600006     -0.363282293    
   15.3700008     -0.546100438    
   15.3800011       2.51178456E-08
   15.3900013       2.51178456E-08
   15.4000015       2.51178456E-08
   15.4100008      0.183619842    
   15.4200010     -0.368041426    
   15.4300013     -0.368846804    
   15.4400015     -0.369655669    
   15.4500008     -0.370468110    
   15.4600010     -0.371284097    
   15.4700012     -0.372103721    
   15.4800014     -0.372926950    
   15.4900007     -0.560630798    
   15.5000010     -0.187292248    
   15.5100012      0.375418693    
   15.5200014      0.188128322    
   15.5300007      0.942745984    
   15.5400009      0.566915870    
   15.5500011       2.51178456E-08
   15.5600014       2.51178456E-08
   15.5700006     -0.190251723    
   15.5800009      0.190682113    
   15.5900011      0.764458001    
   15.6000013       1.14929318    
   15.6100016      0.191985205    
   15.6200008     -0.384846985    
   15.6300011     -0.385727644    
   15.6400013     -0.773224711    
   15.6500015      0.387501150    
   15.6600008      0.388393998    
   15.6700010      0.583936453    
   15.6800013      0.195096061    
   15.6900015     -0.391097426    
   15.7000008     -0.392006934    
   15.7100010     -0.392920703    
   15.7200012     -0.787677526    
   15.7300014      0.789522231    
   15.7400007     -0.593531668    
   15.7500010       0.00000000    
   15.7600012       0.00000000    
   15.7700014       0.00000000    
   15.7800007     -0.199719176    
   15.7900009      0.400387108    
   15.8000011      0.401340455    
   15.8100014      0.402298301    
   15.8200006      0.403260738    
   15.8300009      0.606341660    
   15.8400011      0.202599764    
   15.8500013     -0.609263897    
   15.8600016     -0.203578472    
   15.8700008      0.408142805    
   15.8800011      0.613700211    
   15.8900013      0.205064476    
   15.9000015     -0.411129206    
   15.9100008     -0.618201733    
   15.9200010     -0.206572279    
   15.9300013      0.414159656    
   15.9400015      0.622769654    
   15.9500008      0.208102465    
   15.9600010     -0.625852644    
   15.9700012       0.00000000    
   15.9800014       0.00000000    
   15.9900007       0.00000000    
