   0.00000000       2.88646841    
   1.00000007E-02   2.17807627    
   2.00000014E-02   1.78710854    
   3.00000012E-02  0.956384480    
   4.00000028E-02  0.559629560    
   5.00000045E-02  0.184406981    
   6.00000024E-02  0.421153247    
   7.00000077E-02 -0.117032088    
   8.00000057E-02  0.463585943    
   9.00000036E-02  0.198701471    
  0.100000009      0.348885953    
  0.110000007      -9.66066197E-02
  0.120000005       4.65102829E-02
  0.130000010       5.00461739E-03
  0.140000015     -0.244392872    
  0.150000006     -0.416932642    
  0.160000011     -0.218279421    
  0.170000017     -0.297301888    
  0.180000007     -0.162986308    
  0.190000013     -0.440426290    
  0.200000018     -0.718173862    
  0.210000008     -0.868412554    
  0.220000014     -0.766123891    
  0.230000019     -0.591695786    
  0.240000010     -0.409872353    
  0.250000030     -0.555176437    
  0.260000020      -2.14681625    
  0.270000011     -0.366526335    
  0.280000031     -0.670713365    
  0.290000021     -0.751883864    
  0.300000012     -0.411869556    
  0.310000032     -0.847598672    
  0.320000023     -0.545828640    
  0.330000013     -0.989081562    
  0.340000033      -1.47859585    
  0.350000024      -1.04840815    
  0.360000014     -0.482149065    
  0.370000035      -1.35928571    
  0.380000025      -1.15810657    
  0.390000015     -0.820360065    
  0.400000036      -1.03160775    
  0.410000026     -0.898746431    
  0.420000017      -1.44553065    
  0.430000037     -0.910199106    
  0.440000027      -1.03904414    
  0.450000018     -0.951918185    
  0.460000038     -0.586035371    
  0.470000029     -0.920784652    
  0.480000019      -1.37346947    
  0.490000039      -1.01761615    
  0.500000060     -0.696104169    
  0.510000050     -0.845231771    
  0.520000041     -0.970406950    
  0.530000031      -1.42571235    
  0.540000021     -0.409763426    
  0.550000012      -1.59302008    
  0.560000062      -1.40326369    
  0.570000052     -0.985855222    
  0.580000043      -1.40915489    
  0.590000033      -1.21939754    
  0.600000024      -1.19615376    
  0.610000014      -1.19003618    
  0.620000064      -1.33348155    
  0.630000055      -1.27044487    
  0.640000045      -1.63094127    
  0.650000036      -1.57133579    
  0.660000026      -1.62990785    
  0.670000076     -0.683963656    
  0.680000067      -2.08334565    
  0.690000057      -1.58579576    
  0.700000048      -1.16328394    
  0.710000038      -1.37503946    
  0.720000029      -1.21844149    
  0.730000079     -0.667431414    
  0.740000069      -1.21163952    
  0.750000060     -0.967498302    
  0.760000050      -2.63198686    
  0.770000041     -0.789406776    
  0.780000031      -1.64122820    
  0.790000081     -0.536212742    
  0.800000072      -1.83497524    
  0.810000062      -1.41122627    
  0.820000052      -1.36258626    
  0.830000043      -1.52972913    
  0.840000033      -1.79077828    
  0.850000083     -0.815890849    
  0.860000074      -1.42997110    
  0.870000064      -1.23995817    
  0.880000055     -0.676423967    
  0.890000045      -1.37244391    
  0.900000036      -2.26800823    
  0.910000086      -2.53318810    
  0.920000076      -1.45603037    
  0.930000067      -1.44080019    
  0.940000057      -1.04705048    
  0.950000048      -1.38991857    
  0.960000038      -1.06590128    
  0.970000088      -1.34140122    
  0.980000079      -1.43090177    
  0.990000069      -2.48642898    
   1.00000012      -1.02438486    
   1.01000011      -1.29398191    
   1.02000010      -1.10902655    
   1.03000009      -1.37191617    
   1.04000008      -2.52635455    
   1.05000007      -1.27929449    
   1.06000006     -0.694458663    
   1.07000005      -1.45557284    
   1.08000004      -1.88697624    
   1.09000003      -1.99564648    
   1.10000002      -1.14781964    
   1.11000013     -0.930762529    
   1.12000012      -1.49095523    
   1.13000011      -1.57955325    
   1.14000010      -1.49767756    
   1.15000010      -1.88326955    
   1.16000009     -0.932546616    
   1.17000008      -1.10109186    
   1.18000007      -1.36397827    
   1.19000006                  NaN
   1.20000005      -1.13158572    
   1.21000004      -1.28339422    
   1.22000003      -1.26405263    
   1.23000014      -1.28232920    
   1.24000013      -1.44655216    
   1.25000012      -1.43858385    
   1.26000011      -1.26815093    
   1.27000010      -1.92395055    
   1.28000009      -1.09523273    
   1.29000008     -0.886402071    
   1.30000007      -1.53716731    
   1.31000006      -1.09362924    
   1.32000005      -1.22212458    
   1.33000004      -1.64823472    
   1.34000015      -1.00632799    
   1.35000014      -1.02039087    
   1.36000013      -1.82711470    
   1.37000012      -2.36714578    
   1.38000011      -1.33295453    
   1.39000010      -1.85902703    
   1.40000010     -0.859362781    
   1.41000009      -3.15723491    
   1.42000008      -1.24100053    
   1.43000007      -2.48406434    
   1.44000006      -1.10256457    
   1.45000005      -1.32918823    
   1.46000016      -1.35586131    
   1.47000015      -1.97534692    
   1.48000014      -3.19602180    
   1.49000013      -1.41099465    
   1.50000012      -1.28057933    
   1.51000011      -2.05322862    
   1.52000010      -1.69462490    
   1.53000009      -1.63746464    
   1.54000008      -1.99753737    
   1.55000007      -1.19782984    
   1.56000006     -0.906652212    
   1.57000005      -1.20865071    
   1.58000016      -2.10659385    
   1.59000015      -1.71043813    
   1.60000014      -4.53325462    
   1.61000013     -0.977363884    
   1.62000012      -1.34719408    
   1.63000011      -2.49474216    
   1.64000010      -1.20484495    
   1.65000010      -1.85638618    
   1.66000009      -1.31780255    
   1.67000008      -1.12270665    
   1.68000007      -1.23306155    
   1.69000018      -1.97630668    
   1.70000017      -2.14517856    
   1.71000016      -1.25642431    
   1.72000015      -1.76459551    
   1.73000014      -2.08381844    
   1.74000013      -1.38290393    
   1.75000012      -1.44163215    
   1.76000011      -1.21641517    
   1.77000010      -1.55355918    
   1.78000009      -1.36642456    
   1.79000008      -2.23709798    
   1.80000007      -2.91288877    
   1.81000018     -0.938258767    
   1.82000017      -1.58559847    
   1.83000016      -1.40716171    
   1.84000015      -1.96808064    
   1.85000014      -1.00306702    
   1.86000013      -1.76748931    
   1.87000012      -2.37840652    
   1.88000011      -4.11245584    
   1.89000010      -1.82049239    
   1.90000010      -1.86592531    
   1.91000009     -0.905346334    
   1.92000008      -1.59794068    
   1.93000019      -1.18892419    
   1.94000018                  NaN
   1.95000017     -0.678189039    
   1.96000016      -1.17535734    
   1.97000015      -2.37287617    
   1.98000014      -1.84979999    
   1.99000013     -0.861173689    
   2.00000024      -2.77667594    
   2.01000023      -1.17851651    
   2.02000022      -2.25887346    
   2.03000021      -1.64740789    
   2.04000020     -0.916316509    
   2.05000019      -1.65586376    
   2.06000018      -2.53849769    
   2.07000017      -1.06803107    
   2.08000016      -2.49191976    
   2.09000015      -1.61589241    
   2.10000014      -2.38544226    
   2.11000013      -2.65932107    
   2.12000012     -0.954013169    
   2.13000011      -2.92849207    
   2.14000010      -2.53402805    
   2.15000010      -1.08518219    
   2.16000009      -3.58605766    
   2.17000008      -2.68262935    
   2.18000007      -1.37300479    
   2.19000006      -1.81508791    
   2.20000005     -0.893700063    
   2.21000004      -1.22870564    
   2.22000027      -1.77987957    
   2.23000026      -3.11212206    
   2.24000025      -2.31932116    
   2.25000024                  NaN
   2.26000023      -1.73460960    
   2.27000022      -1.93121397    
   2.28000021      -1.20595407    
   2.29000020      -1.55940688    
   2.30000019      -1.38838947    
   2.31000018      -1.39531505    
   2.32000017      -1.51441431    
   2.33000016      -1.42471981    
   2.34000015      -1.65899396    
   2.35000014      -1.79476345    
   2.36000013      -2.04872727    
   2.37000012      -1.71791852    
   2.38000011      -2.43155146    
   2.39000010      -1.73783684    
   2.40000010      -2.69704461    
   2.41000009      -1.19239914    
   2.42000008      -2.16855264    
   2.43000007      -1.50817263    
   2.44000006     -0.866641879    
   2.45000029      -1.37244368    
   2.46000028      -1.54976082    
   2.47000027      -3.28084636    
   2.48000026      -1.18841136    
   2.49000025      -1.31960964    
   2.50000024      -2.16399145    
   2.51000023      -3.32985520    
   2.52000022      -1.85488093    
   2.53000021      -1.42111969    
   2.54000020      -2.44393587    
   2.55000019      -2.74564362    
   2.56000018      -1.99476516    
   2.57000017      -2.53318787    
   2.58000016      -1.32152390    
   2.59000015      -2.35768652    
   2.60000014      -1.34915364    
   2.61000013      -2.53089046    
   2.62000012      -2.90068889    
   2.63000011      -1.30456495    
   2.64000010      -1.17308331    
   2.65000010      -2.80052114    
   2.66000009      -1.30283582    
   2.67000008      -1.23466551    
   2.68000031      -1.90781760    
   2.69000030      -2.93174505    
   2.70000029      -1.50978112    
   2.71000028      -2.16844845    
   2.72000027      -2.04270649    
   2.73000026      -1.45761466    
   2.74000025      -6.26105642    
   2.75000024      -2.21742558    
   2.76000023      -1.53250897    
   2.77000022      -1.27571034    
   2.78000021      -1.95467079    
   2.79000020                  NaN
   2.80000019      -1.98090768    
   2.81000018      -1.61260164    
   2.82000017      -1.67144299    
   2.83000016      -2.51815796    
   2.84000015                  NaN
   2.85000014      -2.59110117    
   2.86000013      -1.25686765    
   2.87000012      -1.75368619    
   2.88000011      -2.66939282    
   2.89000010      -5.55917692    
   2.90000010      -1.39193070    
   2.91000032      -1.10949457    
   2.92000031      -1.94650781    
   2.93000031      -3.68503761    
   2.94000030      -1.63428056    
   2.95000029      -1.68446672    
   2.96000028      -2.04353547    
   2.97000027      -1.63252044    
   2.98000026      -1.99855828    
   2.99000025      -2.55758691    
   3.00000024      -1.23524225    
   3.01000023      -1.52679062    
   3.02000022      -1.41638744    
   3.03000021      -1.15651512    
   3.04000020      -1.65855479    
   3.05000019                  NaN
   3.06000018      -1.99384713    
   3.07000017      -1.54127145    
   3.08000016      -1.79850984    
   3.09000015                  NaN
   3.10000014      -1.19655299    
   3.11000013      -1.77347803    
   3.12000012      -1.31154013    
   3.13000011      -1.59381104    
   3.14000010      -1.38557839    
   3.15000033      -1.39282846    
   3.16000032      -1.49148905    
   3.17000031      -1.68195069    
   3.18000031      -2.76949763    
   3.19000030      -1.87792957    
   3.20000029      -2.65052462    
   3.21000028      -1.00770116    
   3.22000027      -2.01334453    
   3.23000026      -1.27642906    
   3.24000025      -1.88785410    
   3.25000024      -1.24063027    
   3.26000023      -2.18741465    
   3.27000022      -2.33804774    
   3.28000021      -1.57531011    
   3.29000020     -0.940404832    
   3.30000019      -1.50957429    
   3.31000018      -1.06268835    
   3.32000017      -6.22688675    
   3.33000016      -1.50777626    
   3.34000015      -2.44148540    
   3.35000014      -2.82387757    
   3.36000013      -1.35693932    
   3.37000012      -1.64916182    
   3.38000035      -2.92743421    
   3.39000034      -1.45198476    
   3.40000033      -1.84004045    
   3.41000032      -2.14392734    
   3.42000031      -1.34566450    
   3.43000031      -1.85081089    
   3.44000030      -2.60873675    
   3.45000029      -1.91498613    
   3.46000028      -2.58085990    
   3.47000027      -2.41117883    
   3.48000026      -1.72860050    
   3.49000025      -2.02697635    
   3.50000024      -2.07289028    
   3.51000023      -2.20808554    
   3.52000022      -2.24452019    
   3.53000021      -1.25837827    
   3.54000020      -1.52224982    
   3.55000019      -1.40080571    
   3.56000018      -1.81793272    
   3.57000017      -1.52042568    
   3.58000016      -5.51801729    
   3.59000015      -1.99104786    
   3.60000014      -2.77595901    
   3.61000037      -1.66604137    
   3.62000036      -2.35857797    
   3.63000035      -2.33691454    
   3.64000034      -2.11315942    
   3.65000033      -1.78805220    
   3.66000032      -2.87407613    
   3.67000031      -4.41390991    
   3.68000031      -1.48655701    
   3.69000030      -1.11684680    
   3.70000029      -3.80593443    
   3.71000028                  NaN
   3.72000027      -2.76861477    
   3.73000026      -1.39796615    
   3.74000025      -4.00414801    
   3.75000024      -1.41326571    
   3.76000023      -2.24889803    
   3.77000022      -3.63457727    
   3.78000021      -1.99421716    
   3.79000020     -0.956545651    
   3.80000019      -1.72033918    
   3.81000018      -1.40956628    
   3.82000017      -3.30606866    
   3.83000016      -1.43364823    
   3.84000015      -2.61168480    
   3.85000038      -2.66822433    
   3.86000037      -2.61044645    
   3.87000036      -2.03446245    
   3.88000035      -2.58180761    
   3.89000034      -2.55451894    
   3.90000033      -1.78476477    
   3.91000032      -1.48133194    
   3.92000031      -1.85950756    
   3.93000031      -3.55056190    
   3.94000030      -2.31779528    
   3.95000029      -2.02949023    
   3.96000028      -1.51492167    
   3.97000027      -2.69061947    
   3.98000026      -1.99684799    
   3.99000025      -1.30307639    
   4.00000048      -1.44032109    
   4.01000023      -1.90796185    
   4.02000046      -2.65764236    
   4.03000021      -6.18337440    
   4.04000044      -2.31154895    
   4.05000019      -1.41994929    
   4.06000042      -3.40890861    
   4.07000017      -1.11196423    
   4.08000040      -1.88978136    
   4.09000015      -2.32946491    
   4.10000038      -1.24450970    
   4.11000013      -2.15300322    
   4.12000036      -1.44152653    
   4.13000011      -1.97240269    
   4.14000034      -1.94235826    
   4.15000010      -2.87999749    
   4.16000032      -1.49307168    
   4.17000008      -1.05657768    
   4.18000031                  NaN
   4.19000053      -2.64694667    
   4.20000029      -2.32252693    
   4.21000051      -2.58852243    
   4.22000027      -1.04150927    
   4.23000050                  NaN
   4.24000025      -1.52574885    
   4.25000048      -1.27166533    
   4.26000023      -3.52981281    
   4.27000046      -1.91973901    
   4.28000021                  NaN
   4.29000044      -1.50352287    
   4.30000019                  NaN
   4.31000042      -3.22124934    
   4.32000017      -1.74621010    
   4.33000040      -1.67577577    
   4.34000015      -1.75705504    
   4.35000038                  NaN
   4.36000013      -1.42629778    
   4.37000036      -2.19156480    
   4.38000011      -2.44764447    
   4.39000034      -3.96335101    
   4.40000010      -2.11688447    
   4.41000032      -1.34711003    
   4.42000008      -1.23867190    
   4.43000031      -1.89533067    
   4.44000053      -1.82663476    
   4.45000029      -2.35006261    
   4.46000051                  NaN
   4.47000027      -1.50147796    
   4.48000050      -3.44674420    
   4.49000025      -2.51656365    
   4.50000048      -3.10898232    
   4.51000023      -1.13557923    
   4.52000046      -3.06117153    
   4.53000021      -2.20032358    
   4.54000044                  NaN
   4.55000019                  NaN
   4.56000042      -2.19838238    
   4.57000017      -1.68307030    
   4.58000040      -1.94363749    
   4.59000015                  NaN
   4.60000038      -1.41964436    
   4.61000013      -1.70373154    
   4.62000036      -2.23370957    
   4.63000011      -2.19383836    
   4.64000034      -2.05008674    
   4.65000010      -2.17348814    
   4.66000032      -1.31481469    
   4.67000055      -1.71165955    
   4.68000031      -1.73510420    
   4.69000053      -2.13383746    
   4.70000029      -2.58516908    
   4.71000051      -1.59656882    
   4.72000027      -2.84337282    
   4.73000050                  NaN
   4.74000025      -4.75160599    
   4.75000048                  NaN
   4.76000023      -1.55162060    
   4.77000046      -4.19002199    
   4.78000021      -2.02440166    
   4.79000044      -6.13461876    
   4.80000019      -2.73276281    
   4.81000042      -2.09025097    
   4.82000017      -1.07004845    
   4.83000040      -1.89787805    
   4.84000015      -1.80059147    
   4.85000038      -1.81317675    
   4.86000013      -1.86732495    
   4.87000036      -1.51422358    
   4.88000011                  NaN
   4.89000034      -1.77131248    
   4.90000057      -1.61650002    
   4.91000032      -1.17793715    
   4.92000055      -1.41650379    
   4.93000031      -1.61451113    
   4.94000053      -2.38703728    
   4.95000029      -2.98854876    
   4.96000051      -1.65746963    
   4.97000027                  NaN
   4.98000050      -1.51687706    
   4.99000025      -1.16555417    
   5.00000048      -1.02696466    
   5.01000023      -2.98455405    
   5.02000046      -1.48465121    
   5.03000021      -1.74926484    
   5.04000044      -1.82758474    
   5.05000019                  NaN
   5.06000042      -5.01809645    
   5.07000017      -1.62740123    
   5.08000040      -1.86687171    
   5.09000015     -0.883588254    
   5.10000038      -2.35282540    
   5.11000013                  NaN
   5.12000036      -1.93829548    
   5.13000059      -2.58565021    
   5.14000034      -1.70461833    
   5.15000057      -2.97516990    
   5.16000032      -2.61348319    
   5.17000055      -2.32512689    
   5.18000031      -2.70744491    
   5.19000053      -1.19531226    
   5.20000029      -2.11830759    
   5.21000051      -1.82994962    
   5.22000027                  NaN
   5.23000050      -1.57266295    
   5.24000025      -1.40410483    
   5.25000048                  NaN
   5.26000023      -2.88435340    
   5.27000046      -1.44859040    
   5.28000021      -1.36567354    
   5.29000044      -2.54584432    
   5.30000019      -1.91085720    
   5.31000042      -2.76762676    
   5.32000017      -1.83647120    
   5.33000040                  NaN
   5.34000015      -2.48686886    
   5.35000038      -1.93822181    
   5.36000061      -1.47144938    
   5.37000036      -2.38216662    
   5.38000059      -2.62931919    
   5.39000034      -1.60573459    
   5.40000057                  NaN
   5.41000032      -1.93411791    
   5.42000055      -1.03606939    
   5.43000031      -2.56526923    
   5.44000053      -1.76020944    
   5.45000029                  NaN
   5.46000051                  NaN
   5.47000027      -2.47796226    
   5.48000050      -1.11145759    
   5.49000025      -4.00805998    
   5.50000048      -1.79635417    
   5.51000023      -2.58961582    
   5.52000046      -1.27324867    
   5.53000021      -1.42130303    
   5.54000044      -3.37600112    
   5.55000019      -2.64937139    
   5.56000042      -2.44508076    
   5.57000017      -1.75124061    
   5.58000040      -2.61554480    
   5.59000063      -2.03753591    
   5.60000038      -1.23570585    
   5.61000061                  NaN
   5.62000036      -3.08277082    
   5.63000059      -1.88815248    
   5.64000034      -3.03258848    
   5.65000057      -2.36284256    
   5.66000032      -3.03119469    
   5.67000055      -2.16299677    
   5.68000031      -1.44934940    
   5.69000053      -1.32869101    
   5.70000029      -2.74071980    
   5.71000051      -1.59488773    
   5.72000027                  NaN
   5.73000050      -2.11957979    
   5.74000025      -2.30892301    
   5.75000048      -2.43183541    
   5.76000023      -1.22453225    
   5.77000046                  NaN
   5.78000021      -2.97627187    
   5.79000044      -1.49189961    
   5.80000019      -1.78924048    
   5.81000042      -1.58786523    
   5.82000065      -2.92900300    
   5.83000040      -3.42473483    
   5.84000063      -2.23444390    
   5.85000038      -1.56256950    
   5.86000061      -1.56186271    
   5.87000036      -3.11652613    
   5.88000059      -3.86303258    
   5.89000034      -3.16917658    
   5.90000057      -1.65212035    
   5.91000032      -4.95951939    
   5.92000055      -1.72668660    
   5.93000031      -1.86705482    
   5.94000053                  NaN
   5.95000029      -3.85806203    
   5.96000051      -3.16420364    
   5.97000027     -0.966266096    
   5.98000050      -1.56451309    
   5.99000025                  NaN
   6.00000048      -3.74913669    
   6.01000023      -3.41195035    
   6.02000046      -1.64357281    
   6.03000021      -1.98913360    
   6.04000044      -1.78618062    
   6.05000019      -3.05241179    
   6.06000042      -1.39346647    
   6.07000065      -2.30904007    
   6.08000040      -4.43655205    
   6.09000063      -1.45015264    
   6.10000038      -2.82567763    
   6.11000061      -1.53297400    
   6.12000036      -2.17191291    
   6.13000059      -1.80828655    
   6.14000034      -1.83697903    
   6.15000057      -1.44582987    
   6.16000032                  NaN
   6.17000055      -2.42858696    
   6.18000031      -1.12612641    
   6.19000053                  NaN
   6.20000029      -2.70512891    
   6.21000051      -1.67989945    
   6.22000027      -1.81637537    
   6.23000050      -1.49186218    
   6.24000025      -1.63998091    
   6.25000048      -1.49040878    
   6.26000023      -2.36941433    
   6.27000046      -2.08100414    
   6.28000021                  NaN
   6.29000044      -1.90365601    
   6.30000067      -1.73960042    
   6.31000042      -1.83967566    
   6.32000065      -2.62740278    
   6.33000040      -1.41274810    
   6.34000063                  NaN
   6.35000038      -2.76830769    
   6.36000061      -3.38661456    
   6.37000036      -1.98188639    
   6.38000059      -1.31467378    
   6.39000034      -1.91259539    
   6.40000057      -2.15153360    
   6.41000032      -1.87886405    
   6.42000055                  NaN
   6.43000031      -1.28432798    
   6.44000053      -4.41035080    
   6.45000029      -2.16890359    
   6.46000051      -1.54097605    
   6.47000027                  NaN
   6.48000050      -1.67302930    
   6.49000025      -1.55018663    
   6.50000048      -1.99000263    
   6.51000023      -4.06870365    
   6.52000046      -1.93633437    
   6.53000069      -1.83874261    
   6.54000044      -1.44803882    
   6.55000067      -1.82198894    
   6.56000042      -2.04060793    
   6.57000065                  NaN
   6.58000040      -3.44446135    
   6.59000063      -1.18035173    
   6.60000038      -2.07609367    
   6.61000061                  NaN
   6.62000036      -1.35246539    
   6.63000059      -1.67494476    
   6.64000034      -2.42141032    
   6.65000057      -2.24298096    
   6.66000032      -3.29538131    
   6.67000055      -2.41916275    
   6.68000031     -0.920526862    
   6.69000053      -2.36359453    
   6.70000029                  NaN
   6.71000051      -2.41615772    
   6.72000027      -1.80926919    
   6.73000050      -4.20641088    
   6.74000025      -2.41389799    
   6.75000048      -1.65285671    
   6.76000071      -1.40078771    
   6.77000046      -1.50651515    
   6.78000069      -2.90335226    
   6.79000044      -2.59244132    
   6.80000067      -1.26549375    
   6.81000042      -1.62267566    
   6.82000065                  NaN
   6.83000040      -2.03936243    
   6.84000063      -1.08457184    
   6.85000038      -1.87821257    
   6.86000061                  NaN
   6.87000036      -4.04165316    
   6.88000059      -1.84366775    
   6.89000034      -1.38086975    
   6.90000057      -1.54262531    
   6.91000032      -1.94146192    
   6.92000055      -1.18795824    
   6.93000031      -3.78575993    
   6.94000053      -2.54823160    
   6.95000029      -2.54746532    
   6.96000051      -1.35571349    
   6.97000027      -1.08207905    
   6.98000050      -2.10795045    
   6.99000072      -2.08656263    
   7.00000048      -2.36669612    
   7.01000071      -4.03093529    
   7.02000046      -1.12404382    
   7.03000069      -1.75579596    
   7.04000044      -2.06250930    
   7.05000067      -2.39024138    
   7.06000042      -1.89545059    
   7.07000065      -2.28333521    
   7.08000040      -2.33385515    
   7.09000063      -1.60121894    
   7.10000038      -1.69322562    
   7.11000061      -2.28023720    
   7.12000036      -1.76364768    
   7.13000059      -1.96023071    
   7.14000034      -2.59949064    
   7.15000057      -1.90556538    
   7.16000032      -2.40988231    
   7.17000055      -1.68778455    
   7.18000031      -1.06583107    
   7.19000053      -1.40901399    
   7.20000029      -2.96637774    
   7.21000051      -2.09012723    
   7.22000074      -1.42794657    
   7.23000050                  NaN
   7.24000072      -1.66852045    
   7.25000048      -1.78380883    
   7.26000071      -1.73790383    
   7.27000046      -1.30266535    
   7.28000069      -3.65325475    
   7.29000044      -2.45854616    
   7.30000067      -1.61046135    
   7.31000042      -2.31589293    
   7.32000065      -2.10254288    
   7.33000040                  NaN
   7.34000063      -5.95111752    
   7.35000038      -2.12168026    
   7.36000061      -2.51554322    
   7.37000036      -2.03671670    
   7.38000059      -2.07674646    
   7.39000034      -2.28359342    
   7.40000057      -2.23278928    
   7.41000032      -1.41296768    
   7.42000055      -1.38042521    
   7.43000031      -1.63991249    
   7.44000053                  NaN
   7.45000076      -1.81525123    
   7.46000051                  NaN
   7.47000074      -1.28682995    
   7.48000050      -1.98874831    
   7.49000072      -2.22562099    
   7.50000048      -1.70428705    
   7.51000071      -1.82671905    
   7.52000046      -1.94780791    
   7.53000069      -3.10277724    
   7.54000044      -1.42432821    
   7.55000067      -1.94540119    
   7.56000042      -1.08939481    
   7.57000065      -2.00095177    
   7.58000040      -1.54994607    
   7.59000063                  NaN
   7.60000038      -1.86991799    
   7.61000061      -1.90420270    
   7.62000036      -1.92141354    
   7.63000059      -1.34297121    
   7.64000034      -4.82851696    
   7.65000057      -1.40453196    
   7.66000032      -1.26207161    
   7.67000055      -2.83365750    
   7.68000031      -1.25105977    
   7.69000053      -2.20950484    
   7.70000076     -0.898383439    
   7.71000051      -1.71675777    
   7.72000074      -2.33711767    
   7.73000050                  NaN
   7.74000072      -2.23012710    
   7.75000048      -2.82714820    
   7.76000071      -1.45146561    
   7.77000046                  NaN
   7.78000069      -1.80486476    
   7.79000044      -3.08170557    
   7.80000067      -1.31898093    
   7.81000042      -1.62282121    
   7.82000065      -2.77696586    
   7.83000040      -2.30072069    
   7.84000063      -1.46816540    
   7.85000038      -2.57778931    
   7.86000061      -2.65107393    
   7.87000036      -1.63168025    
   7.88000059      -2.41101408    
   7.89000034      -2.50549889    
   7.90000057      -2.09920740    
   7.91000032                  NaN
   7.92000055      -1.28909504    
   7.93000078      -1.32867706    
   7.94000053      -2.07391739    
   7.95000076      -4.10996962    
   7.96000051      -2.11670971    
   7.97000074      -1.74118495    
   7.98000050                  NaN
   7.99000072      -1.72401738    
   8.00000095      -1.87221944    
   8.01000023      -1.17823863    
   8.02000046      -2.67702723    
   8.03000069      -1.83462524    
   8.04000092      -2.23067069    
   8.05000019      -2.42766023    
   8.06000042      -2.22899699    
   8.07000065      -2.36536026    
   8.08000088      -2.75538826    
   8.09000015      -1.57255471    
   8.10000038      -1.76206875    
   8.11000061      -3.49046683    
   8.12000084                  NaN
   8.13000011      -1.61001277    
   8.14000034      -1.40849924    
   8.15000057                  NaN
   8.16000080                  NaN
   8.17000103      -1.62062347    
   8.18000031      -5.18930960    
   8.19000053      -2.19273138    
   8.20000076      -1.82032144    
   8.21000099      -1.39127994    
   8.22000027                  NaN
   8.23000050      -1.38958240    
   8.24000072      -1.47064936    
   8.25000095      -3.47862267    
   8.26000023      -3.10307765    
   8.27000046      -4.48852110    
   8.28000069      -1.51725245    
   8.29000092      -1.72997308    
   8.30000019                  NaN
   8.31000042      -2.18251896    
   8.32000065      -3.47264743    
   8.33000088      -1.74255180    
   8.34000015      -1.57836950    
   8.35000038      -2.82344866    
   8.36000061      -1.36730242    
   8.37000084      -2.05959010    
   8.38000107      -1.42274082    
   8.39000034      -2.64565563    
   8.40000057                  NaN
   8.41000080      -1.75193334    
   8.42000103      -2.46074653    
   8.43000031      -1.68669283    
   8.44000053      -2.19665384    
   8.45000076                  NaN
   8.46000099      -1.45176435    
   8.47000027      -1.40326953    
   8.48000050      -2.05008698    
   8.49000072      -1.13738203    
   8.50000095      -4.75639915    
   8.51000023      -2.55830503    
   8.52000046      -5.85326958    
   8.53000069      -1.82704782    
   8.54000092      -2.51932311    
   8.55000019      -1.29677749    
   8.56000042      -3.01656723    
   8.57000065      -1.23378539    
   8.58000088      -2.11036110    
   8.59000015      -2.13358212    
   8.60000038      -3.90036821    
   8.61000061      -5.15225267    
   8.62000084                  NaN
   8.63000107      -1.52615511    
   8.64000034                  NaN
   8.65000057      -2.08068228    
   8.66000080                  NaN
   8.67000103      -1.30751932    
   8.68000031      -2.94886422    
   8.69000053      -1.77790892    
   8.70000076                  NaN
   8.71000099      -1.34794581    
   8.72000027      -4.44939995    
   8.73000050      -3.88889909    
   8.74000072      -2.30756068    
   8.75000095      -2.33652496    
   8.76000023      -3.26719403    
   8.77000046                  NaN
   8.78000069      -2.33385515    
   8.79000092      -1.55280459    
   8.80000019      -2.49637365    
   8.81000042      -2.11411309    
   8.82000065      -2.53095388    
   8.83000088                  NaN
   8.84000015      -1.53454101    
   8.85000038      -2.21318626    
   8.86000061      -3.11515641    
   8.87000084      -1.83332479    
   8.88000107      -1.71053600    
   8.89000034      -2.15694904    
   8.90000057      -1.70873559    
   8.91000080                  NaN
   8.92000103      -1.55512631    
   8.93000031      -4.43060923    
   8.94000053      -1.53933322    
   8.95000076      -2.05389500    
   8.96000099      -2.23067069    
   8.97000027      -2.09971142    
   8.98000050      -1.65349364    
   8.99000072      -2.20055056    
   9.00000095      -3.17150283    
   9.01000023      -2.76512790    
   9.02000046      -1.58923209    
   9.03000069                  NaN
   9.04000092      -3.32201004    
   9.05000019      -1.95585656    
   9.06000042      -1.48760223    
   9.07000065      -2.62612176    
   9.08000088      -2.19234300    
   9.09000111      -2.62429023    
   9.10000038      -2.62337375    
   9.11000061      -2.16292310    
   9.12000084      -3.60236621    
   9.13000107      -1.77331960    
   9.14000034      -2.10887098    
   9.15000057      -1.77147806    
   9.16000080      -5.79590940    
   9.17000103      -1.75193346    
   9.18000031      -2.70301843    
   9.19000053      -1.63425326    
   9.20000076      -2.26585007    
   9.21000099      -1.80230069    
   9.22000027      -2.95714378    
   9.23000050      -2.57055378    
   9.24000072      -3.08045006    
   9.25000095      -1.16259742    
   9.26000023      -1.61225247    
   9.27000046                  NaN
   9.28000069      -1.93462825    
   9.29000092                  NaN
   9.30000019      -1.97624600    
   9.31000042      -1.46448505    
   9.32000065      -1.45030415    
   9.33000088      -3.47751594    
   9.34000111      -2.22381496    
   9.35000038      -1.63508987    
   9.36000061      -3.21233582    
   9.37000084      -2.22099662    
   9.38000107      -1.69786608    
   9.39000034      -1.55495393    
   9.40000057      -2.16260076    
   9.41000080      -1.66170096    
   9.42000103      -2.18811131    
   9.43000031                  NaN
   9.44000053      -2.00853753    
   9.45000076      -5.76879215    
   9.46000099      -1.27920568    
   9.47000027      -2.18337417    
   9.48000050      -1.51744771    
   9.49000072      -2.99240279    
   9.50000095                  NaN
   9.51000023      -2.81864810    
   9.52000046      -1.93349159    
   9.53000069                  NaN
   9.54000092      -1.68268561    
   9.55000114      -2.62377214    
   9.56000042      -1.48164332    
   9.57000065      -2.76161861    
   9.58000088      -1.30204439    
   9.59000111      -4.14599276    
   9.60000038      -3.67502904    
   9.61000061                  NaN
   9.62000084      -2.11495924    
   9.63000107      -1.28567350    
   9.64000034                  NaN
   9.65000057      -1.83762777    
   9.66000080      -2.41648054    
   9.67000103      -1.62058270    
   9.68000031      -3.44416380    
   9.69000053      -2.00810933    
   9.70000076      -1.61767411    
   9.71000099      -1.36181045    
   9.72000027      -2.21650481    
   9.73000050      -2.34069467    
   9.74000072      -1.75193310    
   9.75000095      -1.78869843    
   9.76000023      -3.09990907    
   9.77000046      -1.46132302    
   9.78000069      -1.67656815    
   9.79000092      -1.97483206    
   9.80000114      -2.43921590    
   9.81000042      -3.09501386    
   9.82000065      -2.23658204    
   9.83000088      -2.17675877    
   9.84000111      -1.83930278    
   9.85000038      -1.85893726    
   9.86000061      -2.59365845    
   9.87000084      -1.94397664    
   9.88000107      -1.40969038    
   9.89000034      -1.50668180    
   9.90000057      -1.68214858    
   9.91000080      -1.75391746    
   9.92000103      -2.77877903    
   9.93000031      -1.62788045    
   9.94000053      -2.63018942    
   9.95000076      -2.38803291    
   9.96000099      -1.76799822    
   9.97000027      -1.44157898    
   9.98000050      -1.86710012    
   9.99000072      -2.49737310    
   10.0000010      -3.15030050    
   10.0100012      -1.86410165    
   10.0200005      -1.99967551    
   10.0300007                  NaN
   10.0400009      -1.72225738    
   10.0500011      -1.90357471    
   10.0600004                  NaN
   10.0700006      -1.43155897    
   10.0800009      -1.94601738    
   10.0900011      -1.24030077    
   10.1000004      -2.33790350    
   10.1100006      -2.30299139    
   10.1200008      -2.06559110    
   10.1300011      -2.23642802    
   10.1400003      -3.13620138    
   10.1500006      -1.71115196    
   10.1600008      -2.44102383    
   10.1700010      -2.65358114    
   10.1800003      -1.27824545    
   10.1900005      -1.70708287    
   10.2000008      -1.91085744    
   10.2100010      -1.74278235    
   10.2200003                  NaN
   10.2300005      -2.00310159    
   10.2400007      -2.64643502    
   10.2500010      -2.32263613    
   10.2600012      -1.73766172    
   10.2700005      -3.74196863    
   10.2800007      -1.30482340    
   10.2900009      -1.64276981    
   10.3000011      -2.38895392    
   10.3100004      -1.62331605    
   10.3200006      -1.99384701    
   10.3300009      -1.43319750    
   10.3400011      -2.34845376    
   10.3500004      -2.24563551    
   10.3600006      -1.03419471    
   10.3700008                  NaN
   10.3800011      -2.84329557    
   10.3900003      -2.53997469    
   10.4000006      -1.72318387    
   10.4100008      -3.59394407    
   10.4200010      -2.03475618    
   10.4300003      -1.61085486    
   10.4400005      -2.37441587    
   10.4500008      -2.23521876    
   10.4600010      -17.7828808    
   10.4700003                  NaN
   10.4800005      -2.62153697    
   10.4900007      -1.53787410    
   10.5000010      -2.16744876    
   10.5100012      -2.95485306    
   10.5200005      -2.22786164    
   10.5300007      -2.13443327    
   10.5400009      -1.67075300    
   10.5500011      -3.17377281    
   10.5600004      -2.36178374    
   10.5700006      -1.33907259    
   10.5800009      -2.39740348    
   10.5900011      -1.29772902    
   10.6000004      -1.93980217    
   10.6100006      -1.80216241    
   10.6200008      -3.16633701    
   10.6300011                  NaN
   10.6400003      -1.67881823    
   10.6500006      -1.10474610    
   10.6600008      -1.04180086    
   10.6700010      -2.46784616    
   10.6800003      -1.39633179    
   10.6900005      -1.56621623    
   10.7000008      -1.88147902    
   10.7100010                  NaN
   10.7200012      -2.50503182    
   10.7300005      -3.07449865    
   10.7400007      -1.57792544    
   10.7500010                  NaN
   10.7600012      -1.35954022    
   10.7700005      -3.43789935    
   10.7800007      -1.99645352    
   10.7900009      -3.43572998    
   10.8000011      -4.93872070    
   10.8100004                  NaN
   10.8200006      -1.38119650    
   10.8300009      -1.12879229    
   10.8400011                  NaN
   10.8500004      -3.06146955    
   10.8600006      -2.09896469    
   10.8700008      -1.28042483    
   10.8800011                  NaN
   10.8900003      -1.69021153    
   10.9000006      -1.79229760    
   10.9100008      -1.12002969    
   10.9200010      -2.84615064    
   10.9300003      -1.52329218    
   10.9400005      -1.45765066    
   10.9500008      -3.41820455    
   10.9600010      -2.08796334    
   10.9700012      -2.72284555    
   10.9800005                  NaN
   10.9900007      -1.67917430    
   11.0000010      -1.02492166    
   11.0100012      -1.25206876    
   11.0200005      -1.75751686    
   11.0300007      -2.20535278    
   11.0400009      -2.60970235    
   11.0500011      -2.83172965    
   11.0600004      -2.89514995    
   11.0700006                  NaN
   11.0800009      -1.66913521    
   11.0900011      -1.61085463    
   11.1000004      -2.42066193    
   11.1100006                  NaN
   11.1200008      -2.33836985    
   11.1300011      -1.95775318    
   11.1400003      -2.76099777    
   11.1500006      -3.10817504    
   11.1600008      -1.48107767    
   11.1700010      -2.12508368    
   11.1800013      -1.58235347    
   11.1900005      -1.52810895    
   11.2000008      -1.28335118    
   11.2100010      -2.49523687    
   11.2200012      -2.28930402    
   11.2300005      -1.75535989    
   11.2400007      -1.52241743    
   11.2500010                  NaN
   11.2600012      -1.33207965    
   11.2700005      -3.49998879    
   11.2800007      -1.99476516    
   11.2900009      -1.49959898    
   11.3000011      -1.86241543    
   11.3100004      -2.53031540    
   11.3200006      -3.00873590    
   11.3300009      -1.39814615    
   11.3400011      -1.70017827    
   11.3500004      -3.62431359    
   11.3600006      -2.79647851    
   11.3700008                  NaN
   11.3800011      -1.92916358    
   11.3900003      -2.47454643    
   11.4000006      -1.73578525    
   11.4100008      -2.03690290    
   11.4200010      -1.46775377    
   11.4300013                  NaN
   11.4400005      -2.19246912    
   11.4500008      -2.00324798    
   11.4600010      -4.45881271    
   11.4700012      -1.86737454    
   11.4800005      -1.44420707    
   11.4900007      -1.86502707    
   11.5000010      -1.42559659    
   11.5100012      -2.08581781    
   11.5200005                  NaN
   11.5300007      -1.72055364    
   11.5400009      -2.55228162    
   11.5500011      -1.93591332    
   11.5600004      -2.65527487    
   11.5700006      -1.21372795    
   11.5800009      -2.36522031    
   11.5900011                  NaN
   11.6000004      -1.36650896    
   11.6100006      -2.01334476    
   11.6200008      -1.47806942    
   11.6300011      -1.70867705    
   11.6400013      -1.42524910    
   11.6500006      -1.72826362    
   11.6600008      -1.54474378    
   11.6700010                  NaN
   11.6800013      -2.03481936    
   11.6900005      -2.23428774    
   11.7000008      -2.63854861    
   11.7100010      -1.57647085    
   11.7200012      -2.23067069    
   11.7300005      -2.09131193    
   11.7400007      -1.26140964    
   11.7500010      -1.88529170    
   11.7600012                  NaN
   11.7700005      -1.46000755    
   11.7800007      -1.96388650    
   11.7900009                  NaN
   11.8000011      -1.64559782    
   11.8100004      -2.08159113    
   11.8200006      -3.02945018    
   11.8300009      -1.95778549    
   11.8400011      -2.11071134    
   11.8500004      -2.67746949    
   11.8600006      -1.53916276    
   11.8700008      -1.77055597    
   11.8800011      -2.51126242    
   11.8900013      -3.42632055    
   11.9000006      -1.63332784    
   11.9100008      -1.36015868    
   11.9200010      -1.25356126    
   11.9300013      -1.44037521    
   11.9400005      -2.03384209    
   11.9500008      -2.79028630    
   11.9600010      -1.48976040    
   11.9700012      -1.32146215    
   11.9800005      -1.19053817    
   11.9900007                  NaN
   12.0000010      -1.48477292    
   12.0100012      -1.59903514    
   12.0200005      -4.79645491    
   12.0300007      -2.05436206    
   12.0400009      -1.65845227    
   12.0500011      -2.18999982    
   12.0600004      -1.42413473    
   12.0700006      -1.26380992    
   12.0800009      -2.43753338    
   12.0900011      -1.76722050    
   12.1000004      -1.20286131    
   12.1100006      -2.53382158    
   12.1200008      -4.78384495    
   12.1300011                  NaN
   12.1400013      -1.05561066    
   12.1500006      -1.71197820    
   12.1600008      -1.41146028    
   12.1700010                  NaN
   12.1800013      -1.75577700    
   12.1900005      -2.47233725    
   12.2000008      -2.33129454    
   12.2100010      -1.75193346    
   12.2200012      -1.75064886    
   12.2300005      -1.63429344    
   12.2400007      -1.93528640    
   12.2500010      -2.82130003    
   12.2600012      -1.48877430    
   12.2700005      -1.99203765    
   12.2800007      -1.67228925    
   12.2900009      -1.81759667    
   12.3000011      -1.76500523    
   12.3100004                  NaN
   12.3200006      -2.01729703    
   12.3300009      -3.37053967    
   12.3400011      -2.15283966    
   12.3500013      -3.50146031    
   12.3600006      -2.01207495    
   12.3700008      -2.04355526    
   12.3800011      -1.85992217    
   12.3900013      -2.04093051    
   12.4000006      -2.30531859    
   12.4100008      -2.39497375    
   12.4200010                  NaN
   12.4300013      -1.74797833    
   12.4400005      -1.30840135    
   12.4500008      -2.43847966    
   12.4600010      -1.87753880    
   12.4700012      -2.54118776    
   12.4800005                  NaN
   12.4900007      -1.33455539    
   12.5000010      -2.20869207    
   12.5100012      -1.96049774    
   12.5200005      -2.09269309    
   12.5300007      -1.98957229    
   12.5400009      -2.71416974    
   12.5500011      -1.10339034    
   12.5600004      -1.54833448    
   12.5700006      -2.32714796    
   12.5800009      -3.01894855    
   12.5900011      -1.72661555    
   12.6000013      -2.19526887    
   12.6100006      -1.82927334    
   12.6200008                  NaN
   12.6300011      -2.15198565    
   12.6400013      -2.11288786    
   12.6500006      -1.97337794    
   12.6600008      -1.82248437    
   12.6700010      -1.74107838    
   12.6800013      -1.66560566    
   12.6900005      -1.76432180    
   12.7000008      -2.83559012    
   12.7100010      -1.50734806    
   12.7200012      -2.50742388    
   12.7300005      -1.22203350    
   12.7400007      -1.61085463    
   12.7500010      -1.68009388    
   12.7600012      -2.82733607    
   12.7700005      -1.56226206    
   12.7800007      -1.92378378    
   12.7900009      -1.31059623    
   12.8000011      -2.29570341    
   12.8100014      -2.12725902    
   12.8200006      -2.55075073    
   12.8300009      -2.01527452    
   12.8400011      -1.55253315    
   12.8500013      -1.37244368    
   12.8600006      -1.76745963    
   12.8700008      -1.61577582    
   12.8800011      -1.97437489    
   12.8900013      -3.29472542    
   12.9000006      -2.28171706    
   12.9100008      -1.27700543    
   12.9200010                  NaN
   12.9300013      -1.75760686    
   12.9400005      -1.81176150    
   12.9500008      -1.45366919    
   12.9600010      -2.10617614    
   12.9700012      -2.47247982    
   12.9800005      -3.16420388    
   12.9900007      -2.31547999    
   13.0000010      -1.69501317    
   13.0100012      -1.83078480    
   13.0200005      -1.26136887    
   13.0300007      -2.30975747    
   13.0400009      -1.40160024    
   13.0500011      -5.35140848    
   13.0600014      -1.82360625    
   13.0700006      -1.79317629    
   13.0800009      -1.28663754    
   13.0900011     -0.938914955    
   13.1000013      -3.55242658    
   13.1100006      -1.35375166    
   13.1200008      -2.39684439    
   13.1300011      -1.70224297    
   13.1400013      -1.19523740    
   13.1500006      -1.55272353    
   13.1600008                  NaN
   13.1700010      -1.72307146    
   13.1800013      -1.57132423    
   13.1900005      -1.28800547    
   13.2000008      -2.28506494    
   13.2100010                  NaN
   13.2200012      -1.92544425    
   13.2300005      -3.37925649    
   13.2400007      -1.47353995    
   13.2500010      -1.08810091    
   13.2600012      -3.12349987    
   13.2700014      -1.24170220    
   13.2800007      -3.37184286    
   13.2900009      -1.60269153    
   13.3000011      -1.67718613    
   13.3100014      -2.91538286    
   13.3200006      -3.70234442    
   13.3300009      -3.00769973    
   13.3400011      -1.41696393    
   13.3500013      -1.29994845    
   13.3600006      -1.49911416    
   13.3700008      -2.25974727    
   13.3800011      -2.21171784    
   13.3900013      -3.35533857    
   13.4000006      -1.53853428    
   13.4100008      -1.40639758    
   13.4200010      -1.77033877    
   13.4300013      -2.25065613    
   13.4400005      -1.55598557    
   13.4500008      -2.65307236    
   13.4600010      -2.11254787    
   13.4700012                  NaN
   13.4800005      -2.29180694    
   13.4900007      -1.67508626    
   13.5000010      -3.89817238    
   13.5100012      -1.98709035    
   13.5200014      -1.67046714    
   13.5300007      -1.49565125    
   13.5400009      -1.56472182    
   13.5500011      -1.47008216    
   13.5600014      -1.87399578    
   13.5700006      -1.58475983    
   13.5800009      -1.58320320    
   13.5900011      -1.71517575    
   13.6000013      -2.17792010    
   13.6100006      -2.49481010    
   13.6200008      -1.33400714    
   13.6300011      -2.04538822    
   13.6400013      -2.00459647    
   13.6500006      -1.43247819    
   13.6600008      -2.08148980    
   13.6700010      -1.26898062    
   13.6800013      -2.21186137    
   13.6900005      -1.51713073    
   13.7000008      -1.42457294    
   13.7100010      -3.45986629    
   13.7200012                  NaN
   13.7300005      -2.07038713    
   13.7400007      -1.91464043    
   13.7500010      -1.53167391    
   13.7600012      -1.13277102    
   13.7700014      -2.60298371    
   13.7800007      -1.94459760    
   13.7900009      -1.87152982    
   13.8000011      -1.26692200    
   13.8100014      -3.03837538    
   13.8200006      -1.59639668    
   13.8300009      -2.92977858    
   13.8400011      -1.44655192    
   13.8500013     -0.925051749    
   13.8600006      -2.13644671    
   13.8700008      -1.33403897    
   13.8800011      -2.08873272    
   13.8900013      -1.12824678    
   13.9000006      -2.22522140    
   13.9100008      -2.17479038    
   13.9200010      -2.12662721    
   13.9300013      -1.55246162    
   13.9400005      -1.88217008    
   13.9500008      -1.36257529    
   13.9600010      -1.68470824    
   13.9700012      -1.49583960    
   13.9800014      -1.91191506    
   13.9900007      -1.74035358    
   14.0000010      -1.37578261    
   14.0100012      -3.25684619    
   14.0200014      -2.02303147    
   14.0300007      -1.70290399    
   14.0400009      -2.42514610    
   14.0500011      -3.25014544    
   14.0600014      -2.19864154    
   14.0700006      -1.50380945    
   14.0800009      -2.35778809    
   14.0900011      -1.25748479    
   14.1000013      -2.14309478    
   14.1100006      -1.96704471    
   14.1200008      -2.88163638    
   14.1300011      -3.23660970    
   14.1400013      -1.30961323    
   14.1500006      -1.77790880    
   14.1600008      -1.48851597    
   14.1700010      -1.59216237    
   14.1800013      -1.30276370    
   14.1900005      -2.17651296    
   14.2000008      -2.28015065    
   14.2100010      -1.61344874    
   14.2200012      -1.67056084    
   14.2300014      -2.07429433    
   14.2400007      -2.86101723    
   14.2500010      -1.42419481    
   14.2600012      -2.11560154    
   14.2700014      -1.35171771    
   14.2800007      -1.86079657    
   14.2900009      -1.97682989    
   14.3000011      -1.68739498    
   14.3100014      -1.56785583    
   14.3200006      -1.71562850    
   14.3300009      -1.17756188    
   14.3400011      -21.5347614    
   14.3500013      -2.94709563    
   14.3600006      -1.77525294    
   14.3700008      -1.77347803    
   14.3800011      -3.19308639    
   14.3900013      -1.76991951    
   14.4000006                  NaN
   14.4100008      -2.64873719    
   14.4200010                  NaN
   14.4300013      -1.34586990    
   14.4400015      -1.76096702    
   14.4500008      -1.99096835    
   14.4600010      -1.36345899    
   14.4700012      -1.31618989    
   14.4800014      -1.65530658    
   14.4900007                  NaN
   14.5000010                  NaN
   14.5100012      -1.56024480    
   14.5200014      -2.16933084    
   14.5300007      -2.71404791    
   14.5400009      -2.71221781    
   14.5500011      -1.58191979    
   14.5600014      -2.33385468    
   14.5700006      -1.73730791    
   14.5800009      -2.39471006    
   14.5900011      -1.96541953    
   14.6000013      -2.39101315    
   14.6100006      -2.15277100    
   14.6200008      -2.05083084    
   14.6300011      -1.56713200    
   14.6400013      -1.48071063    
   14.6500006      -1.79392421    
   14.6600008                  NaN
   14.6700010      -2.14157701    
   14.6800013      -1.47322011    
   14.6900015      -1.75005174    
   14.7000008      -3.69407725    
   14.7100010                  NaN
   14.7200012      -2.13215160    
   14.7300014      -3.28293538    
   14.7400007      -1.63880849    
   14.7500010      -2.18052077    
   14.7600012      -1.93349183    
   14.7700014      -2.35902572    
   14.7800007      -1.63117468    
   14.7900009                  NaN
   14.8000011      -2.22810984    
   14.8100014      -1.65820074    
   14.8200006      -1.47395086    
   14.8300009      -2.57063055    
   14.8400011                  NaN
   14.8500013      -2.97222018    
   14.8600006      -2.10527873    
   14.8700008      -1.61378312    
   14.8800011      -1.82694316    
   14.8900013      -1.30619454    
   14.9000015      -1.11007953    
   14.9100008      -1.32637048    
   14.9200010      -2.32992578    
   14.9300013      -2.04027319    
   14.9400015      -2.08959222    
   14.9500008      -1.69984841    
   14.9600010      -1.24588108    
   14.9700012      -2.19487095    
   14.9800014      -1.11407137    
   14.9900007                  NaN
   15.0000010      -1.84404874    
   15.0100012                  NaN
   15.0200014      -1.55235863    
   15.0300007      -1.68387997    
   15.0400009      -3.40463281    
   15.0500011      -1.54631627    
   15.0600014      -1.71419287    
   15.0700006      -2.11763191    
   15.0800009      -2.52106643    
   15.0900011      -2.80671358    
   15.1000013                  NaN
   15.1100006      -1.90881443    
   15.1200008      -3.38837147    
   15.1300011      -2.35670114    
   15.1400013      -4.99370241    
   15.1500015      -2.68905807    
   15.1600008      -1.99384725    
   15.1700010      -2.09713912    
   15.1800013      -3.03952813    
   15.1900015      -1.15472019    
   15.2000008                  NaN
   15.2100010      -3.03328490    
   15.2200012      -2.89766383    
   15.2300014      -3.87639880    
   15.2400007      -2.77568769    
   15.2500010      -2.66822362    
   15.2600012      -3.17694235    
   15.2700014      -2.66400480    
   15.2800007      -2.88503170    
   15.2900009      -4.26920509    
   15.3000011      -2.88078547    
   15.3100014      -1.78004336    
   15.3200006      -3.16420293    
   15.3300009                  NaN
   15.3400011      -1.36816108    
   15.3500013      -4.25638437    
   15.3600006      -3.15561914    
   15.3700008      -3.84660912    
   15.3800011                  NaN
   15.3900013      -1.72201657    
   15.4000015      -3.14696145    
   15.4100008      -3.14478493    
   15.4200010      -2.63177872    
   15.4300013      -1.75412381    
   15.4400015      -1.46425140    
   15.4500008      -1.74973810    
   15.4600010      -3.82697940    
   15.4700012      -3.13162684    
   15.4800014                  NaN
   15.4900007      -2.14637303    
   15.5000010                  NaN
   15.5100012      -2.34956765    
   15.5200014      -2.13969898    
   15.5300007      -1.50885546    
   15.5400009      -2.07459998    
   15.5500011      -3.51927400    
   15.5600014      -1.68444312    
   15.5700006      -1.68218851    
   15.5800009      -1.43306875    
   15.5900011      -2.49864411    
   15.6000013      -4.20112228    
   15.6100016      -1.39548635    
   15.6200008      -1.55750883    
   15.6300011      -3.50113273    
   15.6400013      -2.48724151    
   15.6500015      -1.62474370    
   15.6600008                  NaN
   15.6700010      -2.57564735    
   15.6800013      -3.26648188    
   15.6900015      -3.08184314    
   15.7000008      -1.78023708    
   15.7100010      -1.97857976    
   15.7200012      -1.43263054    
   15.7300014                  NaN
   15.7400007      -2.02872038    
   15.7500010      -2.15153360    
   15.7600012      -1.81270528    
   15.7700014      -1.48757076    
   15.7800007                  NaN
   15.7900009      -2.45223188    
   15.8000011      -1.66969538    
   15.8100014      -1.51316071    
   15.8200006      -3.74436307    
   15.8300009      -2.20152330    
   15.8400011      -2.06559086    
   15.8500013      -1.50356841    
   15.8600016                  NaN
   15.8700008      -2.12289190    
   15.8800011      -4.82851696    
   15.8900013      -1.49388313    
   15.9000015      -1.64559782    
   15.9100008      -3.02944994    
   15.9200010      -1.77423918    
   15.9300013                  NaN
   15.9400015      -2.17479038    
   15.9500008      -3.20194340    
   15.9600010                  NaN
   15.9700012      -1.43913519    
   15.9800014      -1.58507061    
   15.9900007      -1.62340200    
