   0.00000000       14.2595291    
   1.00000007E-02   8.71953392    
   2.00000014E-02   5.38478279    
   3.00000012E-02   3.02873635    
   4.00000028E-02   1.48757839    
   5.00000045E-02   1.32295537    
   6.00000024E-02   1.18574166    
   7.00000077E-02   1.46222925    
   8.00000057E-02   2.07943177    
   9.00000036E-02   1.50972593    
  0.100000009       1.46443331    
  0.110000007       1.37302041    
  0.120000005       1.29073536    
  0.130000010      0.774830997    
  0.140000015      0.249178171    
  0.150000006      0.332404941    
  0.160000011      0.655906975    
  0.170000017       1.30323267    
  0.180000007      0.989476979    
  0.190000013      0.869698822    
  0.200000018      0.703515947    
  0.210000008       1.28734410    
  0.220000014      0.472573519    
  0.230000019      0.667500317    
  0.240000010      0.723491073    
  0.250000030      0.612495005    
  0.260000020      0.334257364    
  0.270000011      0.715301514    
  0.280000031      0.455422759    
  0.290000021      0.939205110    
  0.300000012      0.939681590    
  0.310000032      0.521276176    
  0.320000023      0.763685048    
  0.330000013      0.857253075    
  0.340000033      0.717848480    
  0.350000024      0.540992022    
  0.360000014      0.345291466    
  0.370000035      0.158728212    
  0.380000025      0.429718882    
  0.390000015      0.588828146    
  0.400000036      0.486264855    
  0.410000026      0.430376828    
  0.420000017      0.318267226    
  0.430000037      0.121752560    
  0.440000027      0.327962935    
  0.450000018      0.140627399    
  0.460000038      0.328298658    
  0.470000029      0.375390500    
  0.480000019      0.676049054    
  0.490000039      0.225465193    
  0.500000060      0.573351264    
  0.510000050      0.630069673    
  0.520000041      0.366945177    
  0.530000031      0.470684171    
  0.540000021      0.226044461    
  0.550000012      0.555978537    
  0.560000062      0.197992414    
  0.570000052      0.528251588    
  0.580000043      0.632340729    
  0.590000033      0.491024703    
  0.600000024       4.72382307E-02
  0.610000014      0.642771661    
  0.620000064      0.624188483    
  0.630000055      0.454189628    
  0.640000045      -9.46714357E-03
  0.650000036      0.350466341    
  0.660000026      0.350647628    
  0.670000076      0.512020707    
  0.680000067      0.265629619    
  0.690000057      0.275258869    
  0.700000048      0.313387841    
  0.710000038      0.703112841    
  0.720000029      0.389764547    
  0.730000079      0.808467925    
  0.740000069      0.352104038    
  0.750000060      0.114255257    
  0.760000050      0.542994261    
  0.770000041      0.724368930    
  0.780000031      0.553095579    
  0.790000081      0.124034241    
  0.800000072      0.324566126    
  0.810000062      0.334286392    
  0.820000052       1.05116189    
  0.830000043      0.344196081    
  0.840000033      0.344375700    
  0.850000083      0.526404321    
  0.860000074      0.766079068    
  0.870000064      0.479049712    
  0.880000055      0.546402335    
  0.890000045      0.335685700    
  0.900000036      0.268689156    
  0.910000086      0.662473798    
  0.920000076      0.480305135    
  0.930000067     -0.144167110    
  0.940000057      0.461576730    
  0.950000048      0.663864970    
  0.960000038      0.625708342    
  0.970000088      0.471935660    
  0.980000079      0.607093573    
  0.990000069      0.318168670    
   1.00000012      0.241163671    
   1.01000011      0.115819551    
   1.02000010      0.376611799    
   1.03000009      0.502413809    
   1.04000008      0.406009763    
   1.05000007      0.435240090    
   1.06000006      0.106448188    
   1.07000005      0.348559946    
   1.08000004      0.300307453    
   1.09000003      -1.93849150E-02
   1.10000002      0.387903512    
   1.11000013      0.591866076    
   1.12000012      0.184449315    
   1.13000011      0.252538145    
   1.14000010      0.233235762    
   1.15000010      0.602845430    
   1.16000009      0.252940238    
   1.17000008      -5.84018193E-02
   1.18000007      0.409030020    
   1.19000006      0.389759630    
   1.20000005       6.20610452E-09
   1.21000004      0.448700607    
   1.22000003      0.487977684    
   1.23000014      0.556590915    
   1.24000013      0.488497972    
   1.25000012      0.586510122    
   1.26000011      0.850893557    
   1.27000010      0.283782601    
   1.28000009      0.460169196    
   1.29000008      0.117552847    
   1.30000007      0.744899154    
   1.31000006      0.353035867    
   1.32000005      0.137365207    
   1.33000004     -0.157072902    
   1.34000015      0.520582676    
   1.35000014      0.835344553    
   1.36000013      0.226155668    
   1.37000012      0.177086368    
   1.38000011      0.364206433    
   1.39000010      0.462889165    
   1.40000010      0.788320065    
   1.41000009      0.167608157    
   1.42000008      0.493230462    
   1.43000007      0.404666752    
   1.44000006      0.404884756    
   1.45000005      0.533550322    
   1.46000016       1.97717715E-02
   1.47000015      0.425322711    
   1.48000014      0.336483270    
   1.49000013      0.326763093    
   1.50000012      0.683601320    
   1.51000011      0.634407938    
   1.52000010      0.247949690    
   1.53000009      0.258007288    
   1.54000008      0.139002264    
   1.55000007      0.407298714    
   1.56000006      0.347882539    
   1.57000005      0.696142673    
   1.58000016      0.139304116    
   1.59000015      0.378316790    
   1.60000014      -1.99222416E-02
   1.61000013      0.428560644    
   1.62000012      0.199438989    
   1.63000011      0.189570159    
   1.64000010      0.708779693    
   1.65000010      0.739130735    
   1.66000009      0.309804618    
   1.67000008      0.159986407    
   1.68000007      0.500230491    
   1.69000018      0.340342492    
   1.70000017      0.210326388    
   1.71000016       8.01681355E-02
   1.72000015      0.270715505    
   1.73000014      0.270863682    
   1.74000013      0.451686710    
   1.75000012      0.542321026    
   1.76000011      0.231115207    
   1.77000010      0.301620007    
   1.78000009      0.482856929    
   1.79000008      0.382471621    
   1.80000007      0.503528535    
   1.81000018      0.251902759    
   1.82000017      0.100816496    
   1.83000016      0.322790384    
   1.84000015      0.615658045    
   1.85000014      0.111081466    
   1.86000013      0.535505831    
   1.87000012      -1.01094637E-02
   1.88000011      -9.10352767E-02
   1.89000010      0.161929920    
   1.90000010      0.111388311    
   1.91000009      0.101318069    
   1.92000008      0.304122359    
   1.93000019      0.294147640    
   1.94000018      0.334905118    
   1.95000017      0.812340915    
   1.96000016      0.152398378    
   1.97000015       4.06621285E-02
   1.98000014     -0.172909826    
   1.99000013      0.376542151    
   2.00000024      0.427663684    
   2.01000023      0.224138796    
   2.02000022      0.346589029    
   2.03000021      0.377380222    
   2.04000020      0.663334548    
   2.05000019      0.418644130    
   2.06000018      0.214546993    
   2.07000017      0.265777737    
   2.08000016      0.204558522    
   2.09000015      0.491214514    
   2.10000014      0.430052906    
   2.11000013      0.583969355    
   2.12000012      0.430533886    
   2.13000011      0.482057512    
   2.14000010      -1.02623114E-02
   2.15000010       3.08041293E-02
   2.16000009      0.400677770    
   2.17000008      0.678450465    
   2.18000007      0.421698153    
   2.19000006      0.391061634    
   2.20000005      0.380984426    
   2.21000004       1.03026452E-02
   2.22000027      0.443263710    
   2.23000026      0.175342426    
   2.24000025      0.495363325    
   2.25000024      0.247821182    
   2.26000023      0.278955996    
   2.27000022      0.537551641    
   2.28000021      0.299957544    
   2.29000020      0.341523767    
   2.30000019      0.538462758    
   2.31000018       7.25263432E-02
   2.32000017      0.155501455    
   2.33000016      0.570494771    
   2.34000015      0.269841164    
   2.35000014      0.280378431    
   2.36000013       1.03902537E-02
   2.37000012      0.561393023    
   2.38000011      0.228845507    
   2.39000010      0.187343568    
   2.40000010      0.124966636    
   2.41000009      0.510570586    
   2.42000008      0.250217676    
   2.43000007       2.08633281E-02
   2.44000006      0.198314533    
   2.45000029      0.417742282    
   2.46000028      0.135843650    
   2.47000027      0.156832114    
   2.48000026      -2.09228918E-02
   2.49000025      0.355892092    
   2.50000024      0.335148633    
   2.51000023      0.115273237    
   2.52000022      0.125824586    
   2.53000021       3.14741358E-02
   2.54000020      0.146963447    
   2.55000019      0.409632802    
   2.56000018      0.346811086    
   2.57000017      0.231340080    
   2.58000016      -4.20859717E-02
   2.59000015       2.10550949E-02
   2.60000014      0.442410737    
   2.61000013      -7.37775192E-02
   2.62000012      0.263642699    
   2.63000011      0.137173101    
   2.64000010      0.401198626    
   2.65000010      0.137331277    
   2.66000009      0.211400703    
   2.67000008      0.465349913    
   2.68000031      0.253973782    
   2.69000030     -0.148236945    
   2.70000029      0.529723883    
   2.71000028       5.30030131E-02
   2.72000027      0.307595372    
   2.73000026      -2.12257374E-02
   2.74000025      0.424761027    
   2.75000024      0.382506609    
   2.76000023      0.201995566    
   2.77000022      0.234025359    
   2.78000021      0.287379771    
   2.79000020      0.436645061    
   2.80000019      0.468867093    
   2.81000018      0.149271786    
   2.82000017      0.224038005    
   2.83000016      0.266867280    
   2.84000015      0.363150984    
   2.85000014      0.267178446    
   2.86000013      0.320801228    
   2.87000012      0.149794608    
   2.88000011      0.192705601    
   2.89000010      0.139257610    
   2.90000010      0.182212591    
   2.91000032      0.257391840    
   2.92000031      0.182425931    
   2.93000031      0.279167861    
   2.94000030      0.504945338    
   2.95000029      0.128997833    
   2.96000028       4.30245101E-02
   2.97000027      0.161436662    
   2.98000026      0.323063016    
   2.99000025      0.323252976    
   3.00000024      -4.31257449E-02
   3.01000023      0.140241176    
   3.02000022      0.313029945    
   3.03000021      0.183608443    
   3.04000020      0.259364754    
   3.05000019       3.24397013E-02
   3.06000018      -9.73766223E-02
   3.07000017      0.368084490    
   3.08000016      0.162486210    
   3.09000015       5.41941002E-02
   3.10000014      0.130142778    
   3.11000013      0.271291345    
   3.12000012      0.412607104    
   3.13000011      0.195561349    
   3.14000010      0.195677310    
   3.15000033      0.141406387    
   3.16000032      -1.08838547E-02
   3.17000031       5.44517003E-02
   3.18000031       2.17936356E-02
   3.19000030       8.72263759E-02
   3.20000029      0.240015388    
   3.21000028      -3.27488445E-02
   3.22000027      0.251224190    
   3.23000026      0.480889320    
   3.24000025      0.142165706    
   3.25000024      0.361097693    
   3.26000023       7.66422525E-02
   3.27000022      -1.09554278E-02
   3.28000021      0.526175439    
   3.29000020      0.296150774    
   3.30000019      0.329253495    
   3.31000018      0.175707057    
   3.32000017      0.384589583    
   3.33000016      0.285866529    
   3.34000015      0.110014647    
   3.35000014      0.451330990    
   3.36000013      -2.88871735E-08
   3.37000012      0.374724597    
   3.38000035      0.352894127    
   3.39000034      0.297933728    
   3.40000033      0.441649228    
   3.41000032      0.287245065    
   3.42000031      -2.21090987E-02
   3.43000031      0.232285663    
   3.44000030      0.210290134    
   3.45000029      -4.42983247E-02
   3.46000028      0.299194604    
   3.47000027      0.454607427    
   3.48000026      0.188609883    
   3.49000025      0.177622691    
   3.50000024      0.211054787    
   3.51000023      0.155608356    
   3.52000022      0.411500216    
   3.53000021      -7.01194436E-09
   3.54000020      0.512216508    
   3.55000019      0.334257305    
   3.56000018      0.289865881    
   3.57000017     -0.234264925    
   3.58000016      0.256732166    
   3.59000015      0.156366974    
   3.60000014      0.290572912    
   3.61000037      0.190105885    
   3.62000036      0.257359087    
   3.63000035      -1.11963656E-02
   3.64000034      0.190454468    
   3.65000033      0.134520680    
   3.66000032      0.381375194    
   3.67000031      0.112237878    
   3.68000031      0.258305281    
   3.69000030      0.179800823    
   3.70000029     -0.101199977    
   3.71000028      0.326289058    
   3.72000027       2.25165170E-02
   3.73000026       9.01214108E-02
   3.74000025      0.214169979    
   3.75000024      0.169185638    
   3.76000023       7.90019184E-02
   3.77000022       6.77576214E-02
   3.78000021      0.384196758    
   3.79000020      0.158296242    
   3.80000019      0.181021646    
   3.81000018     -0.124529302    
   3.82000017      0.305851698    
   3.83000016      0.283371121    
   3.84000015      0.147444159    
   3.85000038      0.147535473    
   3.86000037      0.147626877    
   3.87000036       9.09036249E-02
   3.88000035      0.284250021    
   3.89000034      0.375442952    
   3.90000033     -0.193530157    
   3.91000032       2.27823891E-02
   3.92000031      0.113982834    
   3.93000031      0.433404297    
   3.94000030      0.102712288    
   3.95000029      0.399685621    
   3.96000028      0.399934828    
   3.97000027      0.194375232    
   3.98000026      0.160173655    
   3.99000025      0.274754912    
   4.00000048      0.217650265    
   4.01000023      0.229248777    
   4.02000046      0.516132593    
   4.03000021      0.149198323    
   4.04000044      0.252647728    
   4.05000019      0.137894273    
   4.06000042      0.149479181    
   4.07000017      0.218606666    
   4.08000040      0.218743965    
   4.09000015      0.264961809    
   4.10000038       8.06912333E-02
   4.11000013      0.230691522    
   4.12000036      0.242378667    
   4.13000011       9.23929214E-02
   4.14000034       8.08947757E-02
   4.15000010       4.62547317E-02
   4.16000032      0.659546316    
   4.17000008      0.509445071    
   4.18000031      0.162198633    
   4.19000053       1.90403231E-08
   4.20000029      0.162403926    
   4.21000051      0.197329640    
   4.22000027      0.220684677    
   4.23000050      0.209202290    
   4.24000025       2.32594609E-02
   4.25000048      -4.65483963E-02
   4.26000023      0.419202030    
   4.27000046     -0.198082387    
   4.28000021      0.408075958    
   4.29000044      -3.50001939E-02
   4.30000019      0.245157495    
   4.31000042      0.198587328    
   4.32000017      0.397427917    
   4.33000040      0.280716389    
   4.34000015       7.02239126E-02
   4.35000038      0.152249038    
   4.36000013      0.257817000    
   4.37000036      0.211076111    
   4.38000011       3.27283480E-08
   4.39000034      0.140897721    
   4.40000010      -1.50633497E-08
   4.41000032      0.129321933    
   4.42000008      -7.05845207E-02
   4.43000031      0.435550660    
   4.44000053      0.106012851    
   4.45000029       9.42942351E-02
   4.46000051     -0.212298557    
   4.47000027      0.236039206    
   4.48000050       7.08573982E-02
   4.49000025       3.54515389E-02
   4.50000048       4.72992100E-02
   4.51000023      -2.36648936E-02
   4.52000046       1.18400780E-02
   4.53000021      0.308041036    
   4.54000044       8.29877853E-02
   4.55000019      -7.11784214E-02
   4.56000042      0.189932048    
   4.57000017      0.166298226    
   4.58000040      0.178292230    
   4.59000015       8.32570568E-02
   4.60000038     -0.107114270    
   4.61000013       2.38186587E-02
   4.62000036      -4.76682782E-02
   4.63000011      0.345819712    
   4.64000034      0.143190935    
   4.65000010      0.226866737    
   4.66000032     -0.203118309    
   4.67000055      -2.39118505E-02
   4.68000031       2.39274614E-02
   4.69000053      0.203516334    
   4.70000029      0.227608100    
   4.71000051      0.143846497    
   4.72000027      0.251896143    
   4.73000050       3.60087566E-02
   4.74000025      -4.80430983E-02
   4.75000048      0.204317063    
   4.76000023      0.276610345    
   4.77000046       9.62754935E-02
   4.78000021      -9.63387117E-02
   4.79000044      0.144603103    
   4.80000019      0.156756401    
   4.81000042      0.253388584    
   4.82000017      0.289777756    
   4.83000040      -8.45742002E-02
   4.84000015       4.83600125E-02
   4.85000038       3.62939350E-02
   4.86000013      0.242119431    
   4.87000036      0.145367652    
   4.88000011     -0.218195751    
   4.89000034      0.181950122    
   4.90000057      -9.71043259E-02
   4.91000032       4.85843159E-02
   4.92000055       9.72331166E-02
   4.93000031      0.364866167    
   4.94000053      0.158213660    
   4.95000029     -0.170497149    
   4.96000051      0.450899154    
   4.97000027      0.268280566    
   4.98000050      0.183040351    
   4.99000025       6.10541105E-02
   5.00000048      0.183284432    
   5.01000023      0.268996477    
   5.02000046      0.207999632    
   5.03000021      0.391790360    
   5.04000044       6.12581559E-02
   5.05000019       3.67794856E-02
   5.06000042       8.58762264E-02
   5.07000017      0.208696276    
   5.08000040      -9.82758477E-02
   5.09000015      0.479415953    
   5.10000038      0.246019378    
   5.11000013      -2.44941525E-08
   5.12000036      0.172445014    
   5.13000059      0.184886739    
   5.14000034      0.320686013    
   5.15000057      0.135766238    
   5.16000032      0.111156344    
   5.17000055      0.222462550    
   5.18000031      0.111306325    
   5.19000053       9.90057588E-02
   5.20000029       7.43045285E-02
   5.21000051      0.384166151    
   5.22000027      -3.72025333E-02
   5.23000050       6.20461479E-02
   5.24000025      0.298023462    
   5.25000048       8.30640268E-09
   5.26000023       3.73034813E-02
   5.27000046      0.273744583    
   5.28000021      0.261479110    
   5.29000044      0.261656851    
   5.30000019      -1.24683119E-02
   5.31000042      0.162198603    
   5.32000017       3.74559462E-02
   5.33000040      0.187407389    
   5.34000015      0.225042254    
   5.35000038      0.112597927    
   5.36000061       7.51165599E-02
   5.37000036      0.250559747    
   5.38000059      -1.25365639E-02
   5.39000034      0.137996480    
   5.40000057      0.338950634    
   5.41000032      0.489930958    
   5.42000055      0.289131790    
   5.43000031      0.163534462    
   5.44000053      0.327293605    
   5.45000029      0.302324802    
   5.46000051      0.327743798    
   5.47000027      0.113527857    
   5.48000050      0.227212101    
   5.49000025       5.05263731E-02
   5.50000048      0.176964253    
   5.51000023      0.430066973    
   5.52000046      0.240497500    
   5.53000021      0.253330201    
   5.54000044      0.342232347    
   5.55000019     -0.152208537    
   5.56000042      0.114235438    
   5.57000017      0.381048709    
   5.58000040      0.317760766    
   5.59000063      0.165350273    
   5.60000038      0.216377452    
   5.61000061       1.27369193E-02
   5.62000036      0.191186845    
   5.63000059       6.37732819E-02
   5.64000034      0.319088489    
   5.65000057     -0.102179483    
   5.66000032      0.204501420    
   5.67000055      0.422078550    
   5.68000031      0.179188684    
   5.69000053      -5.12325279E-02
   5.70000029       2.56342180E-02
   5.71000051      0.128260642    
   5.72000027      0.154020533    
   5.73000050      0.141284406    
   5.74000025      0.359885275    
   5.75000048      0.218655065    
   5.76000023       1.28711117E-02
   5.77000046      0.193202153    
   5.78000021      0.141781211    
   5.79000044      0.103186190    
   5.80000019      -9.03514847E-02
   5.81000042       1.29164597E-02
   5.82000065      0.555799007    
   5.83000040       7.76080787E-02
   5.84000063      0.220044866    
   5.85000038     -0.194294438    
   5.86000061      0.116659142    
   5.87000036       9.07990709E-02
   5.88000059      0.220668226    
   5.89000034      -5.19587286E-02
   5.90000057      0.337971240    
   5.91000032      0.312194943    
   5.92000055      -2.60347258E-02
   5.93000031      0.208425790    
   5.94000053       1.30358739E-02
   5.95000029      0.391354620    
   5.96000051     -0.117490053    
   5.97000027       1.30637456E-02
   5.98000050      0.313753635    
   5.99000025      0.510213614    
   6.00000048       6.54587522E-02
   6.01000023     -0.131010994    
   6.02000046      0.301540941    
   6.03000021       6.55993074E-02
   6.04000044       6.56462982E-02
   6.05000019      -2.62773409E-02
   6.06000042      0.302406102    
   6.07000065      0.171047926    
   6.08000040       6.58349395E-02
   6.09000063      0.131764486    
   6.10000038      0.184603050    
   6.11000061      0.184735939    
   6.12000036       3.02236880E-09
   6.13000059       6.60722330E-02
   6.14000034      0.528959394    
   6.15000057      0.489640713    
   6.16000032      -5.29723689E-02
   6.17000055      0.145779371    
   6.18000031       7.95735568E-02
   6.19000053      0.265437275    
   6.20000029      0.332037061    
   6.21000051      0.305695593    
   6.22000027      0.172909856    
   6.23000050       9.31729153E-02
   6.24000025       1.33200912E-02
   6.25000048      0.333244413    
   6.26000023      0.146734267    
   6.27000046      -2.66983584E-02
   6.28000021      -5.34357019E-02
   6.29000044       8.02119970E-02
   6.30000067      0.187297925    
   6.31000042      0.602468848    
   6.32000065      0.227765724    
   6.33000040      0.107262276    
   6.34000063      0.308604807    
   6.35000038      -8.05645734E-02
   6.36000061      0.376243711    
   6.37000036      0.363072574    
   6.38000059      0.309511125    
   6.39000034      0.202003404    
   6.40000057      0.323443085    
   6.41000032      0.242760792    
   6.42000055      0.161959738    
   6.43000031       1.94783212E-08
   6.44000053      0.121648952    
   6.45000029       5.41061014E-02
   6.46000051      0.257193804    
   6.47000027      0.284476966    
   6.48000050      0.244017705    
   6.49000025      0.122099191    
   6.50000048      0.176496118    
   6.51000023      -2.71733794E-02
   6.52000046      0.190354764    
   6.53000069     -0.204102933    
   6.54000044      0.108935766    
   6.55000067      0.149898067    
   6.56000042      0.150009587    
   6.57000065      0.109179057    
   6.58000040      0.245836064    
   6.59000063      0.273354828    
   6.60000038      -7.79397080E-09
   6.61000061      0.260075003    
   6.62000036      -1.36984177E-02
   6.63000059      0.466093510    
   6.64000034      -5.48755750E-02
   6.65000057      0.123562522    
   6.66000032      0.247310326    
   6.67000055       6.87488392E-02
   6.68000031      0.316482067    
   6.69000053       4.13112864E-02
   6.70000029      -1.37808109E-02
   6.71000051      0.468899190    
   6.72000027      0.234626114    
   6.73000050      0.317674577    
   6.74000025      0.345558882    
   6.75000048      0.331986874    
   6.76000071      0.193805277    
   6.77000046     -0.152390689    
   6.78000069      0.194098473    
   6.79000044      0.430114836    
   6.80000067      0.444325864    
   6.81000042      0.208435684    
   6.82000065       9.73437950E-02
   6.83000040     -0.194835395    
   6.84000063      0.139273867    
   6.85000038      0.278759599    
   6.86000061      0.362663269    
   6.87000036     -0.111673690    
   6.88000059      0.153668329    
   6.89000034      0.237668574    
   6.90000057      0.167894155    
   6.91000032      0.462061614    
   6.92000055      0.308276594    
   6.93000031       8.67197869E-09
   6.94000053     -0.140340313    
   6.95000029      0.407298714    
   6.96000051      0.477888852    
   6.97000027      0.351658553    
   6.98000050      -1.40771354E-02
   6.99000072      0.324023187    
   7.00000048      0.422964007    
   7.01000071       7.05482736E-02
   7.02000046      0.183566824    
   7.03000069      0.325022489    
   7.04000044      0.395984828    
   7.05000067      0.537823081    
   7.06000042      0.198298439    
   7.07000065      0.368553400    
   7.08000040      0.212791517    
   7.09000063      0.397518545    
   7.10000038       5.68323806E-02
   7.11000061      0.142191157    
   7.12000036      0.227682516    
   7.13000059      0.469960034    
   7.14000034      0.142522871    
   7.15000057       9.98436734E-02
   7.16000032       2.85489522E-02
   7.17000055      0.228569835    
   7.18000031      0.300231904    
   7.19000053      0.286158383    
   7.20000029       4.29572985E-02
   7.21000051      0.128972635    
   7.22000074      0.143415064    
   7.23000050       4.30582091E-02
   7.24000072      0.301643670    
   7.25000048      -5.75009882E-02
   7.26000071      0.273344159    
   7.27000046      0.115182668    
   7.28000069      0.345819652    
   7.29000044      0.331671238    
   7.30000067      0.230909467    
   7.31000042      0.303307533    
   7.32000065      0.260182917    
   7.33000040      0.115728155    
   7.34000063      0.144774452    
   7.35000038      0.173866645    
   7.36000061      0.188504547    
   7.37000036      0.275724769    
   7.38000059      0.275943279    
   7.39000034      0.276162118    
   7.40000057      0.290927678    
   7.41000032      0.189253122    
   7.42000055      0.364237696    
   7.43000031      0.510338426    
   7.44000053      -2.91853882E-02
   7.45000076      0.335899770    
   7.46000051      0.204623789    
   7.47000074       3.34800343E-09
   7.48000050      0.263507962    
   7.49000072      0.161161378    
   7.50000048       8.79765302E-02
   7.51000071       1.46744661E-02
   7.52000046       8.81175101E-02
   7.53000069      0.117584229    
   7.54000044       8.82589370E-02
   7.55000067      0.368041009    
   7.56000042      0.206268638    
   7.57000065      0.117962614    
   7.58000040      0.280386776    
   7.59000063       7.38454536E-02
   7.60000038      0.502554059    
   7.61000061      0.340237439    
   7.62000036      0.118439041    
   7.63000059      0.296336919    
   7.64000034      0.133459538    
   7.65000057      0.118726753    
   7.66000032      0.460438997    
   7.67000055      0.341893017    
   7.68000031      0.609956205    
   7.69000053      -1.29790676E-08
   7.70000076      0.253319949    
   7.71000051      0.164046288    
   7.72000074      0.164179847    
   7.73000050      0.194188863    
   7.74000072       4.48493771E-02
   7.75000048      0.194505945    
   7.76000071      0.329432756    
   7.77000046      0.299729288    
   7.78000069      -8.99923295E-02
   7.79000044       6.00440279E-02
   7.80000067      0.240372956    
   7.81000042      0.436033547    
   7.82000065      0.225719720    
   7.83000040      0.376508653    
   7.84000063      0.180872783    
   7.85000038      0.392213613    
   7.86000061     -0.271756172    
   7.87000036      0.256870180    
   7.88000059      0.136102244    
   7.89000034      0.317834288    
   7.90000057     -0.121179804    
   7.91000032      0.469960093    
   7.92000055      0.151725516    
   7.93000078      0.379628092    
   7.94000053      0.151977137    
   7.95000076      -4.56309617E-02
   7.96000051      0.152229577    
   7.97000074      0.137120530    
   7.98000050      -9.14897174E-02
   7.99000072      0.396785647    
   8.00000095      0.168010727    
   8.01000023      0.168150827    
   8.02000046      0.137692764    
   8.03000069      0.352175593    
   8.04000092      -9.19487253E-02
   8.05000019      0.153376117    
   8.06000042      0.107453182    
   8.07000065       6.14532903E-02
   8.08000088      0.292147994    
   8.09000015     -0.123112969    
   8.10000038      0.492865741    
   8.11000061     -0.154150084    
   8.12000084     -0.185135797    
   8.13000011      0.339701533    
   8.14000034      0.401803970    
   8.15000057       4.64011319E-02
   8.16000080       6.19204380E-02
   8.17000103      0.356343329    
   8.18000031      0.201581851    
   8.19000053       3.10388412E-02
   8.20000076      0.232988715    
   8.21000099      0.466372669    
   8.22000027     -0.155589521    
   8.23000050      0.420448571    
   8.24000072      0.701343477    
   8.25000095      0.171585426    
   8.26000023      -1.56119522E-02
   8.27000046      0.281254858    
   8.28000069      0.203301832    
   8.29000092      0.281735241    
   8.30000019      0.328972071    
   8.31000042      0.454683304    
   8.32000065      -7.84608051E-02
   8.33000088      0.408345729    
   8.34000015      0.392976850    
   8.35000038      0.330383927    
   8.36000061      0.314921707    
   8.37000084      -1.57595947E-02
   8.38000107      0.410102844    
   8.39000034       2.54625139E-08
   8.40000057      -4.74011377E-02
   8.41000080     -0.110698074    
   8.42000103       9.49660316E-02
   8.43000031       1.58413537E-02
   8.44000053       6.34202138E-02
   8.45000076      0.206294149    
   8.46000099      0.301768094    
   8.47000027      -7.94815198E-02
   8.48000050      0.159101054    
   8.49000072      0.350326419    
   8.50000095      0.302817732    
   8.51000023     -0.111661516    
   8.52000046      0.271414220    
   8.53000069      0.335568696    
   8.54000092      0.207914248    
   8.55000019      -6.40294850E-02
   8.56000042      0.208277762    
   8.57000065      -3.20707597E-02
   8.58000088      0.609878123    
   8.59000015      -6.42539784E-02
   8.60000038      0.128620654    
   8.61000061      -3.21833827E-02
   8.62000084     -0.112740822    
   8.63000107      0.322400004    
   8.64000034      0.225878686    
   8.65000057      0.161484078    
   8.66000080     -0.161626458    
   8.67000103      0.129415303    
   8.68000031      -4.85735983E-02
   8.69000053      -4.86165658E-02
   8.70000076      0.259517759    
   8.71000099      0.275981843    
   8.72000027      -2.35925004E-08
   8.73000050      0.243945539    
   8.74000072      0.309272110    
   8.75000095      0.130335614    
   8.76000023       1.63064245E-02
   8.77000046      0.163209632    
   8.78000069      0.310374707    
   8.79000092      0.425102144    
   8.80000019      0.114552781    
   8.81000042      0.114655145    
   8.82000065     -0.278697282    
   8.83000088       3.28172743E-02
   8.84000015     -0.147810027    
   8.85000038      0.394513547    
   8.86000061     -0.197433814    
   8.87000084      0.247014061    
   8.88000107      0.247236162    
   8.89000034      0.230961427    
   8.90000057      0.379778564    
   8.91000080      0.165270030    
   8.92000103      -8.27095658E-02
   8.93000031     -0.248352855    
   8.94000053      0.165718272    
   8.95000076      0.530778468    
   8.96000099      0.116212934    
   8.97000027      0.398805618    
   8.98000050      0.182951763    
   8.99000072       8.32354352E-02
   9.00000095       8.33111182E-02
   9.01000023      -3.33547816E-02
   9.02000046      0.333851397    
   9.03000069      0.300740123    
   9.04000092      0.217399448    
   9.05000019      0.284551173    
   9.06000042      0.469100863    
   9.07000065      0.150920391    
   9.08000088      0.486744344    
   9.09000111       8.39983523E-02
   9.10000038      -5.04452437E-02
   9.11000061      0.454424202    
   9.12000084      0.101075955    
   9.13000107      0.286645383    
   9.14000034      0.101262100    
   9.15000057      0.422314346    
   9.16000080      0.185989723    
   9.17000103      0.355399191    
   9.18000031      0.203272939    
   9.19000053       8.47754106E-02
   9.20000076     -0.135766193    
   9.21000099      0.203838110    
   9.22000027      0.340045363    
   9.23000050      0.187198594    
   9.24000072     -0.340677381    
   9.25000095      0.358043998    
   9.26000023      0.358377337    
   9.27000046       1.70814991E-02
   9.28000069      0.102584556    
   9.29000092      0.171133921    
   9.30000019      0.119905718    
   9.31000042      -1.53802893E-09
   9.32000065      0.394713640    
   9.33000088      0.309195787    
   9.34000111      0.275098532    
   9.35000038      0.344196111    
   9.36000061      -3.44519429E-02
   9.37000084     -0.103453130    
   9.38000107      0.224359423    
   9.39000034      0.380043089    
   9.40000057      0.276655734    
   9.41000080       8.65365565E-02
   9.42000103      0.207884029    
   9.43000031      0.173400581    
   9.44000053      0.208277762    
   9.45000076      -6.94917068E-02
   9.46000099      -8.69470760E-02
   9.47000027      -1.74059253E-02
   9.48000050      0.505251765    
   9.49000072      0.279024839    
   9.50000095       5.23669943E-02
   9.51000023      -8.73614922E-02
   9.52000046      -1.74889844E-02
   9.53000069      0.175056756    
   9.54000092     -0.192746505    
   9.55000114      -3.50783579E-02
   9.56000042      0.491567373    
   9.57000065      0.369029105    
   9.58000088      0.281434804    
   9.59000111      0.281705171    
   9.60000038      0.229105577    
   9.61000061     -0.123483270    
   9.62000084     -0.194232032    
   9.63000107      0.388838738    
   9.64000034      0.247681648    
   9.65000057      0.141669109    
   9.66000080      0.230434954    
   9.67000103      0.479059011    
   9.68000031      0.408482760    
   9.69000053      0.284437537    
   9.70000076      0.284713686    
   9.71000099      0.569980681    
   9.72000027      0.178292230    
   9.73000050      0.339085132    
   9.74000072      -7.14559108E-02
   9.75000095      0.214576855    
   9.76000023      0.143190980    
   9.77000046      0.214996427    
   9.78000069      0.251074553    
   9.79000092       3.59029509E-02
   9.80000114     -0.143752471    
   9.81000042     -0.287787139    
   9.82000065      0.342082888    
   9.83000088      0.270331025    
   9.84000111      0.162358254    
   9.85000038      0.126403034    
   9.86000061      0.325356990    
   9.87000084      -4.05224032E-09
   9.88000107      0.217333287    
   9.89000034       1.81290414E-02
   9.90000057      0.145175785    
   9.91000080       3.63299325E-02
   9.92000103      0.109097861    
   9.93000031      0.564232111    
   9.94000053      -1.82191227E-02
   9.95000076       1.82372499E-02
   9.96000099      0.182554200    
   9.97000027      0.383746028    
   9.98000050      0.384129047    
   9.99000072       3.66202854E-02
   10.0000010      -3.99840427E-09
   10.0100012      0.238508284    
   10.0200005      0.385668635    
   10.0300007      0.312521070    
   10.0400009      0.128814355    
   10.0500011      0.478934169    
   10.0600004      -5.53172566E-02
   10.0700006      0.424525827    
   10.0800009      0.369525015    
   10.0900011      0.277423412    
   10.1000004       1.85135938E-02
   10.1100006      0.148258433    
   10.1200008       1.85510702E-02
   10.1300011      0.185698494    
   10.1400003      0.371773630    
   10.1500006      0.372151107    
   10.1600008      0.279396951    
   10.1700010       3.72908600E-02
   10.1800003      -1.86644346E-02
   10.1900005      0.336301655    
   10.2000008      0.336644828    
   10.2100010       7.48864040E-02
   10.2200003      0.431036979    
   10.2300005      0.187599212    
   10.2400007      0.169012278    
   10.2500010      0.469960093    
   10.2600012      0.188177004    
   10.2700005      0.282555670    
   10.2800007      0.659974754    
   10.2900009      0.188758388    
   10.3000011      0.340115458    
   10.3100004      -5.67443930E-02
   10.3200006      0.170409054    
   10.3300009      0.663387358    
   10.3400011      0.265629649    
   10.3500004       5.69796339E-02
   10.3600006      0.171116203    
   10.3700008      0.266457081    
   10.3800011      -1.90523937E-02
   10.3900003      -9.53613073E-02
   10.4000006      0.210013390    
   10.4100008     -0.210232347    
   10.4200010      0.325243771    
   10.4300003      0.574559271    
   10.4400005      0.268408209    
   10.4500008      -7.67683461E-02
   10.4600010       5.76366000E-02
   10.4700003      0.153858900    
   10.4800005      0.115515433    
   10.4900007      0.424001813    
   10.5000010      0.405155003    
   10.5100012      0.309014797    
   10.5200005      0.174004212    
   10.5300007      0.541918039    
   10.5400009      0.135622740    
   10.5500011      0.135766208    
   10.5600004       1.94157194E-02
   10.5700006      0.583089411    
   10.5800009     -0.155655593    
   10.5900011      0.116865762    
   10.6000004       9.74917188E-02
   10.6100006      0.429420382    
   10.6200008      0.136779457    
   10.6300011       3.91215570E-02
   10.6400003      0.411215097    
   10.6500006      0.176423535    
   10.6600008      0.294354022    
   10.6700010     -0.157157034    
   10.6800003      0.117994271    
   10.6900005      0.236242041    
   10.7000008      -1.97080038E-02
   10.7100010      0.217021376    
   10.7200012      0.158003792    
   10.7300005      0.474522769    
   10.7400007       1.97931547E-02
   10.7500010       5.94436005E-02
   10.7600012      0.238031730    
   10.7700005      0.456721693    
   10.7800007      0.377701074    
   10.7900009      0.298508793    
   10.8000011      0.219144419    
   10.8100004      -5.98316863E-02
   10.8200006      0.499140590    
   10.8300009      0.319798350    
   10.8400011      0.200092167    
   10.8500004      -8.01243857E-02
   10.8600006      0.140370980    
   10.8700008      0.421574265    
   10.8800011      0.180872768    
   10.8900003      0.643809199    
   10.9000006      0.362540632    
   10.9100008      0.282286197    
   10.9200010      0.343153685    
   10.9300003      0.383947521    
   10.9400005      0.141610473    
   10.9500008      0.506310582    
   10.9600010      0.527145445    
   10.9700012      0.568323851    
   10.9800005      0.182878003    
   10.9900007      0.427188993    
   11.0000010      0.448028564    
   11.0100012      0.489302099    
   11.0200005      0.183692634    
   11.0300007      0.143031344    
   11.0400009      0.245470226    
   11.0500011      0.225265756    
   11.0600004      0.492038727    
   11.0700006      0.472065121    
   11.0800009      0.390404075    
   11.0900011      0.329130262    
   11.1000004       6.17812611E-02
   11.1100006      0.226786137    
   11.1200008      0.639844298    
   11.1300011       6.19902536E-02
   11.1400003      0.310300946    
   11.1500006      0.310651541    
   11.1600008      0.352470070    
   11.1700010      0.103785060    
   11.1800013      0.498733133    
   11.1900005      0.499299258    
   11.2000008      0.249933317    
   11.2100010      0.479583800    
   11.2200012      0.334003478    
   11.2300005      0.501576543    
   11.2400007      0.209228814    
   11.2500010       8.37871805E-02
   11.2600012      0.209707588    
   11.2700005      0.398900777    
   11.2800007      0.315282822    
   11.2900009      0.652332664    
   11.3000011      0.568813801    
   11.3100004       6.32742718E-02
   11.3200006      -6.33471310E-02
   11.3300009      0.338241100    
   11.3400011      0.317467302    
   11.3500004      0.317834288    
   11.3600006     -0.190921262    
   11.3700008       8.49522278E-02
   11.3800011      0.446516544    
   11.3900003      0.361885637    
   11.4000006      0.149185002    
   11.4100008      0.533423841    
   11.4200010       4.27236333E-02
   11.4300013      0.470508456    
   11.4400005      -6.42351881E-02
   11.4500008      0.621666551    
   11.4600010      0.600932479    
   11.4700012      0.300818533    
   11.4800005      0.258147031    
   11.4900007      0.193837836    
   11.5000010      0.258754492    
   11.5100012     -0.107941404    
   11.5200005      0.497115821    
   11.5300007      0.194753230    
   11.5400009      0.194983438    
   11.5500011      0.737475753    
   11.5600004      0.238877833    
   11.5700006      0.456580460    
   11.5800009      0.130606487    
   11.5900011      0.348697990    
   11.6000004      0.152737036    
   11.6100006      0.655367434    
   11.6200008      0.328074753    
   11.6300011      0.306568921    
   11.6400013      0.438479483    
   11.6500006      0.197552070    
   11.6600008      0.439530998    
   11.6700010       6.60088211E-02
   11.6800013      0.198264435    
   11.6900005       8.82235542E-02
   11.7000008      0.397484303    
   11.7100010      0.508509278    
   11.7200012      0.442716062    
   11.7300005      0.199463114    
   11.7400007      0.355030358    
   11.7500010      0.266595542    
   11.7600012      0.400378615    
   11.7700005      0.178162277    
   11.7800007      0.379055411    
   11.7900009     -0.133947209    
   11.8000011      0.156462327    
   11.8100004      0.335685790    
   11.8200006      0.179251224    
   11.8300009      0.269206017    
   11.8400011      0.202151939    
   11.8500004      0.202399984    
   11.8600006      0.202648684    
   11.8700008      0.202897891    
   11.8800011      0.203147739    
   11.8900013      0.180798471    
   11.9000006      0.135766238    
   11.9100008      0.566391945    
   11.9200010      0.385623187    
   11.9300013       6.81355000E-02
   11.9400005      0.136440009    
   11.9500008      0.318755507    
   11.9600010      0.387541682    
   11.9700012      0.342374384    
   11.9800005      0.571335495    
   11.9900007      0.320347339    
   12.0000010      0.206194952    
   12.0100012      0.389966875    
   12.0200005      0.298583686    
   12.0300007      0.137980744    
   12.0400009      0.138154060    
   12.0500011      0.345819622    
   12.0600004      0.369338900    
   12.0700006      0.323579073    
   12.0800009      0.115709849    
   12.0900011      0.556109488    
   12.1000004      0.603214622    
   12.1100006      0.278759629    
   12.1200008      0.139556676    
   12.1300011      0.349334925    
   12.1400013      0.303142160    
   12.1500006      0.466966659    
   12.1600008      0.467562318    
   12.1700010      0.210671753    
   12.1800013      0.351568639    
   12.1900005      0.422422469    
   12.2000008      0.258478075    
   12.2100010      -2.35281698E-02
   12.2200012      0.424051374    
   12.2300005      0.424597114    
   12.2400007      0.212572128    
   12.2500010      0.118248023    
   12.2600012      0.307842076    
   12.2700005      0.711323738    
   12.2800007      0.261156559    
   12.2900009      0.665624261    
   12.3000011      0.285638064    
   12.3100004      0.405180126    
   12.3200006      0.286381900    
   12.3300009      0.238962770    
   12.3400011      0.119637355    
   12.3500013      0.167711243    
   12.3600006      0.551772416    
   12.3700008      0.120107740    
   12.3800011      0.721592247    
   12.3900013      0.216762111    
   12.4000006      0.192930982    
   12.4100008      0.313925833    
   12.4200010      0.120900042    
   12.4300013      0.266331404    
   12.4400005      0.242439717    
   12.4500008      0.339865178    
   12.4600010      0.218774483    
   12.4700012      0.511151791    
   12.4800005     -0.121864639    
   12.4900007      0.512513101    
   12.5000010      0.366568863    
   12.5100012      0.391528785    
   12.5200005      0.539071918    
   12.5300007     -0.147216395    
   12.5400009     -0.221120641    
   12.5500011      0.147611633    
   12.5600004      0.394160062    
   12.5700006      0.419358671    
   12.5800009      0.172909871    
   12.5900011      -2.47347709E-02
   12.6000013      0.123840824    
   12.6100006      0.124008417    
   12.6200008       9.93411541E-02
   12.6300011      0.273558855    
   12.6400013     -0.149416640    
   12.6500006      0.149619937    
   12.6600008      0.374559492    
   12.6700010      0.375070453    
   12.6800013      0.325505137    
   12.6900005      0.601754606    
   12.7000008      0.276181996    
   12.7100010       7.54257217E-02
   12.7200012       7.55292773E-02
   12.7300005      0.655487597    
   12.7400007      0.227212101    
   12.7500010      0.353928506    
   12.7600012      0.455679506    
   12.7700005      0.557711959    
   12.7800007      -5.07712960E-02
   12.7900009      0.152525201    
   12.8000011      0.229105517    
   12.8100014      0.127457887    
   12.8200006      0.459487408    
   12.8300009      0.383440226    
   12.8400011      0.486369282    
   12.8500013      0.102536760    
   12.8600006      0.308041066    
   12.8700008      0.488415718    
   12.8800011      0.154453143    
   12.8900013      0.206227168    
   12.9000006      0.309776515    
   12.9100008      0.206808925    
   12.9200010      0.258876294    
   12.9300013      0.285166681    
   12.9400005      0.493258387    
   12.9500008      0.337971240    
   12.9600010      0.390520781    
   12.9700012      0.208574027    
   12.9800005      0.182762235    
   12.9900007      0.653653443    
   13.0000010      0.209467933    
   13.0100012       2.62209680E-02
   13.0200005      0.420136213    
   13.0300007       7.88885728E-02
   13.0400009      0.447677493    
   13.0500011      0.263718605    
   13.0600014      0.396147907    
   13.0700006      0.132239848    
   13.0800009      0.503237545    
   13.0900011      0.397867799    
   13.1000013      0.239066631    
   13.1100006      0.345819682    
   13.1200008      -1.09246043E-08
   13.1300011       8.00368562E-02
   13.1400013       2.67178565E-02
   13.1500006      0.187297925    
   13.1600008      0.107183859    
   13.1700010      0.402528018    
   13.1800013      0.134372726    
   13.1900005      0.511366189    
   13.2000008      0.485164642    
   13.2100010       0.00000000    
   13.2200012      0.270331025    
   13.2300005       8.12191069E-02
   13.2400007      0.379583120    
   13.2500010      0.515911639    
   13.2600012      0.326322436    
   13.2700014      0.517444909    
   13.2800007      0.136372343    
   13.2900009      0.327781379    
   13.3000011      0.273558855    
   13.3100014      0.109587111    
   13.3200006      0.439004600    
   13.3300009       2.74788942E-02
   13.3400011      0.605444014    
   13.3500013      0.358300358    
   13.3600006      0.358840019    
   13.3700008      0.414670616    
   13.3800011      0.249178201    
   13.3900013      0.194098443    
   13.4000006      0.333244383    
   13.4100008      0.500625193    
   13.4200010      0.250692964    
   13.4300013      0.195280179    
   13.4400005      0.474974841    
   13.4500008       8.39470923E-02
   13.4600010      0.196175978    
   13.4700012      0.364884794    
   13.4800005      0.393555492    
   13.4900007      0.281542897    
   13.5000010      0.394766480    
   13.5100012      0.282410532    
   13.5200014      0.509123385    
   13.5300007      -2.83283126E-02
   13.5400009      0.397210836    
   13.5500011      0.113664754    
   13.5600014      0.256142825    
   13.5700006      -2.85045821E-02
   13.5800009      0.285489738    
   13.5900011      0.428902715    
   13.6000013      0.343658298    
   13.6100006      -2.86830012E-02
   13.6200008      0.344735533    
   13.6300011      0.201411441    
   13.6400013      0.345819652    
   13.6500006      0.490682662    
   13.6600008      0.433638215    
   13.6700010      0.115819566    
   13.6800013      -8.70020837E-02
   13.6900005      0.174279958    
   13.7000008      0.523669779    
   13.7100010      0.262251168    
   13.7200012      0.262668759    
   13.7300005      0.175391763    
   13.7400007      0.527015924    
   13.7500010      0.293255061    
   13.7600012      0.234980017    
   13.7700014       8.82589519E-02
   13.7800007      0.176801652    
   13.7900009      0.501744807    
   13.8000011      0.354744047    
   13.8100014      0.355317175    
   13.8200006       8.89730155E-02
   13.8300009       4.53273685E-09
   13.8400011      0.208277762    
   13.8500013      0.506639838    
   13.8600006       8.95526707E-02
   13.8700008      0.388694584    
   13.8800011     -0.179690599    
   13.8900013      0.449961782    
   13.9000006      0.450699359    
   13.9100008      0.481535494    
   13.9200010      0.422036469    
   13.9300013      0.332146406    
   13.9400005      0.272204578    
   13.9500008      0.424129248    
   13.9600010      0.515866697    
   13.9700012      0.638303936    
   13.9800014      0.152229548    
   13.9900007      0.548938394    
   14.0000010      0.610948086    
   14.0100012       3.05983722E-02
   14.0200014      0.459743530    
   14.0300007      0.307009131    
   14.0400009      0.215266943    
   14.0500011      0.154020518    
   14.0600014      0.370271593    
   14.0700006      0.216355979    
   14.0800009      0.371522456    
   14.0900011      0.527214050    
   14.1000013      0.341716737    
   14.1100006      0.404532671    
   14.1200008      0.249366552    
   14.1300011      -2.80094206E-08
   14.1400013      0.500435352    
   14.1500006      0.469960093    
   14.1600008      0.251074553    
   14.1700010      0.471572250    
   14.1800013      -6.29843250E-02
   14.1900005      0.473195553    
   14.2000008      0.252806097    
   14.2100010      0.411519438    
   14.2200012      0.253680855    
   14.2300014      0.127060279    
   14.2400007      0.222741500    
   14.2500010      0.223128840    
   14.2600012      0.159655422    
   14.2700014      0.319868088    
   14.2800007      0.416555524    
   14.2900009      0.449383855    
   14.3000011      0.353706777    
   14.3100014      0.515386820    
   14.3200006       9.68051702E-02
   14.3300009     -0.226277053    
   14.3400011       3.23824137E-02
   14.3500013      0.454156071    
   14.3600006      0.422464103    
   14.3700008      0.260439694    
   14.3800011      0.163064420    
   14.3900013      0.130684122    
   14.4000006      0.196376190    
   14.4100008      0.262303293    
   14.4200010      0.459853381    
   14.4300013      0.131622568    
   14.4400015      0.329648226    
   14.4500008      -9.90726575E-02
   14.4600010      0.198502988    
   14.4700012      0.596585810    
   14.4800014      0.332036972    
   14.4900007      0.199583754    
   14.5000010      0.366568863    
   14.5100012      0.200310856    
   14.5200014       3.34460773E-02
   14.5300007      0.167536035    
   14.5400009      0.369254321    
   14.5500011      0.269041359    
   14.5600014      0.707531750    
   14.5700006      0.337540358    
   14.5800009      0.202897877    
   14.5900011      0.271030575    
   14.6000013      0.339415610    
   14.6100006      0.476063460    
   14.6200008      0.408812851    
   14.6300011      0.307180583    
   14.6400013      0.341948569    
   14.6500006      0.342587739    
   14.6600008     -0.171614647    
   14.6700010      0.378260523    
   14.6800013      0.620135307    
   14.6900015      0.655819893    
   14.7000008      0.242073759    
   14.7100010      0.207884029    
   14.7200012      0.277703673    
   14.7300014      0.452124745    
   14.7400007      0.104534805    
   14.7500010      0.523669839    
   14.7600012      0.594625056    
   14.7700014      0.455582708    
   14.7800007      0.210671753    
   14.7900009      0.316614181    
   14.8000011      0.246729016    
   14.8100014      0.423779041    
   14.8200006      0.566129446    
   14.8300009      0.496321470    
   14.8400011      0.355202377    
   14.8500013      0.533838153    
   14.8600006      0.178292215    
   14.8700008      0.678831160    
   14.8800011      0.250584155    
   14.8900013       1.18363714    
   14.9000015      0.395319402    
   14.9100008      0.108026214    
   14.9200010      0.252557278    
   14.9300013      0.469960034    
   14.9400015      0.434666574    
   14.9500008      0.471821249    
   14.9600010      0.800050974    
   14.9700012      0.437259078    
   14.9800014      0.620684266    
   14.9900007      0.365837157    
   15.0000010      0.623166978    
   15.0100012      0.110191025    
   15.0200014      0.294432789    
   15.0300007      0.295025229    
   15.0400009      0.739050090    
   15.0500011      0.370271534    
   15.0600014      0.482327402    
   15.0700006      0.483305752    
   15.0800009      0.521541059    
   15.0900011      0.485274464    
   15.1000013      0.299239874    
   15.1100006      0.187407389    
   15.1200008      0.112674862    
   15.1300011      0.376354069    
   15.1400013      0.263989925    
   15.1500015      0.188953012    
   15.1600008      0.378686816    
   15.1700010      0.720994711    
   15.1800013     -0.190129057    
   15.1900015      0.419153571    
   15.2000008      0.801869392    
   15.2100010      0.306111783    
   15.2200012      0.421784252    
   15.2300014      0.461092949    
   15.2400007      0.423556477    
   15.2500010      0.115758568    
   15.2600012      0.348008335    
   15.2700014      0.464992195    
   15.2800007      -7.76629075E-02
   15.2900009      0.700449944    
   15.3000011      0.116990082    
   15.3100014      0.117239513    
   15.3200006      0.156653360    
   15.3300009      -7.84943625E-02
   15.3400011      0.196657121    
   15.3500013      0.512408078    
   15.3600006      0.316007644    
   15.3700008      0.197931349    
   15.3800011      0.238031745    
   15.3900013       7.95160383E-02
   15.4000015      0.199222222    
   15.4100008      0.159724995    
   15.4200010      0.240110591    
   15.4300013      0.280742019    
   15.4400015      0.562715352    
   15.4500008      0.523669839    
   15.4600010      0.282597154    
   15.4700012      0.283220947    
   15.4800014      0.162198588    
   15.4900007      0.690872610    
   15.5000010      -3.74835345E-08
   15.5100012      0.571488261    
   15.5200014      0.572763801    
   15.5300007       1.14809036    
   15.5400009      0.575332284    
   15.5500011      0.453062624    
   15.5600014      0.495363235    
   15.5700006      0.413734615    
   15.5800009      0.248802409    
   15.5900011      0.457172006    
   15.6000013      0.124966636    
   15.6100016      0.375753939    
   15.6200008      0.585840702    
   15.6300011     -0.251649082    
   15.6400013      0.420377105    
   15.6500015      0.337074846    
   15.6600008      0.253388643    
   15.6700010       4.23289686E-02
   15.6800013      0.296988636    
   15.6900015      0.297677696    
   15.7000008      0.213121369    
   15.7100010      0.469960093    
   15.7200012      0.471058100    
   15.7300014      0.643856287    
   15.7400007      0.129073545    
   15.7500010       4.31257449E-02
   15.7600012      0.389047086    
   15.7700014      0.173318610    
   15.7800007       5.46230217E-09
   15.7900009      0.130606487    
   15.8000011      -5.46230217E-09
   15.8100014      0.481176287    
   15.8200006      0.131543875    
   15.8300009      0.395577878    
   15.8400011      0.484646291    
   15.8500013      0.353319407    
   15.8600016      -4.42715734E-02
   15.8700008     -0.266272783    
   15.8800011      0.355892092    
   15.8900013      0.579731762    
   15.9000015      0.312924594    
   15.9100008      0.134438425    
   15.9200010      0.988298416    
   15.9300013       4.36984173E-08
   15.9400015       9.02878866E-02
   15.9500008      0.181021631    
   15.9600010      0.317571998    
   15.9700012      0.227400005    
   15.9800014      0.455931425    
   15.9900007      0.731309474    
