   0.00000000      0.500000000    
  0.100000001      0.502512574    
  0.200000003      0.505050540    
  0.300000012      0.507614195    
  0.400000006      0.637755096    
  0.500000000      0.256410271    
  0.600000024      0.257731944    
  0.699999988      0.259067357    
  0.800000012      0.260416687    
  0.900000036      0.261780113    
   1.00000000      0.263157904    
   1.10000002      0.264550269    
   1.20000005      0.265957445    
   1.30000007      0.267379701    
   1.39999998      0.403225809    
   1.50000000       0.00000000    
   1.60000002       0.00000000    
   1.70000005       0.00000000    
   1.80000007       0.00000000    
   1.89999998     -0.138121545    
   2.00000000      0.277777791    
   2.10000014      0.279329598    
   2.20000005      0.280898899    
   2.29999995      0.282485873    
   2.40000010      0.284090936    
   2.50000000      0.285714298    
   2.60000014      0.287356317    
   2.70000005      0.289017349    
   2.79999995      0.290697694    
   2.90000010      0.292397678    
   3.00000000      0.294117659    
   3.10000014      0.295857996    
   3.20000005      0.297619075    
   3.29999995      0.299401224    
   3.40000010      0.301204801    
   3.50000000      0.303030312    
   3.60000014      0.304878056    
   3.70000005      0.306748480    
   3.79999995      0.308641970    
   3.90000010      0.310559005    
   4.00000000      0.312500000    
   4.09999990      0.314465404    
   4.20000029      0.316455722    
   4.30000019      0.318471342    
   4.40000010      0.320512831    
   4.50000000      0.322580636    
   4.59999990      0.324675322    
   4.70000029      0.326797396    
   4.80000019      0.328947365    
   4.90000010      0.331125826    
   5.00000000      0.333333343    
   5.09999990      0.335570484    
   5.20000029      0.337837845    
   5.30000019      0.340136051    
   5.40000010      0.342465758    
   5.50000000      0.344827592    
   5.59999990      0.347222239    
   5.70000029      0.349650353    
   5.80000019      0.352112681    
   5.90000010      0.354609936    
   6.00000000      0.357142866    
   6.09999990      0.359712243    
   6.20000029      0.362318844    
   6.30000019      0.364963502    
   6.40000010      0.367647082    
   6.50000000      0.370370358    
   6.59999990      0.373134315    
   6.70000029      0.375939876    
   6.80000019      0.378787905    
   6.90000010      0.381679386    
   7.00000000      0.384615391    
   7.09999990      0.387596905    
   7.20000029      0.390625000    
   7.30000019      0.393700808    
   7.40000010      0.396825433    
   7.50000000      0.400000036    
   7.59999990      0.403225809    
   7.70000029      0.406504065    
   7.80000019      0.409836054    
   7.90000010      0.413223118    
   8.00000000      0.416666687    
   8.10000038      0.420168102    
   8.19999981      0.423728824    
   8.30000019      0.427350461    
   8.40000057      0.431034505    
   8.50000000      0.434782594    
   8.60000038      0.438596517    
   8.69999981      0.442477882    
   8.80000019      0.446428597    
   8.90000057      0.450450480    
   9.00000000      0.454545438    
   9.10000038      0.458715588    
   9.19999981      0.462962985    
   9.30000019      0.467289716    
   9.40000057      0.471698135    
   9.50000000      0.476190507    
   9.60000038      0.480769247    
   9.69999981      0.485436916    
   9.80000019      0.490196109    
   9.90000057      0.495049506    
   10.0000000      0.500000000    
   10.1000004      0.505050540    
   10.1999998      0.510204077    
   10.3000002      0.515463889    
   10.4000006      0.520833373    
   10.5000000      0.526315808    
   10.6000004      0.531914890    
   10.6999998      0.537634432    
   10.8000002      0.543478310    
   10.9000006      0.549450576    
   11.0000000      0.555555582    
   11.1000004      0.561797798    
   11.1999998      0.568181872    
   11.3000002      0.574712634    
   11.4000006      0.581395388    
   11.5000000      0.588235319    
   11.6000004      0.595238149    
   11.6999998      0.602409601    
   11.8000002      0.609756112    
   11.9000006      0.617283940    
   12.0000000      0.625000000    
   12.1000004      0.632911444    
   12.1999998      0.641025662    
   12.3000002      0.649350643    
   12.4000006      0.657894731    
   12.5000000      0.666666687    
   12.6000004      0.675675690    
   12.6999998      0.684931517    
   12.8000002      0.694444478    
   12.9000006      0.704225361    
   13.0000000      0.714285731    
   13.1000004      0.724637687    
   13.1999998      0.735294163    
   13.3000002      0.746268630    
   13.4000006      0.757575810    
   13.5000000      0.769230783    
   13.6000004      0.781250000    
   13.6999998      0.793650866    
   13.8000002      0.806451619    
   13.9000006      0.819672108    
   14.0000000      0.833333373    
   14.1000004      0.847457647    
   14.1999998      0.862069011    
   14.3000002      0.877193034    
   14.4000006      0.892857194    
   14.5000000      0.909090877    
   14.6000004      0.925925970    
   14.6999998      0.943396270    
   14.8000002      0.961538494    
   14.9000006      0.980392218    
   15.0000000       1.00000000    
   15.1000004       1.02040815    
   15.1999998       1.04166675    
   15.3000002       1.06382978    
   15.4000006       1.08695662    
   15.5000000       1.11111116    
   15.6000004       1.13636374    
   15.6999998       1.16279078    
   15.8000002       1.19047630    
   15.9000006       1.21951222    
