   0.00000000       17.3138008    
   1.00000007E-02   9.99767780    
   2.00000014E-02   6.79556656    
   3.00000012E-02   3.17937374    
   4.00000028E-02   1.98198736    
   5.00000045E-02   1.13592947    
   6.00000024E-02   1.02382874    
   7.00000077E-02   1.14687192    
   8.00000057E-02   2.45180964    
   9.00000036E-02   1.32464314    
  0.100000009       1.48238230    
  0.110000007      0.996935785    
  0.120000005       1.21363175    
  0.130000010       1.07167959    
  0.140000015       1.07221913    
  0.150000006      0.969420075    
  0.160000011      0.738508880    
  0.170000017      0.768436670    
  0.180000007       1.03988445    
  0.190000013      0.660733998    
  0.200000018      0.473600596    
  0.210000008      0.834155798    
  0.220000014      0.380251229    
  0.230000019      0.785591304    
  0.240000010      0.701952219    
  0.250000030      0.875411928    
  0.260000020      0.321641862    
  0.270000011      0.821839929    
  0.280000031      0.361594975    
  0.290000021      0.743380010    
  0.300000012      0.743757308    
  0.310000032      0.947531819    
  0.320000023      0.863635659    
  0.330000013      0.546254158    
  0.340000033      0.332887530    
  0.350000024      0.601490855    
  0.360000014      0.621691167    
  0.370000035      0.109473348    
  0.380000025      0.881212056    
  0.390000015      0.298868328    
  0.400000036      0.423612922    
  0.410000026      0.508594930    
  0.420000017      0.249438584    
  0.430000037      0.384331584    
  0.440000027      0.589276910    
  0.450000018      0.444681942    
  0.460000038      0.214956284    
  0.470000029      0.160049275    
  0.480000019      0.545447230    
  0.490000039      0.430573553    
  0.500000060      0.851570189    
  0.510000050      0.631487846    
  0.520000041      0.396136075    
  0.530000031      -1.00338766E-02
  0.540000021      0.286113352    
  0.550000012      0.647852719    
  0.560000062      0.507494390    
  0.570000052      0.356937259    
  0.580000043      0.593525052    
  0.590000033      0.291882962    
  0.600000024      0.412874639    
  0.610000014      0.367748797    
  0.620000064      0.423381418    
  0.630000055      0.100857086    
  0.640000045      0.418773353    
  0.650000036      0.661297023    
  0.660000026      0.500017285    
  0.670000076      0.540702164    
  0.680000067      0.242683575    
  0.690000057      0.263043344    
  0.700000048      -7.08560571E-02
  0.710000038      0.668417573    
  0.720000029      0.390112579    
  0.730000079      0.866803646    
  0.740000069      0.588312447    
  0.750000060       5.58172613E-02
  0.760000050      0.233538806    
  0.770000041      0.482558995    
  0.780000031      0.594618917    
  0.790000081      0.737304628    
  0.800000072      0.427350610    
  0.810000062      0.381761819    
  0.820000052      0.346311122    
  0.830000043      0.208914205    
  0.840000033      0.392555863    
  0.850000083      0.719211459    
  0.860000074      0.836966455    
  0.870000064      0.337004095    
  0.880000055      0.183916599    
  0.890000045      0.168678358    
  0.900000036      0.613697171    
  0.910000086      0.614018500    
  0.920000076      0.419799298    
  0.930000067      0.261231601    
  0.940000057      0.445864260    
  0.950000048      0.394822657    
  0.960000038      0.194949821    
  0.970000088      0.400370538    
  0.980000079      0.600871444    
  0.990000069      0.210672572    
   1.00000012      0.195360243    
   1.01000011      0.442363918    
   1.02000010      0.504354656    
   1.03000009      0.180221647    
   1.04000008       8.24304894E-02
   1.05000007      0.422679216    
   1.06000006      0.299126029    
   1.07000005      0.314764261    
   1.08000004       9.29303467E-02
   1.09000003      0.258276463    
   1.10000002       5.16825914E-03
   1.11000013      0.480902761    
   1.12000012      0.196601942    
   1.13000011      0.181176618    
   1.14000010      0.243423447    
   1.15000010      0.424921513    
   1.16000009      0.228127658    
   1.17000008       2.59373672E-02
   1.18000007     -0.114185035    
   1.19000006      0.399860114    
   1.20000005      0.197438553    
   1.21000004      0.379491746    
   1.22000003      0.161239877    
   1.23000014      0.463160992    
   1.24000013      0.400925875    
   1.25000012      0.250061065    
   1.26000011      0.912167907    
   1.27000010      0.260758489    
   1.28000009      0.495705783    
   1.29000008      0.433321565    
   1.30000007      0.496235967    
   1.31000006      0.465143293    
   1.32000005      0.125499144    
   1.33000004      0.591208100    
   1.34000015      0.507769108    
   1.35000014      0.822293878    
   1.36000013      0.413987607    
   1.37000012      0.283130795    
   1.38000011      0.487876058    
   1.39000010      0.503884614    
   1.40000010      0.593432963    
   1.41000009      0.136615574    
   1.42000008      0.299664587    
   1.43000007      0.205144033    
   1.44000006      0.442086756    
   1.45000005      0.516045928    
   1.46000016      0.252893537    
   1.47000015      0.442802429    
   1.48000014      0.210972205    
   1.49000013      0.221640438    
   1.50000012      0.718081057    
   1.51000011      0.369800448    
   1.52000010      -2.64286064E-02
   1.53000009      0.327892095    
   1.54000008      0.105828926    
   1.55000007      0.741204321    
   1.56000006      0.301939666    
   1.57000005      0.190802172    
   1.58000016      0.148482278    
   1.59000015      0.307737648    
   1.60000014      0.180495888    
   1.61000013      0.260267794    
   1.62000012      0.324183226    
   1.63000011      0.170155898    
   1.64000010      0.542667449    
   1.65000010      0.409883857    
   1.66000009      0.362172753    
   1.67000008      0.234475017    
   1.68000007      0.421218932    
   1.69000018      -2.13391446E-02
   1.70000017      0.186819986    
   1.71000016      0.138856381    
   1.72000015      0.571760178    
   1.73000014      -3.20788585E-02
   1.74000013      0.310265481    
   1.75000012      0.385368168    
   1.76000011      0.535527050    
   1.77000010      0.160746261    
   1.78000009       7.50560760E-02
   1.79000008       9.11895484E-02
   1.80000007      0.171745196    
   1.81000018      0.241649553    
   1.82000017      0.128950670    
   1.83000016      0.510710657    
   1.84000015      0.285079688    
   1.85000014      0.102254659    
   1.86000013      0.274624407    
   1.87000012       3.77143323E-02
   1.88000011       7.54703060E-02
   1.89000010      0.372166187    
   1.90000010      0.485702097    
   1.91000009      0.491370499    
   1.92000008      0.199898511    
   1.93000019      0.135141283    
   1.94000018      0.118990198    
   1.95000017      0.405873060    
   1.96000016      0.140780702    
   1.97000015       9.75176096E-02
   1.98000014      -4.87858765E-02
   1.99000013      0.639991939    
   2.00000024      0.124813467    
   2.01000023      0.309492409    
   2.02000022      0.206442967    
   2.03000021      0.451165795    
   2.04000020      0.516682267    
   2.05000019      0.544178963    
   2.06000018      0.288575619    
   2.07000017      0.430381000    
   2.08000016      0.152625144    
   2.09000015      0.545394421    
   2.10000014      0.234650537    
   2.11000013      0.174721241    
   2.12000012      0.540846288    
   2.13000011      0.399029076    
   2.14000010      -2.73460876E-02
   2.15000010      0.142279238    
   2.16000009      0.191636935    
   2.17000008      0.350618541    
   2.18000007      0.208296493    
   2.19000006      -3.29073779E-02
   2.20000005      0.389622957    
   2.21000004      0.334934682    
   2.22000027      0.170308396    
   2.23000026       3.84783782E-02
   2.24000025      -9.35001001E-02
   2.25000024       1.65092908E-02
   2.26000023      0.368915945    
   2.27000022      0.528894067    
   2.28000021      0.220496893    
   2.29000020      0.275776774    
   2.30000019      0.419417530    
   2.31000018      0.248479664    
   2.32000017      0.220995799    
   2.33000016      0.315097153    
   2.34000015      0.508865893    
   2.35000014      0.271179974    
   2.36000013      0.254721463    
   2.37000012      0.410001695    
   2.38000011      0.227292016    
   2.39000010      0.382733047    
   2.40000010       8.88001397E-02
   2.41000009      -1.66594833E-02
   2.42000008       2.22253092E-02
   2.43000007      0.255736202    
   2.44000006      0.228068620    
   2.45000029      0.294988424    
   2.46000028      0.356415540    
   2.47000027      0.373335421    
   2.48000026      0.289918244    
   2.49000025       7.80994967E-02
   2.50000024       8.37258399E-02
   2.51000023       2.79245451E-02
   2.52000022      0.340874523    
   2.53000021      0.162147850    
   2.54000020      0.318886966    
   2.55000019      0.369449139    
   2.56000018      0.632904410    
   2.57000017     -0.112082772    
   2.58000016      0.302797139    
   2.59000015      -7.29374737E-02
   2.60000014      0.230165854    
   2.61000013      0.106723554    
   2.62000012      0.207949698    
   2.63000011      0.292421728    
   2.64000010      0.185682252    
   2.65000010      0.135119468    
   2.66000009      0.101398066    
   2.67000008      0.394553304    
   2.68000031      0.281986564    
   2.69000030      0.316007346    
   2.70000029      0.231496289    
   2.71000028      -2.82476041E-02
   2.72000027      0.361778378    
   2.73000026      0.164025694    
   2.74000025       9.05494094E-02
   2.75000024      0.243492484    
   2.76000023      0.311624557    
   2.77000022      0.289128691    
   2.78000021      0.215554312    
   2.79000020      0.249734208    
   2.80000019       3.97535115E-02
   2.81000018       4.54590656E-02
   2.82000017      -6.82282671E-02
   2.83000016      0.489254057    
   2.84000015       3.41538712E-02
   2.85000014      0.410085678    
   2.86000013      0.347636431    
   2.87000012      0.313625634    
   2.88000011       4.56449389E-02
   2.89000010      -2.85447631E-02
   2.90000010      0.319888175    
   2.91000032      0.240056515    
   2.92000031      0.320262671    
   2.93000031      0.177392170    
   2.94000030      0.297735482    
   2.95000029     -0.143225998    
   2.96000028      0.275155276    
   2.97000027      0.206487626    
   2.98000026      0.177913338    
   2.99000025      0.384748280    
   3.00000024      -5.17129973E-02
   3.01000023       8.62390697E-02
   3.02000022      0.402686059    
   3.03000021      0.310826600    
   3.04000020      0.190061584    
   3.05000019     -0.345770389    
   3.06000018      0.167221040    
   3.07000017      0.138471529    
   3.08000016      0.259787589    
   3.09000015      0.254164785    
   3.10000014      0.595328629    
   3.11000013      -4.04831767E-02
   3.12000012      0.387711346    
   3.13000011      0.277928054    
   3.14000010      0.399758548    
   3.15000033      0.191302270    
   3.16000032      0.429235786    
   3.17000031      0.203137547    
   3.18000031       8.13033134E-02
   3.19000030      0.348650128    
   3.20000029      0.226757497    
   3.21000028       4.65420671E-02
   3.22000027       4.07485664E-02
   3.23000026      0.302884132    
   3.24000025      0.104907051    
   3.25000024      0.466531992    
   3.26000023      0.239240497    
   3.27000022      0.140126914    
   3.28000021      0.227842391    
   3.29000020      0.467648685    
   3.30000019      0.163775101    
   3.31000018      0.368714631    
   3.32000017      0.275237769    
   3.33000016      0.404314905    
   3.34000015      -1.75894573E-02
   3.35000014      0.310933679    
   3.36000013       5.87020628E-03
   3.37000012      0.293686509    
   3.38000035      0.352635890    
   3.39000034       4.70464304E-02
   3.40000033      0.335407674    
   3.41000032      0.418040276    
   3.42000031       8.83716419E-02
   3.43000031      0.100214951    
   3.44000030      0.188753858    
   3.45000029       6.49233684E-02
   3.46000028      0.259850413    
   3.47000027      0.395920664    
   3.48000026      0.224687979    
   3.49000025      -2.36656722E-02
   3.50000024      0.201280281    
   3.51000023      0.142166346    
   3.52000022      0.171888575    
   3.53000021      0.266885608    
   3.54000020      0.350129277    
   3.55000019      0.498792201    
   3.56000018      0.148540348    
   3.57000017      -2.37808991E-02
   3.58000016       9.51816440E-02
   3.59000015       5.95249608E-03
   3.60000014      0.232288152    
   3.61000037       5.36376834E-02
   3.62000036      -4.77070548E-02
   3.63000035      0.125307456    
   3.64000034     -0.101501338    
   3.65000033      0.388330787    
   3.66000032      0.125537485    
   3.67000031       1.79449394E-02
   3.68000031       8.37942362E-02
   3.69000030      0.305437595    
   3.70000029      -1.19852880E-02
   3.71000028      0.233856648    
   3.72000027      0.270000339    
   3.73000026      0.144088656    
   3.74000025      0.228280708    
   3.75000024      0.216399074    
   3.76000023     -0.114280902    
   3.77000022       9.02773589E-02
   3.78000021      0.373376667    
   3.79000020      0.391684681    
   3.80000019      0.217066944    
   3.81000018      0.150834054    
   3.82000017      0.319965780    
   3.83000016      0.247673824    
   3.84000015      0.423119426    
   3.85000038     -0.151207626    
   3.86000037      -7.26246312E-02
   3.87000036       7.87254572E-02
   3.88000035      0.248442009    
   3.89000034      0.212216243    
   3.90000033       1.82012748E-02
   3.91000032      0.261046916    
   3.92000031      0.315881103    
   3.93000031      0.243136600    
   3.94000030      0.340603173    
   3.95000029      0.237353593    
   3.96000028      0.310578942    
   3.97000027     -0.225462541    
   3.98000026       6.09738752E-02
   3.99000025      -3.05059832E-02
   4.00000048      0.293040425    
   4.01000023      0.366529584    
   4.02000046      0.238393322    
   4.03000021      0.146795437    
   4.04000044       6.73234165E-02
   4.05000019       6.73655793E-02
   4.06000042      0.177711576    
   4.07000017      0.741952121    
   4.08000040      -1.84070971E-02
   4.09000015       8.59536082E-02
   4.10000038      0.307170182    
   4.11000013      0.534812570    
   4.12000036      -4.30579893E-02
   4.13000011      0.153875425    
   4.14000034      0.160131380    
   4.15000010      -8.01161975E-02
   4.16000032      0.339167178    
   4.17000008       8.02174285E-02
   4.18000031       9.87915248E-02
   4.19000053      -1.85351241E-02
   4.20000029      0.185468599    
   4.21000051       8.04206356E-02
   4.22000027      0.229034498    
   4.23000050      0.210597649    
   4.24000025      0.260315090    
   4.25000048      0.303893745    
   4.26000023      0.297880948    
   4.27000046       4.34686020E-02
   4.28000021      0.186412409    
   4.29000044      0.230055019    
   4.30000019      0.149319917    
   4.31000042      0.118286930    
   4.32000017      0.348857611    
   4.33000040      0.112204351    
   4.34000015       6.86131343E-02
   4.35000038      0.106106177    
   4.36000013      0.337258786    
   4.37000036      -3.12476251E-02
   4.38000011      -1.25070726E-02
   4.39000034       9.38630477E-02
   4.40000010     -0.169061825    
   4.41000032      0.169170156    
   4.42000008      0.219435453    
   4.43000031       5.64624891E-02
   4.44000053       6.27764389E-02
   4.45000029      0.238703832    
   4.46000051     -0.100571558    
   4.47000027      0.251590818    
   4.48000050       4.40567732E-02
   4.49000025       4.40851673E-02
   4.50000048      -5.04155494E-02
   4.51000023      0.208098397    
   4.52000046      0.321814418    
   4.53000021      0.239938274    
   4.54000044      0.189547449    
   4.55000019      -6.32233843E-02
   4.56000042      0.360606730    
   4.57000017      0.132941216    
   4.58000040      0.329401195    
   4.59000015       3.80324945E-02
   4.60000038      0.139543042    
   4.61000013      0.304655403    
   4.62000036       9.52667147E-02
   4.63000011       3.81314866E-02
   4.64000034      0.248015940    
   4.65000010      0.159088179    
   4.66000032       8.91474560E-02
   4.67000055      -1.27436621E-02
   4.68000031      0.293295383    
   4.69000053      0.159503847    
   4.70000029       1.91529542E-02
   4.71000051       1.27769811E-02
   4.72000027      0.377168059    
   4.73000050      -3.19843255E-02
   4.74000025      0.185630634    
   4.75000048       9.60788205E-02
   4.76000023      0.134598568    
   4.77000046      0.147514313    
   4.78000021       7.70145506E-02
   4.79000044      0.166974530    
   4.80000019      0.212068707    
   4.81000042       7.07361028E-02
   4.82000017      0.302435189    
   4.83000040      0.128780663    
   4.84000015      0.360823661    
   4.85000038      0.116055615    
   4.86000013      0.354848534    
   4.87000036      0.387363434    
   4.88000011      -1.93809867E-02
   4.89000034      0.103433609    
   4.90000057      0.543386161    
   4.91000032      0.207141414    
   4.92000055      0.239666149    
   4.93000031      0.233343408    
   4.94000053      0.110263094    
   4.95000029      0.116826706    
   4.96000051      0.409165502    
   4.97000027      0.220966369    
   4.98000050       7.80400783E-02
   4.99000025       9.11074132E-02
   5.00000048      -1.26031008E-08
   5.01000023      0.495242864    
   5.02000046      -9.78105962E-02
   5.03000021      0.241427168    
   5.04000044      0.156706110    
   5.05000019      0.176412284    
   5.06000042      0.137301385    
   5.07000017      0.327127010    
   5.08000040       1.96407642E-02
   5.09000015      0.281706572    
   5.10000038      0.327785730    
   5.11000013      0.334565938    
   5.12000036      0.288839072    
   5.13000059      0.137947679    
   5.14000034      0.354961365    
   5.15000057      0.197333634    
   5.16000032       4.60755304E-02
   5.17000055      0.414959401    
   5.18000031       6.59110025E-02
   5.19000053      0.342968702    
   5.20000029       9.90001261E-02
   5.21000051      0.369850427    
   5.22000027      0.118960895    
   5.23000050      0.205015823    
   5.24000025      0.291187376    
   5.25000048      0.172181919    
   5.26000023       5.96418679E-02
   5.27000046      0.198941231    
   5.28000021      0.298614502    
   5.29000044      0.272255987    
   5.30000019      -4.65143397E-02
   5.31000042       6.64943084E-02
   5.32000017       5.32316715E-02
   5.33000040      0.153145358    
   5.34000015      0.133260742    
   5.35000038      0.273370981    
   5.36000061      -9.34100151E-02
   5.37000036      0.320481628    
   5.38000059      0.200438008    
   5.39000034      0.280805290    
   5.40000057      0.254235923    
   5.41000032      0.107120126    
   5.42000055      0.355078608    
   5.43000031       2.68167462E-02
   5.44000053      -7.37968162E-02
   5.45000029      0.275249898    
   5.46000051      0.436672002    
   5.47000027       5.37811890E-02
   5.48000050      0.154727474    
   5.49000025      -4.03914824E-02
   5.50000048      0.168414026    
   5.51000023      0.269648403    
   5.52000046       4.04752195E-02
   5.53000021      0.141761050    
   5.54000044      0.310739011    
   5.55000019      0.196036234    
   5.56000042       5.41163906E-02
   5.57000017      0.331692755    
   5.58000040      0.108382925    
   5.59000063       8.81222561E-02
   5.60000038      0.183150202    
   5.61000061       1.35761015E-02
   5.62000036      0.278503865    
   5.63000059      -4.07849960E-02
   5.64000034      0.204067141    
   5.65000057       6.80697663E-03
   5.66000032      0.517691135    
   5.67000055      0.340823978    
   5.68000031      -2.04637218E-02
   5.69000053      0.109216101    
   5.70000029      -6.83076447E-03
   5.71000051       1.36711355E-02
   5.72000027      -5.47227785E-02
   5.73000050      0.369637489    
   5.74000025      0.219198033    
   5.75000048      0.548379719    
   5.76000023       6.85956096E-03
   5.77000046      0.178473890    
   5.78000021       6.86920732E-02
   5.79000044       8.93625468E-02
   5.80000019       5.50310388E-02
   5.81000042      0.137674600    
   5.82000065      0.268654794    
   5.83000040      0.158549234    
   5.84000063       6.89834682E-03
   5.85000038       7.59351030E-02
   5.86000061      0.297047079    
   5.87000036      0.145172164    
   5.88000059       9.68499929E-02
   5.89000034       6.92276135E-02
   5.90000057      0.346383512    
   5.91000032      0.159449488    
   5.92000055       4.85625677E-02
   5.93000031      0.131906375    
   5.94000053      0.229263425    
   5.95000029     -0.132094115    
   5.96000051      -3.47863883E-02
   5.97000027      0.229753658    
   5.98000050      0.529507041    
   5.99000025      0.383469462    
   6.00000048       7.67486989E-02
   6.01000023     -0.258339137    
   6.02000046      0.153716996    
   6.03000021      -3.49606723E-02
   6.04000044      0.300877213    
   6.05000019       8.40259120E-02
   6.06000042      0.182186723    
   6.07000065      0.119207606    
   6.08000040      0.189465806    
   6.09000063       8.42675269E-02
   6.10000038       8.43281820E-02
   6.11000061      0.344587922    
   6.12000036      0.204086676    
   6.13000059       9.85956341E-02
   6.14000034      0.317143351    
   6.15000057      0.387899518    
   6.16000032       7.05780974E-03
   6.17000055      0.105943747    
   6.18000031      0.190836728    
   6.19000053      0.205121204    
   6.20000029      0.141565412    
   6.21000051      0.269169331    
   6.22000027       9.92396027E-02
   6.23000050       2.12810803E-02
   6.24000025      0.255558461    
   6.25000048      0.291264385    
   6.26000023      0.184838668    
   6.27000046      0.291688621    
   6.28000021     -0.192227706    
   6.29000044       4.98731360E-02
   6.30000067      0.206768095    
   6.31000042      0.256865203    
   6.32000065      0.264193326    
   6.33000040      0.214367494    
   6.34000063      0.100111410    
   6.35000038      0.107340798    
   6.36000061      0.107419491    
   6.37000036      0.293828756    
   6.38000059       9.32335705E-02
   6.39000034      0.244020864    
   6.40000057      0.323206335    
   6.41000032      0.186878800    
   6.42000055     -0.258945763    
   6.43000031      0.115171872    
   6.44000053      0.338566810    
   6.45000029      0.129759610    
   6.46000051      0.288567662    
   6.47000027      0.440390825    
   6.48000050      0.158946961    
   6.49000025      -5.06114773E-02
   6.50000048      0.217066899    
   6.51000023      0.101372994    
   6.52000046      0.246374175    
   6.53000069      -2.17550658E-02
   6.54000044      0.384624630    
   6.55000067       7.26246089E-03
   6.56000042      -2.90714763E-02
   6.57000065      0.130918995    
   6.58000040      0.174688712    
   6.59000063      0.276796818    
   6.60000038     -0.123922534    
   6.61000061      0.211555198    
   6.62000036       5.84036633E-02
   6.63000059       7.30592087E-02
   6.64000034      -2.19341647E-02
   6.65000057      -7.31688365E-03
   6.66000032      0.534531593    
   6.67000055      0.161212549    
   6.68000031      0.198000252    
   6.69000053       4.40331250E-02
   6.70000029      0.154231757    
   6.71000051      0.213146999    
   6.72000027      0.161819473    
   6.73000050      0.426936507    
   6.74000025      0.338860184    
   6.75000048      0.199046284    
   6.76000071      0.295106173    
   6.77000046       7.38322316E-03
   6.78000069      0.177331552    
   6.79000044      0.369720340    
   6.80000067      -3.70000713E-02
   6.81000042      0.340658545    
   6.82000065      0.103757352    
   6.83000040      -4.45011929E-02
   6.84000063      0.103915006    
   6.85000038      0.230272561    
   6.86000061      0.111507006    
   6.87000036       5.95156662E-02
   6.88000059      0.282914996    
   6.89000034      0.372540534    
   6.90000057      0.104390994    
   6.91000032       6.71597570E-02
   6.92000055      0.186697528    
   6.93000031      0.224208444    
   6.94000053       4.93727059E-09
   6.95000029       8.23357105E-02
   6.96000051      0.194761023    
   6.97000027      0.419807196    
   6.98000050       7.50231296E-02
   6.99000072      0.397928149    
   7.00000048      0.127735570    
   7.01000071      -7.51964301E-02
   7.02000046      0.376271725    
   7.03000069      0.225937068    
   7.04000044      0.286407769    
   7.05000067      0.233828887    
   7.06000042      0.271752954    
   7.07000065      0.249299660    
   7.08000040      0.143647239    
   7.09000063      0.295083314    
   7.10000038      0.166586325    
   7.11000061      0.189449415    
   7.12000036      0.212348089    
   7.13000059      0.493333906    
   7.14000034       6.07652552E-02
   7.15000057      -2.28047073E-02
   7.16000032      0.235832006    
   7.17000055      0.167495191    
   7.18000031      0.304774225    
   7.19000053      0.427016884    
   7.20000029       2.28937864E-02
   7.21000051      0.190930620    
   7.22000074      -4.58591916E-02
   7.23000050       9.94394198E-02
   7.24000072      0.497586787    
   7.25000048       7.66118839E-02
   7.26000071      -2.30015889E-02
   7.27000046       9.97518525E-02
   7.28000069      0.191981390    
   7.29000044      0.230558917    
   7.30000067      0.330727965    
   7.31000042      0.354080886    
   7.32000065      0.246511370    
   7.33000040      0.161900744    
   7.34000063      0.146597341    
   7.35000038       6.94957599E-02
   7.36000061      0.255019426    
   7.37000036      0.154679552    
   7.38000059      0.294123948    
   7.39000034      0.162671089    
   7.40000057       7.75239244E-02
   7.41000032      0.294824809    
   7.42000055      0.186353207    
   7.43000031      0.295293927    
   7.44000053       8.55478570E-02
   7.45000076      0.179015398    
   7.46000051       8.56843367E-02
   7.47000074      0.124731228    
   7.48000050      0.304275155    
   7.49000072       3.50681084E-09
   7.50000048      0.117216140    
   7.51000071      0.273723364    
   7.52000046      -6.26154691E-02
   7.53000069      0.109664932    
   7.54000044      0.313579887    
   7.55000067      0.329523325    
   7.56000042      0.133485675    
   7.57000065      0.102159433    
   7.58000040      0.361778229    
   7.59000063       3.14843319E-02
   7.60000038      0.165426016    
   7.61000061      0.197094738    
   7.62000036      0.102572024    
   7.63000059      0.426412821    
   7.64000034       4.74175364E-02
   7.65000057      0.213551715    
   7.66000032      0.110820264    
   7.67000055      0.229742363    
   7.68000031      0.198214501    
   7.69000053      -5.55451848E-02
   7.70000076      0.397073746    
   7.71000051      0.333813369    
   7.72000074      0.111361720    
   7.73000050       6.36871532E-02
   7.74000072       2.39021741E-02
   7.75000048      0.127582207    
   7.76000071      0.223451272    
   7.77000046       4.79215384E-02
   7.78000069       6.39477223E-02
   7.79000044      0.264000326    
   7.80000067      0.432354689    
   7.81000042      0.336551756    
   7.82000065      0.248611197    
   7.83000040      -8.02629162E-03
   7.84000063      0.240987152    
   7.85000038      0.361778200    
   7.86000061      0.104599804    
   7.87000036      0.233530447    
   7.88000059      0.145069465    
   7.89000034      0.540426791    
   7.90000057     -0.137236550    
   7.91000032      -8.07945989E-03
   7.92000055      0.274927497    
   7.93000078      0.194227278    
   7.94000053      0.315881014    
   7.95000076      0.186443418    
   7.96000051      0.421874255    
   7.97000074      0.186753348    
   7.98000050      0.316932201    
   7.99000072      0.374128670    
   8.00000095       7.32600689E-02
   8.01000023      0.301431626    
   8.02000046       8.15359652E-02
   8.03000069      0.285614401    
   8.04000092       5.71706295E-02
   8.05000019      0.212525770    
   8.06000042      0.384502918    
   8.07000065       1.63755696E-02
   8.08000088      -4.91678640E-02
   8.09000015       6.56121671E-02
   8.10000038      0.385795355    
   8.11000061      0.106799126    
   8.12000084      0.328889400    
   8.13000011      0.156354025    
   8.14000034      0.312971741    
   8.15000057       2.47291531E-02
   8.16000080       1.64999869E-02
   8.17000103      0.495419055    
   8.18000031      0.272711009    
   8.19000053      0.223316133    
   8.20000076      0.140725628    
   8.21000099      0.149129972    
   8.22000027       9.95043591E-02
   8.23000050      0.414953828    
   8.24000072      0.490061700    
   8.25000095      0.182890460    
   8.26000023      -9.98434126E-02
   8.27000046      0.124910668    
   8.28000069      0.166689664    
   8.29000092      0.291956007    
   8.30000019      0.250461876    
   8.31000042      0.133693933    
   8.32000065      0.108719304    
   8.33000088      0.359918177    
   8.34000015      0.284830630    
   8.35000038      0.251536816    
   8.36000061      0.436371714    
   8.37000084      0.176378623    
   8.38000107      0.252186179    
   8.39000034      0.185095891    
   8.40000057     -0.143151894    
   8.41000080       4.21398245E-02
   8.42000103      0.151834399    
   8.43000031      0.236390978    
   8.44000053      0.202796131    
   8.45000076     -0.101485841    
   8.46000099      0.186218590    
   8.47000027      0.330401152    
   8.48000050      -1.69583317E-02
   8.49000072      0.195190549    
   8.50000095      0.212348089    
   8.51000023      -4.25065644E-02
   8.52000046      0.433944881    
   8.53000069      0.170322821    
   8.54000092      0.153424263    
   8.55000019       8.53101537E-03
   8.56000042      0.145154074    
   8.57000065       8.54594484E-02
   8.58000088      0.282263070    
   8.59000015      -9.41701606E-02
   8.60000038      0.197073966    
   8.61000061      0.222974911    
   8.62000084       2.57504992E-02
   8.63000107      0.189002842    
   8.64000034       6.01902269E-02
   8.65000057      0.223760664    
   8.66000080     -0.111978978    
   8.67000103      0.129320547    
   8.68000031      0.189837709    
   8.69000053     -0.164095759    
   8.70000076      0.121019617    
   8.71000099      0.147082552    
   8.72000027       7.79362619E-02
   8.73000050      -4.33363467E-02
   8.74000072      0.407723457    
   8.75000095     -0.138922855    
   8.76000023      -2.60712150E-02
   8.77000046       4.34907340E-02
   8.78000069      0.235059112    
   8.79000092      0.313691825    
   8.80000019       9.59358737E-02
   8.81000042     -0.218230844    
   8.82000065     -0.209688991    
   8.83000088     -0.104938366    
   8.84000015      0.140043214    
   8.85000038      0.508111894    
   8.86000061       8.76841880E-03
   8.87000084       4.38814461E-02
   8.88000107      0.158115283    
   8.89000034      0.175841793    
   8.90000057      0.387200505    
   8.91000080       4.40397374E-02
   8.92000103      0.220397428    
   8.93000031     -0.150005594    
   8.94000053      -1.76636726E-02
   8.95000076      0.291714400    
   8.96000099      0.345065743    
   8.97000027      0.345378429    
   8.98000050      0.124094531    
   8.99000072      -8.87195580E-03
   9.00000095      0.266400367    
   9.01000023      0.115545183    
   9.02000046      0.284678012    
   9.03000069      0.160277292    
   9.04000092      0.267372638    
   9.05000019      -8.92057456E-03
   9.06000042      0.383934677    
   9.07000065      0.178737640    
   9.08000088      0.500923753    
   9.09000111      0.277551234    
   9.10000038     -0.107537761    
   9.11000061      0.116606183    
   9.12000084      0.269338608    
   9.13000107      0.152765602    
   9.14000034      0.413746446    
   9.15000057      0.243074998    
   9.16000080       5.40664829E-02
   9.17000103      0.351756662    
   9.18000031     -0.162499309    
   9.19000053      0.216866150    
   9.20000076      -4.52222712E-02
   9.21000099      0.217268139    
   9.22000027      0.389633209    
   9.23000050      0.281159163    
   9.24000072      -8.17026943E-02
   9.25000095      0.336201340    
   9.26000023      0.163709700    
   9.27000046      -1.82069149E-02
   9.28000069      0.355366111    
   9.29000092      0.474263966    
   9.30000019      0.237353593    
   9.31000042       9.13752243E-03
   9.32000065      0.420719653    
   9.33000088      0.366185993    
   9.34000111       2.74897385E-02
   9.35000038       5.50310612E-02
   9.36000061       1.83609258E-02
   9.37000084       6.43236935E-02
   9.38000107      0.211548284    
   9.39000034      0.478733867    
   9.40000057       8.29359591E-02
   9.41000080      0.138357103    
   9.42000103      -1.84650533E-02
   9.43000031      0.231031507    
   9.44000053      0.166500211    
   9.45000076       7.40702301E-02
   9.46000099      0.139013425    
   9.47000027      0.278290987    
   9.48000050      0.306411058    
   9.49000072      0.436818898    
   9.50000095     -0.297691822    
   9.51000023      -9.31173861E-02
   9.52000046      0.130488709    
   9.53000069      0.139942855    
   9.54000092      0.140076697    
   9.55000114      -9.34737455E-03
   9.56000042      0.168414012    
   9.57000065      0.262228519    
   9.58000088      0.178111568    
   9.59000111       8.44496787E-02
   9.60000038      0.112707868    
   9.61000061       5.64081594E-02
   9.62000084      0.159977093    
   9.63000107      0.470974624    
   9.64000034       8.48572627E-02
   9.65000057      0.207629204    
   9.66000080      0.255064130    
   9.67000103      0.312046915    
   9.68000031      0.302884161    
   9.69000053      -9.47430804E-02
   9.70000076      0.369856805    
   9.71000099      0.683476210    
   9.72000027      0.190039158    
   9.73000050      0.123645723    
   9.74000072       9.52047929E-02
   9.75000095      0.219184682    
   9.76000023      0.457875609    
   9.77000046      0.190968037    
   9.78000069       6.69042096E-02
   9.79000092      0.353982836    
   9.80000114      0.143647268    
   9.81000042     -0.153374106    
   9.82000065      0.316644818    
   9.83000088      0.336165607    
   9.84000111      0.192283720    
   9.85000038       4.81182747E-02
   9.86000061      0.568355739    
   9.87000084      0.443562239    
   9.88000107      -2.89565697E-02
   9.89000034      0.173911199    
   9.90000057      0.174083397    
   9.91000080      0.145213276    
   9.92000103      0.184119269    
   9.93000031      0.465605348    
   9.94000053      -9.70975589E-03
   9.95000076      0.155510649    
   9.96000099      0.369705737    
   9.97000027       7.79103711E-02
   9.98000050       5.84911034E-02
   9.99000072      0.136615589    
   10.0000010      -3.90720591E-02
   10.0100012      0.479111701    
   10.0200005      -8.80882964E-02
   10.0300007       7.83792362E-02
   10.0400009      0.196144834    
   10.0500011      0.206159070    
   10.0600004      0.186712474    
   10.0700006       8.85318294E-02
   10.0800009      0.285556853    
   10.0900011      0.433695883    
   10.1000004       2.96000373E-02
   10.1100006      0.187656477    
   10.1200008      0.108753182    
   10.1300011      0.267210126    
   10.1400003      0.257574379    
   10.1500006      0.188418508    
   10.1600008      0.208463684    
   10.1700010      0.218612716    
   10.1800003      0.328252941    
   10.1900005      0.169272393    
   10.2000008      0.139543042    
   10.2100010      0.369169086    
   10.2200003      0.319607824    
   10.2300005       2.99939141E-02
   10.2400007     -0.130106717    
   10.2500010      0.280517310    
   10.2600012      0.220632687    
   10.2700005      0.130507857    
   10.2800007      0.492420435    
   10.2900009      0.191135138    
   10.3000011      0.332313865    
   10.3100004      0.181449190    
   10.3200006       8.07273686E-02
   10.3300009      0.474763870    
   10.3400011      0.202236310    
   10.3500004      0.172078982    
   10.3600006      0.263452590    
   10.3700008      0.273869485    
   10.3800011      0.284308106    
   10.3900003      0.132137537    
   10.4000006      0.305250376    
   10.4100008       1.01856599E-02
   10.4200010      0.101962581    
   10.4300003      0.296000391    
   10.4400005      0.357615471    
   10.4500008       3.06848604E-02
   10.4600010      0.235497177    
   10.4700003       8.19980055E-02
   10.4800005       5.13026118E-02
   10.4900007       5.13565615E-02
   10.5000010      0.359874189    
   10.5100012      0.257323861    
   10.5200005      0.236987635    
   10.5300007      0.484790534    
   10.5400009      0.196186289    
   10.5500011      0.227403432    
   10.5600004      0.165559500    
   10.5700006      0.559355974    
   10.5800009     -0.145172209    
   10.5900011       7.26632252E-02
   10.6000004      0.176655546    
   10.6100006      0.114428274    
   10.6200008      0.270755231    
   10.6300011      -3.12743299E-02
   10.6400003      0.375692874    
   10.6500006      0.156706080    
   10.6600008      0.334664285    
   10.6700010      -1.04694646E-02
   10.6800003      0.419228047    
   10.6900005       1.04920035E-02
   10.7000008     -0.199561521    
   10.7100010      0.115659982    
   10.7200012      0.273672760    
   10.7300005       9.48350579E-02
   10.7400007       1.97269134E-08
   10.7500010      0.105600148    
   10.7600012      0.370000511    
   10.7700005      0.317486823    
   10.7800007      0.466152489    
   10.7900009      0.339388072    
   10.8000011      -8.49392414E-02
   10.8100004     -0.116918519    
   10.8200006      0.404340386    
   10.8300009      0.372824937    
   10.8400011      0.117301472    
   10.8500004     -0.192157626    
   10.8600006      0.459545463    
   10.8700008      0.524241686    
   10.8800011      0.117815956    
   10.8900003      0.514670432    
   10.9000006      0.375692785    
   10.9100008      0.494310826    
   10.9200010      0.193639055    
   10.9300003      0.301548362    
   10.9400005      0.280318290    
   10.9500008      0.582842767    
   10.9600010      0.475434303    
   10.9700012      0.540864348    
   10.9800005       4.33171242E-02
   10.9900007      0.390286893    
   11.0000010      0.390720487    
   11.0100012      0.162981287    
   11.0200005      0.250182927    
   11.0300007      0.315799743    
   11.0400009      0.185330600    
   11.0500011      0.305591375    
   11.0600004      0.142040431    
   11.0700006      0.503167570    
   11.0800009      0.339471310    
   11.0900011      0.263111442    
   11.1000004      0.186580002    
   11.1100006      0.142839327    
   11.1200008      0.429000586    
   11.1300011      0.319360107    
   11.1400003       6.61490709E-02
   11.1500006      0.408380210    
   11.1600008      0.143647209    
   11.1700010      0.210183769    
   11.1800013      0.232571721    
   11.1900005      0.521108449    
   11.2000008      0.321900487    
   11.2100010      0.533406913    
   11.2200012      0.133503571    
   11.2300005      0.367553562    
   11.2400007      0.245315418    
   11.2500010      0.357230216    
   11.2600012      0.212348133    
   11.2700005      0.246158361    
   11.2800007      0.201633289    
   11.2900009      0.325226605    
   11.3000011      0.449104100    
   11.3100004      0.202329352    
   11.3200006       2.25069504E-02
   11.3300009      0.405592203    
   11.3400011      0.293265998    
   11.3500004      0.282312483    
   11.3600006       7.91390017E-02
   11.3700008      0.169780061    
   11.3800011      0.226636022    
   11.3900003      0.113449663    
   11.4000006      0.238521233    
   11.4100008      0.318398565    
   11.4200010      0.182154074    
   11.4300013      0.113979168    
   11.4400005      0.399393022    
   11.4500008       9.13965926E-02
   11.4600010      0.274510860    
   11.4700012      0.354992241    
   11.4800005      0.378338456    
   11.4900007      0.160695851    
   11.5000010      0.379228741    
   11.5100012      0.115053184    
   11.5200005      0.149745479    
   11.5300007      0.311377019    
   11.5400009      0.115461156    
   11.5500011      0.196516246    
   11.5600004      0.162028670    
   11.5700006      0.150633678    
   11.5800009      0.150812522    
   11.5900011      0.197450891    
   11.6000004      0.325600445    
   11.6100006      0.535552561    
   11.6200008      0.303064793    
   11.6300011      0.420129627    
   11.6400013      0.338842601    
   11.6500006      0.140378609    
   11.6600008      0.187395886    
   11.6700010      0.269705027    
   11.6800013      0.199586824    
   11.6900005      0.329126775    
   11.7000008      0.188299075    
   11.7100010      0.424183905    
   11.7200012      0.424696207    
   11.7300005      0.248039037    
   11.7400007      0.141908184    
   11.7500010      0.153920218    
   11.7600012      0.142252639    
   11.7700005       5.93439788E-02
   11.7800007      0.130715534    
   11.7900009       2.41964848E-08
   11.8000011       8.33854973E-02
   11.8100004       1.19267954E-02
   11.8200006      0.107472040    
   11.8300009      0.155427366    
   11.8400011      0.119706072    
   11.8500004       8.38970616E-02
   11.8600006      0.240000322    
   11.8700008       9.61182192E-02
   11.8800011       8.42069983E-02
   11.8900013       7.22664520E-02
   11.9000006      0.120592751    
   11.9100008      0.507115543    
   11.9200010      0.290139019    
   11.9300013       3.00344212E-08
   11.9400005      0.218144208    
   11.9500008      0.133475959    
   11.9600010      0.315880984    
   11.9700012      0.644713044    
   11.9800005      0.401925683    
   11.9900007       9.75581929E-02
   12.0000010      0.231990308    
   12.0100012      0.293407142    
   12.0200005      0.281534225    
   12.0300007       2.45119557E-02
   12.0400009      0.233156100    
   12.0500011      0.258022964    
   12.0600004      0.319859415    
   12.0700006      0.270991534    
   12.0800009       7.40000829E-02
   12.0900011      0.444561839    
   12.1000004      0.667686880    
   12.1100006      -6.19012006E-02
   12.1200008       9.91676524E-02
   12.1300011      0.136528760    
   12.1400013      0.198839977    
   12.1500006      0.385743171    
   12.1600008      0.236724779    
   12.1700010      0.374253362    
   12.1800013      0.362240911    
   12.1900005      0.175098822    
   12.2000008      0.125230938    
   12.2100010      0.250783414    
   12.2200012      0.326437443    
   12.2300005      0.389714807    
   12.2400007      0.239165276    
   12.2500010      -4.86058971E-09
   12.2600012      0.328124434    
   12.2700005      0.581278920    
   12.2800007      0.253057301    
   12.2900009      0.430755377    
   12.3000011      0.126857340    
   12.3100004      0.101617843    
   12.3200006      0.203500286    
   12.3300009       6.36767596E-02
   12.3400011      0.267791450    
   12.3500013      0.191529676    
   12.3600006      0.370775312    
   12.3700008      0.128021136    
   12.3800011      0.333291799    
   12.3900013      0.179700613    
   12.4000006       8.99685323E-02
   12.4100008      0.424696177    
   12.4200010      0.283504337    
   12.4300013       3.87107469E-02
   12.4400005      0.426381469    
   12.4500008       3.88133004E-02
   12.4600010       9.06844363E-02
   12.4700012      0.415108085    
   12.4800005      -5.19575141E-02
   12.4900007      0.208106831    
   12.5000010       5.20960949E-02
   12.5100012      0.339076519    
   12.5200005      0.326471061    
   12.5300007     -0.169992164    
   12.5400009     -0.130938560    
   12.5500011      0.340897113    
   12.5600004      0.459516674    
   12.5700006      0.144613951    
   12.5800009       2.63289064E-02
   12.5900011      -3.95466313E-02
   12.6000013      0.105600111    
   12.6100006      0.343664914    
   12.6200008       6.61789700E-02
   12.6300011      0.251821220    
   12.6400013       2.65435223E-02
   12.6500006       3.98694500E-02
   12.6600008      0.252850473    
   12.6700010      0.186565056    
   12.6800013      0.346951246    
   12.6900005      0.146987900    
   12.7000008       4.01425287E-02
   12.7100010      -4.01975885E-02
   12.7200012      -1.34176174E-02
   12.7300005      0.322465330    
   12.7400007       6.72728345E-02
   12.7500010      0.323354900    
   12.7600012      0.485702336    
   12.7700005      0.283718228    
   12.7800007       9.47037414E-02
   12.7900009      0.257409483    
   12.8000011      0.447700560    
   12.8100014      0.271711111    
   12.8200006      0.176858172    
   12.8300009      0.177104846    
   12.8400011      0.381989300    
   12.8500013      0.136615589    
   12.8600006       8.20841566E-02
   12.8700008      0.246597797    
   12.8800011      0.274382412    
   12.8900013      0.164860949    
   12.9000006      0.178850934    
   12.9100008      0.413315028    
   12.9200010      0.275932580    
   12.9300013      0.483565032    
   12.9400005      0.456578493    
   12.9500008      0.138553381    
   12.9600010      0.277500391    
   12.9700012       1.38947722E-02
   12.9800005      0.278290927    
   12.9900007      0.418031961    
   13.0000010      0.265131772    
   13.0100012      0.167691231    
   13.0200005      0.419828624    
   13.0300007      0.126129314    
   13.0400009      0.238586530    
   13.0500011      0.238929823    
   13.0600014      0.408173442    
   13.0700006      0.253714591    
   13.0800009      0.381121844    
   13.0900011      0.268585026    
   13.1000013      0.226504639    
   13.1100006      0.283541739    
   13.1200008       9.93838534E-02
   13.1300011       5.68734370E-02
   13.1400013      0.341738075    
   13.1500006      0.299457312    
   13.1600008      0.114245765    
   13.1700010      0.286032587    
   13.1800013      0.229161561    
   13.1900005      0.387278020    
   13.2000008      0.560224295    
   13.2100010      0.158244669    
   13.2200012      0.172885165    
   13.2300005      0.187568888    
   13.2400007      0.404592246    
   13.2500010      0.448604971    
   13.2600012      0.304344594    
   13.2700014      0.362853408    
   13.2800007      0.334321916    
   13.2900009      0.276590526    
   13.3000011      0.379057258    
   13.3100014      0.146009177    
   13.3200006      0.424060464    
   13.3300009      -2.50825529E-08
   13.3400011      0.396000504    
   13.3500013      0.264397383    
   13.3600006      0.308928102    
   13.3700008      0.206262723    
   13.3800011      0.118042447    
   13.3900013       5.91104962E-02
   13.4000006      0.177600235    
   13.4100008      0.385384470    
   13.4200010      0.341435105    
   13.4300013      0.193278775    
   13.4400005      0.282915026    
   13.4500008      0.149129987    
   13.4600010       7.46790096E-02
   13.4700012      0.314132154    
   13.4800005      0.239705831    
   13.4900007      0.360111028    
   13.5000010      0.255471081    
   13.5100012      0.255864710    
   13.5200014      0.497445077    
   13.5300007      0.120779157    
   13.5400009      0.317536026    
   13.5500011      0.242307276    
   13.5600014      0.379193068    
   13.5700006      0.212678358    
   13.5800009      0.273869544    
   13.5900011      0.426683903    
   13.6000013      0.244200349    
   13.6100006      0.214009687    
   13.6200008      0.260276198    
   13.6300011      0.383359998    
   13.6400013      0.506830871    
   13.6500006      0.276888520    
   13.6600008      0.261918306    
   13.6700010      0.308625937    
   13.6800013      0.370937169    
   13.6900005       7.74010792E-02
   13.7000008      0.465143442    
   13.7100010      0.295059234    
   13.7200012      0.217758253    
   13.7300005      0.249263495    
   13.7400007      0.499323308    
   13.7500010      0.343834043    
   13.7600012      0.266115725    
   13.7700014      0.203826934    
   13.7800007      0.266971439    
   13.7900009      0.220212862    
   13.8000011      0.220568031    
   13.8100014      0.220924377    
   13.8200006      0.205476016    
   13.8300009      0.269134939    
   13.8400011       6.34286702E-02
   13.8500013      0.619435132    
   13.8600006      0.381811649    
   13.8700008      0.509912610    
   13.8800011       3.19216289E-02
   13.8900013      0.303751647    
   13.9000006      0.400328398    
   13.9100008      0.224552050    
   13.9200010      0.321316212    
   13.9300013      0.241384134    
   13.9400005      0.483564943    
   13.9500008      0.548946083    
   13.9600010      0.339616328    
   13.9700012      0.437373728    
   13.9800014      0.275840849    
   13.9900007      0.276299894    
   14.0000010      0.520960748    
   14.0100012      0.146764785    
   14.0200014      0.424696177    
   14.0300007      0.376322120    
   14.0400009      0.196671411    
   14.0500011      0.262669235    
   14.0600014      0.345333725    
   14.0700006      0.362388343    
   14.0800009      0.478500605    
   14.0900011      0.495838195    
   14.1000013      0.264895290    
   14.1100006      0.398017526    
   14.1200008      0.299020827    
   14.1300011      0.282889634    
   14.1400013      0.283372402    
   14.1500006      0.500923753    
   14.1600008      0.234164625    
   14.1700010      0.536151767    
   14.1800013      0.218185872    
   14.1900005      0.268998623    
   14.2000008      0.185255408    
   14.2100010      0.472373754    
   14.2200012      0.473190904    
   14.2300014      0.169289693    
   14.2400007      0.101750158    
   14.2500010      0.339756966    
   14.2600012      0.170174450    
   14.2700014      0.375037134    
   14.2800007      0.324461967    
   14.2900009      0.478991866    
   14.3000011      0.479832202    
   14.3100014      0.635178387    
   14.3200006      0.206366509    
   14.3300009       6.89101517E-02
   14.3400011       3.45159322E-02
   14.3500013      0.449501485    
   14.3600006      0.554213524    
   14.3700008      0.225549102    
   14.3800011      0.278092921    
   14.3900013      0.278588593    
   14.4000006      0.296528995    
   14.4100008      0.244637176    
   14.4200010      0.280086368    
   14.4300013      0.140294611    
   14.4400015      0.316230595    
   14.4500008       5.28000817E-02
   14.4600010      0.193949714    
   14.4700012      0.229627803    
   14.4800014      0.318522155    
   14.4900007      0.141822308    
   14.5000010      0.426240534    
   14.5100012      0.231300846    
   14.5200014      0.178248405    
   14.5300007       7.14297146E-02
   14.5400009      0.465143472    
   14.5500011      0.197152555    
   14.5600014      0.395029932    
   14.5700006      0.251845598    
   14.5800009      0.360443234    
   14.5900011      0.343054026    
   14.6000013      0.343689382    
   14.6100006      0.543674231    
   14.6200008      0.453903943    
   14.6300011      0.418369263    
   14.6400013      0.400925934    
   14.6500006      0.346901417    
   14.6600008       9.14607719E-02
   14.6700010      0.274897099    
   14.6800013      0.605910599    
   14.6900015      0.570260704    
   14.7000008      0.202732340    
   14.7100010      0.110790320    
   14.7200012      0.166500196    
   14.7300014      0.352167457    
   14.7400007      0.241414741    
   14.7500010      0.427931994    
   14.7600012      0.447389930    
   14.7700014      0.261476457    
   14.7800007       9.35633332E-02
   14.7900009      0.243731603    
   14.8000011      0.262984961    
   14.8100014      0.395237505    
   14.8200006      0.358286172    
   14.8300009      0.302298278    
   14.8400011      0.283953846    
   14.8500013      0.417274356    
   14.8600006       5.70117310E-02
   14.8700008      0.476024032    
   14.8800011      0.343406707    
   14.8900013      0.726388395    
   14.9000015      0.306447506    
   14.9100008      0.191905975    
   14.9200010      0.115370251    
   14.9300013      0.308260709    
   14.9400015      0.405391783    
   14.9500008      0.425537169    
   14.9600010      0.639572263    
   14.9700012      0.368970692    
   14.9800014      0.330789268    
   14.9900007      0.233964384    
   15.0000010      0.410256475    
   15.0100012      0.215326950    
   15.0200014      0.254988253    
   15.0300007      0.255501330    
   15.0400009      0.492339402    
   15.0500011      0.296000391    
   15.0600014      0.355919480    
   15.0700006      0.317014605    
   15.0800009      0.476488471    
   15.0900011      0.437670648    
   15.1000013      0.179412484    
   15.1100006      0.259681374    
   15.1200008      0.180147782    
   15.1300011      0.280805290    
   15.1400013      0.140691549    
   15.1500015      0.140981615    
   15.1600008      0.282545805    
   15.1700010      0.465143532    
   15.1800013      0.222921431    
   15.1900015      0.426462114    
   15.2000008      0.427350521    
   15.2100010      0.224317625    
   15.2200012      0.245222107    
   15.2300014      0.430038273    
   15.2400007      0.307815522    
   15.2500010       4.11284789E-02
   15.2600012      0.350329548    
   15.2700014      0.206511915    
   15.2800007      -2.46209577E-08
   15.2900009      0.290344328    
   15.3000011      0.187047064    
   15.3100014      0.104136601    
   15.3200006      0.208718225    
   15.3300009       2.09165271E-02
   15.3400011      0.188652605    
   15.3500013      0.294090748    
   15.3600006      0.147362247    
   15.3700008      0.274263889    
   15.3800011       8.45715627E-02
   15.3900013       4.23775092E-02
   15.4000015      0.191113293    
   15.4100008       8.51242840E-02
   15.4200010      0.170620307    
   15.4300013      0.213742107    
   15.4400015      0.471263766    
   15.4500008      0.644044876    
   15.4600010      0.150608137    
   15.4700012       6.46888316E-02
   15.4800014      -4.32212986E-02
   15.4900007      0.606439888    
   15.5000010      0.108533487    
   15.5100012      0.348080665    
   15.5200014      0.566893518    
   15.5300007      0.852242708    
   15.5400009      0.416126132    
   15.5500011      0.351209432    
   15.5600014      0.352000475    
   15.5700006      0.352795094    
   15.5800009      0.353593260    
   15.5900011      0.442993730    
   15.6000013      0.133200184    
   15.6100016      0.244756579    
   15.6200008      0.356822401    
   15.6300011      0.156467021    
   15.6400013      0.403266579    
   15.6500015      0.269462407    
   15.6600008      0.292590290    
   15.6700010      0.270707071    
   15.6800013      0.158277988    
   15.6900015       4.53272201E-02
   15.7000008      0.136297867    
   15.7100010      0.318769693    
   15.7200012      0.136934757    
   15.7300014      0.388890445    
   15.7400007      -6.87888265E-02
   15.7500010      0.229835615    
   15.7600012      0.460755259    
   15.7700014      0.207830057    
   15.7800007       9.25877988E-02
   15.7900009      0.255221248    
   15.8000011       9.30286869E-02
   15.8100014      0.419628263    
   15.8200006      0.257052988    
   15.8300009      0.374791831    
   15.8400011      0.211327195    
   15.8500013      0.353060722    
   15.8600016      0.165159643    
   15.8700008      -4.73027341E-02
   15.8800011      0.331922770    
   15.8900013      0.522862017    
   15.9000015      0.381190777    
   15.9100008      0.334357411    
   15.9200010      0.646412730    
   15.9300013       7.20001087E-02
   15.9400015      0.216532260    
   15.9500008      0.482371002    
   15.9600010      0.338495493    
   15.9700012      0.315097153    
   15.9800014      0.413075179    
   15.9900007      0.389746159    
