   0.00000000       2.85150385    
   1.00000007E-02   2.30235291    
   2.00000014E-02   1.91627038    
   3.00000012E-02   1.15668428    
   4.00000028E-02  0.684100032    
   5.00000045E-02  0.127451226    
   6.00000024E-02   2.35492717E-02
   7.00000077E-02  0.137038171    
   8.00000057E-02  0.896826386    
   9.00000036E-02  0.281143099    
  0.100000009      0.393650442    
  0.110000007      -3.06891953E-03
  0.120000005      0.193617314    
  0.130000010       6.92271292E-02
  0.140000015       6.97304606E-02
  0.150000006      -3.10572460E-02
  0.160000011     -0.303122163    
  0.170000017     -0.263397127    
  0.180000007       3.91095988E-02
  0.190000013     -0.414403945    
  0.200000018     -0.747390926    
  0.210000008     -0.181335092    
  0.220000014     -0.966923118    
  0.230000019     -0.241318583    
  0.240000010     -0.353889942    
  0.250000030     -0.133060724    
  0.260000020      -1.13431656    
  0.270000011     -0.196209639    
  0.280000031      -1.01723051    
  0.290000021     -0.296547920    
  0.300000012     -0.296040505    
  0.310000032      -5.38947582E-02
  0.320000023     -0.146604285    
  0.330000013     -0.604670942    
  0.340000033      -1.09995055    
  0.350000024     -0.508343935    
  0.360000014     -0.475311816    
  0.370000035      -2.21207404    
  0.380000025     -0.126456976    
  0.390000015      -1.20775223    
  0.400000036     -0.858935177    
  0.410000026     -0.676103413    
  0.420000017      -1.38854253    
  0.430000037     -0.956249595    
  0.440000027     -0.528859079    
  0.450000018     -0.810396016    
  0.460000038      -1.53732061    
  0.470000029      -1.83227360    
  0.480000019     -0.606149197    
  0.490000039     -0.842637122    
  0.500000060     -0.160673350    
  0.510000050     -0.459676594    
  0.520000041     -0.925997496    
  0.530000031                  NaN
  0.540000021      -1.25136721    
  0.550000012     -0.434091896    
  0.560000062     -0.678269625    
  0.570000052      -1.03019524    
  0.580000043     -0.521675885    
  0.590000033      -1.23140240    
  0.600000024     -0.884611249    
  0.610000014      -1.00035524    
  0.620000064     -0.859481812    
  0.630000055      -2.29405069    
  0.640000045     -0.870425403    
  0.650000036     -0.413552195    
  0.660000026     -0.693112612    
  0.670000076     -0.614886701    
  0.680000067      -1.41599679    
  0.690000057      -1.33543646    
  0.700000048                  NaN
  0.710000038     -0.402842194    
  0.720000029     -0.941319942    
  0.730000079     -0.142942801    
  0.740000069     -0.530497074    
  0.750000060      -2.88567209    
  0.760000050      -1.45440698    
  0.770000041     -0.728652120    
  0.780000031     -0.519834578    
  0.790000081     -0.304754138    
  0.800000072     -0.850150526    
  0.810000062     -0.962958395    
  0.820000052      -1.06041765    
  0.830000043      -1.56583166    
  0.840000033     -0.935076416    
  0.850000083     -0.329599857    
  0.860000074     -0.177971289    
  0.870000064      -1.08766019    
  0.880000055      -1.69327295    
  0.890000045      -1.77976155    
  0.900000036     -0.488253683    
  0.910000086     -0.487730235    
  0.920000076     -0.867978573    
  0.930000067      -1.34234786    
  0.940000057     -0.807740748    
  0.950000048     -0.929318607    
  0.960000038      -1.63501310    
  0.970000088     -0.915364802    
  0.980000079     -0.509374261    
  0.990000069      -1.55745018    
   1.00000012      -1.63291001    
   1.01000011     -0.815622389    
   1.02000010     -0.684475601    
   1.03000009      -1.71356785    
   1.04000008      -2.49579978    
   1.05000007     -0.861141741    
   1.06000006      -1.20689034    
   1.07000005      -1.15593135    
   1.08000004      -2.37590504    
   1.09000003      -1.35372472    
   1.10000002      -5.26521921    
   1.11000013     -0.732090175    
   1.12000012      -1.62657416    
   1.13000011      -1.70828295    
   1.14000010      -1.41295278    
   1.15000010     -0.855850816    
   1.16000009      -1.47784996    
   1.17000008      -3.65207052    
   1.18000007                  NaN
   1.19000006     -0.916640520    
   1.20000005      -1.62232792    
   1.21000004     -0.968922436    
   1.22000003      -1.82486212    
   1.23000014     -0.769680560    
   1.24000013     -0.913978696    
   1.25000012      -1.38605011    
   1.26000011      -9.19311941E-02
   1.27000010      -1.34416068    
   1.28000009     -0.701772690    
   1.29000008     -0.836275160    
   1.30000007     -0.700703740    
   1.31000006     -0.765409768    
   1.32000005      -2.07545638    
   1.33000004     -0.525587201    
   1.34000015     -0.677728474    
   1.35000014     -0.195657432    
   1.36000013     -0.881919265    
   1.37000012      -1.26184630    
   1.38000011     -0.717693865    
   1.39000010     -0.685407996    
   1.40000010     -0.521831036    
   1.41000009      -1.99058437    
   1.42000008      -1.20509148    
   1.43000007      -1.58404291    
   1.44000006     -0.816249132    
   1.45000005     -0.661559522    
   1.46000016      -1.37478673    
   1.47000015     -0.814631581    
   1.48000014      -1.55602884    
   1.49000013      -1.50669885    
   1.50000012     -0.331172824    
   1.51000011     -0.994791746    
   1.52000010                  NaN
   1.53000009      -1.11507070    
   1.54000008      -2.24593139    
   1.55000007     -0.299478948    
   1.56000006      -1.19752800    
   1.57000005      -1.65651810    
   1.58000016      -1.90728962    
   1.59000015      -1.17850769    
   1.60000014      -1.71204734    
   1.61000013      -1.34604418    
   1.62000012      -1.12644637    
   1.63000011      -1.77104020    
   1.64000010     -0.611258566    
   1.65000010     -0.891881406    
   1.66000009      -1.01563394    
   1.67000008      -1.45040619    
   1.68000007     -0.864602566    
   1.69000018                  NaN
   1.70000017      -1.67760980    
   1.71000016      -1.97431517    
   1.72000015     -0.559035659    
   1.73000014                  NaN
   1.74000013      -1.17032695    
   1.75000012     -0.953556120    
   1.76000011     -0.624503851    
   1.77000010      -1.82792819    
   1.78000009      -2.58951974    
   1.79000008      -2.39481497    
   1.80000007      -1.76174331    
   1.81000018      -1.42026675    
   1.82000017      -2.04832530    
   1.83000016     -0.671952069    
   1.84000015      -1.25498652    
   1.85000014      -2.28028893    
   1.86000013      -1.29235089    
   1.87000012      -3.27771521    
   1.88000011      -2.58401608    
   1.89000010     -0.988414764    
   1.90000010     -0.722159803    
   1.91000009     -0.710556865    
   1.92000008      -1.60994554    
   1.93000019      -2.00143456    
   1.94000018      -2.12871408    
   1.95000017     -0.901714802    
   1.96000016      -1.96055186    
   1.97000015      -2.32772231    
   1.98000014                  NaN
   1.99000013     -0.446299702    
   2.00000024      -2.08093500    
   2.01000023      -1.17282176    
   2.02000022      -1.57773113    
   2.03000021     -0.795920372    
   2.04000020     -0.660327137    
   2.05000019     -0.608477116    
   2.06000018      -1.24279809    
   2.07000017     -0.843084395    
   2.08000016      -1.87977040    
   2.09000015     -0.606246054    
   2.10000014      -1.44965792    
   2.11000013      -1.74456346    
   2.12000012     -0.614620149    
   2.13000011     -0.918721020    
   2.14000010                  NaN
   2.15000010      -1.94996369    
   2.16000009      -1.65215266    
   2.17000008      -1.04805648    
   2.18000007      -1.56879282    
   2.19000006                  NaN
   2.20000005     -0.942575812    
   2.21000004      -1.09381974    
   2.22000027      -1.77014434    
   2.23000026      -3.25765872    
   2.24000025                  NaN
   2.25000024      -4.10383177    
   2.26000023     -0.997186422    
   2.27000022     -0.636967123    
   2.28000021      -1.51187170    
   2.29000020      -1.28816354    
   2.30000019     -0.868888378    
   2.31000018      -1.39239430    
   2.32000017      -1.50961161    
   2.33000016      -1.15487421    
   2.34000015     -0.675570786    
   2.35000014      -1.30497253    
   2.36000013      -1.36758459    
   2.37000012     -0.891593993    
   2.38000011      -1.48151970    
   2.39000010     -0.960417509    
   2.40000010      -2.42136717    
   2.41000009                  NaN
   2.42000008      -3.80652356    
   2.43000007      -1.36360884    
   2.44000006      -1.47810876    
   2.45000029      -1.22081912    
   2.46000028      -1.03165793    
   2.47000027     -0.985278010    
   2.48000026      -1.23815632    
   2.49000025      -2.54977179    
   2.50000024      -2.48020768    
   2.51000023      -3.57824922    
   2.52000022      -1.07624078    
   2.53000021      -1.81924665    
   2.54000020      -1.14291859    
   2.55000019     -0.995742202    
   2.56000018     -0.457435876    
   2.57000017                  NaN
   2.58000016      -1.19469225    
   2.59000015                  NaN
   2.60000014      -1.46895516    
   2.61000013      -2.23751330    
   2.62000012      -1.57045901    
   2.63000011      -1.22955823    
   2.64000010      -1.68371844    
   2.65000010      -2.00159597    
   2.66000009      -2.28870130    
   2.67000008     -0.930001020    
   2.68000031      -1.26589584    
   2.69000030      -1.15198982    
   2.70000029      -1.46319139    
   2.71000028                  NaN
   2.72000027      -1.01672351    
   2.73000026      -1.80773222    
   2.74000025      -2.40185952    
   2.75000024      -1.41266918    
   2.76000023      -1.16595614    
   2.77000022      -1.24088335    
   2.78000021      -1.53454232    
   2.79000020      -1.38735807    
   2.80000019      -3.22505713    
   2.81000018      -3.09094310    
   2.82000017                  NaN
   2.83000016     -0.714873374    
   2.84000015      -3.37687945    
   2.85000014     -0.891389191    
   2.86000013      -1.05659807    
   2.87000012      -1.15955520    
   2.88000011      -3.08686256    
   2.89000010                  NaN
   2.90000010      -1.13978374    
   2.91000032      -1.42688096    
   2.92000031      -1.13861382    
   2.93000031      -1.72939229    
   2.94000030      -1.21154988    
   2.95000029                  NaN
   2.96000028      -1.29041970    
   2.97000027      -1.57751477    
   2.98000026      -1.72645867    
   2.99000025     -0.955165982    
   3.00000024                  NaN
   3.01000023      -2.45063186    
   3.02000022     -0.909598053    
   3.03000021      -1.16852009    
   3.04000020      -1.66040719    
   3.05000019                  NaN
   3.06000018      -1.78843880    
   3.07000017      -1.97709060    
   3.08000016      -1.34789097    
   3.09000015      -1.36977243    
   3.10000014     -0.518641710    
   3.11000013                  NaN
   3.12000012     -0.947494149    
   3.13000011      -1.28039300    
   3.14000010     -0.916894555    
   3.15000033      -1.65390050    
   3.16000032     -0.845748901    
   3.17000031      -1.59387195    
   3.18000031      -2.50956845    
   3.19000030      -1.05368638    
   3.20000029      -1.48387408    
   3.21000028      -3.06739879    
   3.22000027      -3.20033455    
   3.23000026      -1.19440496    
   3.24000025      -2.25468063    
   3.25000024     -0.762428701    
   3.26000023      -1.43028593    
   3.27000022      -1.96520674    
   3.28000021      -1.47910118    
   3.29000020     -0.760037959    
   3.30000019      -1.80926108    
   3.31000018     -0.997732282    
   3.32000017      -1.29011989    
   3.33000016     -0.905561209    
   3.34000015                  NaN
   3.35000014      -1.16817570    
   3.36000013      -5.13786554    
   3.37000012      -1.22524238    
   3.38000035      -1.04231918    
   3.39000034      -3.05662036    
   3.40000033      -1.09240854    
   3.41000032     -0.872177482    
   3.42000031      -2.42620420    
   3.43000031      -2.30043793    
   3.44000030      -1.66731143    
   3.45000029      -2.73454762    
   3.46000028      -1.34764910    
   3.47000027     -0.926541448    
   3.48000026      -1.49304259    
   3.49000025                  NaN
   3.50000024      -1.60305691    
   3.51000023      -1.95075750    
   3.52000022      -1.76090884    
   3.53000021      -1.32093513    
   3.54000020      -1.04945278    
   3.55000019     -0.695565701    
   3.56000018      -1.90689862    
   3.57000017                  NaN
   3.58000016      -2.35196829    
   3.59000015      -5.12394476    
   3.60000014      -1.45977664    
   3.61000037      -2.92550349    
   3.62000036                  NaN
   3.63000035      -2.07698488    
   3.64000034                  NaN
   3.65000033     -0.945897758    
   3.66000032      -2.07515097    
   3.67000031      -4.02044725    
   3.68000031      -2.47939110    
   3.69000030      -1.18600976    
   3.70000029                  NaN
   3.71000028      -1.45304692    
   3.72000027      -1.30933201    
   3.73000026      -1.93732655    
   3.74000025      -1.47717929    
   3.75000024      -1.53063107    
   3.76000023                  NaN
   3.77000022      -2.40486860    
   3.78000021     -0.985167563    
   3.79000020     -0.937298119    
   3.80000019      -1.52754951    
   3.81000018      -1.89157498    
   3.82000017      -1.13954127    
   3.83000016      -1.39564264    
   3.84000015     -0.860100806    
   3.85000038                  NaN
   3.86000037                  NaN
   3.87000036      -2.54178882    
   3.88000035      -1.39254582    
   3.89000034      -1.55014956    
   3.90000033      -4.00626373    
   3.91000032      -1.34305513    
   3.92000031      -1.15238941    
   3.93000031      -1.41413188    
   3.94000030      -1.07703722    
   3.95000029      -1.43820429    
   3.96000028      -1.16931713    
   3.97000027                  NaN
   3.98000026      -2.79730988    
   3.99000025                  NaN
   4.00000048      -1.22744477    
   4.01000023      -1.00367606    
   4.02000046      -1.43383336    
   4.03000021      -1.91871524    
   4.04000044      -2.69824719    
   4.05000019      -2.69762111    
   4.06000042      -1.72759342    
   4.07000017     -0.298470557    
   4.08000040                  NaN
   4.09000015      -2.45394754    
   4.10000038      -1.18035340    
   4.11000013     -0.625838935    
   4.12000036                  NaN
   4.13000011      -1.87161195    
   4.14000034      -1.83176064    
   4.15000010                  NaN
   4.16000032      -1.08126211    
   4.17000008      -2.52301455    
   4.18000031      -2.31474352    
   4.19000053                  NaN
   4.20000029      -1.68486965    
   4.21000051      -2.52048445    
   4.22000027      -1.47388268    
   4.23000050      -1.55780590    
   4.24000025      -1.34586251    
   4.25000048      -1.19107711    
   4.26000023      -1.21106136    
   4.27000046      -3.13571644    
   4.28000021      -1.67979383    
   4.29000044      -1.46943676    
   4.30000019      -1.90166414    
   4.31000042      -2.13464189    
   4.32000017      -1.05309141    
   4.33000040      -2.18743348    
   4.34000015      -2.67927122    
   4.35000038      -2.24331498    
   4.36000013      -1.08690476    
   4.37000036                  NaN
   4.38000011                  NaN
   4.39000034      -2.36591840    
   4.40000010                  NaN
   4.41000032      -1.77685022    
   4.42000008      -1.51669717    
   4.43000031      -2.87417889    
   4.44000053      -2.76817536    
   4.45000029      -1.43253171    
   4.46000051                  NaN
   4.47000027      -1.37995124    
   4.48000050      -3.12227607    
   4.49000025      -3.12163186    
   4.50000048                  NaN
   4.51000023      -1.56974423    
   4.52000046      -1.13378024    
   4.53000021      -1.42737353    
   4.54000044      -1.66311586    
   4.55000019                  NaN
   4.56000042      -1.01996732    
   4.57000017      -2.01784825    
   4.58000040      -1.11047888    
   4.59000015      -3.26931429    
   4.60000038      -1.96938217    
   4.61000013      -1.18857396    
   4.62000036      -2.35107470    
   4.63000011      -3.26671481    
   4.64000034      -1.39426231    
   4.65000010      -1.83829665    
   4.66000032      -2.41746354    
   4.67000055                  NaN
   4.68000031      -1.22657502    
   4.69000053      -1.83568728    
   4.70000029      -3.95529842    
   4.71000051      -4.36011028    
   4.72000027     -0.975064397    
   4.73000050                  NaN
   4.74000025      -1.68399644    
   4.75000048      -2.34258628    
   4.76000023      -2.00545859    
   4.77000046      -1.91383004    
   4.78000021      -2.56376100    
   4.79000044      -1.78991401    
   4.80000019      -1.55084503    
   4.81000042      -2.64879918    
   4.82000017      -1.19588828    
   4.83000040      -2.04964471    
   4.84000015      -1.01936591    
   4.85000038      -2.15368581    
   4.86000013      -1.03606427    
   4.87000036     -0.948391914    
   4.88000011                  NaN
   4.89000034      -2.26882529    
   4.90000057     -0.609935045    
   4.91000032      -1.57435358    
   4.92000055      -1.42850840    
   4.93000031      -1.45524406    
   4.94000053      -2.20488596    
   4.95000029      -2.14706349    
   4.96000051     -0.893635571    
   4.97000027      -1.50974476    
   4.98000050      -2.55053282    
   4.99000025      -2.39571619    
   5.00000048                  NaN
   5.01000023     -0.702706993    
   5.02000046                  NaN
   5.03000021      -1.42118740    
   5.04000044      -1.85338318    
   5.05000019      -1.73493147    
   5.06000042      -1.98557687    
   5.07000017      -1.11740673    
   5.08000040      -3.93014812    
   5.09000015      -1.26688933    
   5.10000038      -1.11539519    
   5.11000013      -1.09492135    
   5.12000036      -1.24188554    
   5.13000059      -1.98088086    
   5.14000034      -1.03574634    
   5.15000057      -1.62285936    
   5.16000032      -3.07747316    
   5.17000055     -0.879574597    
   5.18000031      -2.71945000    
   5.19000053      -1.07011604    
   5.20000029      -2.31263423    
   5.21000051     -0.994656622    
   5.22000027      -2.12896037    
   5.23000050      -1.58466816    
   5.24000025      -1.23378837    
   5.25000048      -1.75920367    
   5.26000023      -2.81939745    
   5.27000046      -1.61474586    
   5.28000021      -1.20860183    
   5.29000044      -1.30101252    
   5.30000019                  NaN
   5.31000042      -2.71063900    
   5.32000017      -2.93310165    
   5.33000040      -1.87636781    
   5.34000015      -2.01544762    
   5.35000038      -1.29692554    
   5.36000061                  NaN
   5.37000036      -1.13793027    
   5.38000059      -1.60725021    
   5.39000034      -1.27009380    
   5.40000057      -1.36949265    
   5.41000032      -2.23380446    
   5.42000055      -1.03541613    
   5.43000031      -3.61872864    
   5.44000053                  NaN
   5.45000029      -1.29007590    
   5.46000051     -0.828572929    
   5.47000027      -2.92283154    
   5.48000050      -1.86608994    
   5.49000025                  NaN
   5.50000048      -1.78132987    
   5.51000023      -1.31063640    
   5.52000046      -3.20706534    
   5.53000021      -1.95361245    
   5.54000044      -1.16880190    
   5.55000019      -1.62945580    
   5.56000042      -2.91661811    
   5.57000017      -1.10354614    
   5.58000040      -2.22208476    
   5.59000063      -2.42903018    
   5.60000038      -1.69744873    
   5.61000061      -4.29944420    
   5.62000036      -1.27832329    
   5.63000059                  NaN
   5.64000034      -1.58930624    
   5.65000057      -4.98980713    
   5.66000032     -0.658376455    
   5.67000055      -1.07638907    
   5.68000031                  NaN
   5.69000053      -2.21442676    
   5.70000029                  NaN
   5.71000051      -4.29246855    
   5.72000027                  NaN
   5.73000050     -0.995232522    
   5.74000025      -1.51777971    
   5.75000048     -0.600787342    
   5.76000023      -4.98211193    
   5.77000046      -1.72331297    
   5.78000021      -2.67812157    
   5.79000044      -2.41505361    
   5.80000019      -2.89985800    
   5.81000042      -1.98286235    
   5.82000065      -1.31432807    
   5.83000040      -1.84169006    
   5.84000063      -4.97647333    
   5.85000038      -2.57787633    
   5.86000061      -1.21386468    
   5.87000036      -1.92983496    
   5.88000059      -2.33459187    
   5.89000034      -2.67035556    
   5.90000057      -1.06020868    
   5.91000032      -1.83602810    
   5.92000055      -3.02490234    
   5.93000031      -2.02566290    
   5.94000053      -1.47288358    
   5.95000029                  NaN
   5.96000051                  NaN
   5.97000027      -1.47074759    
   5.98000050     -0.635808825    
   5.99000025     -0.958495319    
   6.00000048      -2.56721878    
   6.01000023                  NaN
   6.02000046      -1.87264204    
   6.03000021                  NaN
   6.04000044      -1.20105302    
   6.05000019      -2.47662997    
   6.06000042      -1.70272315    
   6.07000065      -2.12688875    
   6.08000040      -1.66354668    
   6.09000063      -2.47375870    
   6.10000038      -2.47303915    
   6.11000061      -1.06540596    
   6.12000036      -1.58921051    
   6.13000059      -2.31672835    
   6.14000034      -1.14840138    
   6.15000057     -0.947008967    
   6.16000032      -4.95362043    
   6.17000055      -2.24484706    
   6.18000031      -1.65633702    
   6.19000053      -1.58415425    
   6.20000029      -1.95499337    
   6.21000051      -1.31241465    
   6.22000027      -2.31021810    
   6.23000050      -3.84993696    
   6.24000025      -1.36430407    
   6.25000048      -1.23352385    
   6.26000023      -1.68827188    
   6.27000046      -1.23206842    
   6.28000021                  NaN
   6.29000044      -2.99827290    
   6.30000067      -1.57615745    
   6.31000042      -1.35920382    
   6.32000065      -1.33107412    
   6.33000040      -1.54006350    
   6.34000063      -2.30147171    
   6.35000038      -2.23174644    
   6.36000061      -2.23101354    
   6.37000036      -1.22475815    
   6.38000059      -2.37264752    
   6.39000034      -1.41050160    
   6.40000057      -1.12946439    
   6.41000032      -1.67729497    
   6.42000055                  NaN
   6.43000031      -2.16132975    
   6.44000053      -1.08303380    
   6.45000029      -2.04207158    
   6.46000051      -1.24282575    
   6.47000027     -0.820092678    
   6.48000050      -1.83918476    
   6.49000025                  NaN
   6.50000048      -1.52754962    
   6.51000023      -2.28894854    
   6.52000046      -1.40090382    
   6.53000069                  NaN
   6.54000044     -0.955487430    
   6.55000067      -4.92503643    
   6.56000042                  NaN
   6.57000065      -2.03317642    
   6.58000040      -1.74474967    
   6.59000063      -1.28447151    
   6.60000038                  NaN
   6.61000061      -1.55326939    
   6.62000036      -2.84037662    
   6.63000059      -2.61648512    
   6.64000034                  NaN
   6.65000057                  NaN
   6.66000032     -0.626364470    
   6.67000055      -1.82503164    
   6.68000031      -1.61948693    
   6.69000053      -3.12281299    
   6.70000029      -1.86929893    
   6.71000051      -1.54577327    
   6.72000027      -1.82127392    
   6.73000050     -0.851119995    
   6.74000025      -1.08216774    
   6.75000048      -1.61421788    
   6.76000071      -1.22042012    
   6.77000046      -4.90854502    
   6.78000069      -1.72973418    
   6.79000044     -0.995008409    
   6.80000067                  NaN
   6.81000042      -1.07687461    
   6.82000065      -2.26570034    
   6.83000040                  NaN
   6.84000063      -2.26418185    
   6.85000038      -1.46849167    
   6.86000061      -2.19366789    
   6.87000036      -2.82151580    
   6.88000059      -1.26260877    
   6.89000034     -0.987409413    
   6.90000057      -2.25961185    
   6.91000032      -2.70068097    
   6.92000055      -1.67826545    
   6.93000031      -1.49517906    
   6.94000053      -19.1264534    
   6.95000029      -2.49695039    
   6.96000051      -1.63598204    
   6.97000027     -0.867959738    
   6.98000050      -2.58995891    
   6.99000072     -0.921483815    
   7.00000048      -2.05779290    
   7.01000071                  NaN
   7.02000046     -0.977443695    
   7.03000069      -1.48749876    
   7.04000044      -1.25033867    
   7.05000067      -1.45316565    
   7.06000042      -1.30286193    
   7.07000065      -1.38909960    
   7.08000040      -1.94039476    
   7.09000063      -1.22049749    
   7.10000038      -1.79224169    
   7.11000061      -1.66363323    
   7.12000036      -1.54952848    
   7.13000059     -0.706569016    
   7.14000034      -2.80073714    
   7.15000057                  NaN
   7.16000032      -1.44463551    
   7.17000055      -1.78680062    
   7.18000031      -1.18818402    
   7.19000053     -0.850931704    
   7.20000029      -3.77688980    
   7.21000051      -1.65584517    
   7.22000074                  NaN
   7.23000050      -2.30820656    
   7.24000072     -0.697985291    
   7.25000048      -2.56900311    
   7.26000071                  NaN
   7.27000046      -2.30506968    
   7.28000069      -1.65035689    
   7.29000044      -1.46724880    
   7.30000067      -1.10645914    
   7.31000042      -1.03822994    
   7.32000065      -1.40034711    
   7.33000040      -1.82077181    
   7.34000063      -1.92006564    
   7.35000038      -2.66648960    
   7.36000061      -1.36641550    
   7.37000036      -1.86639977    
   7.38000059      -1.22375405    
   7.39000034      -1.81602502    
   7.40000057      -2.55716872    
   7.41000032      -1.22137392    
   7.42000055      -1.68011141    
   7.43000031      -1.21978402    
   7.44000053      -2.45867944    
   7.45000076      -1.72028351    
   7.46000051      -2.45708513    
   7.47000074      -2.08159399    
   7.48000050      -1.18982291    
   7.49000072      -19.4685593    
   7.50000048      -2.14373565    
   7.51000071      -1.29563725    
   7.52000046                  NaN
   7.53000069      -2.21032572    
   7.54000044      -1.15970111    
   7.55000067      -1.11010814    
   7.56000042      -2.01376104    
   7.57000065      -2.28122067    
   7.58000040      -1.01672387    
   7.59000063      -3.45826530    
   7.60000038      -1.79923117    
   7.61000061      -1.62407076    
   7.62000036      -2.27718997    
   7.63000059     -0.852347314    
   7.64000034      -3.04876304    
   7.65000057      -1.54387629    
   7.66000032      -2.19984555    
   7.67000055      -1.47079670    
   7.68000031      -1.61840546    
   7.69000053                  NaN
   7.70000076     -0.923633277    
   7.71000051      -1.09717321    
   7.72000074      -2.19497156    
   7.73000050      -2.75377250    
   7.74000072      -3.73378587    
   7.75000048      -2.05899429    
   7.76000071      -1.49856186    
   7.77000046      -3.03819013    
   7.78000069      -2.74968934    
   7.79000044      -1.33180499    
   7.80000067     -0.838508964    
   7.81000042      -1.08900332    
   7.82000065      -1.39186502    
   7.83000040                  NaN
   7.84000063      -1.42301166    
   7.85000038      -1.01672399    
   7.86000061      -2.25761366    
   7.87000036      -1.45444286    
   7.88000059      -1.93054259    
   7.89000034     -0.615396082    
   7.90000057                  NaN
   7.91000032                  NaN
   7.92000055      -1.29124784    
   7.93000078      -1.63872623    
   7.94000053      -1.15238965    
   7.95000076      -1.67962742    
   7.96000051     -0.863047957    
   7.97000074      -1.67796648    
   7.98000050      -1.14906740    
   7.99000072     -0.983155489    
   8.00000095      -2.61373949    
   8.01000023      -1.19921207    
   8.02000046      -2.50671101    
   8.03000069      -1.25311267    
   8.04000092      -2.86171508    
   8.05000019      -1.54869199    
   8.06000042     -0.955803931    
   8.07000065      -4.11196470    
   8.08000088                  NaN
   8.09000015      -2.72399402    
   8.10000038     -0.952448189    
   8.11000061      -2.23680544    
   8.12000084      -1.11203372    
   8.13000011      -1.85563242    
   8.14000034      -1.16164243    
   8.15000057      -3.69977236    
   8.16000080      -4.10439587    
   8.17000103     -0.702351272    
   8.18000031      -1.29934263    
   8.19000053      -1.49916685    
   8.20000076      -1.96094322    
   8.21000099      -1.90293705    
   8.22000027      -2.30755377    
   8.23000050     -0.879588008    
   8.24000072     -0.713223994    
   8.25000095      -1.69886792    
   8.26000023                  NaN
   8.27000046      -2.08015656    
   8.28000069      -1.79162145    
   8.29000092      -1.23115218    
   8.30000019      -1.38444853    
   8.31000042      -2.01220226    
   8.32000065      -2.21898580    
   8.33000088      -1.02187860    
   8.34000015      -1.25586057    
   8.35000038      -1.38016593    
   8.36000061     -0.829260826    
   8.37000084      -1.73512232    
   8.38000107      -1.37758768    
   8.39000034      -1.68688130    
   8.40000057                  NaN
   8.41000080      -3.16676211    
   8.42000103      -1.88496482    
   8.43000031      -1.44226813    
   8.44000053      -1.59555411    
   8.45000076                  NaN
   8.46000099      -1.68083405    
   8.47000027      -1.10744774    
   8.48000050                  NaN
   8.49000072      -1.63377905    
   8.50000095      -1.54952848    
   8.51000023                  NaN
   8.52000046     -0.834837735    
   8.53000069      -1.77005970    
   8.54000092      -1.87454820    
   8.55000019      -4.76404667    
   8.56000042      -1.92995954    
   8.57000065      -2.45971322    
   8.58000088      -1.26491582    
   8.59000015                  NaN
   8.60000038      -1.62417614    
   8.61000061      -1.50069606    
   8.62000084      -3.65930128    
   8.63000107      -1.66599321    
   8.64000034      -2.81024528    
   8.65000057      -1.49717832    
   8.66000080                  NaN
   8.67000103      -2.04546118    
   8.68000031      -1.66158569    
   8.69000053                  NaN
   8.70000076      -2.11180258    
   8.71000099      -1.91676128    
   8.72000027      -2.55186391    
   8.73000050                  NaN
   8.74000072     -0.897166133    
   8.75000095                  NaN
   8.76000023                  NaN
   8.77000046      -3.13520741    
   8.78000069      -1.44791830    
   8.79000092      -1.15934420    
   8.80000019      -2.34407520    
   8.81000042                  NaN
   8.82000065                  NaN
   8.83000088                  NaN
   8.84000015      -1.96580422    
   8.85000038     -0.677053571    
   8.86000061      -4.73659897    
   8.87000084      -3.12626362    
   8.88000107      -1.84443092    
   8.89000034      -1.73817062    
   8.90000057     -0.948812604    
   8.91000080      -3.12266302    
   8.92000103      -1.51232290    
   8.93000031                  NaN
   8.94000053                  NaN
   8.95000076      -1.23198009    
   8.96000099      -1.06402028    
   8.97000027      -1.06311452    
   8.98000050      -2.08671165    
   8.99000072                  NaN
   9.00000095      -1.32275498    
   9.01000023      -2.15809369    
   9.02000046      -1.25639653    
   9.03000069      -1.83084989    
   9.04000092      -1.31911194    
   9.05000019                  NaN
   9.06000042     -0.957282841    
   9.07000065      -1.72183621    
   9.08000088     -0.691301405    
   9.09000111      -1.28174973    
   9.10000038                  NaN
   9.11000061      -2.14895296    
   9.12000084      -1.31178594    
   9.13000107      -1.87885058    
   9.14000034     -0.882501960    
   9.15000057      -1.41438520    
   9.16000080      -2.91754079    
   9.17000103      -1.04481566    
   9.18000031                  NaN
   9.19000053      -1.52847493    
   9.20000076                  NaN
   9.21000099      -1.52662301    
   9.22000027     -0.942549467    
   9.23000050      -1.26883435    
   9.24000072                  NaN
   9.25000095      -1.09004509    
   9.26000023      -1.80966055    
   9.27000046                  NaN
   9.28000069      -1.03460670    
   9.29000092     -0.745991230    
   9.30000019      -1.43820429    
   9.31000042      -4.69536591    
   9.32000065     -0.865788579    
   9.33000088      -1.00461388    
   9.34000111      -3.59394240    
   9.35000038      -2.89985752    
   9.36000061      -3.99753046    
   9.37000084      -2.74382734    
   9.38000107      -1.55330205    
   9.39000034     -0.736610413    
   9.40000057      -2.48968649    
   9.41000080      -1.97791719    
   9.42000103                  NaN
   9.43000031      -1.46520114    
   9.44000053      -1.79275870    
   9.45000076      -2.60274148    
   9.46000099      -1.97318482    
   9.47000027      -1.27908802    
   9.48000050      -1.18282771    
   9.49000072     -0.828236580    
   9.50000095                  NaN
   9.51000023                  NaN
   9.52000046      -2.03646851    
   9.53000069      -1.96652114    
   9.54000092      -1.96556520    
   9.55000114                  NaN
   9.56000042      -1.78132999    
   9.57000065      -1.33853900    
   9.58000088      -1.72534513    
   9.59000111      -2.47159934    
   9.60000038      -2.18295598    
   9.61000061      -2.87514138    
   9.62000084      -1.83272469    
   9.63000107     -0.752951086    
   9.64000034      -2.46678472    
   9.65000057      -1.57200146    
   9.66000080      -1.36624026    
   9.67000103      -1.16460168    
   9.68000031      -1.19440484    
   9.69000053                  NaN
   9.70000076     -0.994639337    
   9.71000099     -0.380563438    
   9.72000027      -1.66052508    
   9.73000050      -2.09033489    
   9.74000072      -2.35172510    
   9.75000095      -1.51784062    
   9.76000023     -0.781157732    
   9.77000046      -1.65564919    
   9.78000069      -2.70449328    
   9.79000092      -1.03850687    
   9.80000114      -1.94039452    
   9.81000042                  NaN
   9.82000065      -1.14997458    
   9.83000088      -1.09015131    
   9.84000111      -1.64878333    
   9.85000038      -3.03409314    
   9.86000061     -0.565007746    
   9.87000084     -0.812917173    
   9.88000107                  NaN
   9.89000034      -1.74921048    
   9.90000057      -1.74822080    
   9.91000080      -1.92955172    
   9.92000103      -1.69217157    
   9.93000031     -0.764416873    
   9.94000053                  NaN
   9.95000076      -1.86104107    
   9.96000099     -0.995047867    
   9.97000027      -2.55219626    
   9.98000050      -2.83888054    
   9.99000072      -1.99058425    
   10.0000010                  NaN
   10.0100012     -0.735821486    
   10.0200005                  NaN
   10.0300007      -2.54619622    
   10.0400009      -1.62890196    
   10.0500011      -1.57910717    
   10.0600004      -1.67818546    
   10.0700006      -2.42439318    
   10.0800009      -1.25331414    
   10.0900011     -0.835411727    
   10.1000004      -3.51997972    
   10.1100006      -1.67314219    
   10.1200008      -2.21867442    
   10.1300011      -1.31971991    
   10.1400003      -1.35644674    
   10.1500006      -1.66908967    
   10.1600008      -1.56799042    
   10.1700010      -1.52045357    
   10.1800003      -1.11397076    
   10.1900005      -1.77624607    
   10.2000008      -1.96938217    
   10.2100010     -0.996500492    
   10.2200003      -1.14066064    
   10.2300005      -3.50676084    
   10.2400007                  NaN
   10.2500010      -1.27111983    
   10.2600012      -1.51125598    
   10.2700005      -2.03632188    
   10.2800007     -0.708422363    
   10.2900009      -1.65477455    
   10.3000011      -1.10167539    
   10.3100004      -1.70677960    
   10.3200006      -2.51667762    
   10.3300009     -0.744937718    
   10.3400011      -1.59831846    
   10.3500004      -1.75980175    
   10.3600006      -1.33388186    
   10.3700008      -1.29510367    
   10.3800011      -1.25769675    
   10.3900003      -2.02391195    
   10.4000006      -1.18662298    
   10.4100008      -4.58677435    
   10.4200010      -2.28314948    
   10.4300003      -1.21739447    
   10.4400005      -1.02829695    
   10.4500008      -3.48398590    
   10.4600010      -1.44605637    
   10.4700003      -2.50106025    
   10.4800005      -2.97001362    
   10.4900007      -2.96896267    
   10.5000010      -1.02200079    
   10.5100012      -1.35741985    
   10.5200005      -1.43974733    
   10.5300007     -0.724038363    
   10.5400009      -1.62869060    
   10.5500011      -1.48102963    
   10.5600004      -1.79842460    
   10.5700006     -0.580969214    
   10.5800009                  NaN
   10.5900011      -2.62191987    
   10.6000004      -1.73355353    
   10.6100006      -2.16780710    
   10.6200008      -1.30654013    
   10.6300011                  NaN
   10.6400003     -0.978983283    
   10.6500006      -1.85338330    
   10.6600008      -1.09462738    
   10.6700010                  NaN
   10.6800003     -0.869340241    
   10.6900005      -4.55714178    
   10.7000008                  NaN
   10.7100010      -2.15710068    
   10.7200012      -1.29582214    
   10.7300005      -2.35561609    
   10.7400007      -17.7412815    
   10.7500010      -2.24809551    
   10.7600012     -0.994250894    
   10.7700005      -1.14731896    
   10.7800007     -0.763242483    
   10.7900009      -1.08061111    
   10.8000011                  NaN
   10.8100004                  NaN
   10.8200006     -0.905498207    
   10.8300009     -0.986646295    
   10.8400011      -2.14300799    
   10.8500004                  NaN
   10.8600006     -0.777517378    
   10.8700008     -0.645802498    
   10.8800011      -2.13863158    
   10.8900003     -0.664228499    
   10.9000006     -0.978983521    
   10.9100008     -0.704590738    
   10.9200010      -1.64175940    
   10.9300003      -1.19882488    
   10.9400005      -1.27182961    
   10.9500008     -0.539837837    
   10.9600010     -0.743526578    
   10.9700012     -0.614586771    
   10.9800005      -3.13920712    
   10.9900007     -0.940873206    
   11.0000010     -0.939762831    
   11.0100012      -1.81411994    
   11.0200005      -1.38556290    
   11.0300007      -1.15264702    
   11.0400009      -1.68561399    
   11.0500011      -1.18550646    
   11.0600004      -1.95164359    
   11.0700006     -0.686832011    
   11.0800009      -1.08036590    
   11.0900011      -1.33517766    
   11.1000004      -1.67889512    
   11.1100006      -1.94603491    
   11.1200008     -0.846296966    
   11.1300011      -1.14143598    
   11.1400003      -2.71584439    
   11.1500006     -0.895556629    
   11.1600008      -1.94039488    
   11.1700010      -1.55977309    
   11.1800013      -1.45855665    
   11.1900005     -0.651797116    
   11.2000008      -1.13351285    
   11.2100010     -0.628470719    
   11.2200012      -2.01362705    
   11.2300005      -1.00088620    
   11.2400007      -1.40521049    
   11.2500010      -1.02937484    
   11.2600012      -1.54952824    
   11.2700005      -1.40178025    
   11.2800007      -1.60130465    
   11.2900009      -1.12323308    
   11.3000011     -0.800500572    
   11.3100004      -1.59785843    
   11.3200006      -3.79393101    
   11.3300009     -0.902407050    
   11.3400011      -1.22667527    
   11.3500004      -1.26474071    
   11.3600006      -2.53654957    
   11.3700008      -1.77325141    
   11.3800011      -1.48440993    
   11.3900003      -2.17639613    
   11.4000006      -1.43329692    
   11.4100008      -1.14445138    
   11.4200010      -1.70290244    
   11.4300013      -2.17173958    
   11.4400005     -0.917809308    
   11.4500008      -2.39254713    
   11.4600010      -1.29276443    
   11.4700012      -1.03565931    
   11.4800005     -0.971966088    
   11.4900007      -1.82824183    
   11.5000010     -0.969615698    
   11.5100012      -2.16236067    
   11.5200005      -1.89881825    
   11.5300007      -1.16675079    
   11.5400009      -2.15882111    
   11.5500011      -1.62701023    
   11.5600004      -1.81998193    
   11.5700006      -1.89290440    
   11.5800009      -1.89171779    
   11.5900011      -1.62226534    
   11.6000004      -1.12208426    
   11.6100006     -0.624456227    
   11.6200008      -1.19380867    
   11.6300011     -0.867191970    
   11.6400013      -1.08221960    
   11.6500006      -1.96341217    
   11.6600008      -1.67453182    
   11.6700010      -1.31042635    
   11.6800013      -1.61150599    
   11.6900005      -1.11131227    
   11.7000008      -1.66972375    
   11.7100010     -0.857588172    
   11.7200012     -0.856381178    
   11.7300005      -1.39416909    
   11.7400007      -1.95257497    
   11.7500010      -1.87132084    
   11.7600012      -1.95015061    
   11.7700005      -2.82440472    
   11.7800007      -2.03473186    
   11.7900009      -17.5370579    
   11.8000011      -2.48428082    
   11.8100004      -4.42896748    
   11.8200006      -2.23052454    
   11.8300009      -1.86157680    
   11.8400011      -2.12271595    
   11.8500004      -2.47816467    
   11.8600006      -1.42711496    
   11.8700008      -2.34217644    
   11.8800011      -2.47447729    
   11.8900013      -2.62739515    
   11.9000006      -2.11533618    
   11.9100008     -0.679016411    
   11.9200010      -1.23739505    
   11.9300013      -17.3209209    
   11.9400005      -1.52259898    
   11.9500008      -2.01383400    
   11.9600010      -1.15238976    
   11.9700012     -0.438949943    
   11.9800005     -0.911488056    
   11.9900007      -2.32730627    
   12.0000010      -1.46105969    
   12.0100012      -1.22619402    
   12.0200005      -1.26750124    
   12.0300007      -3.70859432    
   12.0400009      -1.45604706    
   12.0500011      -1.35470665    
   12.0600004      -1.13987374    
   12.0700006      -1.30566776    
   12.0800009      -2.60368896    
   12.0900011     -0.810666084    
   12.1000004     -0.403935969    
   12.1100006                  NaN
   12.1200008      -2.31094337    
   12.1300011      -1.99122000    
   12.1400013      -1.61525488    
   12.1500006     -0.952583492    
   12.1600008      -1.44085705    
   12.1700010     -0.982822299    
   12.1800013      -1.01544583    
   12.1900005      -1.74240482    
   12.2000008      -2.07759571    
   12.2100010      -1.38316560    
   12.2200012      -1.11951697    
   12.2300005     -0.942340076    
   12.2400007      -1.43060040    
   12.2500010                  NaN
   12.2600012      -1.11436236    
   12.2700005     -0.542524576    
   12.2800007      -1.37413931    
   12.2900009     -0.842214942    
   12.3000011      -2.06469202    
   12.3100004      -2.28653622    
   12.3200006      -1.59208786    
   12.3300009      -2.75393558    
   12.3400011      -1.31754673    
   12.3500013      -1.65271246    
   12.3600006     -0.992159009    
   12.3700008      -2.05555987    
   12.3800011      -1.09873688    
   12.3900013      -1.71646309    
   12.4000006      -2.40829539    
   12.4100008     -0.856381238    
   12.4200010      -1.26052785    
   12.4300013      -3.25163794    
   12.4400005     -0.852420866    
   12.4500008      -3.24899220    
   12.4600010      -2.40036964    
   12.4700012     -0.879216373    
   12.4800005                  NaN
   12.4900007      -1.56970370    
   12.5000010      -2.95466518    
   12.5100012      -1.08152950    
   12.5200005      -1.11941397    
   12.5300007                  NaN
   12.5400009                  NaN
   12.5500011      -1.07617462    
   12.5600004     -0.777580023    
   12.5700006      -1.93368745    
   12.5800009      -3.63708782    
   12.5900011                  NaN
   12.6000013      -2.24809575    
   12.6100006      -1.06808817    
   12.6200008      -2.71539259    
   12.6300011      -1.37903583    
   12.6400013      -3.62896943    
   12.6500006      -3.22214484    
   12.6600008      -1.37495697    
   12.6700010      -1.67897522    
   12.6800013      -1.05857098    
   12.6900005      -1.91740501    
   12.7000008      -3.21531892    
   12.7100010                  NaN
   12.7200012                  NaN
   12.7300005      -1.13175964    
   12.7400007      -2.69899869    
   12.7500010      -1.12900484    
   12.7600012     -0.722159326    
   12.7700005      -1.25977373    
   12.7800007      -2.35700178    
   12.7900009      -1.35708714    
   12.8000011     -0.803630650    
   12.8100014      -1.30301583    
   12.8200006      -1.73240721    
   12.8300009      -1.73101342    
   12.8400011     -0.962362707    
   12.8500013      -1.99058425    
   12.8600006      -2.50001025    
   12.8700008      -1.39999664    
   12.8800011      -1.29323244    
   12.8900013      -1.80265284    
   12.9000006      -1.72120261    
   12.9100008     -0.883545220    
   12.9200010      -1.28759873    
   12.9300013     -0.726569474    
   12.9400005     -0.783994675    
   12.9500008      -1.97649956    
   12.9600010      -1.28193295    
   12.9700012      -4.27624273    
   12.9800005      -1.27908826    
   12.9900007     -0.872197390    
   13.0000010      -1.32752836    
   13.0100012      -1.78563094    
   13.0200005     -0.867908716    
   13.0300007      -2.07044768    
   13.0400009      -1.43302321    
   13.0500011      -1.43158543    
   13.0600014     -0.896063089    
   13.0700006      -1.37154531    
   13.0800009     -0.964636147    
   13.0900011      -1.31458771    
   13.1000013      -1.48498988    
   13.1100006      -1.26039588    
   13.1200008      -2.30876565    
   13.1300011      -2.86692691    
   13.1400013      -1.07371068    
   13.1500006      -1.20578337    
   13.1600008      -2.16940331    
   13.1700010      -1.25164950    
   13.1800013      -1.47332799    
   13.1900005     -0.948612452    
   13.2000008     -0.579418063    
   13.2100010      -1.84361291    
   13.2200012      -1.75512767    
   13.2300005      -1.67360914    
   13.2400007     -0.904875517    
   13.2500010     -0.801612556    
   13.2600012      -1.18959463    
   13.2700014      -1.01375639    
   13.2800007      -1.09565091    
   13.2900009      -1.28521717    
   13.3000011     -0.970067978    
   13.3100014      -1.92408586    
   13.3200006     -0.857879221    
   13.3300009                  NaN
   13.3400011     -0.926339805    
   13.3500013      -1.33030212    
   13.3600006      -1.17464674    
   13.3700008      -1.57860458    
   13.3800011      -2.13671112    
   13.3900013      -2.82834673    
   13.4000006      -1.72822011    
   13.4100008     -0.953513801    
   13.4200010      -1.07459760    
   13.4300013      -1.64362168    
   13.4400005      -1.26260865    
   13.4500008      -1.90293694    
   13.4600010      -2.59455633    
   13.4700012      -1.15794146    
   13.4800005      -1.42834282    
   13.4900007      -1.02134287    
   13.5000010      -1.36464608    
   13.5100012      -1.36310649    
   13.5200014     -0.698270142    
   13.5300007      -2.11379147    
   13.5400009      -1.14716399    
   13.5500011      -1.41754866    
   13.5600014     -0.969709814    
   13.5700006      -1.54797435    
   13.5800009      -1.29510343    
   13.5900011     -0.851711810    
   13.6000013      -1.40976632    
   13.6100006      -1.54173398    
   13.6200008      -1.34601188    
   13.6300011     -0.958780766    
   13.6400013     -0.679577947    
   13.6500006      -1.28414035    
   13.6600008      -1.33972263    
   13.6700010      -1.17562532    
   13.6800013     -0.991722584    
   13.6900005      -2.55875444    
   13.7000008     -0.765409470    
   13.7100010      -1.22057915    
   13.7200012      -1.52436972    
   13.7300005      -1.38924468    
   13.7400007     -0.694501460    
   13.7500010      -1.06759620    
   13.7600012      -1.32382405    
   13.7700014      -1.59048402    
   13.7800007      -1.32061362    
   13.7900009      -1.51316071    
   13.8000011      -1.51154912    
   13.8100014      -1.50993478    
   13.8200006      -1.58242595    
   13.8300009      -1.31254244    
   13.8400011      -2.75783920    
   13.8500013     -0.478947282    
   13.8600006     -0.962827861    
   13.8700008     -0.673515916    
   13.8800011      -3.44447136    
   13.8900013      -1.19154489    
   13.9000006     -0.915470064    
   13.9100008      -1.49364769    
   13.9200010      -1.13532960    
   13.9300013      -1.42136574    
   13.9400005     -0.726569653    
   13.9500008     -0.599755049    
   13.9600010      -1.07993877    
   13.9700012     -0.826967239    
   13.9800014      -1.28793120    
   13.9900007      -1.28626847    
   14.0000010     -0.652080595    
   14.0100012      -1.91892409    
   14.0200014     -0.856381238    
   14.0300007     -0.977309823    
   14.0400009      -1.62622094    
   14.0500011      -1.33685970    
   14.0600014      -1.06324399    
   14.0700006      -1.01503885    
   14.0800009     -0.737097800    
   14.0900011     -0.701505601    
   14.1000013      -1.32842064    
   14.1100006     -0.921259224    
   14.1200008      -1.20724201    
   14.1300011      -1.26269841    
   14.1400013      -1.26099336    
   14.1500006     -0.691301405    
   14.1600008      -1.45173085    
   14.1700010     -0.623337984    
   14.1800013      -1.52240801    
   14.1900005      -1.31304908    
   14.2000008      -1.68601978    
   14.2100010     -0.749984741    
   14.2200012     -0.748256385    
   14.2300014      -1.77614391    
   14.2400007      -2.28523493    
   14.2500010      -1.07952476    
   14.2600012      -1.77093124    
   14.2700014     -0.980730236    
   14.2800007      -1.12558699    
   14.2900009     -0.736071646    
   14.3000011     -0.734318793    
   14.3100014     -0.453849405    
   14.3200006      -1.57810152    
   14.3300009      -2.67495179    
   14.3400011      -3.36633420    
   14.3500013     -0.799616098    
   14.3600006     -0.590205252    
   14.3700008      -1.48921740    
   14.3800011      -1.27979994    
   14.3900013      -1.27801919    
   14.4000006      -1.21561027    
   14.4100008      -1.40797913    
   14.4200010      -1.27265728    
   14.4300013      -1.96401072    
   14.4400015      -1.15128362    
   14.4500008      -2.94124246    
   14.4600010      -1.64015639    
   14.4700012      -1.47129548    
   14.4800014      -1.14406323    
   14.4900007      -1.95318031    
   14.5000010     -0.852751434    
   14.5100012      -1.46403611    
   14.5200014      -1.72457719    
   14.5300007      -2.63904142    
   14.5400009     -0.765409350    
   14.5500011      -1.62377751    
   14.5600014     -0.928793728    
   14.5700006      -1.37893903    
   14.5800009      -1.02042079    
   14.5900011      -1.06986737    
   14.6000013      -1.06801701    
   14.6100006     -0.609405041    
   14.6200008     -0.789869666    
   14.6300011     -0.871390820    
   14.6400013     -0.913978577    
   14.6500006      -1.05871463    
   14.6600008      -2.39184523    
   14.6700010      -1.29135847    
   14.6800013     -0.501022816    
   14.6900015     -0.561661661    
   14.7000008      -1.59586871    
   14.7100010      -2.20011592    
   14.7200012      -1.79275882    
   14.7300014      -1.04364848    
   14.7400007      -1.42123890    
   14.7500010     -0.848791003    
   14.7600012     -0.804324746    
   14.7700014      -1.34141099    
   14.7800007      -2.36911678    
   14.7900009      -1.41168761    
   14.8000011      -1.33565843    
   14.8100014     -0.928268433    
   14.8200006      -1.02642322    
   14.8300009      -1.19634104    
   14.8400011      -1.25894356    
   14.8500013     -0.874011338    
   14.8600006      -2.86449814    
   14.8700008     -0.742286921    
   14.8800011      -1.06883979    
   14.8900013     -0.319670439    
   14.9000015      -1.18270886    
   14.9100008      -1.65074968    
   14.9200010      -2.15960884    
   14.9300013      -1.17680943    
   14.9400015     -0.902901292    
   14.9500008     -0.854402959    
   14.9600010     -0.446955651    
   14.9700012     -0.997038066    
   14.9800014      -1.10627377    
   14.9900007      -1.45258641    
   15.0000010     -0.890972793    
   15.0100012      -1.53559768    
   15.0200014      -1.36653781    
   15.0300007      -1.36452770    
   15.0400009     -0.708586931    
   15.0500011      -1.21739447    
   15.0600014      -1.03305078    
   15.0700006      -1.14880741    
   15.0800009     -0.741311729    
   15.0900011     -0.826288581    
   15.1000013      -1.71806777    
   15.1100006      -1.34829986    
   15.1200008      -1.71397769    
   15.1300011      -1.27009380    
   15.1400013      -1.96118534    
   15.1500015      -1.95912576    
   15.1600008      -1.26391459    
   15.1700010     -0.765409231    
   15.1800013      -1.50093591    
   15.1900015     -0.852231741    
   15.2000008     -0.850150704    
   15.2100010      -1.49469221    
   15.2200012      -1.40559089    
   15.2300014     -0.843881071    
   15.2400007      -1.17825460    
   15.2500010      -3.19105458    
   15.2600012      -1.04888105    
   15.2700014      -1.57739723    
   15.2800007                  NaN
   15.2900009      -1.23668778    
   15.3000011      -1.67639506    
   15.3100014      -2.26205182    
   15.3200006      -1.56677020    
   15.3300009      -3.86721563    
   15.3400011      -1.66784799    
   15.3500013      -1.22386694    
   15.3600006      -1.91486144    
   15.3700008      -1.29366457    
   15.3800011      -2.47015715    
   15.3900013      -3.16113758    
   15.4000015      -1.65488887    
   15.4100008      -2.46364284    
   15.4200010      -1.76831460    
   15.4300013      -1.54298508    
   15.4400015     -0.752337337    
   15.4500008     -0.439986885    
   15.4600010      -1.89307392    
   15.4700012      -2.73816681    
   15.4800014                  NaN
   15.4900007     -0.500149667    
   15.5000010      -2.22069645    
   15.5100012      -1.05532098    
   15.5200014     -0.567583799    
   15.5300007     -0.159883916    
   15.5400009     -0.876766860    
   15.5500011      -1.04637253    
   15.5600014      -1.04412270    
   15.5700006      -1.04186785    
   15.5800009      -1.03960800    
   15.5900011     -0.814199686    
   15.6000013      -2.01590204    
   15.6100016      -1.40749109    
   15.6200008      -1.03051710    
   15.6300011      -1.85491002    
   15.6400013     -0.908157468    
   15.6500015      -1.31132638    
   15.6600008      -1.22898197    
   15.6700010      -1.30671799    
   15.6800013      -1.84340239    
   15.6900015      -3.09384751    
   15.7000008      -1.99291265    
   15.7100010      -1.14328635    
   15.7200012      -1.98825073    
   15.7300014     -0.944457591    
   15.7400007                  NaN
   15.7500010      -1.47039092    
   15.7600012     -0.774888277    
   15.7700014      -1.57103455    
   15.7800007      -2.37959790    
   15.7900009      -1.36562443    
   15.8000011      -2.37484741    
   15.8100014     -0.868386030    
   15.8200006      -1.35847306    
   15.8300009     -0.981384516    
   15.8400011      -1.55434763    
   15.8500013      -1.04111516    
   15.8600016      -1.80084276    
   15.8700008                  NaN
   15.8800011      -1.10285294    
   15.8900013     -0.648437679    
   15.9000015     -0.964455307    
   15.9100008      -1.09554482    
   15.9200010     -0.436317086    
   15.9300013      -2.63108754    
   15.9400015      -1.53001571    
   15.9500008     -0.729041755    
   15.9600010      -1.08324444    
   15.9700012      -1.15487421    
   15.9800014     -0.884125650    
   15.9900007     -0.942259610    
