   0.00000000       16.8569984    
   1.00000007E-02   8.05624580    
   2.00000014E-02   5.28439951    
   3.00000012E-02   2.49104023    
   4.00000028E-02   1.73197031    
   5.00000045E-02   1.04095352    
   6.00000024E-02   1.27931356    
   7.00000077E-02  0.851633668    
   8.00000057E-02   1.47732484    
   9.00000036E-02   1.24363136    
  0.100000009       1.37721062    
  0.110000007      0.882209599    
  0.120000005       1.02453101    
  0.130000010      0.837875485    
  0.140000015      0.507754147    
  0.150000006      0.692854643    
  0.160000011      0.829077125    
  0.170000017      0.513557076    
  0.180000007      0.716572404    
  0.190000013      0.535495520    
  0.200000018      0.482819587    
  0.210000008      0.455315471    
  0.220000014      0.476998448    
  0.230000019      0.404012233    
  0.240000010      0.634115160    
  0.250000030      0.481514126    
  0.260000020      0.441295654    
  0.270000011      0.302358389    
  0.280000031      0.372127235    
  0.290000021      0.534412861    
  0.300000012      0.691795051    
  0.310000032      0.438612849    
  0.320000023      0.541569054    
  0.330000013      0.516465545    
  0.340000033      0.262807697    
  0.350000024      0.223563761    
  0.360000014      0.321536422    
  0.370000035      0.350945860    
  0.380000025      0.278609633    
  0.390000015      0.456949174    
  0.400000036      0.267432749    
  0.410000026      0.447222501    
  0.420000017      0.358215958    
  0.430000037      0.349470943    
  0.440000027      0.644426823    
  0.450000018       8.68187472E-02
  0.460000038      0.229931831    
  0.470000029      0.512499511    
  0.480000019      0.255741566    
  0.490000039      0.284018636    
  0.500000060      0.477447003    
  0.510000050      0.558374882    
  0.520000041      0.190918714    
  0.530000031      0.292294174    
  0.540000021      0.448927581    
  0.550000012      0.251528829    
  0.560000062      0.295313090    
  0.570000052      0.413651317    
  0.580000043      0.228782043    
  0.590000033      0.142740965    
  0.600000024      0.177553162    
  0.610000014      0.369449615    
  0.620000064      0.252437264    
  0.630000055      0.172673732    
  0.640000045      0.157291710    
  0.650000036      0.399882197    
  0.660000026      0.290387124    
  0.670000076      0.415791035    
  0.680000067       5.03858738E-02
  0.690000057      0.218451768    
  0.700000048      0.367292821    
  0.710000038      0.307961136    
  0.720000029      0.366378933    
  0.730000079      0.415790558    
  0.740000069      0.342136145    
  0.750000060      0.254142076    
  0.760000050       7.39470944E-02
  0.770000041      0.382907450    
  0.780000031      0.316874713    
  0.790000081      0.357319504    
  0.800000072      0.143002197    
  0.810000062      0.157384306    
  0.820000052      0.383905917    
  0.830000043      0.179683447    
  0.840000033      0.252730340    
  0.850000083      0.332370758    
  0.860000074      0.230824918    
  0.870000064      0.197021291    
  0.880000055      0.382499635    
  0.890000045      0.327841759    
  0.900000036      -3.92049877E-03
  0.910000086      0.142518640    
  0.920000076      0.238091707    
  0.930000067      0.247378618    
  0.940000057      0.415133268    
  0.950000048      0.391766667    
  0.960000038      0.150758609    
  0.970000088      0.275442779    
  0.980000079      0.291335613    
  0.990000069      0.292801917    
   1.00000012      -5.25481142E-02
   1.01000011      0.368031204    
   1.02000010      0.291949689    
   1.03000009      0.231577650    
   1.04000008      0.155344203    
   1.05000007      0.227870539    
   1.06000006      0.127832979    
   1.07000005      0.411391497    
   1.08000004      0.234828070    
   1.09000003      0.120116055    
   1.10000002      0.290544152    
   1.11000013      0.305232763    
   1.12000012      0.173189133    
   1.13000011      0.332011521    
   1.14000010      0.338804841    
   1.15000010      0.211865202    
   1.16000009      0.200054049    
   1.17000008      0.226671621    
   1.18000007      0.318304449    
   1.19000006       6.63486943E-02
   1.20000005      0.306694090    
   1.21000004      0.193944439    
   1.22000003      0.349551439    
   1.23000014      0.276598871    
   1.24000013       7.58391395E-02
   1.25000012       9.05229524E-02
   1.26000011      0.283701390    
   1.27000010      0.261197835    
   1.28000009      0.388005883    
   1.29000008      0.232127398    
   1.30000007      0.455159873    
   1.31000006      0.279118210    
   1.32000005      0.224483028    
   1.33000004      0.110964768    
   1.34000015      0.339760989    
   1.35000014      0.161941364    
   1.36000013      0.372263163    
   1.37000012       7.50285238E-02
   1.38000011      0.335128576    
   1.39000010      0.221303776    
   1.40000010      0.319385439    
   1.41000009      0.150379926    
   1.42000008       9.00078565E-02
   1.43000007      0.244630516    
   1.44000006      0.173485383    
   1.45000005      0.351194590    
   1.46000016      0.246372640    
   1.47000015       9.42917839E-02
   1.48000014      0.160382584    
   1.49000013      0.261605293    
   1.50000012      0.236111790    
   1.51000011      0.107995167    
   1.52000010      0.135066956    
   1.53000009      0.279740095    
   1.54000008      0.205524176    
   1.55000007      0.246221602    
   1.56000006      0.303206354    
   1.57000005      0.246488810    
   1.58000016      0.306245834    
   1.59000015      0.119310863    
   1.60000014      -1.62785091E-02
   1.61000013       6.78639635E-02
   1.62000012      0.319134414    
   1.63000011      0.116853185    
   1.64000010      0.244709715    
   1.65000010      0.331898183    
   1.66000009      0.249059528    
   1.67000008      0.232854679    
   1.68000007      0.192107767    
   1.69000018      0.293090254    
   1.70000017       8.59292150E-02
   1.71000016       6.68703616E-02
   1.72000015      0.147468403    
   1.73000014       8.88026580E-02
   1.74000013      0.310295910    
   1.75000012      0.146343112    
   1.76000011      0.224424452    
   1.77000010      0.294376343    
   1.78000009      0.232890487    
   1.79000008       3.56380679E-02
   1.80000007      0.183774203    
   1.81000018      0.246996537    
   1.82000017      0.394039065    
   1.83000016       3.15954313E-02
   1.84000015      0.202047154    
   1.85000014      0.202158451    
   1.86000013       8.80630389E-02
   1.87000012      0.265711725    
   1.88000011       9.64253116E-03
   1.89000010      0.268761754    
   1.90000010      0.133765489    
   1.91000009      0.231804609    
   1.92000008      0.150480181    
   1.93000019      0.320465267    
   1.94000018       5.39011583E-02
   1.95000017      0.347094625    
   1.96000016      0.218610823    
   1.97000015      0.145359978    
   1.98000014       3.04732583E-02
   1.99000013      0.275797665    
   2.00000024      0.235736936    
   2.01000023      0.137358367    
   2.02000022       2.08234321E-02
   2.03000021      0.279189587    
   2.04000020      0.457236499    
   2.05000019      0.383791924    
   2.06000018       9.04361531E-02
   2.07000017      0.161483839    
   2.08000016      0.328719527    
   2.09000015      0.352595121    
   2.10000014      -3.34664695E-02
   2.11000013      0.121383615    
   2.12000012      0.124243557    
   2.13000011      0.217897013    
   2.14000010      0.117394798    
   2.15000010      0.127249017    
   2.16000009      0.153903693    
   2.17000008      0.205786660    
   2.18000007      0.285741836    
   2.19000006       4.90518659E-02
   2.20000005      0.422083020    
   2.21000004      0.119259715    
   2.22000027      0.276557624    
   2.23000026       8.70874524E-02
   2.24000025       5.62170558E-02
   2.25000024       7.87482485E-02
   2.26000023      0.171655402    
   2.27000022      0.211170733    
   2.28000021      0.147902936    
   2.29000020      0.115570396    
   2.30000019      0.279217809    
   2.31000018      0.354158044    
   2.32000017      0.282357126    
   2.33000016      0.149734050    
   2.34000015       4.52283137E-02
   2.35000014      0.161217287    
   2.36000013      0.233472809    
   2.37000012      0.206705421    
   2.38000011      0.179907426    
   2.39000010      0.189931288    
   2.40000010       6.24009632E-02
   2.41000009      0.156091034    
   2.42000008      0.222911343    
   2.43000007      0.100864358    
   2.44000006      0.187629357    
   2.45000029      0.197691888    
   2.46000028      0.157959104    
   2.47000027      0.207884461    
   2.48000026      0.153865337    
   2.49000025      0.116890453    
   2.50000024      0.192551404    
   2.51000023       9.13358405E-02
   2.52000022      0.205623269    
   2.53000021      0.292895198    
   2.54000020      0.107218124    
   2.55000019      0.213128716    
   2.56000018      0.110203519    
   2.57000017       9.16502625E-02
   2.58000016      0.343886107    
   2.59000015      0.229388908    
   2.60000014      0.216610238    
   2.61000013      0.185157552    
   2.62000012      0.150796309    
   2.63000011      0.112084553    
   2.64000010      0.104960129    
   2.65000010       7.62478560E-02
   2.66000009      0.224557132    
   2.67000008      0.110903025    
   2.68000031      0.164288849    
   2.69000030       5.76782925E-03
   2.70000029      0.119752117    
   2.71000028      0.319042623    
   2.72000027       9.96682495E-02
   2.73000026      0.154647410    
   2.74000025       8.67684372E-03
   2.75000024      0.163508564    
   2.76000023      0.292459399    
   2.77000022      0.173838958    
   2.78000021      0.117409475    
   2.79000020       9.71728638E-02
   2.80000019       8.41687471E-02
   2.81000018      0.171339452    
   2.82000017      0.306556433    
   2.83000016       2.76207142E-02
   2.84000015      0.120729119    
   2.85000014       5.67612052E-02
   2.86000013      0.233002394    
   2.87000012      0.343879223    
   2.88000011      0.156002343    
   2.89000010      0.103576094    
   2.90000010      0.150346160    
   2.91000032       8.32499340E-02
   2.92000031      0.233820871    
   2.93000031      0.163770527    
   2.94000030      0.237021208    
   2.95000029      0.203489259    
   2.96000028      0.120114520    
   2.97000027      0.234507471    
   2.98000026       9.23915580E-02
   2.99000025      0.209837407    
   3.00000024      0.185000464    
   3.01000023      0.171887293    
   3.02000022      0.239607871    
   3.03000021      0.283874780    
   3.04000020      0.147172108    
   3.05000019       6.33213297E-02
   3.06000018      0.278483689    
   3.07000017      0.148907200    
   3.08000016      0.143094376    
   3.09000015       9.44686607E-02
   3.10000014      0.429791301    
   3.11000013      0.122659110    
   3.12000012      0.180400938    
   3.13000011      0.164232448    
   3.14000010      0.229469627    
   3.15000033      0.159983411    
   3.16000032      0.243082151    
   3.17000031      0.206149384    
   3.18000031      0.132073328    
   3.19000030      0.115818553    
   3.20000029      0.127773389    
   3.21000028      0.211100355    
   3.22000027      0.136850670    
   3.23000026      0.297679096    
   3.24000025      0.116164103    
   3.25000024      0.312936068    
   3.26000023      0.175945401    
   3.27000022       7.31057301E-02
   3.28000021       9.85277519E-02
   3.29000020      0.365966171    
   3.30000019      0.194302410    
   3.31000018      0.203391954    
   3.32000017       1.49642387E-02
   3.33000016      0.205133379    
   3.34000015      0.119857796    
   3.35000014       9.14464295E-02
   3.36000013      0.204003096    
   3.37000012       3.00184935E-02
   3.38000035      0.325896651    
   3.39000034      0.166803300    
   3.40000033      0.112772822    
   3.41000032      0.237718001    
   3.42000031      0.120436117    
   3.43000031      0.224447533    
   3.44000030       8.89288336E-02
   3.45000029      0.141768873    
   3.46000028      0.233909249    
   3.47000027      0.240090787    
   3.48000026      0.200952217    
   3.49000025      0.107340194    
   3.50000024      0.124045514    
   3.51000023      0.155907780    
   3.52000022       4.69521657E-02
   3.53000021      0.324318439    
   3.54000020      0.100084178    
   3.55000019      0.130491987    
   3.56000018       7.59135857E-02
   3.57000017      0.145842716    
   3.58000016      0.115529187    
   3.59000015      -1.97736453E-02
   3.60000014      0.149153471    
   3.61000037      0.236049950    
   3.62000036      0.132573485    
   3.63000035      0.154001147    
   3.64000034      0.164775178    
   3.65000033      0.160296023    
   3.66000032       5.04096001E-02
   3.67000031      0.241502747    
   3.68000031      0.189650014    
   3.69000030       9.94742066E-02
   3.70000029      0.153131142    
   3.71000028      0.134838119    
   3.72000027      0.190115899    
   3.73000026      0.113526054    
   3.74000025       2.14910842E-02
   3.75000024      0.135170057    
   3.76000023       9.37551484E-02
   3.77000022      -9.22753010E-03
   3.78000021      0.196974620    
   3.79000020      0.289485008    
   3.80000019      0.306612164    
   3.81000018       7.24606663E-02
   3.82000017       1.69693567E-02
   3.83000016      0.223825350    
   3.84000015      0.217785448    
   3.85000038      0.170008764    
   3.86000037       3.09297233E-03
   3.87000036       8.82046819E-02
   3.88000035      0.116130829    
   3.89000034      0.130147249    
   3.90000033      0.186040133    
   3.91000032      0.130309030    
   3.92000031      0.211107731    
   3.93000031       4.34903912E-02
   3.94000030      0.244008735    
   3.95000029       8.08685422E-02
   3.96000028      0.141608149    
   3.97000027      0.177509815    
   3.98000026      0.165156081    
   3.99000025      0.194881156    
   4.00000048      -7.17610940E-02
   4.01000023      0.201368988    
   4.02000046       9.05945972E-02
   4.03000021      0.160984322    
   4.04000044      -3.12786805E-03
   4.05000019       5.00772335E-02
   4.06000042       3.13179269E-02
   4.07000017      0.321210295    
   4.08000040       9.40718278E-02
   4.09000015       7.37358928E-02
   4.10000038       2.51173526E-02
   4.11000013      0.136661604    
   4.12000036      0.139891312    
   4.13000011      0.248502910    
   4.14000034       1.57380046E-03
   4.15000010      0.206297234    
   4.16000032      0.152850837    
   4.17000008      0.274359286    
   4.18000031      -4.25998867E-02
   4.19000053      -5.52569851E-02
   4.20000029       5.21324426E-02
   4.21000051       6.00693226E-02
   4.22000027      0.215121150    
   4.23000050      0.102880456    
   4.24000025       8.39403793E-02
   4.25000048      0.207606986    
   4.26000023       9.83191207E-02
   4.27000046      0.128530890    
   4.28000021      -6.66880980E-02
   4.29000044       9.53292623E-02
   4.30000019      0.206678346    
   4.31000042       4.77253459E-02
   4.32000017      0.176696628    
   4.33000040      0.152916208    
   4.34000015      0.160983294    
   4.35000038       9.88845676E-02
   4.36000013       4.14942466E-02
   4.37000036      0.202813134    
   4.38000011      0.127838060    
   4.39000034       2.71830019E-02
   4.40000010       8.00012127E-02
   4.41000032      0.292992294    
   4.42000008      0.267546952    
   4.43000031       7.69491419E-02
   4.44000053      0.234204113    
   4.45000029      0.131623834    
   4.46000051      -2.08806396E-02
   4.47000027       8.83980021E-02
   4.48000050      0.144744486    
   4.49000025      0.140009955    
   4.50000048      0.101451866    
   4.51000023      -8.05694144E-03
   4.52000046      0.175754637    
   4.53000021       8.06735009E-02
   4.54000044       6.78096116E-02
   4.55000019      0.205175966    
   4.56000042      0.139028072    
   4.57000017      0.137500510    
   4.58000040       1.13309091E-02
   4.59000015       4.37332988E-02
   4.60000038      0.202600464    
   4.61000013      0.280581206    
   4.62000036      0.102243446    
   4.63000011      0.138037249    
   4.64000034       3.41255218E-02
   4.65000010       6.17911555E-02
   4.66000032      0.187121570    
   4.67000055      0.317499906    
   4.68000031      0.182478026    
   4.69000053       6.03222847E-02
   4.70000029      0.243078232    
   4.71000051      0.323227972    
   4.72000027       2.28694640E-02
   4.73000050       2.12498419E-02
   4.74000025       1.47210667E-02
   4.75000048       3.27349119E-02
   4.76000023      0.273516059    
   4.77000046       6.88336417E-02
   4.78000021      0.198436633    
   4.79000044       7.38472939E-02
   4.80000019       1.47791728E-02
   4.81000042       1.80752929E-02
   4.82000017      0.253221393    
   4.83000040       4.93614562E-03
   4.84000015      0.146535218    
   4.85000038      0.112033442    
   4.86000013      0.224214822    
   4.87000036      0.136927456    
   4.88000011       3.46671902E-02
   4.89000034       3.46901268E-02
   4.90000057      0.246297747    
   4.91000032      0.296084046    
   4.92000055      0.153933406    
   4.93000031       3.97511125E-02
   4.94000053      -8.28698277E-03
   4.95000029      0.195702687    
   4.96000051      0.182556078    
   4.97000027       3.32140699E-02
   4.98000050      0.181137279    
   4.99000025      0.252763331    
   5.00000048      0.234627545    
   5.01000023       6.32751584E-02
   5.02000046      0.188286051    
   5.03000021       8.33680183E-02
   5.04000044      0.125135601    
   5.05000019       9.85058323E-02
   5.06000042      0.197143525    
   5.07000017      0.264148712    
   5.08000040      0.147219479    
   5.09000015      0.313051015    
   5.10000038      -8.37596580E-02
   5.11000013      0.202834532    
   5.12000036      0.218067855    
   5.13000059      0.209821552    
   5.14000034      0.142774746    
   5.15000057      -4.37017009E-02
   5.16000032      0.141285196    
   5.17000055       5.72254136E-02
   5.18000031      0.161686704    
   5.19000053      0.136515275    
   5.20000029       1.34921074E-02
   5.21000051      0.126573950    
   5.22000027       1.85767338E-02
   5.23000050      0.206172377    
   5.24000025      0.209694192    
   5.25000048       2.36911960E-02
   5.26000023      0.145630404    
   5.27000046      0.137256697    
   5.28000021      0.128871500    
   5.29000044      0.120475002    
   5.30000019       2.54697744E-02
   5.31000042       2.03896873E-02
   5.32000017      0.204035804    
   5.33000040       2.04174835E-02
   5.34000015      0.161748707    
   5.35000038      0.141413763    
   5.36000061      0.168789461    
   5.37000036      0.221794263    
   5.38000059       9.04856473E-02
   5.39000034       6.83378130E-02
   5.40000057      0.169251859    
   5.41000032      0.181343451    
   5.42000055      0.123261139    
   5.43000031       5.13940454E-02
   5.44000053      0.224574864    
   5.45000029      0.121799804    
   5.46000051      0.103000209    
   5.47000027      0.170067340    
   5.48000050      0.163308293    
   5.49000025       6.53683320E-02
   5.50000048      0.117055543    
   5.51000023      0.199820891    
   5.52000046      0.180997327    
   5.53000021      0.246671364    
   5.54000044       2.93447841E-02
   5.55000019      0.203828752    
   5.56000042      0.164213032    
   5.57000017      0.147029266    
   5.58000040      -1.73098070E-03
   5.59000063      0.187072888    
   5.60000038      0.201069742    
   5.61000061       5.72405905E-02
   5.62000036      0.168369740    
   5.63000059      0.231018156    
   5.64000034       9.03857723E-02
   5.65000057       2.26121936E-02
   5.66000032      -1.56655256E-02
   5.67000055      0.355332702    
   5.68000031      0.200450003    
   5.69000053       4.53508087E-02
   5.70000029      0.237385482    
   5.71000051      0.188643858    
   5.72000027       3.14626805E-02
   5.73000050      0.202901483    
   5.74000025      -2.45052762E-02
   5.75000048      0.127867237    
   5.76000023       4.20680568E-02
   5.77000046      0.142079443    
   5.78000021      0.177285403    
   5.79000044      0.252941221    
   5.80000019       6.67954013E-02
   5.81000042      0.130166888    
   5.82000065      0.123217680    
   5.83000040      0.234278813    
   5.84000063      0.213291451    
   5.85000038      -4.58635986E-02
   5.86000061      0.206532180    
   5.87000036      0.215510741    
   5.88000059       5.47997020E-02
   5.89000034       6.36834651E-02
   5.90000057      0.123916797    
   5.91000032      0.109832734    
   5.92000055       8.68649855E-02
   5.93000031       9.93447825E-02
   5.94000053       8.87635909E-03
   5.95000029       4.26369607E-02
   5.96000051       8.35568234E-02
   5.97000027      0.289988697    
   5.98000050      0.122843526    
   5.99000025      0.140747324    
   6.00000048       7.30982721E-02
   6.01000023      -3.56831960E-02
   6.02000046      0.117838711    
   6.03000021      0.128643259    
   6.04000044      0.252107054    
   6.05000019      0.109145790    
   6.06000042      0.268583715    
   6.07000065       4.12124023E-02
   6.08000040       8.06909129E-02
   6.09000063      0.168675467    
   6.10000038      0.111334041    
   6.11000061      0.174309358    
   6.12000036      0.212199166    
   6.13000059      0.102576889    
   6.14000034      0.187292889    
   6.15000057      -1.98241174E-02
   6.16000032       5.41049102E-03
   6.17000055      0.203942418    
   6.18000031      0.213120416    
   6.19000053       1.80741511E-02
   6.20000029      0.101288535    
   6.21000051      0.219014212    
   6.22000027      0.190191552    
   6.23000050      -7.25066289E-03
   6.24000025      0.230375707    
   6.25000048      0.223281875    
   6.26000023       5.99485226E-02
   6.27000046       4.90845144E-02
   6.28000021      0.109156139    
   6.29000044      0.149288878    
   6.30000067       4.37262096E-02
   6.31000042      0.129451215    
   6.32000065      0.202529460    
   6.33000040      0.151551634    
   6.34000063      0.127908245    
   6.35000038      0.221260503    
   6.36000061       2.19592452E-02
   6.37000036       8.97328556E-02
   6.38000059      0.208919585    
   6.39000034      0.264092267    
   6.40000057       7.89188445E-02
   6.41000032      -7.34670460E-03
   6.42000055      0.104767427    
   6.43000031      0.222564876    
   6.44000053      0.130692244    
   6.45000029      0.186051622    
   6.46000051      0.267300934    
   6.47000027       4.79652509E-02
   6.48000050      0.125540346    
   6.49000025      0.155194059    
   6.50000048      0.107237160    
   6.51000023     -0.131370440    
   6.52000046      0.244419158    
   6.53000069      0.148242787    
   6.54000044      0.263326377    
   6.55000067       8.16547722E-02
   6.56000042      0.111430220    
   6.57000065       4.27467488E-02
   6.58000040       5.95180467E-02
   6.59000063       5.39784506E-02
   6.60000038      0.290583611    
   6.61000061      0.292664647    
   6.62000036      0.119391963    
   6.63000059       9.70785096E-02
   6.64000034      0.188697562    
   6.65000057      0.121529937    
   6.66000032       4.86484058E-02
   6.67000055      0.213464499    
   6.68000031      0.266094208    
   6.69000053      0.125645742    
   6.70000029      0.236466885    
   6.71000051       6.01002462E-02
   6.72000027       7.51815643E-03
   6.73000050      0.161762834    
   6.74000025       4.89419214E-02
   6.75000048      0.111144327    
   6.76000071      0.122539632    
   6.77000046      0.145272076    
   6.78000069      0.109508485    
   6.79000044      0.170055673    
   6.80000067      0.196657509    
   6.81000042       8.13719928E-02
   6.82000065       8.33275393E-02
   6.83000040       2.84286626E-02
   6.84000063      0.216222107    
   6.85000038      0.324579805    
   6.86000061       8.35811645E-02
   6.87000036       8.93479437E-02
   6.88000059      0.277760416    
   6.89000034      0.186584204    
   6.90000057      0.133376136    
   6.91000032      0.207844257    
   6.92000055      0.143121466    
   6.93000031      0.189064935    
   6.94000053      0.137606934    
   6.95000029      0.292638898    
   6.96000051      0.189499795    
   6.97000027      -4.40589972E-02
   6.98000050      0.220464185    
   6.99000072      0.163077056    
   7.00000048       7.10410550E-02
   7.01000071       7.49387592E-02
   7.02000046      0.119225286    
   7.03000069       8.27522278E-02
   7.04000044      0.169484168    
   7.05000067      0.150340527    
   7.06000042      0.100304432    
   7.07000065      0.110034175    
   7.08000040       7.53447935E-02
   7.09000063      0.232009783    
   7.10000038      0.102550432    
   7.11000061      0.174277276    
   7.12000036      0.228674337    
   7.13000059      0.129941359    
   7.14000034       2.52321083E-02
   7.15000057      -5.82732540E-03
   7.16000032      0.266321987    
   7.17000055      0.188710690    
   7.18000031      0.268684357    
   7.19000053      0.210438743    
   7.20000029      -1.95001950E-03
   7.21000051       8.39168057E-02
   7.22000074      0.154293463    
   7.23000050      0.179824203    
   7.24000072      0.158447534    
   7.25000048      0.168360233    
   7.26000071      0.101879112    
   7.27000046      0.223525867    
   7.28000069      -1.96229164E-02
   7.29000044      0.159070849    
   7.30000067      0.131680727    
   7.31000042       7.86773264E-02
   7.32000065      0.102361187    
   7.33000040      0.145782799    
   7.34000063      0.130125210    
   7.35000038      0.102603897    
   7.36000061      0.104659840    
   7.37000036      0.173912436    
   7.38000059      -1.97784696E-02
   7.39000034      0.235550016    
   7.40000057       9.90490913E-02
   7.41000032      0.251784652    
   7.42000055      0.218254447    
   7.43000031      0.301828057    
   7.44000053       4.96822894E-02
   7.45000076      0.232698411    
   7.46000051      -2.18950678E-02
   7.47000074       9.56183970E-02
   7.48000050      0.131580248    
   7.49000072      0.231447175    
   7.50000048      0.137781307    
   7.51000071      0.187852323    
   7.52000046      0.124001898    
   7.53000069      0.122099712    
   7.54000044      0.116187945    
   7.55000067      0.316766351    
   7.56000042      0.188607424    
   7.57000065       5.82342073E-02
   7.58000040      0.110533141    
   7.59000063      -2.01131217E-02
   7.60000038      0.177138209    
   7.61000061      0.191382989    
   7.62000036      0.127019688    
   7.63000059       7.06235319E-02
   7.64000034       8.48168507E-02
   7.65000057      0.165728867    
   7.66000032      0.192158505    
   7.67000055      0.139680982    
   7.68000031      0.204626471    
   7.69000053       5.88018596E-02
   7.70000076      0.217134967    
   7.71000051      0.115764186    
   7.72000074      0.113825850    
   7.73000050      0.223768696    
   7.74000072      0.209699839    
   7.75000048      0.195607856    
   7.76000071       4.07848647E-03
   7.77000046      0.116332114    
   7.78000069       6.53626993E-02
   7.79000044       3.88408937E-02
   7.80000067      0.190271705    
   7.81000042      0.231380045    
   7.82000065      0.112711094    
   7.83000040      0.149721295    
   7.84000063      0.176528946    
   7.85000038      0.170511201    
   7.86000061      0.113082439    
   7.87000036       9.87714082E-02
   7.88000059      0.210062638    
   7.89000034       2.06113793E-02
   7.90000057      0.150587484    
   7.91000032      0.138324708    
   7.92000055      0.123975471    
   7.93000078      0.119942181    
   7.94000053       4.34633456E-02
   7.95000076      0.254782259    
   7.96000051       5.39011210E-02
   7.97000074      0.201260075    
   7.98000050       3.32251228E-02
   7.99000072      0.128854588    
   8.00000095       1.66402664E-02
   8.01000023      0.160296038    
   8.02000046      0.218767971    
   8.03000069      0.108432733    
   8.04000092       7.30445907E-02
   8.05000019      0.131590337    
   8.06000042       2.29953472E-02
   8.07000065      0.135995358    
   8.08000088       6.28195284E-03
   8.09000015      0.100595988    
   8.10000038      0.178288400    
   8.11000061       4.40847799E-02
   8.12000084       5.04250415E-02
   8.13000011      0.203972831    
   8.14000034       8.41834098E-02
   8.15000057       6.31908327E-02
   8.16000080      0.103298858    
   8.17000103      0.217321992    
   8.18000031       4.64575514E-02
   8.19000053      0.154285163    
   8.20000076      0.186145231    
   8.21000099      0.143961474    
   8.22000027      0.161034703    
   8.23000050      0.133602723    
   8.24000072      0.222860515    
   8.25000095      0.142327279    
   8.26000023      -5.31524420E-02
   8.27000046      -6.38374034E-03
   8.28000069      0.161859110    
   8.29000092      0.274969250    
   8.30000019       6.82677180E-02
   8.31000042      0.183626398    
   8.32000065      -2.35072169E-02
   8.33000088      0.132608727    
   8.34000015      0.145566523    
   8.35000038      0.143548965    
   8.36000061      0.156538457    
   8.37000084      0.107310295    
   8.38000107      0.270654768    
   8.39000034       2.14990042E-03
   8.40000057      0.159230053    
   8.41000080      0.152906612    
   8.42000103       6.25087321E-02
   8.43000031      0.172586903    
   8.44000053      0.129552156    
   8.45000076      0.159919336    
   8.46000099      0.103821367    
   8.47000027      0.108241014    
   8.48000050       8.88347104E-02
   8.49000072      0.290590107    
   8.50000095      0.112864323    
   8.51000023       1.73788723E-02
   8.52000046      0.128280640    
   8.53000069      0.208909929    
   8.54000092      0.126326516    
   8.55000019      0.194015220    
   8.56000042      0.146184072    
   8.57000065      0.196538493    
   8.58000088       4.80847992E-02
   8.59000015       8.96911100E-02
   8.60000038      0.168592036    
   8.61000061       8.76573008E-03
   8.62000084       7.67674446E-02
   8.63000107       7.24443644E-02
   8.64000034       3.51554714E-02
   8.65000057      0.153940693    
   8.66000080       4.40218300E-02
   8.67000103      0.167430624    
   8.68000031       4.40996103E-02
   8.69000053      0.165519744    
   8.70000076       8.39375556E-02
   8.71000099       7.07468688E-02
   8.72000027       4.64688055E-02
   8.73000050       9.08052921E-02
   8.74000072      0.252707273    
   8.75000095      -8.87477957E-03
   8.76000023       8.21649805E-02
   8.77000046      0.120023221    
   8.78000069      0.173521414    
   8.79000092      0.104651034    
   8.80000019       3.56577002E-02
   8.81000042      0.167294770    
   8.82000065      0.107164428    
   8.83000088       4.46918700E-03
   8.84000015      0.230369151    
   8.85000038      0.152224734    
   8.86000061       4.70528007E-02
   8.87000084       6.72786869E-03
   8.88000107       8.52962583E-02
   8.89000034      0.181979448    
   8.90000057       9.89420414E-02
   8.91000080       5.62677719E-02
   8.92000103      0.132911772    
   8.93000031      0.180382133    
   8.94000053      0.167004421    
   8.95000076       7.90600330E-02
   8.96000099      0.106262490    
   8.97000027       5.88367842E-02
   8.98000050      0.206115663    
   8.99000072      -6.80119395E-02
   9.00000095      0.201952159    
   9.01000023       6.13221377E-02
   9.02000046      0.190953746    
   9.03000069       1.36519866E-02
   9.04000092       1.59418602E-02
   9.05000019      0.161843553    
   9.06000042       5.70392683E-02
   9.07000065       8.90626684E-02
   9.08000088      0.171431199    
   9.09000111       9.60894972E-02
   9.10000038      -9.15976893E-03
   9.11000061       6.41773120E-02
   9.12000084       1.14707425E-02
   9.13000107      0.130886972    
   9.14000034      0.160886511    
   9.15000057       2.30049659E-02
   9.16000080      0.101315200    
   9.17000103      0.135979906    
   9.18000031       4.38306071E-02
   9.19000053      0.129304439    
   9.20000076      0.180269405    
   9.21000099       8.79049525E-02
   9.22000027      -9.26172454E-03
   9.23000050      0.139055029    
   9.24000072      -2.55171172E-02
   9.25000095      0.294880837    
   9.26000023      0.267266780    
   9.27000046       1.16311256E-02
   9.28000069       6.28666282E-02
   9.29000092      0.153817490    
   9.30000019      0.116637304    
   9.31000042       8.63923356E-02
   9.32000065      0.179957882    
   9.33000088      -7.01792305E-03
   9.34000111      0.142831475    
   9.35000038      0.224994987    
   9.36000061      0.110257328    
   9.37000084      -4.22659032E-02
   9.38000107      0.185675189    
   9.39000034      0.202317879    
   9.40000057      0.124801904    
   9.41000080      0.174416319    
   9.42000103      0.113241829    
   9.43000031       7.61893837E-09
   9.44000053      0.165457100    
   9.45000076       2.36591268E-02
   9.46000099       8.76218304E-02
   9.47000027      0.182521269    
   9.48000050      0.111515000    
   9.49000072       3.08739375E-02
   9.50000095       9.03327912E-02
   9.51000023       3.09327897E-02
   9.52000046      0.157193273    
   9.53000069       2.86078751E-02
   9.54000092      0.109768398    
   9.55000114      0.126593366    
   9.56000042      0.126714572    
   9.57000065      0.124442935    
   9.58000088       8.38400722E-02
   9.59000111       1.19886529E-02
   9.60000038      0.108001605    
   9.61000061      -5.60592905E-10
   9.62000084       1.92372948E-02
   9.63000107      0.113128059    
   9.64000034       1.68651175E-02
   9.65000057      0.149521157    
   9.66000080      -2.41398253E-03
   9.67000103      0.101484656    
   9.68000031       9.43270549E-02
   9.69000053      0.121049382    
   9.70000076      0.252027184    
   9.71000099      0.228015155    
   9.72000027      0.174819767    
   9.73000050      0.211446196    
   9.74000072      -4.86556627E-03
   9.75000095      0.177766591    
   9.76000023      0.202315599    
   9.77000046      0.207393155    
   9.78000069      0.205153942    
   9.79000092       9.04538780E-02
   9.80000114      0.132143170    
   9.81000042      0.134722412    
   9.82000065       4.16823812E-02
   9.83000088      0.184073567    
   9.84000111      0.100725919    
   9.85000038      0.250833422    
   9.86000061      0.100924641    
   9.87000084      -1.97120551E-02
   9.88000107      0.271308422    
   9.89000034      0.133319601    
   9.90000057      0.259489179    
   9.91000080       6.18443452E-02
   9.92000103      -2.22860537E-02
   9.93000031      0.242911339    
   9.94000053      0.153831422    
   9.95000076       9.68611538E-02
   9.96000099      0.159110010    
   9.97000027       2.98628677E-02
   9.98000050      0.261560917    
   9.99000072       4.98708934E-02
   10.0000010       4.24326472E-02
   10.0100012      0.197384372    
   10.0200005       6.25260174E-02
   10.0300007       5.50780781E-02
   10.0400009      0.155375913    
   10.0500011      0.145497710    
   10.0600004       8.28664377E-02
   10.0700006       6.03271872E-02
   10.0800009      0.130840719    
   10.0900011      0.246833339    
   10.1000004       7.05950186E-02
   10.1100006      0.105999574    
   10.1200008      0.111159593    
   10.1300011       8.59830901E-02
   10.1400003      -5.56925088E-02
   10.1500006       5.06809615E-02
   10.1600008       1.52197443E-02
   10.1700010       8.88721570E-02
   10.1800003      0.193175986    
   10.1900005      0.201006159    
   10.2000008      0.137536794    
   10.2100010       9.68840197E-02
   10.2200003      0.222040206    
   10.2300005       6.64247423E-02
   10.2400007      0.115083709    
   10.2500010      -1.28001980E-02
   10.2600012      0.207576081    
   10.2700005      0.212919965    
   10.2800007      0.287609309    
   10.2900009       9.76822376E-02
   10.3000011       3.34520973E-02
   10.3100004      0.149401665    
   10.3200006      0.146977440    
   10.3300009      -3.09746172E-02
   10.3400011      0.111107312    
   10.3500004       4.39716540E-02
   10.3600006      0.258925229    
   10.3700008      0.155516431    
   10.3800011      0.150488794    
   10.3900003      0.166229397    
   10.4000006      -1.04001667E-02
   10.4100008      0.109315529    
   10.4200010       6.77421540E-02
   10.4300003      0.127801314    
   10.4400005      -2.61092000E-02
   10.4500008      0.243069664    
   10.4600010       3.13967057E-02
   10.4700003       7.59550184E-02
   10.4800005       9.17661116E-02
   10.4900007       8.13640356E-02
   10.5000010      -7.88222533E-03
   10.5100012      0.168331355    
   10.5200005       6.58237785E-02
   10.5300007      0.150236696    
   10.5400009      0.129287392    
   10.5500011       4.49022651E-02
   10.5600004      0.105764352    
   10.5700006      0.209106028    
   10.5800009      0.127186656    
   10.5900011      0.190982684    
   10.6000004       8.76268670E-02
   10.6100006      0.154174894    
   10.6200008      -1.06440578E-02
   10.6300011       8.25797021E-02
   10.6400003       5.33341505E-02
   10.6500006      0.344373107    
   10.6600008      0.323362470    
   10.6700010       3.74539420E-02
   10.6800003      0.190148875    
   10.6900005       2.41292715E-02
   10.7000008      0.209345087    
   10.7100010       3.22416052E-02
   10.7200012      0.104898147    
   10.7300005      0.236948654    
   10.7400007       6.19966313E-02
   10.7500010       2.69841775E-03
   10.7600012      0.178288460    
   10.7700005      0.140621915    
   10.7800007       9.20447931E-02
   10.7900009      -3.25216725E-02
   10.8000011       1.08523332E-02
   10.8100004       6.79009184E-02
   10.8200006      0.263742656    
   10.8300009      0.258586287    
   10.8400011       5.44986967E-03
   10.8500004      0.182770059    
   10.8600006      0.101043075    
   10.8700008      0.136694327    
   10.8800011     -0.139581084    
   10.8900003      0.128774762    
   10.9000006      0.211203188    
   10.9100008      0.142787665    
   10.9200010       9.62128863E-02
   10.9300003      0.258685261    
   10.9400005       1.10200457E-02
   10.9500008       6.61932975E-02
   10.9600010      0.254021615    
   10.9700012       8.56890306E-02
   10.9800005       5.25773168E-02
   10.9900007      0.191150516    
   11.0000010      0.144215539    
   11.0100012      0.166587636    
   11.0200005      0.144536763    
   11.0300007      0.219829455    
   11.0400009      -5.57153486E-03
   11.0500011      0.220320672    
   11.0600004      -8.37595388E-03
   11.0700006      -5.31071946E-02
   11.0800009      0.100736976    
   11.0900011      0.142870858    
   11.1000004       6.45043626E-02
   11.1100006      0.101076916    
   11.1200008      -1.68651100E-02
   11.1300011       8.44206959E-02
   11.1400003       9.29675698E-02
   11.1500006       3.94853316E-02
   11.1600008      0.129884347    
   11.1700010      0.104590505    
   11.1800013      0.141498774    
   11.1900005       2.26654988E-02
   11.2000008      0.354550928    
   11.2100010      0.170378044    
   11.2200012       4.83287647E-02
   11.2300005      -1.70766581E-02
   11.2400007       8.26314166E-02
   11.2500010      -3.70839909E-02
   11.2600012       3.14146951E-02
   11.2700005      -2.85915248E-02
   11.2800007      0.269068331    
   11.2900009      0.209197238    
   11.3000011      -2.29520965E-02
   11.3100004      0.120637126    
   11.3200006      0.123651676    
   11.3300009      0.267741144    
   11.3400011      0.170053437    
   11.3500004      -1.73135623E-02
   11.3600006       5.48897274E-02
   11.3700008      0.228490129    
   11.3800011      0.138990507    
   11.3900003      0.185535952    
   11.4000006      0.232189640    
   11.4100008      -5.23034707E-02
   11.4200010       4.94553074E-02
   11.4300013      0.128151342    
   11.4400005      0.107889511    
   11.4500008      -3.50321010E-02
   11.4600010       9.64511111E-02
   11.4700012       8.19332600E-02
   11.4800005      0.237299412    
   11.4900007       9.97241959E-02
   11.5000010      0.323016763    
   11.5100012      -2.64597628E-02
   11.5200005      0.129511401    
   11.5300007       9.72482264E-02
   11.5400009       8.55615959E-02
   11.5500011      0.321974158    
   11.5600004      0.100551307    
   11.5700006      0.195419386    
   11.5800009       1.18576754E-02
   11.5900011      0.213691741    
   11.6000004      0.139659315    
   11.6100006      0.151725784    
   11.6200008      0.163821146    
   11.6300011       6.26246110E-02
   11.6400013      0.226912543    
   11.6500006       6.57638982E-02
   11.6600008       8.67926776E-02
   11.6700010      0.206754699    
   11.6800013      0.120001860    
   11.6900005      0.189230338    
   11.7000008      0.246596605    
   11.7100010       8.73161778E-02
   11.7200012      0.156756014    
   11.7300005       2.41454784E-02
   11.7400007      0.229659647    
   11.7500010      0.235989019    
   11.7600012      -3.02917287E-02
   11.7700005       6.97556287E-02
   11.7800007       3.34019735E-02
   11.7900009       1.82414465E-02
   11.8000011      0.170461133    
   11.8100004       7.00963065E-02
   11.8200006      0.140364036    
   11.8300009      0.201638371    
   11.8400011      0.146825850    
   11.8500004       5.20646013E-02
   11.8600006      0.190115944    
   11.8700008      0.156578019    
   11.8800011      0.104513913    
   11.8900013       4.30882163E-02
   11.9000006      0.114016503    
   11.9100008       3.08533795E-02
   11.9200010      0.349074513    
   11.9300013      0.309298396    
   11.9400005       6.81300685E-02
   11.9500008      -9.30201914E-03
   11.9600010      0.183167011    
   11.9700012      0.388549000    
   11.9800005      0.161837891    
   11.9900007       5.60907535E-02
   12.0000010      0.171602637    
   12.0100012      0.115586236    
   12.0200005       6.25573546E-02
   12.0300007      0.131535262    
   12.0400009      0.163057789    
   12.0500011      0.119307496    
   12.0600004      0.100595996    
   12.0700006      0.182560191    
   12.0800009      0.315156370    
   12.0900011      0.239821613    
   12.1000004      0.107424423    
   12.1100006      0.205630511    
   12.1200008       5.38485311E-02
   12.1300011      0.152236104    
   12.1400013      0.107971095    
   12.1500006       8.90306532E-02
   12.1600008      0.229228079    
   12.1700010      0.137074888    
   12.1800013      0.229814261    
   12.1900005       9.26826149E-02
   12.2000008       4.80007194E-02
   12.2100010      0.301190823    
   12.2200012      -4.49158549E-02
   12.2300005      0.218443498    
   12.2400007      0.119012132    
   12.2500010       8.69587436E-02
   12.2600012      0.238639355    
   12.2700005      0.190512598    
   12.2800007       9.05298889E-02
   12.2900009      0.165107563    
   12.3000011       6.15905784E-02
   12.3100004       2.27207579E-02
   12.3200006      0.159252450    
   12.3300009       2.92885937E-02
   12.3400011     -0.110790238    
   12.3500013      0.159876958    
   12.3600006      0.238495827    
   12.3700008      -2.28994302E-02
   12.3800011      0.163782030    
   12.3900013      0.104958236    
   12.4000006      0.128086165    
   12.4100008       4.60402220E-02
   12.4200010       1.31717157E-02
   12.4300013      0.240701199    
   12.4400005      0.260829389    
   12.4500008       9.91803482E-02
   12.4600010      0.142347008    
   12.4700012      0.132591650    
   12.4800005      0.109533586    
   12.4900007      0.139592037    
   12.5000010      0.329477042    
   12.5100012      0.146629751    
   12.5200005       5.67281544E-02
   12.5300007       7.01697618E-02
   12.5400009      0.120452240    
   12.5500011       8.37597176E-02
   12.5600004      0.234842226    
   12.5700006      0.114219785    
   12.5800009      0.117737658    
   12.5900011      0.138107359    
   12.6000013       1.34921083E-02
   12.6100006      0.114838026    
   12.6200008      0.114993647    
   12.6300011      0.155790731    
   12.6400013       3.39135854E-03
   12.6500006      0.105275072    
   12.6600008       3.74065600E-02
   12.6700010      0.129398987    
   12.6800013      0.211412996    
   12.6900005      0.160483971    
   12.7000008      0.150446132    
   12.7100010       9.58697721E-02
   12.7200012       3.42860469E-03
   12.7300005      0.247200519    
   12.7400007      0.151275054    
   12.7500010      0.244439632    
   12.7600012       1.37902675E-02
   12.7700005      0.265829772    
   12.7800007      0.210884064    
   12.7900009      0.200790852    
   12.8000011       4.85340767E-02
   12.8100014      0.159690887    
   12.8200006       3.82401235E-02
   12.8300009      0.160136372    
   12.8400011      0.111554779    
   12.8500013      0.247858375    
   12.8600006       8.39004442E-02
   12.8700008       8.05173740E-02
   12.8800011      0.175283641    
   12.8900013      0.108828679    
   12.9000006      0.175777331    
   12.9100008      -2.46435329E-02
   12.9200010       7.40350485E-02
   12.9300013      -7.06091989E-03
   12.9400005      0.208592430    
   12.9500008      0.251374006    
   12.9600010       7.80012310E-02
   12.9700012      0.163325384    
   12.9800005       3.20004709E-02
   12.9900007      -4.62888740E-02
   13.0000010      0.249603808    
   13.0100012      0.182114348    
   13.0200005      0.132311493    
   13.0300007      0.103852324    
   13.0400009      0.182899401    
   13.0500011       9.33769718E-02
   13.0600014      0.140267268    
   13.0700006      0.115257196    
   13.0800009      0.147886649    
   13.0900011      0.223957106    
   13.1000013       9.04361680E-02
   13.1100006       6.52085617E-02
   13.1200008      0.156002387    
   13.1300011      0.207094833    
   13.1400013      0.312914401    
   13.1500006      -1.09315580E-02
   13.1600008      0.102176987    
   13.1700010      0.113290168    
   13.1800013      0.102476642    
   13.1900005      0.274894118    
   13.2000008      0.190873489    
   13.2100010       8.08731392E-02
   13.2200012       6.25850335E-02
   13.2300005      0.103233479    
   13.2400007      0.173541129    
   13.2500010       8.50501880E-02
   13.2600012       9.25830081E-02
   13.2700014      0.159479409    
   13.2800007      0.196860120    
   13.2900009      0.245511904    
   13.3000011       5.21560200E-02
   13.3100014       7.46199861E-02
   13.3200006      0.145726815    
   13.3300009      0.138460889    
   13.3400011       8.61994922E-02
   13.3500013      0.236466765    
   13.3600006      0.157881930    
   13.3700008      0.176943868    
   13.3800011      0.139506698    
   13.3900013       4.15376835E-02
   13.4000006      0.185311943    
   13.4100008      0.159079805    
   13.4200010       4.55204509E-02
   13.4300013       7.59829134E-02
   13.4400005      0.273955435    
   13.4500008      -4.95397002E-02
   13.4600010      0.190828636    
   13.4700012      0.137607038    
   13.4800005       8.42221379E-02
   13.4900007       9.58539769E-02
   13.5000010      0.142082155    
   13.5100012      0.103841342    
   13.5200014      0.100149684    
   13.5300007      0.138883084    
   13.5400009      0.162281126    
   13.5500011      0.158662915    
   13.5600014      0.162785053    
   13.5700006      0.201856866    
   13.5800009      0.163292199    
   13.5900011      0.167440981    
   13.6000013       5.07007763E-02
   13.6100006      0.144528076    
   13.6200008      0.211263433    
   13.6300011      0.109715946    
   13.6400013      0.133435994    
   13.6500006      0.121853814    
   13.6600008      0.173226610    
   13.6700010      0.130125225    
   13.6800013      0.114533409    
   13.6900005      0.102847852    
   13.7000008      0.225831985    
   13.7100010       6.74605072E-02
   13.7200012       7.15424791E-02
   13.7300005      0.107484899    
   13.7400007       2.79109664E-02
   13.7500010      0.191695750    
   13.7600012      0.108001649    
   13.7700014       6.81101978E-02
   13.7800007       4.81550805E-02
   13.7900009      0.148717225    
   13.8000011      0.161034763    
   13.8100014       4.83884625E-02
   13.8200006      0.218100458    
   13.8300009       2.83180997E-02
   13.8400011      0.158028364    
   13.8500013      0.186695591    
   13.8600006      0.126021430    
   13.8700008      0.179161027    
   13.8800011       9.38053355E-02
   13.8900013      0.212428778    
   13.9000006      0.245511949    
   13.9100008       9.83660817E-02
   13.9200010      -6.15799017E-02
   13.9300013      0.197380260    
   13.9400005      0.234775916    
   13.9500008      0.127896190    
   13.9600010      0.107445352    
   13.9700012      0.124181010    
   13.9800014      0.178288415    
   13.9900007       6.22971281E-02
   14.0000010      0.183042780    
   14.0100012       8.33401680E-02
   14.0200014       7.51315877E-02
   14.0300007      0.108705170    
   14.0400009       6.28197417E-02
   14.0500011       9.22904909E-02
   14.0600014      0.218508422    
   14.0700006      0.105229259    
   14.0800009      0.274058312    
   14.0900011       8.86917114E-02
   14.1000013      0.194606364    
   14.1100006       6.78040981E-02
   14.1200008       4.66945991E-02
   14.1300011       8.92960727E-02
   14.1400013      0.144821331    
   14.1500006      0.179202750    
   14.1600008      0.158139423    
   14.1700010      0.166973412    
   14.1800013       8.14857632E-02
   14.1900005      0.133179292    
   14.2000008      0.197961673    
   14.2100010      0.107773677    
   14.2200012      0.181373015    
   14.2300014       7.35401139E-02
   14.2400007       7.36677945E-02
   14.2500010      0.121546209    
   14.2600012       7.39244968E-02
   14.2700014      0.117614359    
   14.2800007      0.200730339    
   14.2900009      0.144254386    
   14.3000011      0.140128464    
   14.3100014      0.223722249    
   14.3200006      0.109860823    
   14.3300009      0.202500463    
   14.3400011      0.119069010    
   14.3500013      0.136950791    
   14.3600006       9.73631889E-02
   14.3700008      0.212806121    
   14.3800011       9.32683200E-02
   14.3900013      0.191318482    
   14.4000006      -1.33716371E-02
   14.4100008       9.37688872E-02
   14.4200010      -8.58525251E-09
   14.4300013      0.165805086    
   14.4400015      0.166103259    
   14.4500008      0.121428862    
   14.4600010      0.126153544    
   14.4700012      0.167004362    
   14.4800014      0.171828732    
   14.4900007      -1.81200653E-02
   14.5000010      0.122532777    
   14.5100012      0.200046763    
   14.5200014      0.195857033    
   14.5300007      0.114078522    
   14.5400009      0.146287963    
   14.5500011      0.192355245    
   14.5600014      0.146825790    
   14.5700006      0.101128660    
   14.5800009      0.174998984    
   14.5900011       7.84337297E-02
   14.6000013      0.235736951    
   14.6100006      0.106509976    
   14.6200008      0.222694844    
   14.6300011      0.195220858    
   14.6400013      0.135046855    
   14.6500006       6.06513992E-02
   14.6600008       7.01134279E-02
   14.6700010       6.55619875E-02
   14.6800013      0.107911400    
   14.6900015      0.202127427    
   14.7000008       2.82570384E-02
   14.7100010       1.88736320E-02
   14.7200012      0.255276650    
   14.7300014      0.151562080    
   14.7400007      0.156595543    
   14.7500010       2.59436117E-09
   14.7600012      0.214354411    
   14.7700014       7.63606355E-02
   14.7800007      0.119542070    
   14.7900009       8.14446211E-02
   14.8000011       4.32006717E-02
   14.8100014       6.73305094E-02
   14.8200006      0.308390886    
   14.8300009      -6.27630576E-02
   14.8400011      0.212840453    
   14.8500013      0.145400316    
   14.8600006       4.85610589E-02
   14.8700008      0.155698314    
   14.8800011      0.165752545    
   14.8900013      0.234461561    
   14.9000015      0.234921217    
   14.9100008      0.201056123    
   14.9200010      -9.82691534E-03
   14.9300013      0.137848288    
   14.9400015      0.143053591    
   14.9500008      0.123566248    
   14.9600010      0.118858956    
   14.9700012      0.203454435    
   14.9800014      0.119332522    
   14.9900007      0.189320251    
   15.0000010       4.99207713E-02
   15.0100012      0.120049939    
   15.0200014       6.01454973E-02
   15.0300007      0.160710692    
   15.0400009      0.176131740    
   15.0500011       1.00850081E-02
   15.0600014       8.08433518E-02
   15.0700006      0.121511012    
   15.0800009      0.197856665    
   15.0900011      0.213510424    
   15.1000013      -1.01879127E-02
   15.1100006      0.142922461    
   15.1200008       2.55741607E-02
   15.1300011       9.22560394E-02
   15.1400013      0.107853495    
   15.1500015      0.200712368    
   15.1600008       7.21994713E-02
   15.1700010       5.16778231E-03
   15.1800013      0.134641066    
   15.1900015       5.18926866E-02
   15.2000008      0.135202065    
   15.2100010      0.114640586    
   15.2200012      -3.13310139E-02
   15.2300014      -3.13966870E-02
   15.2400007      0.204507306    
   15.2500010       2.62741093E-02
   15.2600012      0.205370262    
   15.2700014      -5.27703064E-03
   15.2800007      -3.17293070E-02
   15.2900009       9.53900218E-02
   15.3000011      0.106214389    
   15.3100014       9.04747397E-02
   15.3200006       5.33341616E-02
   15.3300009       1.06896721E-02
   15.3400011      -3.74941565E-02
   15.3500013      0.263023436    
   15.3600006       6.45527244E-02
   15.3700008      0.134775296    
   15.3800011      0.113456294    
   15.3900013      0.151603177    
   15.4000015       8.68187025E-02
   15.4100008      0.103321843    
   15.4200010       1.63495988E-02
   15.4300013      0.109235831    
   15.4400015      0.169686809    
   15.4500008      0.230403513    
   15.4600010       9.89618674E-02
   15.4700012      0.143260449    
   15.4800014      -7.17886984E-02
   15.4900007      0.237981483    
   15.5000010       1.10935029E-02
   15.5100012      0.172332272    
   15.5200014       7.80011937E-02
   15.5300007       8.37596580E-02
   15.5400009      0.156701952    
   15.5500011      0.185099438    
   15.5600014      0.236111671    
   15.5700006       7.32471645E-02
   15.5800009      0.350122988    
   15.5900011       4.52795960E-02
   15.6000013      0.170184419    
   15.6100016       7.96002820E-02
   15.6200008      0.131070539    
   15.6300011      0.205623269    
   15.6400013       9.73225608E-02
   15.6500015      0.292639017    
   15.6600008      -5.75123308E-03
   15.6700010      0.242109925    
   15.6800013      0.225336790    
   15.6900015       1.15825431E-02
   15.7000008      0.208970621    
   15.7100010      0.168729872    
   15.7200012       7.58142471E-02
   15.7300014       5.26097044E-02
   15.7400007      0.257806808    
   15.7500010      -4.11112159E-02
   15.7600012       8.83032754E-02
   15.7700014      0.224230364    
   15.7800007       4.14034650E-02
   15.7900009      0.189722642    
   15.8000011      0.112916000    
   15.8100014      0.148928300    
   15.8200006       7.76279941E-02
   15.8300009      0.101756945    
   15.8400011      0.150002286    
   15.8500013      0.402974904    
   15.8600016       6.02909410E-03
   15.8700008       6.04368979E-03
   15.8800011      0.151458651    
   15.8900013      0.285435081    
   15.9000015      -1.82636678E-02
   15.9100008      0.183083445    
   15.9200010      0.232474148    
   15.9300013       8.58588144E-02
   15.9400015       7.99224302E-02
   15.9500008       5.54675199E-02
   15.9600010      0.216240942    
   15.9700012      0.105291940    
   15.9800014      0.186271533    
   15.9900007      0.168062404    
