  26  17  18
  26  17  19
  17  26  27
  17  26  28
  29  17  18
  29  17  19
  17  29  30
  17  29  31
  38  17  18
  38  17  19
  17  38  39
  17  38  40
 104  17  18
 104  17  19
  17 104 105
  17 104 106
 155  17  18
 155  17  19
  17 155 156
  17 155 157
 182  17  18
 182  17  19
  17 182 183
  17 182 184
 191  17  18
 191  17  19
  17 191 192
  17 191 193
 206  17  18
 206  17  19
  17 206 207
  17 206 208
 209  17  18
 209  17  19
  17 209 210
  17 209 211
 239  17  18
 239  17  19
  17 239 240
  17 239 241
 278  17  18
 278  17  19
  17 278 279
  17 278 280
 305  17  18
 305  17  19
  17 305 306
  17 305 307
 311  17  18
 311  17  19
  17 311 312
  17 311 313
 338  17  18
 338  17  19
  17 338 339
  17 338 340
 341  17  18
 341  17  19
  17 341 342
  17 341 343
 350  17  18
 350  17  19
  17 350 351
  17 350 352
 353  17  18
 353  17  19
  17 353 354
  17 353 355
 365  17  18
 365  17  19
  17 365 366
  17 365 367
  29  26  27
  29  26  28
  26  29  30
  26  29  31
  38  26  27
  38  26  28
  26  38  39
  26  38  40
 104  26  27
 104  26  28
  26 104 105
  26 104 106
 155  26  27
 155  26  28
  26 155 156
  26 155 157
 182  26  27
 182  26  28
  26 182 183
  26 182 184
 191  26  27
 191  26  28
  26 191 192
  26 191 193
 206  26  27
 206  26  28
  26 206 207
  26 206 208
 209  26  27
 209  26  28
  26 209 210
  26 209 211
 239  26  27
 239  26  28
  26 239 240
  26 239 241
 278  26  27
 278  26  28
  26 278 279
  26 278 280
 305  26  27
 305  26  28
  26 305 306
  26 305 307
 311  26  27
 311  26  28
  26 311 312
  26 311 313
 338  26  27
 338  26  28
  26 338 339
  26 338 340
 341  26  27
 341  26  28
  26 341 342
  26 341 343
 350  26  27
 350  26  28
  26 350 351
  26 350 352
 353  26  27
 353  26  28
  26 353 354
  26 353 355
 365  26  27
 365  26  28
  26 365 366
  26 365 367
  38  29  30
  38  29  31
  29  38  39
  29  38  40
 104  29  30
 104  29  31
  29 104 105
  29 104 106
 155  29  30
 155  29  31
  29 155 156
  29 155 157
 182  29  30
 182  29  31
  29 182 183
  29 182 184
 191  29  30
 191  29  31
  29 191 192
  29 191 193
 206  29  30
 206  29  31
  29 206 207
  29 206 208
 209  29  30
 209  29  31
  29 209 210
  29 209 211
 239  29  30
 239  29  31
  29 239 240
  29 239 241
 278  29  30
 278  29  31
  29 278 279
  29 278 280
 305  29  30
 305  29  31
  29 305 306
  29 305 307
 311  29  30
 311  29  31
  29 311 312
  29 311 313
 338  29  30
 338  29  31
  29 338 339
  29 338 340
 341  29  30
 341  29  31
  29 341 342
  29 341 343
 350  29  30
 350  29  31
  29 350 351
  29 350 352
 353  29  30
 353  29  31
  29 353 354
  29 353 355
 365  29  30
 365  29  31
  29 365 366
  29 365 367
 104  38  39
 104  38  40
  38 104 105
  38 104 106
 155  38  39
 155  38  40
  38 155 156
  38 155 157
 182  38  39
 182  38  40
  38 182 183
  38 182 184
 191  38  39
 191  38  40
  38 191 192
  38 191 193
 206  38  39
 206  38  40
  38 206 207
  38 206 208
 209  38  39
 209  38  40
  38 209 210
  38 209 211
 239  38  39
 239  38  40
  38 239 240
  38 239 241
 278  38  39
 278  38  40
  38 278 279
  38 278 280
 305  38  39
 305  38  40
  38 305 306
  38 305 307
 311  38  39
 311  38  40
  38 311 312
  38 311 313
 338  38  39
 338  38  40
  38 338 339
  38 338 340
 341  38  39
 341  38  40
  38 341 342
  38 341 343
 350  38  39
 350  38  40
  38 350 351
  38 350 352
 353  38  39
 353  38  40
  38 353 354
  38 353 355
 365  38  39
 365  38  40
  38 365 366
  38 365 367
 155 104 105
 155 104 106
 104 155 156
 104 155 157
 182 104 105
 182 104 106
 104 182 183
 104 182 184
 191 104 105
 191 104 106
 104 191 192
 104 191 193
 206 104 105
 206 104 106
 104 206 207
 104 206 208
 209 104 105
 209 104 106
 104 209 210
 104 209 211
 239 104 105
 239 104 106
 104 239 240
 104 239 241
 278 104 105
 278 104 106
 104 278 279
 104 278 280
 305 104 105
 305 104 106
 104 305 306
 104 305 307
 311 104 105
 311 104 106
 104 311 312
 104 311 313
 338 104 105
 338 104 106
 104 338 339
 104 338 340
 341 104 105
 341 104 106
 104 341 342
 104 341 343
 350 104 105
 350 104 106
 104 350 351
 104 350 352
 353 104 105
 353 104 106
 104 353 354
 104 353 355
 365 104 105
 365 104 106
 104 365 366
 104 365 367
 182 155 156
 182 155 157
 155 182 183
 155 182 184
 191 155 156
 191 155 157
 155 191 192
 155 191 193
 206 155 156
 206 155 157
 155 206 207
 155 206 208
 209 155 156
 209 155 157
 155 209 210
 155 209 211
 239 155 156
 239 155 157
 155 239 240
 155 239 241
 278 155 156
 278 155 157
 155 278 279
 155 278 280
 305 155 156
 305 155 157
 155 305 306
 155 305 307
 311 155 156
 311 155 157
 155 311 312
 155 311 313
 338 155 156
 338 155 157
 155 338 339
 155 338 340
 341 155 156
 341 155 157
 155 341 342
 155 341 343
 350 155 156
 350 155 157
 155 350 351
 155 350 352
 353 155 156
 353 155 157
 155 353 354
 155 353 355
 365 155 156
 365 155 157
 155 365 366
 155 365 367
 191 182 183
 191 182 184
 182 191 192
 182 191 193
 206 182 183
 206 182 184
 182 206 207
 182 206 208
 209 182 183
 209 182 184
 182 209 210
 182 209 211
 239 182 183
 239 182 184
 182 239 240
 182 239 241
 278 182 183
 278 182 184
 182 278 279
 182 278 280
 305 182 183
 305 182 184
 182 305 306
 182 305 307
 311 182 183
 311 182 184
 182 311 312
 182 311 313
 338 182 183
 338 182 184
 182 338 339
 182 338 340
 341 182 183
 341 182 184
 182 341 342
 182 341 343
 350 182 183
 350 182 184
 182 350 351
 182 350 352
 353 182 183
 353 182 184
 182 353 354
 182 353 355
 365 182 183
 365 182 184
 182 365 366
 182 365 367
 206 191 192
 206 191 193
 191 206 207
 191 206 208
 209 191 192
 209 191 193
 191 209 210
 191 209 211
 239 191 192
 239 191 193
 191 239 240
 191 239 241
 278 191 192
 278 191 193
 191 278 279
 191 278 280
 305 191 192
 305 191 193
 191 305 306
 191 305 307
 311 191 192
 311 191 193
 191 311 312
 191 311 313
 338 191 192
 338 191 193
 191 338 339
 191 338 340
 341 191 192
 341 191 193
 191 341 342
 191 341 343
 350 191 192
 350 191 193
 191 350 351
 191 350 352
 353 191 192
 353 191 193
 191 353 354
 191 353 355
 365 191 192
 365 191 193
 191 365 366
 191 365 367
 209 206 207
 209 206 208
 206 209 210
 206 209 211
 239 206 207
 239 206 208
 206 239 240
 206 239 241
 278 206 207
 278 206 208
 206 278 279
 206 278 280
 305 206 207
 305 206 208
 206 305 306
 206 305 307
 311 206 207
 311 206 208
 206 311 312
 206 311 313
 338 206 207
 338 206 208
 206 338 339
 206 338 340
 341 206 207
 341 206 208
 206 341 342
 206 341 343
 350 206 207
 350 206 208
 206 350 351
 206 350 352
 353 206 207
 353 206 208
 206 353 354
 206 353 355
 365 206 207
 365 206 208
 206 365 366
 206 365 367
 239 209 210
 239 209 211
 209 239 240
 209 239 241
 278 209 210
 278 209 211
 209 278 279
 209 278 280
 305 209 210
 305 209 211
 209 305 306
 209 305 307
 311 209 210
 311 209 211
 209 311 312
 209 311 313
 338 209 210
 338 209 211
 209 338 339
 209 338 340
 341 209 210
 341 209 211
 209 341 342
 209 341 343
 350 209 210
 350 209 211
 209 350 351
 209 350 352
 353 209 210
 353 209 211
 209 353 354
 209 353 355
 365 209 210
 365 209 211
 209 365 366
 209 365 367
 278 239 240
 278 239 241
 239 278 279
 239 278 280
 305 239 240
 305 239 241
 239 305 306
 239 305 307
 311 239 240
 311 239 241
 239 311 312
 239 311 313
 338 239 240
 338 239 241
 239 338 339
 239 338 340
 341 239 240
 341 239 241
 239 341 342
 239 341 343
 350 239 240
 350 239 241
 239 350 351
 239 350 352
 353 239 240
 353 239 241
 239 353 354
 239 353 355
 365 239 240
 365 239 241
 239 365 366
 239 365 367
 305 278 279
 305 278 280
 278 305 306
 278 305 307
 311 278 279
 311 278 280
 278 311 312
 278 311 313
 338 278 279
 338 278 280
 278 338 339
 278 338 340
 341 278 279
 341 278 280
 278 341 342
 278 341 343
 350 278 279
 350 278 280
 278 350 351
 278 350 352
 353 278 279
 353 278 280
 278 353 354
 278 353 355
 365 278 279
 365 278 280
 278 365 366
 278 365 367
 311 305 306
 311 305 307
 305 311 312
 305 311 313
 338 305 306
 338 305 307
 305 338 339
 305 338 340
 341 305 306
 341 305 307
 305 341 342
 305 341 343
 350 305 306
 350 305 307
 305 350 351
 305 350 352
 353 305 306
 353 305 307
 305 353 354
 305 353 355
 365 305 306
 365 305 307
 305 365 366
 305 365 367
 338 311 312
 338 311 313
 311 338 339
 311 338 340
 341 311 312
 341 311 313
 311 341 342
 311 341 343
 350 311 312
 350 311 313
 311 350 351
 311 350 352
 353 311 312
 353 311 313
 311 353 354
 311 353 355
 365 311 312
 365 311 313
 311 365 366
 311 365 367
 341 338 339
 341 338 340
 338 341 342
 338 341 343
 350 338 339
 350 338 340
 338 350 351
 338 350 352
 353 338 339
 353 338 340
 338 353 354
 338 353 355
 365 338 339
 365 338 340
 338 365 366
 338 365 367
 350 341 342
 350 341 343
 341 350 351
 341 350 352
 353 341 342
 353 341 343
 341 353 354
 341 353 355
 365 341 342
 365 341 343
 341 365 366
 341 365 367
 353 350 351
 353 350 352
 350 353 354
 350 353 355
 365 350 351
 365 350 352
 350 365 366
 350 365 367
 365 353 354
 365 353 355
 353 365 366
 353 365 367
