  26  17  18
  26  17  19
  17  26  27
  17  26  28
  29  17  18
  29  17  19
  17  29  30
  17  29  31
  32  17  18
  32  17  19
  17  32  33
  17  32  34
  38  17  18
  38  17  19
  17  38  39
  17  38  40
  41  17  18
  41  17  19
  17  41  42
  17  41  43
  44  17  18
  44  17  19
  17  44  45
  17  44  46
  47  17  18
  47  17  19
  17  47  48
  17  47  49
  56  17  18
  56  17  19
  17  56  57
  17  56  58
  80  17  18
  80  17  19
  17  80  81
  17  80  82
  83  17  18
  83  17  19
  17  83  84
  17  83  85
 101  17  18
 101  17  19
  17 101 102
  17 101 103
 104  17  18
 104  17  19
  17 104 105
  17 104 106
 110  17  18
 110  17  19
  17 110 111
  17 110 112
 140  17  18
 140  17  19
  17 140 141
  17 140 142
 149  17  18
 149  17  19
  17 149 150
  17 149 151
 152  17  18
 152  17  19
  17 152 153
  17 152 154
 155  17  18
 155  17  19
  17 155 156
  17 155 157
 173  17  18
 173  17  19
  17 173 174
  17 173 175
 182  17  18
 182  17  19
  17 182 183
  17 182 184
 191  17  18
 191  17  19
  17 191 192
  17 191 193
 203  17  18
 203  17  19
  17 203 204
  17 203 205
 206  17  18
 206  17  19
  17 206 207
  17 206 208
 209  17  18
 209  17  19
  17 209 210
  17 209 211
 239  17  18
 239  17  19
  17 239 240
  17 239 241
 266  17  18
 266  17  19
  17 266 267
  17 266 268
 278  17  18
 278  17  19
  17 278 279
  17 278 280
 284  17  18
 284  17  19
  17 284 285
  17 284 286
 305  17  18
 305  17  19
  17 305 306
  17 305 307
 311  17  18
 311  17  19
  17 311 312
  17 311 313
 314  17  18
 314  17  19
  17 314 315
  17 314 316
 320  17  18
 320  17  19
  17 320 321
  17 320 322
 323  17  18
 323  17  19
  17 323 324
  17 323 325
 326  17  18
 326  17  19
  17 326 327
  17 326 328
 329  17  18
 329  17  19
  17 329 330
  17 329 331
 338  17  18
 338  17  19
  17 338 339
  17 338 340
 341  17  18
 341  17  19
  17 341 342
  17 341 343
 350  17  18
 350  17  19
  17 350 351
  17 350 352
 353  17  18
 353  17  19
  17 353 354
  17 353 355
 356  17  18
 356  17  19
  17 356 357
  17 356 358
 359  17  18
 359  17  19
  17 359 360
  17 359 361
 365  17  18
 365  17  19
  17 365 366
  17 365 367
  29  26  27
  29  26  28
  26  29  30
  26  29  31
  32  26  27
  32  26  28
  26  32  33
  26  32  34
  38  26  27
  38  26  28
  26  38  39
  26  38  40
  41  26  27
  41  26  28
  26  41  42
  26  41  43
  44  26  27
  44  26  28
  26  44  45
  26  44  46
  47  26  27
  47  26  28
  26  47  48
  26  47  49
  56  26  27
  56  26  28
  26  56  57
  26  56  58
  80  26  27
  80  26  28
  26  80  81
  26  80  82
  83  26  27
  83  26  28
  26  83  84
  26  83  85
 101  26  27
 101  26  28
  26 101 102
  26 101 103
 104  26  27
 104  26  28
  26 104 105
  26 104 106
 110  26  27
 110  26  28
  26 110 111
  26 110 112
 140  26  27
 140  26  28
  26 140 141
  26 140 142
 149  26  27
 149  26  28
  26 149 150
  26 149 151
 152  26  27
 152  26  28
  26 152 153
  26 152 154
 155  26  27
 155  26  28
  26 155 156
  26 155 157
 173  26  27
 173  26  28
  26 173 174
  26 173 175
 182  26  27
 182  26  28
  26 182 183
  26 182 184
 191  26  27
 191  26  28
  26 191 192
  26 191 193
 203  26  27
 203  26  28
  26 203 204
  26 203 205
 206  26  27
 206  26  28
  26 206 207
  26 206 208
 209  26  27
 209  26  28
  26 209 210
  26 209 211
 239  26  27
 239  26  28
  26 239 240
  26 239 241
 266  26  27
 266  26  28
  26 266 267
  26 266 268
 278  26  27
 278  26  28
  26 278 279
  26 278 280
 284  26  27
 284  26  28
  26 284 285
  26 284 286
 305  26  27
 305  26  28
  26 305 306
  26 305 307
 311  26  27
 311  26  28
  26 311 312
  26 311 313
 314  26  27
 314  26  28
  26 314 315
  26 314 316
 320  26  27
 320  26  28
  26 320 321
  26 320 322
 323  26  27
 323  26  28
  26 323 324
  26 323 325
 326  26  27
 326  26  28
  26 326 327
  26 326 328
 329  26  27
 329  26  28
  26 329 330
  26 329 331
 338  26  27
 338  26  28
  26 338 339
  26 338 340
 341  26  27
 341  26  28
  26 341 342
  26 341 343
 350  26  27
 350  26  28
  26 350 351
  26 350 352
 353  26  27
 353  26  28
  26 353 354
  26 353 355
 356  26  27
 356  26  28
  26 356 357
  26 356 358
 359  26  27
 359  26  28
  26 359 360
  26 359 361
 365  26  27
 365  26  28
  26 365 366
  26 365 367
  32  29  30
  32  29  31
  29  32  33
  29  32  34
  38  29  30
  38  29  31
  29  38  39
  29  38  40
  41  29  30
  41  29  31
  29  41  42
  29  41  43
  44  29  30
  44  29  31
  29  44  45
  29  44  46
  47  29  30
  47  29  31
  29  47  48
  29  47  49
  56  29  30
  56  29  31
  29  56  57
  29  56  58
  80  29  30
  80  29  31
  29  80  81
  29  80  82
  83  29  30
  83  29  31
  29  83  84
  29  83  85
 101  29  30
 101  29  31
  29 101 102
  29 101 103
 104  29  30
 104  29  31
  29 104 105
  29 104 106
 110  29  30
 110  29  31
  29 110 111
  29 110 112
 140  29  30
 140  29  31
  29 140 141
  29 140 142
 149  29  30
 149  29  31
  29 149 150
  29 149 151
 152  29  30
 152  29  31
  29 152 153
  29 152 154
 155  29  30
 155  29  31
  29 155 156
  29 155 157
 173  29  30
 173  29  31
  29 173 174
  29 173 175
 182  29  30
 182  29  31
  29 182 183
  29 182 184
 191  29  30
 191  29  31
  29 191 192
  29 191 193
 203  29  30
 203  29  31
  29 203 204
  29 203 205
 206  29  30
 206  29  31
  29 206 207
  29 206 208
 209  29  30
 209  29  31
  29 209 210
  29 209 211
 239  29  30
 239  29  31
  29 239 240
  29 239 241
 266  29  30
 266  29  31
  29 266 267
  29 266 268
 278  29  30
 278  29  31
  29 278 279
  29 278 280
 284  29  30
 284  29  31
  29 284 285
  29 284 286
 305  29  30
 305  29  31
  29 305 306
  29 305 307
 311  29  30
 311  29  31
  29 311 312
  29 311 313
 314  29  30
 314  29  31
  29 314 315
  29 314 316
 320  29  30
 320  29  31
  29 320 321
  29 320 322
 323  29  30
 323  29  31
  29 323 324
  29 323 325
 326  29  30
 326  29  31
  29 326 327
  29 326 328
 329  29  30
 329  29  31
  29 329 330
  29 329 331
 338  29  30
 338  29  31
  29 338 339
  29 338 340
 341  29  30
 341  29  31
  29 341 342
  29 341 343
 350  29  30
 350  29  31
  29 350 351
  29 350 352
 353  29  30
 353  29  31
  29 353 354
  29 353 355
 356  29  30
 356  29  31
  29 356 357
  29 356 358
 359  29  30
 359  29  31
  29 359 360
  29 359 361
 365  29  30
 365  29  31
  29 365 366
  29 365 367
  38  32  33
  38  32  34
  32  38  39
  32  38  40
  41  32  33
  41  32  34
  32  41  42
  32  41  43
  44  32  33
  44  32  34
  32  44  45
  32  44  46
  47  32  33
  47  32  34
  32  47  48
  32  47  49
  56  32  33
  56  32  34
  32  56  57
  32  56  58
  80  32  33
  80  32  34
  32  80  81
  32  80  82
  83  32  33
  83  32  34
  32  83  84
  32  83  85
 101  32  33
 101  32  34
  32 101 102
  32 101 103
 104  32  33
 104  32  34
  32 104 105
  32 104 106
 110  32  33
 110  32  34
  32 110 111
  32 110 112
 140  32  33
 140  32  34
  32 140 141
  32 140 142
 149  32  33
 149  32  34
  32 149 150
  32 149 151
 152  32  33
 152  32  34
  32 152 153
  32 152 154
 155  32  33
 155  32  34
  32 155 156
  32 155 157
 173  32  33
 173  32  34
  32 173 174
  32 173 175
 182  32  33
 182  32  34
  32 182 183
  32 182 184
 191  32  33
 191  32  34
  32 191 192
  32 191 193
 203  32  33
 203  32  34
  32 203 204
  32 203 205
 206  32  33
 206  32  34
  32 206 207
  32 206 208
 209  32  33
 209  32  34
  32 209 210
  32 209 211
 239  32  33
 239  32  34
  32 239 240
  32 239 241
 266  32  33
 266  32  34
  32 266 267
  32 266 268
 278  32  33
 278  32  34
  32 278 279
  32 278 280
 284  32  33
 284  32  34
  32 284 285
  32 284 286
 305  32  33
 305  32  34
  32 305 306
  32 305 307
 311  32  33
 311  32  34
  32 311 312
  32 311 313
 314  32  33
 314  32  34
  32 314 315
  32 314 316
 320  32  33
 320  32  34
  32 320 321
  32 320 322
 323  32  33
 323  32  34
  32 323 324
  32 323 325
 326  32  33
 326  32  34
  32 326 327
  32 326 328
 329  32  33
 329  32  34
  32 329 330
  32 329 331
 338  32  33
 338  32  34
  32 338 339
  32 338 340
 341  32  33
 341  32  34
  32 341 342
  32 341 343
 350  32  33
 350  32  34
  32 350 351
  32 350 352
 353  32  33
 353  32  34
  32 353 354
  32 353 355
 356  32  33
 356  32  34
  32 356 357
  32 356 358
 359  32  33
 359  32  34
  32 359 360
  32 359 361
 365  32  33
 365  32  34
  32 365 366
  32 365 367
  41  38  39
  41  38  40
  38  41  42
  38  41  43
  44  38  39
  44  38  40
  38  44  45
  38  44  46
  47  38  39
  47  38  40
  38  47  48
  38  47  49
  56  38  39
  56  38  40
  38  56  57
  38  56  58
  80  38  39
  80  38  40
  38  80  81
  38  80  82
  83  38  39
  83  38  40
  38  83  84
  38  83  85
 101  38  39
 101  38  40
  38 101 102
  38 101 103
 104  38  39
 104  38  40
  38 104 105
  38 104 106
 110  38  39
 110  38  40
  38 110 111
  38 110 112
 140  38  39
 140  38  40
  38 140 141
  38 140 142
 149  38  39
 149  38  40
  38 149 150
  38 149 151
 152  38  39
 152  38  40
  38 152 153
  38 152 154
 155  38  39
 155  38  40
  38 155 156
  38 155 157
 173  38  39
 173  38  40
  38 173 174
  38 173 175
 182  38  39
 182  38  40
  38 182 183
  38 182 184
 191  38  39
 191  38  40
  38 191 192
  38 191 193
 203  38  39
 203  38  40
  38 203 204
  38 203 205
 206  38  39
 206  38  40
  38 206 207
  38 206 208
 209  38  39
 209  38  40
  38 209 210
  38 209 211
 239  38  39
 239  38  40
  38 239 240
  38 239 241
 266  38  39
 266  38  40
  38 266 267
  38 266 268
 278  38  39
 278  38  40
  38 278 279
  38 278 280
 284  38  39
 284  38  40
  38 284 285
  38 284 286
 305  38  39
 305  38  40
  38 305 306
  38 305 307
 311  38  39
 311  38  40
  38 311 312
  38 311 313
 314  38  39
 314  38  40
  38 314 315
  38 314 316
 320  38  39
 320  38  40
  38 320 321
  38 320 322
 323  38  39
 323  38  40
  38 323 324
  38 323 325
 326  38  39
 326  38  40
  38 326 327
  38 326 328
 329  38  39
 329  38  40
  38 329 330
  38 329 331
 338  38  39
 338  38  40
  38 338 339
  38 338 340
 341  38  39
 341  38  40
  38 341 342
  38 341 343
 350  38  39
 350  38  40
  38 350 351
  38 350 352
 353  38  39
 353  38  40
  38 353 354
  38 353 355
 356  38  39
 356  38  40
  38 356 357
  38 356 358
 359  38  39
 359  38  40
  38 359 360
  38 359 361
 365  38  39
 365  38  40
  38 365 366
  38 365 367
  44  41  42
  44  41  43
  41  44  45
  41  44  46
  47  41  42
  47  41  43
  41  47  48
  41  47  49
  56  41  42
  56  41  43
  41  56  57
  41  56  58
  80  41  42
  80  41  43
  41  80  81
  41  80  82
  83  41  42
  83  41  43
  41  83  84
  41  83  85
 101  41  42
 101  41  43
  41 101 102
  41 101 103
 104  41  42
 104  41  43
  41 104 105
  41 104 106
 110  41  42
 110  41  43
  41 110 111
  41 110 112
 140  41  42
 140  41  43
  41 140 141
  41 140 142
 149  41  42
 149  41  43
  41 149 150
  41 149 151
 152  41  42
 152  41  43
  41 152 153
  41 152 154
 155  41  42
 155  41  43
  41 155 156
  41 155 157
 173  41  42
 173  41  43
  41 173 174
  41 173 175
 182  41  42
 182  41  43
  41 182 183
  41 182 184
 191  41  42
 191  41  43
  41 191 192
  41 191 193
 203  41  42
 203  41  43
  41 203 204
  41 203 205
 206  41  42
 206  41  43
  41 206 207
  41 206 208
 209  41  42
 209  41  43
  41 209 210
  41 209 211
 239  41  42
 239  41  43
  41 239 240
  41 239 241
 266  41  42
 266  41  43
  41 266 267
  41 266 268
 278  41  42
 278  41  43
  41 278 279
  41 278 280
 284  41  42
 284  41  43
  41 284 285
  41 284 286
 305  41  42
 305  41  43
  41 305 306
  41 305 307
 311  41  42
 311  41  43
  41 311 312
  41 311 313
 314  41  42
 314  41  43
  41 314 315
  41 314 316
 320  41  42
 320  41  43
  41 320 321
  41 320 322
 323  41  42
 323  41  43
  41 323 324
  41 323 325
 326  41  42
 326  41  43
  41 326 327
  41 326 328
 329  41  42
 329  41  43
  41 329 330
  41 329 331
 338  41  42
 338  41  43
  41 338 339
  41 338 340
 341  41  42
 341  41  43
  41 341 342
  41 341 343
 350  41  42
 350  41  43
  41 350 351
  41 350 352
 353  41  42
 353  41  43
  41 353 354
  41 353 355
 356  41  42
 356  41  43
  41 356 357
  41 356 358
 359  41  42
 359  41  43
  41 359 360
  41 359 361
 365  41  42
 365  41  43
  41 365 366
  41 365 367
  47  44  45
  47  44  46
  44  47  48
  44  47  49
  56  44  45
  56  44  46
  44  56  57
  44  56  58
  80  44  45
  80  44  46
  44  80  81
  44  80  82
  83  44  45
  83  44  46
  44  83  84
  44  83  85
 101  44  45
 101  44  46
  44 101 102
  44 101 103
 104  44  45
 104  44  46
  44 104 105
  44 104 106
 110  44  45
 110  44  46
  44 110 111
  44 110 112
 140  44  45
 140  44  46
  44 140 141
  44 140 142
 149  44  45
 149  44  46
  44 149 150
  44 149 151
 152  44  45
 152  44  46
  44 152 153
  44 152 154
 155  44  45
 155  44  46
  44 155 156
  44 155 157
 173  44  45
 173  44  46
  44 173 174
  44 173 175
 182  44  45
 182  44  46
  44 182 183
  44 182 184
 191  44  45
 191  44  46
  44 191 192
  44 191 193
 203  44  45
 203  44  46
  44 203 204
  44 203 205
 206  44  45
 206  44  46
  44 206 207
  44 206 208
 209  44  45
 209  44  46
  44 209 210
  44 209 211
 239  44  45
 239  44  46
  44 239 240
  44 239 241
 266  44  45
 266  44  46
  44 266 267
  44 266 268
 278  44  45
 278  44  46
  44 278 279
  44 278 280
 284  44  45
 284  44  46
  44 284 285
  44 284 286
 305  44  45
 305  44  46
  44 305 306
  44 305 307
 311  44  45
 311  44  46
  44 311 312
  44 311 313
 314  44  45
 314  44  46
  44 314 315
  44 314 316
 320  44  45
 320  44  46
  44 320 321
  44 320 322
 323  44  45
 323  44  46
  44 323 324
  44 323 325
 326  44  45
 326  44  46
  44 326 327
  44 326 328
 329  44  45
 329  44  46
  44 329 330
  44 329 331
 338  44  45
 338  44  46
  44 338 339
  44 338 340
 341  44  45
 341  44  46
  44 341 342
  44 341 343
 350  44  45
 350  44  46
  44 350 351
  44 350 352
 353  44  45
 353  44  46
  44 353 354
  44 353 355
 356  44  45
 356  44  46
  44 356 357
  44 356 358
 359  44  45
 359  44  46
  44 359 360
  44 359 361
 365  44  45
 365  44  46
  44 365 366
  44 365 367
  56  47  48
  56  47  49
  47  56  57
  47  56  58
  80  47  48
  80  47  49
  47  80  81
  47  80  82
  83  47  48
  83  47  49
  47  83  84
  47  83  85
 101  47  48
 101  47  49
  47 101 102
  47 101 103
 104  47  48
 104  47  49
  47 104 105
  47 104 106
 110  47  48
 110  47  49
  47 110 111
  47 110 112
 140  47  48
 140  47  49
  47 140 141
  47 140 142
 149  47  48
 149  47  49
  47 149 150
  47 149 151
 152  47  48
 152  47  49
  47 152 153
  47 152 154
 155  47  48
 155  47  49
  47 155 156
  47 155 157
 173  47  48
 173  47  49
  47 173 174
  47 173 175
 182  47  48
 182  47  49
  47 182 183
  47 182 184
 191  47  48
 191  47  49
  47 191 192
  47 191 193
 203  47  48
 203  47  49
  47 203 204
  47 203 205
 206  47  48
 206  47  49
  47 206 207
  47 206 208
 209  47  48
 209  47  49
  47 209 210
  47 209 211
 239  47  48
 239  47  49
  47 239 240
  47 239 241
 266  47  48
 266  47  49
  47 266 267
  47 266 268
 278  47  48
 278  47  49
  47 278 279
  47 278 280
 284  47  48
 284  47  49
  47 284 285
  47 284 286
 305  47  48
 305  47  49
  47 305 306
  47 305 307
 311  47  48
 311  47  49
  47 311 312
  47 311 313
 314  47  48
 314  47  49
  47 314 315
  47 314 316
 320  47  48
 320  47  49
  47 320 321
  47 320 322
 323  47  48
 323  47  49
  47 323 324
  47 323 325
 326  47  48
 326  47  49
  47 326 327
  47 326 328
 329  47  48
 329  47  49
  47 329 330
  47 329 331
 338  47  48
 338  47  49
  47 338 339
  47 338 340
 341  47  48
 341  47  49
  47 341 342
  47 341 343
 350  47  48
 350  47  49
  47 350 351
  47 350 352
 353  47  48
 353  47  49
  47 353 354
  47 353 355
 356  47  48
 356  47  49
  47 356 357
  47 356 358
 359  47  48
 359  47  49
  47 359 360
  47 359 361
 365  47  48
 365  47  49
  47 365 366
  47 365 367
  80  56  57
  80  56  58
  56  80  81
  56  80  82
  83  56  57
  83  56  58
  56  83  84
  56  83  85
 101  56  57
 101  56  58
  56 101 102
  56 101 103
 104  56  57
 104  56  58
  56 104 105
  56 104 106
 110  56  57
 110  56  58
  56 110 111
  56 110 112
 140  56  57
 140  56  58
  56 140 141
  56 140 142
 149  56  57
 149  56  58
  56 149 150
  56 149 151
 152  56  57
 152  56  58
  56 152 153
  56 152 154
 155  56  57
 155  56  58
  56 155 156
  56 155 157
 173  56  57
 173  56  58
  56 173 174
  56 173 175
 182  56  57
 182  56  58
  56 182 183
  56 182 184
 191  56  57
 191  56  58
  56 191 192
  56 191 193
 203  56  57
 203  56  58
  56 203 204
  56 203 205
 206  56  57
 206  56  58
  56 206 207
  56 206 208
 209  56  57
 209  56  58
  56 209 210
  56 209 211
 239  56  57
 239  56  58
  56 239 240
  56 239 241
 266  56  57
 266  56  58
  56 266 267
  56 266 268
 278  56  57
 278  56  58
  56 278 279
  56 278 280
 284  56  57
 284  56  58
  56 284 285
  56 284 286
 305  56  57
 305  56  58
  56 305 306
  56 305 307
 311  56  57
 311  56  58
  56 311 312
  56 311 313
 314  56  57
 314  56  58
  56 314 315
  56 314 316
 320  56  57
 320  56  58
  56 320 321
  56 320 322
 323  56  57
 323  56  58
  56 323 324
  56 323 325
 326  56  57
 326  56  58
  56 326 327
  56 326 328
 329  56  57
 329  56  58
  56 329 330
  56 329 331
 338  56  57
 338  56  58
  56 338 339
  56 338 340
 341  56  57
 341  56  58
  56 341 342
  56 341 343
 350  56  57
 350  56  58
  56 350 351
  56 350 352
 353  56  57
 353  56  58
  56 353 354
  56 353 355
 356  56  57
 356  56  58
  56 356 357
  56 356 358
 359  56  57
 359  56  58
  56 359 360
  56 359 361
 365  56  57
 365  56  58
  56 365 366
  56 365 367
  83  80  81
  83  80  82
  80  83  84
  80  83  85
 101  80  81
 101  80  82
  80 101 102
  80 101 103
 104  80  81
 104  80  82
  80 104 105
  80 104 106
 110  80  81
 110  80  82
  80 110 111
  80 110 112
 140  80  81
 140  80  82
  80 140 141
  80 140 142
 149  80  81
 149  80  82
  80 149 150
  80 149 151
 152  80  81
 152  80  82
  80 152 153
  80 152 154
 155  80  81
 155  80  82
  80 155 156
  80 155 157
 173  80  81
 173  80  82
  80 173 174
  80 173 175
 182  80  81
 182  80  82
  80 182 183
  80 182 184
 191  80  81
 191  80  82
  80 191 192
  80 191 193
 203  80  81
 203  80  82
  80 203 204
  80 203 205
 206  80  81
 206  80  82
  80 206 207
  80 206 208
 209  80  81
 209  80  82
  80 209 210
  80 209 211
 239  80  81
 239  80  82
  80 239 240
  80 239 241
 266  80  81
 266  80  82
  80 266 267
  80 266 268
 278  80  81
 278  80  82
  80 278 279
  80 278 280
 284  80  81
 284  80  82
  80 284 285
  80 284 286
 305  80  81
 305  80  82
  80 305 306
  80 305 307
 311  80  81
 311  80  82
  80 311 312
  80 311 313
 314  80  81
 314  80  82
  80 314 315
  80 314 316
 320  80  81
 320  80  82
  80 320 321
  80 320 322
 323  80  81
 323  80  82
  80 323 324
  80 323 325
 326  80  81
 326  80  82
  80 326 327
  80 326 328
 329  80  81
 329  80  82
  80 329 330
  80 329 331
 338  80  81
 338  80  82
  80 338 339
  80 338 340
 341  80  81
 341  80  82
  80 341 342
  80 341 343
 350  80  81
 350  80  82
  80 350 351
  80 350 352
 353  80  81
 353  80  82
  80 353 354
  80 353 355
 356  80  81
 356  80  82
  80 356 357
  80 356 358
 359  80  81
 359  80  82
  80 359 360
  80 359 361
 365  80  81
 365  80  82
  80 365 366
  80 365 367
 101  83  84
 101  83  85
  83 101 102
  83 101 103
 104  83  84
 104  83  85
  83 104 105
  83 104 106
 110  83  84
 110  83  85
  83 110 111
  83 110 112
 140  83  84
 140  83  85
  83 140 141
  83 140 142
 149  83  84
 149  83  85
  83 149 150
  83 149 151
 152  83  84
 152  83  85
  83 152 153
  83 152 154
 155  83  84
 155  83  85
  83 155 156
  83 155 157
 173  83  84
 173  83  85
  83 173 174
  83 173 175
 182  83  84
 182  83  85
  83 182 183
  83 182 184
 191  83  84
 191  83  85
  83 191 192
  83 191 193
 203  83  84
 203  83  85
  83 203 204
  83 203 205
 206  83  84
 206  83  85
  83 206 207
  83 206 208
 209  83  84
 209  83  85
  83 209 210
  83 209 211
 239  83  84
 239  83  85
  83 239 240
  83 239 241
 266  83  84
 266  83  85
  83 266 267
  83 266 268
 278  83  84
 278  83  85
  83 278 279
  83 278 280
 284  83  84
 284  83  85
  83 284 285
  83 284 286
 305  83  84
 305  83  85
  83 305 306
  83 305 307
 311  83  84
 311  83  85
  83 311 312
  83 311 313
 314  83  84
 314  83  85
  83 314 315
  83 314 316
 320  83  84
 320  83  85
  83 320 321
  83 320 322
 323  83  84
 323  83  85
  83 323 324
  83 323 325
 326  83  84
 326  83  85
  83 326 327
  83 326 328
 329  83  84
 329  83  85
  83 329 330
  83 329 331
 338  83  84
 338  83  85
  83 338 339
  83 338 340
 341  83  84
 341  83  85
  83 341 342
  83 341 343
 350  83  84
 350  83  85
  83 350 351
  83 350 352
 353  83  84
 353  83  85
  83 353 354
  83 353 355
 356  83  84
 356  83  85
  83 356 357
  83 356 358
 359  83  84
 359  83  85
  83 359 360
  83 359 361
 365  83  84
 365  83  85
  83 365 366
  83 365 367
 104 101 102
 104 101 103
 101 104 105
 101 104 106
 110 101 102
 110 101 103
 101 110 111
 101 110 112
 140 101 102
 140 101 103
 101 140 141
 101 140 142
 149 101 102
 149 101 103
 101 149 150
 101 149 151
 152 101 102
 152 101 103
 101 152 153
 101 152 154
 155 101 102
 155 101 103
 101 155 156
 101 155 157
 173 101 102
 173 101 103
 101 173 174
 101 173 175
 182 101 102
 182 101 103
 101 182 183
 101 182 184
 191 101 102
 191 101 103
 101 191 192
 101 191 193
 203 101 102
 203 101 103
 101 203 204
 101 203 205
 206 101 102
 206 101 103
 101 206 207
 101 206 208
 209 101 102
 209 101 103
 101 209 210
 101 209 211
 239 101 102
 239 101 103
 101 239 240
 101 239 241
 266 101 102
 266 101 103
 101 266 267
 101 266 268
 278 101 102
 278 101 103
 101 278 279
 101 278 280
 284 101 102
 284 101 103
 101 284 285
 101 284 286
 305 101 102
 305 101 103
 101 305 306
 101 305 307
 311 101 102
 311 101 103
 101 311 312
 101 311 313
 314 101 102
 314 101 103
 101 314 315
 101 314 316
 320 101 102
 320 101 103
 101 320 321
 101 320 322
 323 101 102
 323 101 103
 101 323 324
 101 323 325
 326 101 102
 326 101 103
 101 326 327
 101 326 328
 329 101 102
 329 101 103
 101 329 330
 101 329 331
 338 101 102
 338 101 103
 101 338 339
 101 338 340
 341 101 102
 341 101 103
 101 341 342
 101 341 343
 350 101 102
 350 101 103
 101 350 351
 101 350 352
 353 101 102
 353 101 103
 101 353 354
 101 353 355
 356 101 102
 356 101 103
 101 356 357
 101 356 358
 359 101 102
 359 101 103
 101 359 360
 101 359 361
 365 101 102
 365 101 103
 101 365 366
 101 365 367
 110 104 105
 110 104 106
 104 110 111
 104 110 112
 140 104 105
 140 104 106
 104 140 141
 104 140 142
 149 104 105
 149 104 106
 104 149 150
 104 149 151
 152 104 105
 152 104 106
 104 152 153
 104 152 154
 155 104 105
 155 104 106
 104 155 156
 104 155 157
 173 104 105
 173 104 106
 104 173 174
 104 173 175
 182 104 105
 182 104 106
 104 182 183
 104 182 184
 191 104 105
 191 104 106
 104 191 192
 104 191 193
 203 104 105
 203 104 106
 104 203 204
 104 203 205
 206 104 105
 206 104 106
 104 206 207
 104 206 208
 209 104 105
 209 104 106
 104 209 210
 104 209 211
 239 104 105
 239 104 106
 104 239 240
 104 239 241
 266 104 105
 266 104 106
 104 266 267
 104 266 268
 278 104 105
 278 104 106
 104 278 279
 104 278 280
 284 104 105
 284 104 106
 104 284 285
 104 284 286
 305 104 105
 305 104 106
 104 305 306
 104 305 307
 311 104 105
 311 104 106
 104 311 312
 104 311 313
 314 104 105
 314 104 106
 104 314 315
 104 314 316
 320 104 105
 320 104 106
 104 320 321
 104 320 322
 323 104 105
 323 104 106
 104 323 324
 104 323 325
 326 104 105
 326 104 106
 104 326 327
 104 326 328
 329 104 105
 329 104 106
 104 329 330
 104 329 331
 338 104 105
 338 104 106
 104 338 339
 104 338 340
 341 104 105
 341 104 106
 104 341 342
 104 341 343
 350 104 105
 350 104 106
 104 350 351
 104 350 352
 353 104 105
 353 104 106
 104 353 354
 104 353 355
 356 104 105
 356 104 106
 104 356 357
 104 356 358
 359 104 105
 359 104 106
 104 359 360
 104 359 361
 365 104 105
 365 104 106
 104 365 366
 104 365 367
 140 110 111
 140 110 112
 110 140 141
 110 140 142
 149 110 111
 149 110 112
 110 149 150
 110 149 151
 152 110 111
 152 110 112
 110 152 153
 110 152 154
 155 110 111
 155 110 112
 110 155 156
 110 155 157
 173 110 111
 173 110 112
 110 173 174
 110 173 175
 182 110 111
 182 110 112
 110 182 183
 110 182 184
 191 110 111
 191 110 112
 110 191 192
 110 191 193
 203 110 111
 203 110 112
 110 203 204
 110 203 205
 206 110 111
 206 110 112
 110 206 207
 110 206 208
 209 110 111
 209 110 112
 110 209 210
 110 209 211
 239 110 111
 239 110 112
 110 239 240
 110 239 241
 266 110 111
 266 110 112
 110 266 267
 110 266 268
 278 110 111
 278 110 112
 110 278 279
 110 278 280
 284 110 111
 284 110 112
 110 284 285
 110 284 286
 305 110 111
 305 110 112
 110 305 306
 110 305 307
 311 110 111
 311 110 112
 110 311 312
 110 311 313
 314 110 111
 314 110 112
 110 314 315
 110 314 316
 320 110 111
 320 110 112
 110 320 321
 110 320 322
 323 110 111
 323 110 112
 110 323 324
 110 323 325
 326 110 111
 326 110 112
 110 326 327
 110 326 328
 329 110 111
 329 110 112
 110 329 330
 110 329 331
 338 110 111
 338 110 112
 110 338 339
 110 338 340
 341 110 111
 341 110 112
 110 341 342
 110 341 343
 350 110 111
 350 110 112
 110 350 351
 110 350 352
 353 110 111
 353 110 112
 110 353 354
 110 353 355
 356 110 111
 356 110 112
 110 356 357
 110 356 358
 359 110 111
 359 110 112
 110 359 360
 110 359 361
 365 110 111
 365 110 112
 110 365 366
 110 365 367
 149 140 141
 149 140 142
 140 149 150
 140 149 151
 152 140 141
 152 140 142
 140 152 153
 140 152 154
 155 140 141
 155 140 142
 140 155 156
 140 155 157
 173 140 141
 173 140 142
 140 173 174
 140 173 175
 182 140 141
 182 140 142
 140 182 183
 140 182 184
 191 140 141
 191 140 142
 140 191 192
 140 191 193
 203 140 141
 203 140 142
 140 203 204
 140 203 205
 206 140 141
 206 140 142
 140 206 207
 140 206 208
 209 140 141
 209 140 142
 140 209 210
 140 209 211
 239 140 141
 239 140 142
 140 239 240
 140 239 241
 266 140 141
 266 140 142
 140 266 267
 140 266 268
 278 140 141
 278 140 142
 140 278 279
 140 278 280
 284 140 141
 284 140 142
 140 284 285
 140 284 286
 305 140 141
 305 140 142
 140 305 306
 140 305 307
 311 140 141
 311 140 142
 140 311 312
 140 311 313
 314 140 141
 314 140 142
 140 314 315
 140 314 316
 320 140 141
 320 140 142
 140 320 321
 140 320 322
 323 140 141
 323 140 142
 140 323 324
 140 323 325
 326 140 141
 326 140 142
 140 326 327
 140 326 328
 329 140 141
 329 140 142
 140 329 330
 140 329 331
 338 140 141
 338 140 142
 140 338 339
 140 338 340
 341 140 141
 341 140 142
 140 341 342
 140 341 343
 350 140 141
 350 140 142
 140 350 351
 140 350 352
 353 140 141
 353 140 142
 140 353 354
 140 353 355
 356 140 141
 356 140 142
 140 356 357
 140 356 358
 359 140 141
 359 140 142
 140 359 360
 140 359 361
 365 140 141
 365 140 142
 140 365 366
 140 365 367
 152 149 150
 152 149 151
 149 152 153
 149 152 154
 155 149 150
 155 149 151
 149 155 156
 149 155 157
 173 149 150
 173 149 151
 149 173 174
 149 173 175
 182 149 150
 182 149 151
 149 182 183
 149 182 184
 191 149 150
 191 149 151
 149 191 192
 149 191 193
 203 149 150
 203 149 151
 149 203 204
 149 203 205
 206 149 150
 206 149 151
 149 206 207
 149 206 208
 209 149 150
 209 149 151
 149 209 210
 149 209 211
 239 149 150
 239 149 151
 149 239 240
 149 239 241
 266 149 150
 266 149 151
 149 266 267
 149 266 268
 278 149 150
 278 149 151
 149 278 279
 149 278 280
 284 149 150
 284 149 151
 149 284 285
 149 284 286
 305 149 150
 305 149 151
 149 305 306
 149 305 307
 311 149 150
 311 149 151
 149 311 312
 149 311 313
 314 149 150
 314 149 151
 149 314 315
 149 314 316
 320 149 150
 320 149 151
 149 320 321
 149 320 322
 323 149 150
 323 149 151
 149 323 324
 149 323 325
 326 149 150
 326 149 151
 149 326 327
 149 326 328
 329 149 150
 329 149 151
 149 329 330
 149 329 331
 338 149 150
 338 149 151
 149 338 339
 149 338 340
 341 149 150
 341 149 151
 149 341 342
 149 341 343
 350 149 150
 350 149 151
 149 350 351
 149 350 352
 353 149 150
 353 149 151
 149 353 354
 149 353 355
 356 149 150
 356 149 151
 149 356 357
 149 356 358
 359 149 150
 359 149 151
 149 359 360
 149 359 361
 365 149 150
 365 149 151
 149 365 366
 149 365 367
 155 152 153
 155 152 154
 152 155 156
 152 155 157
 173 152 153
 173 152 154
 152 173 174
 152 173 175
 182 152 153
 182 152 154
 152 182 183
 152 182 184
 191 152 153
 191 152 154
 152 191 192
 152 191 193
 203 152 153
 203 152 154
 152 203 204
 152 203 205
 206 152 153
 206 152 154
 152 206 207
 152 206 208
 209 152 153
 209 152 154
 152 209 210
 152 209 211
 239 152 153
 239 152 154
 152 239 240
 152 239 241
 266 152 153
 266 152 154
 152 266 267
 152 266 268
 278 152 153
 278 152 154
 152 278 279
 152 278 280
 284 152 153
 284 152 154
 152 284 285
 152 284 286
 305 152 153
 305 152 154
 152 305 306
 152 305 307
 311 152 153
 311 152 154
 152 311 312
 152 311 313
 314 152 153
 314 152 154
 152 314 315
 152 314 316
 320 152 153
 320 152 154
 152 320 321
 152 320 322
 323 152 153
 323 152 154
 152 323 324
 152 323 325
 326 152 153
 326 152 154
 152 326 327
 152 326 328
 329 152 153
 329 152 154
 152 329 330
 152 329 331
 338 152 153
 338 152 154
 152 338 339
 152 338 340
 341 152 153
 341 152 154
 152 341 342
 152 341 343
 350 152 153
 350 152 154
 152 350 351
 152 350 352
 353 152 153
 353 152 154
 152 353 354
 152 353 355
 356 152 153
 356 152 154
 152 356 357
 152 356 358
 359 152 153
 359 152 154
 152 359 360
 152 359 361
 365 152 153
 365 152 154
 152 365 366
 152 365 367
 173 155 156
 173 155 157
 155 173 174
 155 173 175
 182 155 156
 182 155 157
 155 182 183
 155 182 184
 191 155 156
 191 155 157
 155 191 192
 155 191 193
 203 155 156
 203 155 157
 155 203 204
 155 203 205
 206 155 156
 206 155 157
 155 206 207
 155 206 208
 209 155 156
 209 155 157
 155 209 210
 155 209 211
 239 155 156
 239 155 157
 155 239 240
 155 239 241
 266 155 156
 266 155 157
 155 266 267
 155 266 268
 278 155 156
 278 155 157
 155 278 279
 155 278 280
 284 155 156
 284 155 157
 155 284 285
 155 284 286
 305 155 156
 305 155 157
 155 305 306
 155 305 307
 311 155 156
 311 155 157
 155 311 312
 155 311 313
 314 155 156
 314 155 157
 155 314 315
 155 314 316
 320 155 156
 320 155 157
 155 320 321
 155 320 322
 323 155 156
 323 155 157
 155 323 324
 155 323 325
 326 155 156
 326 155 157
 155 326 327
 155 326 328
 329 155 156
 329 155 157
 155 329 330
 155 329 331
 338 155 156
 338 155 157
 155 338 339
 155 338 340
 341 155 156
 341 155 157
 155 341 342
 155 341 343
 350 155 156
 350 155 157
 155 350 351
 155 350 352
 353 155 156
 353 155 157
 155 353 354
 155 353 355
 356 155 156
 356 155 157
 155 356 357
 155 356 358
 359 155 156
 359 155 157
 155 359 360
 155 359 361
 365 155 156
 365 155 157
 155 365 366
 155 365 367
 182 173 174
 182 173 175
 173 182 183
 173 182 184
 191 173 174
 191 173 175
 173 191 192
 173 191 193
 203 173 174
 203 173 175
 173 203 204
 173 203 205
 206 173 174
 206 173 175
 173 206 207
 173 206 208
 209 173 174
 209 173 175
 173 209 210
 173 209 211
 239 173 174
 239 173 175
 173 239 240
 173 239 241
 266 173 174
 266 173 175
 173 266 267
 173 266 268
 278 173 174
 278 173 175
 173 278 279
 173 278 280
 284 173 174
 284 173 175
 173 284 285
 173 284 286
 305 173 174
 305 173 175
 173 305 306
 173 305 307
 311 173 174
 311 173 175
 173 311 312
 173 311 313
 314 173 174
 314 173 175
 173 314 315
 173 314 316
 320 173 174
 320 173 175
 173 320 321
 173 320 322
 323 173 174
 323 173 175
 173 323 324
 173 323 325
 326 173 174
 326 173 175
 173 326 327
 173 326 328
 329 173 174
 329 173 175
 173 329 330
 173 329 331
 338 173 174
 338 173 175
 173 338 339
 173 338 340
 341 173 174
 341 173 175
 173 341 342
 173 341 343
 350 173 174
 350 173 175
 173 350 351
 173 350 352
 353 173 174
 353 173 175
 173 353 354
 173 353 355
 356 173 174
 356 173 175
 173 356 357
 173 356 358
 359 173 174
 359 173 175
 173 359 360
 173 359 361
 365 173 174
 365 173 175
 173 365 366
 173 365 367
 191 182 183
 191 182 184
 182 191 192
 182 191 193
 203 182 183
 203 182 184
 182 203 204
 182 203 205
 206 182 183
 206 182 184
 182 206 207
 182 206 208
 209 182 183
 209 182 184
 182 209 210
 182 209 211
 239 182 183
 239 182 184
 182 239 240
 182 239 241
 266 182 183
 266 182 184
 182 266 267
 182 266 268
 278 182 183
 278 182 184
 182 278 279
 182 278 280
 284 182 183
 284 182 184
 182 284 285
 182 284 286
 305 182 183
 305 182 184
 182 305 306
 182 305 307
 311 182 183
 311 182 184
 182 311 312
 182 311 313
 314 182 183
 314 182 184
 182 314 315
 182 314 316
 320 182 183
 320 182 184
 182 320 321
 182 320 322
 323 182 183
 323 182 184
 182 323 324
 182 323 325
 326 182 183
 326 182 184
 182 326 327
 182 326 328
 329 182 183
 329 182 184
 182 329 330
 182 329 331
 338 182 183
 338 182 184
 182 338 339
 182 338 340
 341 182 183
 341 182 184
 182 341 342
 182 341 343
 350 182 183
 350 182 184
 182 350 351
 182 350 352
 353 182 183
 353 182 184
 182 353 354
 182 353 355
 356 182 183
 356 182 184
 182 356 357
 182 356 358
 359 182 183
 359 182 184
 182 359 360
 182 359 361
 365 182 183
 365 182 184
 182 365 366
 182 365 367
 203 191 192
 203 191 193
 191 203 204
 191 203 205
 206 191 192
 206 191 193
 191 206 207
 191 206 208
 209 191 192
 209 191 193
 191 209 210
 191 209 211
 239 191 192
 239 191 193
 191 239 240
 191 239 241
 266 191 192
 266 191 193
 191 266 267
 191 266 268
 278 191 192
 278 191 193
 191 278 279
 191 278 280
 284 191 192
 284 191 193
 191 284 285
 191 284 286
 305 191 192
 305 191 193
 191 305 306
 191 305 307
 311 191 192
 311 191 193
 191 311 312
 191 311 313
 314 191 192
 314 191 193
 191 314 315
 191 314 316
 320 191 192
 320 191 193
 191 320 321
 191 320 322
 323 191 192
 323 191 193
 191 323 324
 191 323 325
 326 191 192
 326 191 193
 191 326 327
 191 326 328
 329 191 192
 329 191 193
 191 329 330
 191 329 331
 338 191 192
 338 191 193
 191 338 339
 191 338 340
 341 191 192
 341 191 193
 191 341 342
 191 341 343
 350 191 192
 350 191 193
 191 350 351
 191 350 352
 353 191 192
 353 191 193
 191 353 354
 191 353 355
 356 191 192
 356 191 193
 191 356 357
 191 356 358
 359 191 192
 359 191 193
 191 359 360
 191 359 361
 365 191 192
 365 191 193
 191 365 366
 191 365 367
 206 203 204
 206 203 205
 203 206 207
 203 206 208
 209 203 204
 209 203 205
 203 209 210
 203 209 211
 239 203 204
 239 203 205
 203 239 240
 203 239 241
 266 203 204
 266 203 205
 203 266 267
 203 266 268
 278 203 204
 278 203 205
 203 278 279
 203 278 280
 284 203 204
 284 203 205
 203 284 285
 203 284 286
 305 203 204
 305 203 205
 203 305 306
 203 305 307
 311 203 204
 311 203 205
 203 311 312
 203 311 313
 314 203 204
 314 203 205
 203 314 315
 203 314 316
 320 203 204
 320 203 205
 203 320 321
 203 320 322
 323 203 204
 323 203 205
 203 323 324
 203 323 325
 326 203 204
 326 203 205
 203 326 327
 203 326 328
 329 203 204
 329 203 205
 203 329 330
 203 329 331
 338 203 204
 338 203 205
 203 338 339
 203 338 340
 341 203 204
 341 203 205
 203 341 342
 203 341 343
 350 203 204
 350 203 205
 203 350 351
 203 350 352
 353 203 204
 353 203 205
 203 353 354
 203 353 355
 356 203 204
 356 203 205
 203 356 357
 203 356 358
 359 203 204
 359 203 205
 203 359 360
 203 359 361
 365 203 204
 365 203 205
 203 365 366
 203 365 367
 209 206 207
 209 206 208
 206 209 210
 206 209 211
 239 206 207
 239 206 208
 206 239 240
 206 239 241
 266 206 207
 266 206 208
 206 266 267
 206 266 268
 278 206 207
 278 206 208
 206 278 279
 206 278 280
 284 206 207
 284 206 208
 206 284 285
 206 284 286
 305 206 207
 305 206 208
 206 305 306
 206 305 307
 311 206 207
 311 206 208
 206 311 312
 206 311 313
 314 206 207
 314 206 208
 206 314 315
 206 314 316
 320 206 207
 320 206 208
 206 320 321
 206 320 322
 323 206 207
 323 206 208
 206 323 324
 206 323 325
 326 206 207
 326 206 208
 206 326 327
 206 326 328
 329 206 207
 329 206 208
 206 329 330
 206 329 331
 338 206 207
 338 206 208
 206 338 339
 206 338 340
 341 206 207
 341 206 208
 206 341 342
 206 341 343
 350 206 207
 350 206 208
 206 350 351
 206 350 352
 353 206 207
 353 206 208
 206 353 354
 206 353 355
 356 206 207
 356 206 208
 206 356 357
 206 356 358
 359 206 207
 359 206 208
 206 359 360
 206 359 361
 365 206 207
 365 206 208
 206 365 366
 206 365 367
 239 209 210
 239 209 211
 209 239 240
 209 239 241
 266 209 210
 266 209 211
 209 266 267
 209 266 268
 278 209 210
 278 209 211
 209 278 279
 209 278 280
 284 209 210
 284 209 211
 209 284 285
 209 284 286
 305 209 210
 305 209 211
 209 305 306
 209 305 307
 311 209 210
 311 209 211
 209 311 312
 209 311 313
 314 209 210
 314 209 211
 209 314 315
 209 314 316
 320 209 210
 320 209 211
 209 320 321
 209 320 322
 323 209 210
 323 209 211
 209 323 324
 209 323 325
 326 209 210
 326 209 211
 209 326 327
 209 326 328
 329 209 210
 329 209 211
 209 329 330
 209 329 331
 338 209 210
 338 209 211
 209 338 339
 209 338 340
 341 209 210
 341 209 211
 209 341 342
 209 341 343
 350 209 210
 350 209 211
 209 350 351
 209 350 352
 353 209 210
 353 209 211
 209 353 354
 209 353 355
 356 209 210
 356 209 211
 209 356 357
 209 356 358
 359 209 210
 359 209 211
 209 359 360
 209 359 361
 365 209 210
 365 209 211
 209 365 366
 209 365 367
 266 239 240
 266 239 241
 239 266 267
 239 266 268
 278 239 240
 278 239 241
 239 278 279
 239 278 280
 284 239 240
 284 239 241
 239 284 285
 239 284 286
 305 239 240
 305 239 241
 239 305 306
 239 305 307
 311 239 240
 311 239 241
 239 311 312
 239 311 313
 314 239 240
 314 239 241
 239 314 315
 239 314 316
 320 239 240
 320 239 241
 239 320 321
 239 320 322
 323 239 240
 323 239 241
 239 323 324
 239 323 325
 326 239 240
 326 239 241
 239 326 327
 239 326 328
 329 239 240
 329 239 241
 239 329 330
 239 329 331
 338 239 240
 338 239 241
 239 338 339
 239 338 340
 341 239 240
 341 239 241
 239 341 342
 239 341 343
 350 239 240
 350 239 241
 239 350 351
 239 350 352
 353 239 240
 353 239 241
 239 353 354
 239 353 355
 356 239 240
 356 239 241
 239 356 357
 239 356 358
 359 239 240
 359 239 241
 239 359 360
 239 359 361
 365 239 240
 365 239 241
 239 365 366
 239 365 367
 278 266 267
 278 266 268
 266 278 279
 266 278 280
 284 266 267
 284 266 268
 266 284 285
 266 284 286
 305 266 267
 305 266 268
 266 305 306
 266 305 307
 311 266 267
 311 266 268
 266 311 312
 266 311 313
 314 266 267
 314 266 268
 266 314 315
 266 314 316
 320 266 267
 320 266 268
 266 320 321
 266 320 322
 323 266 267
 323 266 268
 266 323 324
 266 323 325
 326 266 267
 326 266 268
 266 326 327
 266 326 328
 329 266 267
 329 266 268
 266 329 330
 266 329 331
 338 266 267
 338 266 268
 266 338 339
 266 338 340
 341 266 267
 341 266 268
 266 341 342
 266 341 343
 350 266 267
 350 266 268
 266 350 351
 266 350 352
 353 266 267
 353 266 268
 266 353 354
 266 353 355
 356 266 267
 356 266 268
 266 356 357
 266 356 358
 359 266 267
 359 266 268
 266 359 360
 266 359 361
 365 266 267
 365 266 268
 266 365 366
 266 365 367
 284 278 279
 284 278 280
 278 284 285
 278 284 286
 305 278 279
 305 278 280
 278 305 306
 278 305 307
 311 278 279
 311 278 280
 278 311 312
 278 311 313
 314 278 279
 314 278 280
 278 314 315
 278 314 316
 320 278 279
 320 278 280
 278 320 321
 278 320 322
 323 278 279
 323 278 280
 278 323 324
 278 323 325
 326 278 279
 326 278 280
 278 326 327
 278 326 328
 329 278 279
 329 278 280
 278 329 330
 278 329 331
 338 278 279
 338 278 280
 278 338 339
 278 338 340
 341 278 279
 341 278 280
 278 341 342
 278 341 343
 350 278 279
 350 278 280
 278 350 351
 278 350 352
 353 278 279
 353 278 280
 278 353 354
 278 353 355
 356 278 279
 356 278 280
 278 356 357
 278 356 358
 359 278 279
 359 278 280
 278 359 360
 278 359 361
 365 278 279
 365 278 280
 278 365 366
 278 365 367
 305 284 285
 305 284 286
 284 305 306
 284 305 307
 311 284 285
 311 284 286
 284 311 312
 284 311 313
 314 284 285
 314 284 286
 284 314 315
 284 314 316
 320 284 285
 320 284 286
 284 320 321
 284 320 322
 323 284 285
 323 284 286
 284 323 324
 284 323 325
 326 284 285
 326 284 286
 284 326 327
 284 326 328
 329 284 285
 329 284 286
 284 329 330
 284 329 331
 338 284 285
 338 284 286
 284 338 339
 284 338 340
 341 284 285
 341 284 286
 284 341 342
 284 341 343
 350 284 285
 350 284 286
 284 350 351
 284 350 352
 353 284 285
 353 284 286
 284 353 354
 284 353 355
 356 284 285
 356 284 286
 284 356 357
 284 356 358
 359 284 285
 359 284 286
 284 359 360
 284 359 361
 365 284 285
 365 284 286
 284 365 366
 284 365 367
 311 305 306
 311 305 307
 305 311 312
 305 311 313
 314 305 306
 314 305 307
 305 314 315
 305 314 316
 320 305 306
 320 305 307
 305 320 321
 305 320 322
 323 305 306
 323 305 307
 305 323 324
 305 323 325
 326 305 306
 326 305 307
 305 326 327
 305 326 328
 329 305 306
 329 305 307
 305 329 330
 305 329 331
 338 305 306
 338 305 307
 305 338 339
 305 338 340
 341 305 306
 341 305 307
 305 341 342
 305 341 343
 350 305 306
 350 305 307
 305 350 351
 305 350 352
 353 305 306
 353 305 307
 305 353 354
 305 353 355
 356 305 306
 356 305 307
 305 356 357
 305 356 358
 359 305 306
 359 305 307
 305 359 360
 305 359 361
 365 305 306
 365 305 307
 305 365 366
 305 365 367
 314 311 312
 314 311 313
 311 314 315
 311 314 316
 320 311 312
 320 311 313
 311 320 321
 311 320 322
 323 311 312
 323 311 313
 311 323 324
 311 323 325
 326 311 312
 326 311 313
 311 326 327
 311 326 328
 329 311 312
 329 311 313
 311 329 330
 311 329 331
 338 311 312
 338 311 313
 311 338 339
 311 338 340
 341 311 312
 341 311 313
 311 341 342
 311 341 343
 350 311 312
 350 311 313
 311 350 351
 311 350 352
 353 311 312
 353 311 313
 311 353 354
 311 353 355
 356 311 312
 356 311 313
 311 356 357
 311 356 358
 359 311 312
 359 311 313
 311 359 360
 311 359 361
 365 311 312
 365 311 313
 311 365 366
 311 365 367
 320 314 315
 320 314 316
 314 320 321
 314 320 322
 323 314 315
 323 314 316
 314 323 324
 314 323 325
 326 314 315
 326 314 316
 314 326 327
 314 326 328
 329 314 315
 329 314 316
 314 329 330
 314 329 331
 338 314 315
 338 314 316
 314 338 339
 314 338 340
 341 314 315
 341 314 316
 314 341 342
 314 341 343
 350 314 315
 350 314 316
 314 350 351
 314 350 352
 353 314 315
 353 314 316
 314 353 354
 314 353 355
 356 314 315
 356 314 316
 314 356 357
 314 356 358
 359 314 315
 359 314 316
 314 359 360
 314 359 361
 365 314 315
 365 314 316
 314 365 366
 314 365 367
 323 320 321
 323 320 322
 320 323 324
 320 323 325
 326 320 321
 326 320 322
 320 326 327
 320 326 328
 329 320 321
 329 320 322
 320 329 330
 320 329 331
 338 320 321
 338 320 322
 320 338 339
 320 338 340
 341 320 321
 341 320 322
 320 341 342
 320 341 343
 350 320 321
 350 320 322
 320 350 351
 320 350 352
 353 320 321
 353 320 322
 320 353 354
 320 353 355
 356 320 321
 356 320 322
 320 356 357
 320 356 358
 359 320 321
 359 320 322
 320 359 360
 320 359 361
 365 320 321
 365 320 322
 320 365 366
 320 365 367
 326 323 324
 326 323 325
 323 326 327
 323 326 328
 329 323 324
 329 323 325
 323 329 330
 323 329 331
 338 323 324
 338 323 325
 323 338 339
 323 338 340
 341 323 324
 341 323 325
 323 341 342
 323 341 343
 350 323 324
 350 323 325
 323 350 351
 323 350 352
 353 323 324
 353 323 325
 323 353 354
 323 353 355
 356 323 324
 356 323 325
 323 356 357
 323 356 358
 359 323 324
 359 323 325
 323 359 360
 323 359 361
 365 323 324
 365 323 325
 323 365 366
 323 365 367
 329 326 327
 329 326 328
 326 329 330
 326 329 331
 338 326 327
 338 326 328
 326 338 339
 326 338 340
 341 326 327
 341 326 328
 326 341 342
 326 341 343
 350 326 327
 350 326 328
 326 350 351
 326 350 352
 353 326 327
 353 326 328
 326 353 354
 326 353 355
 356 326 327
 356 326 328
 326 356 357
 326 356 358
 359 326 327
 359 326 328
 326 359 360
 326 359 361
 365 326 327
 365 326 328
 326 365 366
 326 365 367
 338 329 330
 338 329 331
 329 338 339
 329 338 340
 341 329 330
 341 329 331
 329 341 342
 329 341 343
 350 329 330
 350 329 331
 329 350 351
 329 350 352
 353 329 330
 353 329 331
 329 353 354
 329 353 355
 356 329 330
 356 329 331
 329 356 357
 329 356 358
 359 329 330
 359 329 331
 329 359 360
 329 359 361
 365 329 330
 365 329 331
 329 365 366
 329 365 367
 341 338 339
 341 338 340
 338 341 342
 338 341 343
 350 338 339
 350 338 340
 338 350 351
 338 350 352
 353 338 339
 353 338 340
 338 353 354
 338 353 355
 356 338 339
 356 338 340
 338 356 357
 338 356 358
 359 338 339
 359 338 340
 338 359 360
 338 359 361
 365 338 339
 365 338 340
 338 365 366
 338 365 367
 350 341 342
 350 341 343
 341 350 351
 341 350 352
 353 341 342
 353 341 343
 341 353 354
 341 353 355
 356 341 342
 356 341 343
 341 356 357
 341 356 358
 359 341 342
 359 341 343
 341 359 360
 341 359 361
 365 341 342
 365 341 343
 341 365 366
 341 365 367
 353 350 351
 353 350 352
 350 353 354
 350 353 355
 356 350 351
 356 350 352
 350 356 357
 350 356 358
 359 350 351
 359 350 352
 350 359 360
 350 359 361
 365 350 351
 365 350 352
 350 365 366
 350 365 367
 356 353 354
 356 353 355
 353 356 357
 353 356 358
 359 353 354
 359 353 355
 353 359 360
 353 359 361
 365 353 354
 365 353 355
 353 365 366
 353 365 367
 359 356 357
 359 356 358
 356 359 360
 356 359 361
 365 356 357
 365 356 358
 356 365 366
 356 365 367
 365 359 360
 365 359 361
 359 365 366
 359 365 367
