0.0 0.23277238286666666
0.10000000099999999 0.14629163483333332
0.200000003 0.06177123763333333
0.300000012 0.0476857393
0.400000006 0.04563926100000001
0.5 0.03572950386666667
0.600000024 0.03587998756666667
0.699999988 0.03185201866666667
0.800000012 0.031565401666666666
0.9000000359999999 0.037235698333333324
1.0 0.03008297613333333
1.10000002 0.030691064599999998
1.20000005 0.028365153533333336
1.30000007 0.0322490192
1.39999998 0.035632345833333336
1.5 0.02845919566666667
1.60000002 0.029994288433333332
1.70000005 0.022441010900000002
1.80000007 0.023635774833333335
1.89999998 0.0236486749
2.0 0.018057233883333332
2.10000014 0.018496747983333336
2.20000005 0.014990006183333333
2.29999995 0.021115464466666664
2.4000001 0.023835693166666668
2.5 0.0242770811
2.60000014 0.02013800542333333
2.70000005 0.018836767123333334
2.79999995 0.018631174556666668
2.9000001 0.01667829682333333
3.0 0.014660547956666667
3.10000014 0.016639085023333333
3.20000005 0.0210602476
3.29999995 0.016581085513333333
3.4000001 0.01657189088
3.5 0.01631958224666667
3.60000014 0.02349026346666667
3.70000005 0.0205088143
3.79999995 0.019895295
3.9000001 0.017245670466666668
4.0 0.0184265198
4.0999999 0.014921795243333333
4.20000029 0.017582485743333334
4.30000019 0.011002438596666666
4.4000001 0.018324850886666667
4.5 0.01373321112
4.5999999 0.019482046033333335
4.70000029 0.014610090586666666
4.80000019 0.018088356586666667
4.9000001 0.01859183392
5.0 0.017895323066666666
5.0999999 0.0167307166
5.20000029 0.017062086766666665
5.30000019 0.018276719066666666
5.4000001 0.0199936377
5.5 0.01384868226
5.5999999 0.016896691493333334
5.70000029 0.013101814626666666
5.80000019 0.015532999300000001
5.9000001 0.013249811733333334
6.0 0.010309856550000001
6.0999999 0.008537091016666666
6.20000029 0.011321898249999999
6.30000019 0.009918153839999999
6.4000001 0.014569842639999999
6.5 0.013675086273333333
6.5999999 0.018596115833333333
6.70000029 0.014662702583333334
6.80000019 0.01329459065
6.9000001 0.015392834950000002
7.0 0.018082190933333336
7.0999999 0.0184199838
7.20000029 0.012366482679999999
7.30000019 0.013161007313333334
7.4000001 0.008757157403333334
7.5 0.01565746482333333
7.5999999 0.010504281856666665
7.70000029 0.014937147433333334
7.80000019 0.010945010533333334
7.9000001 0.01355833249
8.0 0.014644885423333335
8.10000038 0.015969870923333334
8.19999981 0.016780758899999998
8.30000019 0.016702797266666666
8.40000057 0.018343179799999998
8.5 0.017209337403333334
8.60000038 0.01762848597
8.69999981 0.010000839511666667
8.80000019 0.015949637608333334
8.90000057 0.012529750308333332
9.0 0.016174214566666668
9.10000038 0.015373355400000002
9.19999981 0.017584622533333333
9.30000019 0.022504080066666668
9.40000057 0.017881385033333332
9.5 0.021309478499999996
9.60000038 0.015792179536666666
9.69999981 0.01950479297
9.80000019 0.010518455764497633
9.90000057 0.01628155372783097
10.0 0.013925712427830967
10.1000004 0.022306290733333334
10.1999998 0.019374965966666668
10.3000002 0.0204119564
10.4000006 0.022167163566666665
10.5 0.021157710799999997
10.6000004 0.021348037766666664
10.6999998 0.02106288603333333
10.8000002 0.0218541678
10.9000006 0.020483817266666666
11.0 0.016679149100000002
11.1000004 0.017524382699999997
11.1999998 0.01508295332
11.3000002 0.01694040482
11.4000006 0.010848450333333334
11.5 0.017672826546666662
11.6000004 0.015228798313333333
11.6999998 0.020088398233333336
11.8000002 0.012383902163333335
11.9000006 0.011172600096666666
12.0 0.011023959130000002
12.1000004 0.01616092926666667
12.1999998 0.014855240480000002
12.3000002 0.013576945613333335
12.4000006 0.011195113880000001
12.5 0.013227952966666666
12.6000004 0.011068687786666668
12.6999998 0.010061733126666667
12.8000002 0.013463003860000001
12.9000006 0.014759875513333335
13.0 0.014896689903333335
13.1000004 0.01568272180333333
13.199999800000002 0.015404951120000001
13.300000199999998 0.013837804689999999
13.4000006 0.011646484656666666
13.5 0.012227690166666666
13.6000004 0.013658022206666667
13.699999800000002 0.004859668666666667
13.800000199999998 0.007819401266666666
13.9000006 0.006560709340000001
14.0 0.011267901876666667
14.1000004 0.009162669843333334
14.199999800000002 0.012243152896666666
14.300000199999998 0.0118917177
14.4000006 0.0157358581
14.5 0.009718426023333332
14.6000004 0.00932720473
14.699999800000002 0.01034714143
14.800000199999998 0.013617273433333334
14.9000006 0.01714398652666667
15.0 0.007307365863333334
15.1000004 0.009216228203333334
15.199999800000002 0.0023469815466666665
15.300000199999998 0.009081599543333334
15.4000006 0.007468899953333334
15.5 0.00095023681
15.6000004 0.003355624476666666
15.699999800000002 0.0001639404133333327
15.800000199999998 0.014795193146666668
15.9000006 0.013140616613333331
