0.0 0.29592786013333333
0.10000000099999999 0.18932167703333333
0.200000003 0.09810070203333333
0.300000012 0.07142848217666667
0.400000006 0.06947139347666666
0.5 0.03796374861
0.600000024 0.057157314066666666
0.699999988 0.046714264900000003
0.800000012 0.05111709983333334
0.9000000359999999 0.05267360063333334
1.0 0.041899022666666674
1.10000002 0.04890067346666666
1.20000005 0.035060570566666664
1.30000007 0.04567984986666667
1.39999998 0.03916867696666667
1.5 0.050622622166666666
1.60000002 0.0483313712
1.70000005 0.04033587006666667
1.80000007 0.0406793294
1.89999998 0.028683360881876924
2.0 0.03397484144854359
2.10000014 0.021347835881876925
2.20000005 0.0304866036
2.29999995 0.02151595956666667
2.4000001 0.026942450866666665
2.5 0.0251079453
2.60000014 0.029183421899999996
2.70000005 0.026738270500000005
2.79999995 0.034974492466666667
2.9000001 0.02220261283333334
3.0 0.0333440397
3.10000014 0.0267441608
3.20000005 0.03703655303333333
3.29999995 0.02352378516666667
3.4000001 0.021585611000000005
3.5 0.025913936366666668
3.60000014 0.024662800100000003
3.70000005 0.025505686766666664
3.79999995 0.0213836301
3.9000001 0.026584709066666667
4.0 0.032546071966666666
4.0999999 0.02973001326333333
4.20000029 0.029242463396666668
4.30000019 0.017657707746666668
4.4000001 0.022186842416666668
4.5 0.015678211416666667
4.5999999 0.0172321073
4.70000029 0.01281843552
4.80000019 0.009877016456666667
4.9000001 0.019966011856666663
5.0 0.014599171303333333
5.0999999 0.025590684399999997
5.20000029 0.018799753400000004
5.30000019 0.0250829179
5.4000001 0.027764139733333332
5.5 0.02630678813333333
5.5999999 0.03446952813333334
5.70000029 0.025872755799999998
5.80000019 0.025172823433333335
5.9000001 0.022131383433333332
6.0 0.014825979256666668
6.0999999 0.02330533539
6.20000029 0.017600616123333333
6.30000019 0.0295127894
6.4000001 0.022107802033333335
6.5 0.0290812459
6.5999999 0.029368690533333335
6.70000029 0.0382578882
6.80000019 0.035848881400000004
6.9000001 0.03703836286666667
7.0 0.03559309303333333
7.0999999 0.03487647943333333
7.20000029 0.030663569133333332
7.30000019 0.0291494783
7.4000001 0.026549825433333337
7.5 0.0295872651
7.5999999 0.02048450987
7.70000029 0.024386356603333336
7.80000019 0.01993539837
7.9000001 0.024820022300000005
8.0 0.02794767666666667
8.10000038 0.0271870115
8.19999981 0.0323221292
8.30000019 0.02764327263333333
8.40000057 0.026842920099999997
8.5 0.021099695933333332
8.60000038 0.0233297584
8.69999981 0.01629688199708718
8.80000019 0.018570431030420515
8.90000057 0.017771037130420515
9.0 0.029431050033333333
9.10000038 0.030761092266666668
9.19999981 0.039635202499999994
9.30000019 0.0323351941
9.40000057 0.03924314893333333
9.5 0.026409972466666667
9.60000038 0.03775445156666667
9.69999981 0.03260854663333334
9.80000019 0.03846034966666667
9.90000057 0.042397685966666675
10.0 0.04160819636666666
10.1000004 0.0489972569
10.1999998 0.040075654800000006
10.3000002 0.03562619166666666
10.4000006 0.04226571446666666
10.5 0.030316345393333333
10.6000004 0.04670005912666667
10.6999998 0.03995801386
10.8000002 0.0551535537
10.9000006 0.04567015420000001
11.0 0.04236820213333333
11.1000004 0.04678319763333333
11.1999998 0.03266162546666667
11.3000002 0.04256420333333333
11.4000006 0.033697888866666664
11.5 0.052954577533333325
11.6000004 0.0440843062
11.6999998 0.050068521266666666
11.8000002 0.047928889599999996
11.9000006 0.04417035603333334
12.0 0.044758937
12.1000004 0.0454172852
12.1999998 0.045867440599999997
12.3000002 0.04802275450000001
12.4000006 0.04257163033333333
12.5 0.05086505163333333
12.6000004 0.0437010626
12.6999998 0.04260985056666667
12.8000002 0.032076213533333335
12.9000006 0.03585218143333333
13.0 0.0363405757
13.1000004 0.052063416700000004
13.199999800000002 0.05272857350000001
13.300000199999998 0.05851319183333334
13.4000006 0.04902426276666667
13.5 0.0371145761
13.6000004 0.026944377133333332
13.699999800000002 0.023991364366666667
13.800000199999998 0.03174533696666667
13.9000006 0.043666143
14.0 0.0443294421
14.1000004 0.04690933973333333
14.199999800000002 0.04184179006666666
14.300000199999998 0.03844972263333333
14.4000006 0.04971397976666667
14.5 0.05264189776666667
14.6000004 0.06630583976666667
14.699999800000002 0.06776019059999999
14.800000199999998 0.06876707696666666
14.9000006 0.07482748353333334
15.0 0.06467010826666668
15.1000004 0.06580285356666667
15.199999800000002 0.04067902143333333
15.300000199999998 0.059337675533333335
15.4000006 0.05035122106666667
15.5 0.06119009353333333
15.6000004 0.058269465966666656
15.699999800000002 0.04799923176666667
15.800000199999998 0.06887843443333333
15.9000006 0.073269352
