0.0 0.2745179183
0.10000000099999999 0.17367147140000003
0.200000003 0.08510623873333334
0.300000012 0.07231777536666667
0.400000006 0.07232784360000001
0.5 0.05516207466666667
0.600000024 0.054396503900000004
0.699999988 0.05508175366666666
0.800000012 0.05094487593333333
0.9000000359999999 0.05902082846666667
1.0 0.03984587206666667
1.10000002 0.04798313666666667
1.20000005 0.03553067336666666
1.30000007 0.048131068566666664
1.39999998 0.04147346193333334
1.5 0.04657242943333334
1.60000002 0.041884360200000005
1.70000005 0.035719224566666666
1.80000007 0.029175083466666668
1.89999998 0.027570142100000004
2.0 0.02662749836666667
2.10000014 0.023502528666666665
2.20000005 0.02330730916666667
2.29999995 0.019387631366666668
2.4000001 0.02652156786666667
2.5 0.023713214933333334
2.60000014 0.026773016866666666
2.70000005 0.0172055171
2.79999995 0.023012770966666665
2.9000001 0.012460796166666665
3.0 0.022104969866666668
3.10000014 0.018478585399999997
3.20000005 0.025005289666666666
3.29999995 0.015093359790000002
3.4000001 0.013691027656666667
3.5 0.015320894623333331
3.60000014 0.022930313233333333
3.70000005 0.018676567833333334
3.79999995 0.019964766066666667
3.9000001 0.0157118244
4.0 0.023114204400000005
4.0999999 0.015840285
4.20000029 0.0188527118
4.30000019 0.0074357028233333336
4.4000001 0.01785360332333333
4.5 0.010045196186666668
4.5999999 0.02062329586333333
4.70000029 0.01269806417
4.80000019 0.02217077890666667
4.9000001 0.02021444084
5.0 0.02327532693333333
5.0999999 0.021750432733333335
5.20000029 0.023680845266666667
5.30000019 0.021986248426666664
5.4000001 0.024866377159999998
5.5 0.01652917064
5.5999999 0.026543073979999998
5.70000029 0.01585733332
5.80000019 0.021409480506666672
5.9000001 0.01658113734
6.0 0.020815419033333334
6.0999999 0.020036285766666665
6.20000029 0.014996483630000002
6.30000019 0.01846481146333333
6.4000001 0.01813096213
6.5 0.022535318533333334
6.5999999 0.024211606666666663
6.70000029 0.024844214966666667
6.80000019 0.024504664666666665
6.9000001 0.021274641766666668
7.0 0.02294113546666667
7.0999999 0.024610285933333333
7.20000029 0.021737804
7.30000019 0.0193701436
7.4000001 0.011271668841353362
7.5 0.019232323641353365
7.5999999 0.01306205640802003
7.70000029 0.018903578333333334
7.80000019 0.013873067999999997
7.9000001 0.020351848266666663
8.0 0.020499114566666667
8.10000038 0.0207033064
8.19999981 0.019761945399999998
8.30000019 0.023826437066666664
8.40000057 0.022351165000000003
8.5 0.023633514233333333
8.60000038 0.021033698066666665
8.69999981 0.0194793952
8.80000019 0.019080040366666665
8.90000057 0.019283315800000003
9.0 0.021804138400000003
9.10000038 0.0303809028
9.19999981 0.03362304406666667
9.30000019 0.03261932173333334
9.40000057 0.025026464233333334
9.5 0.0259638168
9.60000038 0.028046662599999998
9.69999981 0.035886530433333334
9.80000019 0.029182004100000002
9.90000057 0.0346292099
10.0 0.028546932799999997
10.1000004 0.038620525999999995
10.1999998 0.033050112433333334
10.3000002 0.03266155036666667
10.4000006 0.0351876486
10.5 0.033397066100000004
10.6000004 0.04064650583333334
10.6999998 0.03840784106666667
10.8000002 0.04219483086666667
10.9000006 0.0405693315
11.0 0.03453998453333333
11.1000004 0.03858517793333333
11.1999998 0.02642195067
11.3000002 0.03353218813666666
11.4000006 0.02338094310333333
11.5 0.03657254793333333
11.6000004 0.031707563433333336
11.6999998 0.03819563736666667
11.8000002 0.028368916366666663
11.9000006 0.023139057066666666
12.0 0.02437920993333333
12.1000004 0.0304088431
12.1999998 0.030661263166666664
12.3000002 0.023474606033333335
12.4000006 0.023075913066666665
12.5 0.0268508435
12.6000004 0.025286033766666664
12.6999998 0.021254791566666667
12.8000002 0.02443622423333333
12.9000006 0.0319926875
13.0 0.0323056715
13.1000004 0.04148439193333333
13.199999800000002 0.0429486794
13.300000199999998 0.043290118399999994
13.4000006 0.038365073500000006
13.5 0.03186816286666667
13.6000004 0.030185362333333337
13.699999800000002 0.014334052356666667
13.800000199999998 0.025253717023333334
13.9000006 0.02988141789
14.0 0.03877247246666667
14.1000004 0.0329492626
14.199999800000002 0.03351757676666667
14.300000199999998 0.03294891926666667
14.4000006 0.0406259677
14.5 0.030459459933333335
14.6000004 0.03227124806666667
14.699999800000002 0.0283749185
14.800000199999998 0.033526889366666666
14.9000006 0.035556091000000005
15.0 0.0206050606
15.1000004 0.02505128333333333
15.199999800000002 0.010797967017293275
15.300000199999998 0.02065698068395994
15.4000006 0.018497386450626607
15.5 0.012607587500000001
15.6000004 0.02082889156666667
15.699999800000002 0.007562817400000001
15.800000199999998 0.030834710833333334
15.9000006 0.0301364871
